Entity,Keras-count,SpaCy-count,Total-count
oxygen,90544,20556,111100
ribavirin,30356,31707,62063
chloroquine,28497,30802,59299
hydroxychloroquine,30532,27085,57617
remdesivir,21474,23250,44724
oseltamivir,19682,21366,41048
heparin,17939,20294,38233
azithromycin,17659,18236,35895
ethanol,19874,15729,35603
penicillin,17831,17268,35099
trypsin,16905,16672,33577
zinc,20995,11492,32487
tocilizumab,14403,17049,31452
calcium,21844,6806,28650
lopinavir,7488,20411,27899
ritonavir,6774,19917,26691
iron,17511,4860,22371
vitamin,20115,1480,21595
streptomycin,9571,11744,21315
vancomycin,9165,11003,20168
nitrogen,11110,8311,19421
urea,9979,8832,18811
hcq,18767,0,18767
dexamethasone,9080,9459,18539
alcohol,16077,2,16079
thrombin,7588,8033,15621
methylprednisolone,7405,7854,15259
glutathione,7665,7363,15028
favipiravir,7034,7467,14501
vitamind,14468,0,14468
sodium,13957,240,14197
rituximab,6418,7320,13738
ciprofloxacin,6578,6899,13477
insulin,13424,0,13424
amantadine,6377,6787,13164
acyclovir,6464,6697,13161
zanamivir,6449,6590,13039
amoxicillin,5322,7509,12831
ampicillin,6132,6503,12635
doxycycline,6075,6361,12436
prednisone,5770,6018,11788
cyclophosphamide,6139,5561,11700
aminoacid,11200,0,11200
tetracycline,5273,5833,11106
erythromycin,5405,5672,11077
potassium,9999,1028,11027
silver,10875,132,11007
gentamicin,5395,5603,10998
prednisolone,5243,5655,10898
adenosine,5614,5218,10832
cyclosporine,5845,4934,10779
aspirin,6896,3351,10247
ganciclovir,4788,5086,9874
tacrolimus,4850,5011,9861
immunoglobulin,9684,3,9687
lopinavir/ritonavir,9574,0,9574
surfactant,9529,0,9529
ceftriaxone,4708,4594,9302
biotin,3992,4928,8920
clindamycin,4374,4539,8913
ivermectin,4470,4299,8769
metformin,4238,4506,8744
amphotericin,3954,4513,8467
anakinra,4342,3782,8124
levofloxacin,3994,4093,8087
melatonin,5471,2501,7972
nicotine,3281,4589,7870
doxorubicin,3741,3981,7722
metronidazole,3803,3908,7711
colchicine,3771,3888,7659
iodine,3584,4022,7606
meropenem,3768,3824,7592
colistin,3667,3806,7473
niclosamide,3634,3799,7433
linezolid,3666,3708,7374
chloramphenicol,3618,3680,7298
propofol,3537,3647,7184
fluconazole,3467,3696,7163
quercetin,5993,1120,7113
dopamine,5016,2092,7108
rapamycin,4404,2698,7102
cisplatin,3229,3842,7071
ketamine,3370,3594,6964
arbidol,4285,2670,6955
cq,6922,0,6922
palivizumab,3404,3484,6888
cidofovir,3328,3403,6731
cephalosporins,3637,3083,6720
ibuprofen,3283,3382,6665
paracetamol,3191,3305,6496
bleomycin,2682,3803,6485
testosterone,2506,3855,6361
imipenem,3165,3165,6330
tris-hcl,6302,19,6321
clarithromycin,3070,3174,6244
copper,6101,0,6101
imidazole,4437,1489,5926
chlorine,5845,26,5871
bortezomib,2779,3050,5829
morphine,2343,3363,5706
macrolide,4136,1547,5683
baricitinib,2813,2868,5681
hydrocortisone,2797,2858,5655
acetaminophen,2924,2720,5644
progesterone,1506,4129,5635
moxifloxacin,2797,2816,5613
rifampicin,2667,2826,5493
rimantadine,2765,2689,5454
selenium,4887,555,5442
imatinib,2639,2801,5440
isoflurane,2635,2707,5342
ruxolitinib,2597,2721,5318
tigecycline,2612,2544,5156
glycyrrhizin,4078,1036,5114
magnesium,4991,96,5087
cysteine,5032,54,5086
oil,5060,0,5060
fentanyl,2493,2544,5037
ivig,4946,0,4946
epinephrine,3759,1169,4928
lamivudine,2674,2253,4927
voriconazole,2959,1965,4924
nitazoxanide,2414,2503,4917
ga,4823,91,4914
amiodarone,2286,2612,4898
amikacin,2456,2437,4893
glutamine,4671,170,4841
warfarin,2354,2470,4824
azathioprine,2389,2430,4819
bromide,4552,144,4696
cephalosporin,2289,2377,4666
teicoplanin,2253,2252,4505
methanol,3265,1204,4469
trimethoprim,1231,3235,4466
glucose,4421,0,4421
resveratrol,3350,1012,4362
itraconazole,2194,2167,4361
methotrexate,4024,320,4344
piperacillin,1173,3171,4344
midazolam,2178,2165,4343
rifampin,2104,2194,4298
lactobacillus,4253,0,4253
losartan,2139,2109,4248
chlorhexidine,2607,1638,4245
curcumin,4226,0,4226
csa,4186,0,4186
infliximab,1914,2266,4180
paclitaxel,1934,2228,4162
methionine,3121,1007,4128
kanamycin,2147,1969,4116
sirolimus,1990,2118,4108
tenofovir,2190,1850,4040
gemcitabine,1961,2054,4015
ace,3983,0,3983
sofosbuvir,1860,2100,3960
lycorine,1682,2274,3956
mycophenolate,2642,1299,3941
indomethacin,1907,2003,3910
cocaine,2221,1667,3888
lidocaine,1883,1976,3859
tobramycin,1930,1876,3806
peramivir,1845,1927,3772
aminoacids,3757,0,3757
cpg,3754,0,3754
umifenovir,1692,2059,3751
lmwh,3740,0,3740
daptomycin,1895,1845,3740
artemisinin,2287,1410,3697
norepinephrine,3361,319,3680
tazobactam,739,2921,3660
nelfinavir,1769,1887,3656
darunavir,1512,2141,3653
cefepime,1920,1666,3586
foscarnet,1812,1765,3577
ozone,3563,0,3563
macrolides,3557,0,3557
puromycin,1618,1928,3546
dextran,2287,1227,3514
chitosan,3513,0,3513
furosemide,1738,1757,3495
glycine,2761,728,3489
cefotaxime,2118,1364,3482
bcg,3448,0,3448
quinine,1662,1771,3433
albumin,3391,0,3391
caffeine,1730,1632,3362
dexmedetomidine,1670,1691,3361
tamoxifen,1558,1747,3305
isoniazid,1994,1221,3215
tetanus,3185,0,3185
thalidomide,1568,1617,3185
emodin,3107,47,3154
chymotrypsin,1454,1695,3149
aldosterone,1575,1560,3135
trastuzumab,1470,1644,3114
alemtuzumab,1699,1393,3092
etoposide,2034,1020,3054
mefloquine,1481,1560,3041
camostat,2391,647,3038
cholesterol,3014,0,3014
budesonide,1487,1527,3014
glucocorticoid,2980,2,2982
valganciclovir,1468,1494,2962
hydrogen,2953,0,2953
atropine,1429,1518,2947
carbapenem,918,2028,2946
bevacizumab,1416,1515,2931
imiquimod,1444,1471,2915
angiotensin,488,2404,2892
histamine,1095,1789,2884
egcg,2883,0,2883
fluoroquinolone,2029,850,2879
clozapine,1907,907,2814
digoxin,1383,1425,2808
fluoroquinolones,2804,0,2804
androgen,927,1875,2802
salbutamol,1245,1485,2730
methadone,1122,1602,2724
neomycin,1280,1435,2715
compound,2706,0,2706
omalizumab,1396,1309,2705
cyclosporin,1705,996,2701
artesunate,1632,1039,2671
nac,2666,0,2666
l.,2637,22,2659
chlorpromazine,1248,1411,2659
vasopressin,2180,445,2625
amino,2608,3,2611
sulfamethoxazole,591,2015,2606
fludarabine,1704,859,2563
ceftazidime,2327,225,2552
pleconaril,1261,1278,2539
arginine,2394,143,2537
quinolone,1096,1440,2536
ouabain,1224,1304,2528
buprenorphine,777,1747,2524
vitamine,2456,44,2500
eculizumab,1399,1097,2496
clopidogrel,1391,1099,2490
zidovudine,1211,1274,2485
cathepsin,2447,24,2471
salt,2464,0,2464
nafamostat,1358,1094,2452
taurine,1053,1377,2430
isg15,2429,0,2429
hypochlorite,2414,0,2414
hcv,2406,0,2406
lactoferrin,2396,2,2398
minocycline,1187,1204,2391
xylazine,1059,1310,2369
cefuroxime,1234,1117,2351
cytarabine,1144,1198,2342
chop,2339,0,2339
vincristine,1184,1145,2329
amiloride,1061,1255,2316
theophylline,1478,832,2310
myricetin,1556,752,2308
nystatin,1137,1169,2306
tunicamycin,1061,1244,2305
cytosine,2282,19,2301
famotidine,1135,1160,2295
dobutamine,1171,1106,2277
diazepam,1330,938,2268
cetuximab,1092,1175,2267
phenobarbital,1331,928,2259
ultraviolet,2257,0,2257
phenol,1807,448,2255
caspofungin,1139,1110,2249
berberine,1318,916,2234
vitaminc,2232,0,2232
oxacillin,1069,1158,2227
enoxaparin,2153,68,2221
leptin,1072,1141,2213
verapamil,1092,1107,2199
serotonin,2162,36,2198
entecavir,1090,1099,2189
glucocorticoids,2187,0,2187
nivolumab,941,1242,2183
mofetil,2171,2,2173
cystatin,2015,148,2163
tetrandrine,1061,1100,2161
sarilumab,968,1189,2157
tamiflu,1097,1052,2149
captopril,1049,1087,2136
hbv,2134,0,2134
bicarbonate,1988,145,2133
estradiol,1866,251,2117
t-705,1158,958,2116
sildenafil,1271,827,2098
trump,2093,0,2093
omeprazole,1041,1045,2086
atorvastatin,1101,978,2079
adefovir,1095,969,2064
enrofloxacin,1301,760,2061
sunitinib,1012,1043,2055
mercury,2022,0,2022
ammonium,1890,120,2010
isopropanol,1584,419,2003
ifn-α,1973,0,1973
carbon,1956,0,1956
aprotinin,1191,763,1954
vitamins,1950,0,1950
folate,1941,1,1942
licorice,1939,0,1939
pegylated,1935,0,1935
haloperidol,942,989,1931
lithium,1929,0,1929
tofacitinib,986,937,1923
gentamycin,958,959,1917
ketoconazole,947,962,1909
aminoglycoside,1894,9,1903
sulfate,1897,0,1897
fingolimod,958,939,1897
fluticasone,889,1001,1890
sorafenib,953,933,1886
everolimus,1004,874,1878
natalizumab,804,1065,1869
docetaxel,875,984,1859
gefitinib,920,926,1846
loperamide,902,941,1843
lysine,1748,87,1835
cytidine,1005,818,1823
nitrate,1821,0,1821
carboplatin,860,954,1814
phosphorus,1796,3,1799
amodiaquine,880,914,1794
nicotinamide,789,999,1788
lopinavir-ritonavir,1786,0,1786
mg132,1786,0,1786
diphtheria,1779,0,1779
naloxone,156,1618,1774
saquinavir,878,891,1769
dasatinib,957,803,1760
valacyclovir,969,788,1757
oxytocin,1158,594,1752
adalimumab,989,748,1737
thiamine,1262,473,1735
lpv/r,1721,0,1721
g-csf,1719,0,1719
cyclophilin,1155,559,1714
monensin,1145,565,1710
allopurinol,847,857,1704
hydrochloride,519,1171,1690
azt,1689,0,1689
posaconazole,1158,526,1684
cotrimoxazole,874,806,1680
bronchodilator,1679,0,1679
globulin,1356,311,1667
guanidine,432,1230,1662
pentoxifylline,921,726,1647
carbamazepine,768,868,1636
sitagliptin,799,828,1627
mmf,1618,0,1618
5-fu,1618,0,1618
acetylcholine,1033,574,1607
ertapenem,956,650,1606
baloxavir,645,957,1602
bifidobacterium,1601,0,1601
primaquine,891,710,1601
arsenic,1595,0,1595
quinolones,1592,0,1592
leflunomide,1180,409,1589
kaletra,801,787,1588
herb,1587,0,1587
kaempferol,1384,201,1585
sulfur,1569,0,1569
aciclovir,877,691,1568
triclosan,834,734,1568
phenylephrine,768,799,1567
propranolol,945,620,1565
a.,1564,0,1564
indirubin,834,715,1549
benzodiazepine,777,769,1546
celecoxib,831,713,1544
carbapenems,1543,0,1543
rosiglitazone,765,775,1540
busulfan,1484,53,1537
nifedipine,753,781,1534
spironolactone,765,762,1527
protein,1524,0,1524
enfuvirtide,823,700,1523
montelukast,1516,0,1516
cyp3a4,1515,0,1515
met,1514,0,1514
pembrolizumab,917,592,1509
d3,1508,0,1508
ranitidine,753,755,1508
flavonoids,1507,0,1507
amphotericinb,1500,0,1500
hydrogenperoxide,1496,0,1496
rbv,1495,1,1496
aminoglycosides,1493,0,1493
papain,1477,0,1477
pentamidine,724,737,1461
melphalan,1458,0,1458
pepsin,1435,23,1458
nocodazole,726,726,1452
canakinumab,716,735,1451
ipilimumab,730,718,1448
ascorbicacid,1438,0,1438
glutamate,1437,0,1437
alisporivir,700,733,1433
metoclopramide,713,716,1429
rivaroxaban,939,489,1428
pioglitazone,707,720,1427
mupirocin,867,553,1420
ocrelizumab,633,787,1420
azole,1120,298,1418
ns5a,1416,0,1416
triazole,71,1341,1412
agonist,1411,0,1411
echinacea,1410,0,1410
tea,1403,0,1403
citrate,1385,15,1400
albendazole,750,641,1391
atazanavir,665,725,1390
albuterol,828,561,1389
ubiquitin,856,531,1387
clonidine,664,722,1386
penciclovir,680,705,1385
inosine,593,791,1384
ofloxacin,673,701,1374
hydroxyurea,927,442,1369
fosfomycin,717,652,1369
olanzapine,678,691,1369
bismuth,1364,3,1367
oxytetracycline,769,596,1365
indinavir,673,690,1363
famciclovir,671,681,1352
alum,1351,0,1351
telithromycin,668,682,1350
praziquantel,766,578,1344
erythropoietin,1261,79,1340
5-fluorouracil,1277,62,1339
tetracyclines,1338,0,1338
mitomycin,644,692,1336
cycloheximide,1304,31,1335
etanercept,1334,0,1334
energy,1331,0,1331
bafilomycin,568,757,1325
rupintrivir,672,652,1324
iodide,445,865,1310
igy,1306,0,1306
efavirenz,787,518,1305
genistein,1163,138,1301
glucagon,654,646,1300
enalapril,642,658,1300
formamide,878,418,1296
antithrombin,1295,0,1295
disulfide,1292,0,1292
sulfonamide,890,399,1289
ibrutinib,867,421,1288
capsaicin,837,434,1271
ota,1263,0,1263
oxaliplatin,640,621,1261
telbivudine,616,641,1257
naproxen,609,646,1255
pirfenidone,693,558,1251
transferrin,1250,0,1250
ginseng,1246,0,1246
fieber,0,1240,1240
luteolin,1230,3,1233
simvastatin,1172,61,1233
adrenaline,1169,62,1231
trimethoprim-sulfamethoxazole,1229,0,1229
abacavir,566,662,1228
ketone,24,1196,1220
mitoxantrone,603,615,1218
simeprevir,648,569,1217
cobalamin,1216,0,1216
statin,1181,27,1208
aztreonam,923,285,1208
methylene,1201,0,1201
phenytoin,1050,151,1201
collagen,1199,0,1199
asa,1197,0,1197
pyrimethamine,548,647,1195
lisinopril,694,496,1190
malaria,1189,0,1189
conjugate,1185,0,1185
facebook,1176,0,1176
mir-122,1176,0,1176
mmr,1175,0,1175
arb,1173,0,1173
meloxicam,580,589,1169
baicalin,984,182,1166
emtricitabine,698,461,1159
somatostatin,757,398,1155
boceprevir,571,582,1153
laninamivir,535,618,1153
pcv13,1151,0,1151
diltiazem,564,583,1147
tryptophan,1145,0,1145
fenbendazole,632,512,1144
ufh,1141,0,1141
antihistamines,1140,0,1140
baicalein,1136,3,1139
gabapentin,564,575,1139
raltegravir,539,597,1136
vitamina,1132,0,1132
gsh,1130,0,1130
pei,1121,0,1121
garlic,1112,0,1112
fetal,1101,10,1111
fty720,1098,0,1098
rubella,1094,0,1094
sulfasalazine,537,557,1094
camptothecin,544,544,1088
cefoxitin,660,427,1087
telaprevir,534,552,1086
bacitracin,521,564,1085
ascorbic,1045,36,1081
noradrenaline,750,329,1079
forskolin,563,516,1079
dithiothreitol,911,167,1078
platinum,1077,0,1077
rutin,862,215,1077
bronchodilators,1073,0,1073
irinotecan,521,551,1072
siltuximab,449,621,1070
obama,1068,0,1068
polymyxin,1048,18,1066
isopropyl,1060,0,1060
manganese,1057,3,1060
cefazolin,582,478,1060
dapsone,670,389,1059
calcitriol,732,325,1057
milrinone,629,425,1054
amlodipine,631,422,1053
gatifloxacin,520,532,1052
nevirapine,629,421,1050
telmisartan,519,531,1050
piperacillin/tazobactam,1049,0,1049
tyrosine,304,734,1038
vitaminb12,1035,0,1035
qd,0,1033,1033
penicillin-streptomycin,1032,0,1032
butyrate,1000,29,1029
fluorescein,422,606,1028
ciclesonide,513,514,1027
basiliximab,488,537,1025
gl,1018,0,1018
penicillins,995,23,1018
octreotide,499,518,1017
ebselen,1014,0,1014
diclofenac,838,176,1014
metoprolol,557,456,1013
nsaid,1006,0,1006
formaldehyde,1006,0,1006
lysozyme,1002,0,1002
oxalate,1000,0,1000
leukotriene,994,0,994
cimetidine,492,501,993
ethambutol,833,159,992
vitamind3,989,0,989
chx,985,0,985
pngase,980,0,980
fibrinogen,979,0,979
xylene,962,16,978
choline,732,245,977
wortmannin,422,554,976
fluoxetine,481,494,975
statins,973,0,973
bestatin,900,72,972
teriflunomide,535,437,972
sialidase,970,0,970
retinol,533,437,970
formoterol,568,401,969
protamine,537,432,969
piperacillin-tazobactam,965,0,965
uricacid,962,0,962
valsartan,465,497,962
h.,961,0,961
diphenhydramine,474,482,956
emetine,777,178,955
argatroban,522,428,950
ammonia,946,0,946
xanthine,576,370,946
pomegranate,943,0,943
surfactants,941,0,941
atovaquone,485,455,940
tramadol,435,498,933
tylophorine,561,370,931
sulfonamides,894,36,930
cadmium,923,5,928
methicillin,531,395,926
dinucleotide,921,2,923
adam,921,0,921
dox,921,0,921
oxycodone,435,486,921
gluconate,919,0,919
n-acetylcysteine,919,0,919
juice,916,0,916
tylosin,471,445,916
ondansetron,482,432,914
micafungin,800,113,913
acetylcysteine,260,653,913
ll-37,912,0,912
codeine,316,595,911
renin,869,41,910
decitabine,445,461,906
suramin,697,207,904
niacin,472,431,903
daclatasvir,412,488,900
inh,898,0,898
galidesivir,363,535,898
dex,893,0,893
liquorice,891,0,891
mesylate,890,0,890
vidarabine,465,424,889
bid,888,0,888
gs-5734,886,0,886
ciclosporin,886,0,886
toremifene,436,447,883
nisin,484,397,881
hypoxanthine,404,474,878
carnosine,743,133,876
capecitabine,484,390,874
linagliptin,434,439,873
vinblastine,432,441,873
bitcoin,872,0,872
mizoribine,438,433,871
peptide,870,0,870
uridine,866,0,866
thrombi,0,866,866
mycophenolic,676,189,865
plerixafor,864,0,864
paromomycin,443,421,864
erlotinib,524,339,863
nilotinib,429,434,863
palmitate,861,0,861
lorazepam,530,331,861
candesartan,433,425,858
levamisole,428,430,858
telavancin,520,336,856
quinidine,414,440,854
isoproterenol,665,188,853
gcv,852,0,852
cortisone,519,333,852
helium,851,0,851
mannitol,844,0,844
gc,842,0,842
norfloxacin,517,325,842
betamethasone,418,423,841
intel,838,0,838
benzene,836,1,837
adiponectin,605,229,834
uric,831,0,831
antitoxin,830,0,830
leupeptin,649,180,829
nitrofurantoin,433,394,827
bayer,695,131,826
aza,824,0,824
vimentin,170,653,823
defensin,7,815,822
antihistamine,666,152,818
pepstatin,487,331,818
carfilzomib,441,374,815
sevoflurane,812,0,812
gc376,812,0,812
sugar,809,0,809
maraviroc,807,0,807
chloroform,787,19,806
toxoid,805,0,805
dupilumab,478,325,803
dipyridamole,305,492,797
sulfadiazine,513,281,794
estrogen,770,23,793
apixaban,765,28,793
toltrazuril,377,416,793
soybean,792,0,792
ricin,641,151,792
quinacrine,450,336,786
mebendazole,447,337,784
cisatracurium,404,379,783
interferon-α,781,0,781
hygromycin,564,217,781
collagenase,780,0,780
mbl,779,0,779
pentobarbital,518,261,779
f.,775,0,775
halogen,774,0,774
das181,524,250,774
sp600125,771,0,771
adenine,733,38,771
risperidone,383,388,771
oxacin,389,381,770
thiol,767,2,769
mepolizumab,392,377,769
diphyllin,742,24,766
catechin,739,27,766
pyrazinamide,586,180,766
cordycepin,553,213,766
ramipril,393,369,762
brincidofovir,348,414,762
mpa,761,0,761
nitric,758,0,758
papillomavirus,757,0,757
sp-b,754,0,754
adriamycin,361,390,751
brentuximab,331,420,751
steroid,750,0,750
atenolol,375,375,750
eckol,578,169,747
cephalexin,368,379,747
cladribine,427,318,745
denosumab,353,392,745
allergen,13,730,743
fucoidan,728,13,741
clomiphene,405,335,740
cobicistat,351,389,740
ntz,739,0,739
medetomidine,361,378,739
bradykinin,737,0,737
fat,736,0,736
valinomycin,515,220,735
azm,734,0,734
atezolizumab,362,371,733
dha,730,0,730
iodoacetamide,729,0,729
co-trimoxazole,727,0,727
cystine,318,406,724
amoxicillin-clavulanate,723,0,723
az,721,0,721
actinomycind,720,0,720
amb,717,0,717
glabridin,715,0,715
povidone-iodine,715,0,715
actinomycin,603,112,715
folicacid,714,0,714
catechins,711,0,711
methamphetamine,471,238,709
levosimendan,707,0,707
ustekinumab,368,339,707
modafinil,305,400,705
ovomucin,365,339,704
thrombomodulin,190,514,704
inulin,700,2,702
acridine,686,16,702
baclofen,333,369,702
g.,701,0,701
levetiracetam,700,0,700
piperazine,484,215,699
ascorbate,698,0,698
sodiumchloride,697,0,697
lenalidomide,697,0,697
memantine,267,430,697
hht,695,0,695
hfnc,692,0,692
disulfiram,669,22,691
flagellin,258,433,691
gastrin,657,32,689
terlipressin,346,341,687
tmp,685,0,685
succinylcholine,312,371,683
gadolinium,680,0,680
ceftaroline,356,324,680
udarabine,469,209,678
povidone,197,481,678
ipratropium,675,0,675
letermovir,334,341,675
flavonoid,674,0,674
bbr,674,0,674
tipranavir,318,352,670
ivacaftor,669,0,669
probiotics,668,0,668
flucytosine,359,309,668
dolutegravir,302,366,668
radix,667,0,667
lovastatin,549,116,665
daunorubicin,465,200,665
peg,664,0,664
glycyrrhizicacid,662,0,662
corticosteroid,661,0,661
cetirizine,325,336,661
rocuronium,623,37,660
sulfa,299,361,660
apigenin,598,61,659
gelatin,658,0,658
trimethoprim/sulfamethoxazole,657,0,657
formalin,655,0,655
dextromethorphan,373,282,655
ticagrelor,431,222,653
clavulanate,577,75,652
acid,649,0,649
staurosporine,416,232,648
instagram,647,0,647
dextrose,644,0,644
m.,644,0,644
sertraline,318,325,643
ifn-λ3,640,0,640
digoxigenin,155,485,640
flunixin,416,223,639
lna,636,0,636
corticosterone,53,581,634
tmp-smx,633,0,633
isatin,163,469,632
anti-d,626,0,626
kaposi,624,0,624
salmeterol,514,108,622
proguanil,246,376,622
b.,621,0,621
pyridoxine,355,266,621
fenofibrate,305,316,621
motavizumab,170,451,621
alfa,620,0,620
heliox,619,1,620
lumefantrine,260,360,620
sirna,619,0,619
spectinomycin,336,283,619
egg,618,0,618
d-xylose,618,0,618
itz,618,0,618
didanosine,377,240,617
tripeptide,179,438,617
prolactin,103,514,617
antioxidants,616,0,616
mf59,616,0,616
carvedilol,308,308,616
microbicide,56,560,616
misoprostol,302,313,615
stavudine,362,252,614
sumo,613,0,613
pantoprazole,331,282,613
griffithsin,308,305,613
fluorine,602,10,612
valaciclovir,303,308,611
milk,610,0,610
acv,609,0,609
cobalt,609,0,609
l.japonica,608,0,608
v.,608,0,608
albicans,605,0,605
gemifloxacin,312,293,605
pertuzumab,290,315,605
nalidixic,604,0,604
antibiotika,603,0,603
bupivacaine,325,278,603
heme,601,0,601
folic,593,4,597
maribavir,295,302,597
amprenavir,291,305,596
ether,595,0,595
ledipasvir,245,350,595
remifentanil,501,93,594
oximeter,593,0,593
nucleotide,593,0,593
florfenicol,310,283,593
ceftiofur,592,0,592
hma,590,0,590
pcv7,590,0,590
temozolomide,355,235,590
pectin,406,183,589
tulathromycin,290,299,589
dynasore,588,0,588
7630,587,0,587
quetiapine,294,293,587
cytomegalovirus,585,0,585
acetylsalicylic,172,413,585
chondroitin,197,387,584
rhamnosus,583,0,583
thymosin,561,22,583
labetalol,292,291,583
bafilomycina1,580,0,580
starch,579,0,579
reserpine,276,303,579
adamantane,578,0,578
melittin,328,249,577
fk506,576,0,576
lincomycin,322,254,576
amitriptyline,287,289,576
prl,574,0,574
rotavirus,571,0,571
bis,570,0,570
terbutaline,365,205,570
defibrotide,290,280,570
vanadium,569,0,569
idarubicin,343,226,569
hyaluronidase,568,0,568
corticosteroids,567,0,567
nintedanib,284,283,567
catecholamine,191,376,567
carcinogen,565,1,566
proteine,3,563,566
eucalyptus,565,0,565
triethylamine,171,394,565
liquiritin,234,327,561
blinatumomab,299,261,560
rifabutin,289,271,560
bromhexine,289,269,558
lactulose,557,0,557
taxol,554,0,554
youtube,554,0,554
interferon-alpha,553,0,553
gancyclovir,273,279,552
avidin,550,0,550
doripenem,308,242,550
sufentanil,293,256,549
daclizumab,342,206,548
apilimod,213,334,547
glycyrrhizic,93,454,547
ddt,546,0,546
liraglutide,318,227,545
nucleicacid,544,0,544
thrombopoietin,242,302,544
tax,543,0,543
pneumococcal,542,0,542
chloride,541,1,542
rosuvastatin,358,184,542
leucovorin,265,275,540
silymarin,491,47,538
acetylglucosamine,0,538,538
glycyrrhiza,536,0,536
xylitol,535,0,535
fedratinib,272,263,535
azoles,508,26,534
halofuginone,418,116,534
chloroquine/hydroxychloroquine,533,0,533
gonadotropin,533,0,533
hemin,533,0,533
anthracycline,285,247,532
bromelain,519,12,531
silicone,529,0,529
naringenin,376,153,529
ctla-4,527,0,527
andrographolide,525,2,527
triptolide,270,257,527
pidotimod,256,271,527
osteocalcin,130,396,526
theaflavin,524,0,524
cloxacillin,284,239,523
xylose,522,0,522
cefpodoxime,405,117,522
paraquat,520,0,520
ringer,520,0,520
lefamulin,331,188,519
formononetin,244,274,518
estrogens,44,474,518
peginterferon,516,0,516
cepharanthine,256,260,516
penicillin/streptomycin,514,0,514
streptozotocin,358,156,514
cisapride,278,236,514
soy,513,0,513
spermidine,171,342,513
sanitizer,512,0,512
lma,512,0,512
s.,511,0,511
lectin,313,197,510
cefiderocol,295,215,510
topotecan,256,254,510
amoxicillin/clavulanate,509,0,509
bisulfite,508,0,508
antipyretic,300,208,508
cytochalasin,289,219,508
"1,25(oh)2d",507,0,507
benzimidazole,286,221,507
clotrimazole,253,254,507
cq/hcq,505,0,505
echinocandins,503,0,503
nitrous,503,0,503
ghrelin,389,113,502
acepromazine,252,250,502
lapatinib,248,253,501
carnitine,247,254,501
olaparib,229,272,501
icaritin,212,289,501
carmustine,291,209,500
triamcinolone,243,257,500
naltrexone,105,395,500
dabigatran,496,0,496
bromine,394,101,495
zeocin,151,344,495
prostacyclin,489,5,494
liposomal,493,0,493
calcineurin,490,2,492
phenylbutazone,322,170,492
aliskiren,405,86,491
hexachlorophene,490,0,490
omt,490,0,490
hesperidin,489,0,489
hesperetin,489,0,489
nitroglycerin,205,284,489
lipofuscin,44,445,489
chlorambucil,479,9,488
nicardipine,241,247,488
barium,449,38,487
ceftobiprole,251,236,487
deferoxamine,350,136,486
panitumumab,252,234,486
fusarium,483,1,484
epirubicin,284,200,484
danshen,483,0,483
topiramate,253,230,483
fos,480,0,480
graphene,480,0,480
neem,479,0,479
usp7,479,0,479
hydroxyproline,473,6,479
endostatin,267,212,479
pertussis,478,0,478
resnet50,478,0,478
daratumumab,212,266,478
valproic,475,0,475
danoprevir,225,250,475
fidaxomicin,315,159,474
flunarizine,245,229,474
psoralen,471,0,471
imipramine,233,237,470
ginger,469,0,469
amk,469,0,469
sulbactam,371,98,469
enterovirus,468,0,468
peroxide,468,0,468
pilocarpine,254,214,468
kolmogorov,0,468,468
fq,467,0,467
aripiprazole,238,227,465
aminophylline,346,118,464
aflatoxin,462,0,462
valproate,462,0,462
filgrastim,462,0,462
lactose,462,0,462
bloom,461,0,461
tizoxanide,277,183,460
penicillium,459,0,459
bax,459,0,459
desmopressin,336,123,459
bisphenol,257,202,459
rotenone,51,408,459
subtilisin,69,389,458
ns3,457,0,457
androgens,378,79,457
presatovir,202,255,457
lp,0,457,457
sulphur,456,0,456
synagis,253,203,456
roxithromycin,227,229,456
thromboplastin,0,456,456
broccoli,455,0,455
α-tocopherol,455,0,455
levodopa,345,110,455
ephedrine,224,231,455
l-glutamine,454,0,454
flash,454,0,454
salicylate,453,0,453
prodrug,453,0,453
povidoneiodine,436,17,453
miltefosine,263,190,453
oligomycin,287,165,452
selenite,451,0,451
flucloxacillin,265,186,451
alkylated,450,0,450
fondaparinux,450,0,450
jak2,450,0,450
tylvalosin,197,253,450
migraine,3,447,450
cinnamon,448,0,448
cpu,448,0,448
paroxetine,222,226,448
biocide,446,0,446
digitoxin,241,205,446
clofazimine,238,208,446
progestin,205,241,446
cephalosporine,233,212,445
trazodone,222,221,443
tig,442,0,442
hypericin,317,125,442
iloprost,441,0,441
cep,440,0,440
xa,439,0,439
e-64,439,0,439
nimodipine,242,197,439
β-adrenergic,438,0,438
terbinafine,225,213,438
tannins,437,0,437
tannin,435,0,435
vinorelbine,335,100,435
butorphanol,68,367,435
carprofen,276,158,434
lamotrigine,165,269,434
ticarcillin,186,247,433
β-carotene,432,0,432
tmp/smx,432,0,432
olmesartan,255,177,432
melamine,408,23,431
wogonin,394,37,431
hydralazine,234,197,431
riboflavin,430,0,430
mesalamine,224,206,430
clonazepam,212,218,430
abatacept,428,0,428
homoharringtonine,292,136,428
donepezil,427,0,427
surfactin,419,8,427
salts,426,0,426
laba,426,0,426
idoxuridine,258,168,426
spiramycin,225,201,426
bendamustine,211,215,426
candida,425,0,425
linker,424,0,424
atra,419,5,424
re,423,0,423
rolipram,268,155,423
ergotamine,208,215,423
clinton,422,0,422
etv,422,0,422
chlortetracycline,226,196,422
tiotropium,421,0,421
rhdnase,420,1,421
mesalazine,231,190,421
paritaprevir,175,246,421
morpholino,420,0,420
digitonin,420,0,420
t20,420,0,420
fluvastatin,260,160,420
thiazole,51,369,420
lactone,4,416,420
charcoal,419,0,419
saracatinib,210,209,419
balloon,418,0,418
pseudoephedrine,203,215,418
methacholine,155,263,418
catalase,417,0,417
trypsinogen,287,130,417
velpatasvir,165,252,417
bifidobacteria,416,0,416
dmba,416,0,416
cake,416,0,416
rif,416,0,416
halothane,415,0,415
sodiumbicarbonate,415,0,415
metronidazol,414,0,414
isoprenaline,241,173,414
alfaxalone,205,209,414
morpholine,18,396,414
gnrh,413,0,413
fio2,412,0,412
ethylacetate,412,0,412
angiotensinogen,306,106,412
geneticin,80,331,411
carrageenan,402,8,410
vildagliptin,263,147,410
chikungunya,409,0,409
peg-ifn,409,0,409
gossypol,409,0,409
tris,182,227,409
irbesartan,218,190,408
terfenadine,203,205,408
mercaptopurine,201,206,407
heroin,406,0,406
anidulafungin,405,0,405
ag7088,405,0,405
usp2,405,0,405
echinocandin,404,0,404
thermolysin,112,292,404
trismus,1,403,404
sulfite,403,0,403
galangin,367,36,403
bosentan,293,110,403
melanin,290,113,403
rfviia,402,0,402
ssd,402,0,402
thioridazine,199,203,402
aa,401,0,401
plasminogen,250,151,401
oritavancin,229,172,401
dalbavancin,221,180,401
zalcitabine,197,204,401
insecticide,400,0,400
amoxycillin,245,155,400
novobiocin,194,205,399
pravastatin,247,151,398
mirtazapine,199,199,398
hydrochlorothiazide,186,212,398
chinensis,397,0,397
bioavailable,396,0,396
r.,396,0,396
pimozide,313,83,396
ifosfamide,286,110,396
prochlorperazine,214,182,396
hydromorphone,118,278,396
dapagliflozin,387,8,395
hepatitis,394,0,394
morpholinos,393,0,393
sucralfate,393,0,393
citalopram,221,171,392
acalabrutinib,193,199,392
ek1,390,0,390
prazosin,221,168,389
glabrata,48,340,388
platelet,387,0,387
eps,387,0,387
fangchinoline,193,194,387
herceptin,180,207,387
elderberry,386,0,386
rhizoma,386,0,386
ara-c,386,0,386
unicef,386,0,386
selenocysteine,286,99,385
methemoglobin,262,123,385
azacitidine,192,193,385
hyaluronicacid,384,0,384
3tc,384,0,384
cefixime,364,20,384
tilorone,231,153,384
procalcitonin,29,355,384
antimalarial,383,0,383
ofatumumab,186,197,383
guanosine,167,216,383
liquiritigenin,158,225,383
tetramethylbenzidine,41,342,383
cabbage,382,0,382
meglumine,358,24,382
cma,381,0,381
amphetamine,227,154,381
temsirolimus,214,167,381
cardiolipin,0,381,381
acetazolamide,380,0,380
secretin,165,215,380
etomidate,342,37,379
salk,378,0,378
t.,378,0,378
cyanide,372,6,378
enzalutamide,305,73,378
cefoperazone,213,165,378
hcg,377,0,377
e.,377,0,377
ifn-alpha,377,0,377
vedolizumab,196,181,377
glycerol,376,0,376
abciximab,170,206,376
sinefungin,374,0,374
dac,374,0,374
ptx,374,0,374
vitaminb,373,0,373
artemisia,372,0,372
bak,372,0,372
fexofenadine,179,193,372
benzodiazepines,371,0,371
cypa,371,0,371
h.cordata,371,0,371
epoprostenol,231,140,371
peitc,370,0,370
benzylpenicillin,247,123,370
rilpivirine,236,134,370
promazine,287,82,369
loratadine,189,180,369
netilmicin,187,182,369
zikv,368,0,368
meplazumab,197,171,368
obinutuzumab,162,206,368
trail,367,0,367
bromocriptine,190,177,367
benzamidine,166,201,367
adamantanes,366,0,366
glabra,366,0,366
yunnan,366,0,366
rib,365,0,365
g.glabra,365,0,365
prm,365,0,365
amoxicilline,285,80,365
ino,364,0,364
phosphate,363,0,363
urokinase,291,72,363
osimertinib,188,175,363
sphingosine,10,353,363
gramicidin,348,14,362
ifnl4,361,0,361
cathepsinb,361,0,361
lonicerajaponica,361,0,361
castanospermine,197,164,361
propidium,360,0,360
succinate,360,0,360
bert,360,0,360
probenecid,359,1,360
grazoprevir,165,195,360
pregabalin,161,199,360
afwijkingen,0,360,360
ht,358,0,358
antifungal,357,1,358
lycopene,296,62,358
russia,357,0,357
phytol,327,30,357
doxycyclin,230,127,357
isopropylalcohol,356,0,356
crizotinib,185,171,356
fungizone,43,313,356
molybdenum,352,3,355
25(oh)d,354,0,354
vedotin,323,31,354
hydroxylamine,235,119,354
ifn-α2b,353,0,353
nim811,353,0,353
d.,352,0,352
cv-n,352,0,352
ginsenoside,242,109,351
chlorpheniramine,179,172,351
esomeprazole,173,178,351
naphthalene,350,0,350
miconazole,265,85,350
thoracoscopy,349,0,349
ang,349,0,349
thiotepa,174,175,349
digitalis,66,283,349
valine,292,56,348
aristotle,347,0,347
gallium,347,0,347
treosulfan,337,10,347
fluorouracil,290,57,347
bcgvaccine,346,0,346
tdap,346,0,346
benzotriazole,37,309,346
gsk983,290,55,345
pyronaridine,173,172,345
abiraterone,169,176,345
felsenstein,343,1,344
sgta,343,0,343
beclomethasone,221,122,343
viperin,342,0,342
hbig,342,0,342
thymoglobulin,300,42,342
ifn-λ4,341,0,341
rtv,341,0,341
schiff,341,0,341
saxagliptin,172,169,341
bedaquiline,169,172,341
isavuconazole,202,138,340
benazepril,180,160,340
niger,339,0,339
procainamide,209,130,339
procarbazine,196,143,339
benralizumab,170,169,339
udca,338,0,338
rapa,338,0,338
glycyrrhizae,337,0,337
indigo,337,0,337
tcdd,337,0,337
benserazide,304,33,337
ns4b,336,0,336
penicilline,331,5,336
rifaximin,327,9,336
ochratoxin,276,60,336
monoamine,126,210,336
prostasin,13,323,336
isotope,335,0,335
dan,335,0,335
herc5,334,0,334
licochalcone,93,241,334
cathelicidin,333,0,333
tilmicosin,179,154,333
ifn-λ1,332,0,332
levothyroxine,321,11,332
fumarate,292,40,332
streptokinase,291,41,332
palade,0,332,332
lemon,331,0,331
m6a,331,0,331
ns3/4a,331,0,331
durvalumab,146,185,331
biguanide,126,205,331
cranberry,330,0,330
clr01,329,0,329
elvitegravir,165,164,329
mycobacterium,328,0,328
propionate,320,8,328
acacetin,311,17,328
zanamavir,163,165,328
geldanamycin,120,208,328
tin,327,0,327
qtc,327,0,327
gardasil,327,0,327
phenothiazine,241,86,327
lignocaine,174,153,327
trifluridine,190,136,326
raloxifene,186,140,326
mifepristone,137,189,326
aceticacid,325,0,325
cholestyramine,147,178,325
anthocyanin,319,5,324
ketoprofen,289,35,324
magnesiumacetate,323,0,323
bleach,322,0,322
mometasone,216,106,322
trametinib,160,162,322
ornithine,114,208,322
cotinine,43,279,322
furazolidone,161,160,321
moesin,55,266,321
tryptone,0,321,321
resistenz,0,321,321
dengue,320,0,320
tα1,320,0,320
catechol,320,0,320
astragalin,160,160,320
lianhuaqingwen,319,0,319
bpp,319,0,319
dieckol,316,3,319
chloramine,299,20,319
dalteparin,292,27,319
haemophilus,318,0,318
alteplase,318,0,318
menthol,261,57,318
trimethoprimsulfamethoxazole,179,139,318
thiabendazole,158,160,318
desethylchloroquine,142,176,318
b12,317,0,317
roflumilast,317,0,317
dize,317,0,317
ranibizumab,193,124,317
leuprolide,149,168,317
sodiumpyruvate,316,0,316
bim,316,0,316
carbenicillin,250,66,316
eplerenone,210,106,316
polio,315,0,315
phenylalanine,290,25,315
arg,314,0,314
duloxetine,156,158,314
letrozole,154,160,314
nei,312,0,312
apocynin,144,168,312
cefaclor,311,0,311
nma,311,0,311
medi8852,311,0,311
guaifenesin,153,158,311
olive,310,0,310
fluphenazine,163,147,310
herbicide,309,0,309
ampicillin/sulbactam,309,0,309
bradycardia,309,0,309
elastin,309,0,309
gc3s,309,0,309
polyphenols,309,0,309
dap,309,0,309
aegypti,308,0,308
thiosulfate,308,0,308
apelin,308,0,308
gs-441524,308,0,308
secukinumab,166,142,308
patientin,0,308,308
mgso4,307,0,307
sambucus,307,0,307
relenza,307,0,307
alamandine,188,119,307
inebilizumab,129,178,307
eggshell,306,0,306
anticholinergic,306,0,306
lomustine,200,106,306
diaminobenzidine,115,191,306
president,305,0,305
methyl,305,0,305
diosmectite,305,0,305
anisomycin,292,13,305
silibinin,291,14,305
betadine,184,121,305
crocin,172,133,305
vaccinazione,0,305,305
campath,304,0,304
cromolyn,304,0,304
lpv/rtv,304,0,304
nut,304,0,304
dmxaa,304,0,304
plpro,304,0,304
d35,304,0,304
ferric,302,2,304
glibenclamide,209,95,304
pam3csk4,303,0,303
coxsackievirus,303,0,303
clofarabine,201,102,303
roscovitine,194,109,303
ivabradine,181,121,302
ponatinib,152,150,302
p.,301,0,301
glp-1,301,0,301
narsoplimab,140,161,301
anthocyanins,300,0,300
glucosamine,50,250,300
peroxidase,299,0,299
25-hydroxyvitamind,299,0,299
sxt,299,0,299
oxpapc,299,0,299
sp-d,298,0,298
ezetimibe,298,0,298
advax,298,0,298
venlafaxine,144,154,298
abl,297,0,297
itaconate,297,0,297
dihydrotestosterone,156,141,297
celgosivir,146,151,297
flumazenil,123,174,297
tcz,296,0,296
tadalafil,210,86,296
adjuvant,295,0,295
bso,295,0,295
ketolide,177,118,295
epac2,294,0,294
vinegar,294,0,294
chitin,268,26,294
sulphate,293,0,293
uranium,293,0,293
cpgodn,293,0,293
cortisol,290,3,293
cholecalciferol,280,13,293
xanthatin,194,99,293
azelastine,193,100,293
ferroquine,158,135,293
dronedarone,146,147,293
procaine,106,187,293
cilastatin,78,215,293
clodronate,292,0,292
gr,292,0,292
glycerin,289,3,292
androstenedione,129,163,292
ammoniumchloride,291,0,291
chemotherapy,291,0,291
carotenoids,291,0,291
bay,291,0,291
analgesic,143,148,291
nsaids,290,0,290
mouthwash,290,0,290
evans,290,0,290
tmz,290,0,290
mustard,290,0,290
teriparatide,148,142,290
pyrazolone,18,271,289
glycyrrhetinicacid,288,0,288
lmb,287,0,287
zmapp,287,0,287
hirudin,287,0,287
hfold,287,0,287
opium,268,19,287
moxidectin,174,113,287
reslizumab,145,142,287
mantoux,286,0,286
disinfectant,286,0,286
sulforaphane,286,0,286
adrenalin,284,2,286
6-mercaptopurine,285,0,285
echinaforce,285,0,285
jz-1,285,0,285
cysteamine,204,81,285
lansoprazole,161,124,285
atanyl,284,0,284
clevudine,172,112,284
ulinastatin,167,117,284
faktoren,0,284,284
p7,283,0,283
pyridostigmine,196,87,283
oxymetazoline,173,110,283
dacarbazine,162,121,283
ns5b,282,0,282
ointment,282,0,282
antidepressant,282,0,282
daas,282,0,282
galanthamine,268,14,282
thioredoxin,214,68,282
neprilysin,131,151,282
thymoquinone,81,201,282
β-glucan,281,0,281
lopinavirritonavir,139,142,281
tetrachloride,29,252,281
atg12,280,0,280
azathioprin,245,35,280
dabrafenib,145,135,280
tace,279,0,279
eritoran,270,9,279
promethazine,134,145,279
avastin,129,150,279
icariin,271,6,277
avermectin,211,66,277
dihydroartemisinin,161,116,277
antimycin,147,130,277
trovafloxacin,143,134,277
pirodavir,137,140,277
ala,276,0,276
quercitrin,274,2,276
pyrantel,230,46,276
mln-4760,275,0,275
mtx,275,0,275
ampicillin-sulbactam,275,0,275
mavrilimumab,81,194,275
toxine,3,272,275
adenovirus,274,0,274
polymyxinb,274,0,274
gelatine,274,0,274
fosamprenavir,133,141,274
dasabuvir,132,142,274
scopolamine,96,178,274
eltrombopag,270,3,273
alfa-2b,272,0,272
ek1c4,272,0,272
dda,272,0,272
pyrazole,19,253,272
bronchiole,0,272,272
dfmo,271,0,271
dactinomycin,142,129,271
salinomycin,138,133,271
tenesmus,0,271,271
gallicacid,270,0,270
deet,270,0,270
polymyxins,270,0,270
mycophenolicacid,270,0,270
radixbupleuri,270,0,270
r-chop,270,0,270
penicillamine,250,20,270
faropenem,137,132,269
tf3,268,0,268
5fu,268,0,268
permethrin,231,37,268
sugammadex,204,64,268
nimesulide,136,132,268
rdv,267,0,267
β-sitosterol,267,0,267
alogliptin,134,133,267
estriol,123,144,267
lipofectin,5,262,267
povidone iodine,0,267,267
xylanase,266,0,266
halofantrine,162,104,266
alprostadil,136,130,266
fontan,0,266,266
cck,265,0,265
yoga,265,0,265
chg,265,0,265
dipivoxil,265,0,265
bupropion,265,0,265
cotrimoxazol,259,6,265
cinanserin,214,51,265
cefotaxim,204,61,265
chrysophanol,165,100,265
afatinib,134,131,265
ionomycin,65,200,265
montmorillonite,264,0,264
dexamethason,264,0,264
thiazide,236,28,264
nitroprusside,233,31,264
domperidone,131,133,264
ceftriaxon,263,0,263
hetastarch,263,0,263
fluzone,139,124,263
ketorolac,117,146,263
co2,262,0,262
ssa,262,0,262
nitrite,235,27,262
selenomethionine,179,83,262
bit225,151,111,262
oldstone,0,262,262
17β-estradiol,261,0,261
vix,261,0,261
hat,261,0,261
dht,261,0,261
deoxycholate,261,0,261
pepsinogen,256,5,261
ethyl,253,8,261
ovalbumin,1,260,261
dtp,260,0,260
cervarix,260,0,260
azd9291,260,0,260
isl,260,0,260
tfe,260,0,260
ravulizumab,166,94,260
papaverine,108,152,260
polyphenol,259,0,259
pvp,259,0,259
ovm,259,0,259
kininogen,181,78,259
ibogaine,156,103,259
rifapentine,136,123,259
thiosemicarbazone,0,259,259
sodiumhypochlorite,258,0,258
glycyrrhizaglabra,258,0,258
chymostatin,195,63,258
brivudin,156,102,258
luciferin,257,0,257
ssri,257,0,257
isoliquiritigenin,253,4,257
swainsonine,166,91,257
sulfadimethoxine,132,125,257
plaquenil,99,158,257
sulphonamide,188,68,256
ronidazole,154,102,256
eidd-2801,255,0,255
dosis,255,0,255
oxygenator,255,0,255
ssk1,255,0,255
leucine,214,41,255
marbofloxacin,183,72,255
timolol,179,76,255
tyramine,150,105,255
ruprintrivir,132,123,255
galactomannan,45,210,255
bictegravir,115,139,254
alfa-2a,253,0,253
il28b,253,0,253
ixazomib,233,20,253
avibactam,232,21,253
eurozone,252,0,252
odn,252,0,252
bakuchiol,146,106,252
delavirdine,138,114,252
racemic,49,203,252
pemetrexed,250,1,251
thymol,249,2,251
nitrotyrosine,6,245,251
deuterium,250,0,250
belatacept,250,0,250
am580,250,0,250
tobin,7,243,250
edem1,249,0,249
flt3l,249,0,249
vitd,249,0,249
gag-pol,249,0,249
microbubbles,249,0,249
bisoprolol,158,91,249
soaps,248,0,248
asean,248,0,248
noscapine,158,90,248
fludrocortisone,133,115,248
emapalumab,51,197,248
lactococcus,247,0,247
baloxavirmarboxil,247,0,247
tannicacid,247,0,247
ypfs,247,0,247
citrulline,241,6,247
vemurafenib,130,117,247
cephalothin,109,138,247
thiopurine,104,143,247
glargine,81,166,247
estrone,69,178,247
minerals,246,0,246
cpg-odn,246,0,246
neostigmine,201,45,246
de,245,0,245
apyrase,245,0,245
lignin,147,98,245
troglitazone,124,121,245
fatty,244,0,244
l-cysteine,244,0,244
dpp,244,0,244
thimerosal,243,0,243
darunavir/cobicistat,243,0,243
streptococcus,243,0,243
langmuir,243,0,243
4egi-1,243,0,243
asthma,243,0,243
aromatase,241,2,243
celastrol,210,33,243
finasteride,80,163,243
leronlimab,61,182,243
histone,242,0,242
annua,242,0,242
danazol,242,0,242
prasugrel,222,20,242
garenoxacin,130,112,242
lenzilumab,44,198,242
drv,241,0,241
treasury,241,0,241
hib,241,0,241
carboxylate,241,0,241
van,241,0,241
interferon,213,28,241
varenicline,163,78,241
hepcidin,240,0,240
fomivirsen,237,3,240
autoantigen,0,240,240
alginate,239,0,239
prednisolon,239,0,239
ritonavir/lopinavir,238,0,238
wti,238,0,238
longum,238,0,238
epiprogoitrin,227,11,238
zearalenone,165,73,238
flecainide,139,99,238
sacubitril,79,159,238
quadrivalent,237,0,237
cholera,237,0,237
scedosporium,237,0,237
jyh,237,0,237
edoxaban,230,7,237
exenatide,188,49,237
aminoguanidine,163,74,237
tocopherol,125,112,237
gemfibrozil,121,116,237
tinidazole,120,117,237
dmab,4,233,237
elastase,236,0,236
pulse,236,0,236
ace1,236,0,236
biochar,236,0,236
isorhamnetin,212,24,236
juglanin,201,35,236
acetylcholinesterase,235,0,235
mas,235,0,235
glycogen,230,5,235
elbasvir,108,127,235
certolizumab,90,145,235
gasoline,234,0,234
oxidized,234,0,234
tensin,39,195,234
gizzard,233,0,233
thymidine,233,0,233
l-carnitine,233,0,233
c.,233,0,233
trimoxazole,1,232,233
thiols,232,0,232
nicotinic,232,0,232
chamomile,232,0,232
putin,121,111,232
belimumab,101,131,232
que,231,0,231
isotretinoin,231,0,231
abt-263,231,0,231
xylometazoline,133,98,231
ramucirumab,114,117,231
penetratin,11,220,231
n.,230,0,230
unaids,230,0,230
antimony,230,0,230
rankl,230,0,230
acarbose,230,0,230
u0126,230,0,230
lzd,230,0,230
leukotrienes,229,0,229
sulfonylurea,149,80,229
arctigenin,127,102,229
astragalus,228,0,228
carvacrol,228,0,228
eugenol,224,4,228
benznidazole,144,84,228
hydroxyzine,114,114,228
oprozomib,114,114,228
griseofulvin,227,0,227
taf,227,0,227
sage,227,0,227
methimazole,212,15,227
honokiol,143,84,227
etravirine,130,97,227
noradrenalin,130,97,227
atipamezole,124,103,227
lariciresinol,123,104,227
upadacitinib,113,114,227
neutrophil,1,226,227
urethane,226,0,226
semet,226,0,226
radixisatidis,226,0,226
benzalkonium,213,13,226
flurbiprofen,113,113,226
hydroxide,7,219,226
thymus,5,221,226
thymulin,83,142,225
resnet-50,224,0,224
sanitiser,224,0,224
kaolin,224,0,224
carotenoid,224,0,224
cr6261,224,0,224
sotalol,224,0,224
cream,224,0,224
timo,224,0,224
rfeifn-ω,224,0,224
angiogenin,44,180,224
fresenius,223,0,223
shikonin,223,0,223
toxoids,223,0,223
arabinoside,223,0,223
resnet,223,0,223
apramycin,120,103,223
electrolyte,222,0,222
cya,222,0,222
dengvaxia,222,0,222
vbm,222,0,222
fluconazol,218,4,222
orlistat,197,25,222
lebrikizumab,108,114,222
velcade,96,126,222
gatan,0,222,222
carmofur,221,0,221
ceramide,221,0,221
steroids,221,0,221
apap,221,0,221
gag,219,2,221
ferritin,209,12,221
amide,117,104,221
dendrimers,220,0,220
ethanolic,220,0,220
costa,220,0,220
acei,220,0,220
ambisome,220,0,220
artemether,218,2,220
thyroxine,124,96,220
raxibacumab,117,103,220
rimantidine,99,121,220
selamectin,219,0,219
puma,219,0,219
artemisinins,219,0,219
racecadotril,206,13,219
anthracyclines,218,0,218
cabergoline,123,95,218
tiamulin,123,95,218
cabozantinib,110,108,218
axitinib,94,124,218
azidothymidine,73,145,218
qt,217,0,217
trehalose,217,0,217
rheum,217,0,217
oleandrin,101,116,217
n99,216,0,216
deoxycytidine,192,24,216
yohimbine,106,110,216
calycosin,96,120,216
dc-sign,215,0,215
25-hydroxyvitamin,215,0,215
l-lysine,215,0,215
mdm2,215,0,215
uconazole,196,19,215
abidol,195,20,215
manzamine,94,121,215
pimodivir,88,127,215
tacrine,79,136,215
sodiumhydroxide,214,0,214
bocavirus,214,0,214
t-20,214,0,214
ephedra,208,6,214
vapendavir,106,108,214
propylene,213,0,213
cannula,213,0,213
k22,213,0,213
vit-c,213,0,213
ethanolamine,212,1,213
3-ma,211,2,213
tryptanthrin,204,9,213
lhqw,212,0,212
alendronate,212,0,212
ramelteon,206,6,212
lp-esat-6,126,86,212
romidepsin,123,89,212
sitafloxacin,109,103,212
inotrope,211,0,211
bivalirudin,211,0,211
axetil,211,0,211
lgrastim,211,0,211
6-azauridine,209,2,211
ribavirine,199,12,211
irisin,84,127,211
watt,210,0,210
magnesiumchloride,210,0,210
polydatin,167,43,210
chemerin,47,163,210
coxsackievirusb3,209,0,209
pvp-i,209,0,209
ppv23,209,0,209
kerosene,209,0,209
usp5,209,0,209
cationic,209,0,209
progoitrin,196,13,209
brinogen,182,27,209
catumaxomab,106,103,209
zymogen,0,209,209
sodiumacetate,208,0,208
pgf2α,208,0,208
sunlight,208,0,208
"1,25(oh)2d3",208,0,208
amine,169,39,208
fisetin,162,46,208
pomalidomide,124,84,208
levocetirizine,122,86,208
tegobuvir,99,109,208
taper,10,198,208
bca,207,0,207
n95,207,0,207
flour,207,0,207
watson,205,2,207
nigericin,169,38,207
physostigmine,103,104,207
avelumab,86,121,207
prodigiosin,27,180,207
quinoxaline,12,195,207
salicylates,206,0,206
silvestrol,206,0,206
vorinostat,206,0,206
dsf,206,0,206
rosa,206,0,206
abhs,206,0,206
carfentanil,129,77,206
granulysin,7,199,206
acetate,205,0,205
bk,205,0,205
palifermin,205,0,205
metal,205,0,205
handrub,205,0,205
cytochalasind,205,0,205
ivm,205,0,205
perindopril,172,33,205
escitalopram,137,68,205
purine,102,103,205
genipin,21,184,205
magnesiumsulfate,204,0,204
picco,204,0,204
rhinovirus,204,0,204
tdf,204,0,204
kaa-2,204,0,204
ppsv23,204,0,204
ciprofloxacine,173,31,204
bombesin,57,147,204
vasodilator,203,0,203
blm,203,0,203
nvp018,203,0,203
corynebacterium,202,1,203
vecuronium,189,14,203
asparagine,116,87,203
desipramine,100,103,203
daidzein,202,0,202
sialic,202,0,202
z-vad-fmk,202,0,202
e1,202,0,202
oregano,202,0,202
beta-blockers,201,0,201
aflibercept,201,0,201
alibaba,201,0,201
bromodeoxyuridine,184,17,201
antipsychotic,200,0,200
esi-09,200,0,200
mutagen,200,0,200
decoction,200,0,200
ginkgo,200,0,200
myricitrin,196,4,200
amentoflavone,59,141,200
lxa4,199,0,199
ginsenosides,199,0,199
lumacaftor,197,2,199
mannan,107,92,199
venetoclax,198,0,198
retinoid,198,0,198
phyllanthus,198,0,198
acetamide,198,0,198
intein,198,0,198
pegfilgrastim,184,14,198
gcsf,197,0,197
txa,197,0,197
dendrimer,197,0,197
theaflavins,197,0,197
enterococcus,197,0,197
hr2p,197,0,197
amphob,197,0,197
herbacetin,142,55,197
tumstatin,19,178,197
vor,196,0,196
imb-hdc,196,0,196
edaravone,166,30,196
bananin,151,45,196
lipiodol,107,89,196
isosibiricin,86,110,196
anticholinergics,195,0,195
retinoids,195,0,195
auranofin,195,0,195
lacosamide,125,70,195
methylamine,116,79,195
galantamine,96,99,195
diabetes,194,0,194
kmf,194,0,194
rifampicine,169,25,194
jasplakinolide,107,87,194
medroxyprogesterone,92,102,194
meconium,193,0,193
quinupristin/dalfopristin,193,0,193
nvp,193,0,193
polyomavirus,193,0,193
arv,193,0,193
tudca,193,0,193
mir-142,193,0,193
ukraine,193,0,193
cyanocobalamin,157,36,193
hr2p-m2,192,0,192
β-agonist,192,0,192
boulardii,192,0,192
pegaptanib,115,77,192
bethanechol,106,86,192
capreomycin,97,95,192
lobeglitazone,93,99,192
neratinib,92,100,192
antipsychotics,191,0,191
pdtc,191,0,191
pegylation,191,0,191
tbid,191,0,191
annexin,133,58,191
isoprinosine,117,74,191
conivaptan,109,82,191
lysin,11,180,191
ulp1,190,0,190
blf,190,0,190
desflurane,183,7,190
enterocin,180,10,190
airbus,189,0,189
icatibant,189,0,189
bumetanide,135,54,189
chrysin,134,55,189
sulphamethoxazole,59,130,189
il1,188,0,188
verdinexor,188,0,188
amgen,188,0,188
vertex,188,0,188
ics,187,0,187
prone,187,0,187
quinquefasciatus,187,0,187
ifn-α2a,187,0,187
nedocromil,187,0,187
il-37,187,0,187
coelenterazine,123,64,187
tetrazole,82,105,187
coilin,78,109,187
nitroglycerine,77,110,187
phil,186,0,186
capnography,186,0,186
tat,186,0,186
valproicacid,186,0,186
tetanustoxoid,186,0,186
glutaraldehyde,186,0,186
clindamycine,105,81,186
sulfone,90,96,186
methylmercury,185,0,185
lipid,185,0,185
c34,185,0,185
azacytidine,92,93,185
alovudine,92,93,185
coumadin,87,98,185
augmentin,29,156,185
fibrin,184,0,184
mlt,184,0,184
epa,184,0,184
cellulose,184,0,184
gum,184,0,184
microbubble,184,0,184
tdb,184,0,184
coumarin,151,33,184
amcp,101,83,184
follistatin,92,92,184
germline,2,182,184
endo,183,0,183
methotrexat,183,0,183
13-valent,183,0,183
r1479,183,0,183
ropivacaine,125,58,183
probucol,92,91,183
cipro,86,97,183
alcian,182,0,182
metapneumovirus,182,0,182
supervision,182,0,182
sulfonylureas,182,0,182
cmda,182,0,182
5-azacytidine,181,1,182
bu,181,0,181
alfacon-1,181,0,181
mirna,181,0,181
lysostaphin,181,0,181
glutamicacid,181,0,181
colloids,181,0,181
pazopanib,95,86,181
magainin,78,103,181
podoplanin,1,180,181
cam,180,0,180
tachycardia,180,0,180
atg5,180,0,180
sun,180,0,180
β-lactam,180,0,180
triiodothyronine,2,178,180
actd,179,0,179
synbiotics,179,0,179
l-amb,179,0,179
cmx001,179,0,179
lime,177,2,179
deferiprone,90,89,179
benzathine,8,171,179
beta-blocker,178,0,178
tcep,178,0,178
hdv,178,0,178
grapefruit,178,0,178
cys,178,0,178
superoxide,154,24,178
kshv,177,0,177
bcx4430,177,0,177
g/c,177,0,177
phalloidin,177,0,177
nnrti,177,0,177
luminol,175,2,177
alprazolam,146,31,177
alfentanil,98,79,177
walmart,176,0,176
β-lactams,176,0,176
multivitamin,176,0,176
gore,175,1,176
proline,172,4,176
iopromide,134,42,176
enalaprilat,131,45,176
ethionamide,126,50,176
tuftsin,42,134,176
ata,175,0,175
d-penicillamine,175,0,175
breve,175,0,175
fungicide,175,0,175
alix,175,0,175
amastatin,165,10,175
trichostatin,156,19,175
palonosetron,144,31,175
chromogen,98,77,175
fluvoxamine,87,88,175
trioxide,6,169,175
papillomaviruses,174,0,174
pentavalent,174,0,174
vitamindsupplementation,174,0,174
vitamink,174,0,174
zn,174,0,174
empagliflozin,174,0,174
"1,8-cineole",174,0,174
syncytin,167,7,174
nafcillin,132,42,174
ciclosporine,98,76,174
flutamide,96,78,174
ticlopidine,86,88,174
ombitasvir,64,110,174
actinonin,54,120,174
hiltonol,33,141,174
il-2,173,0,173
galactose,173,0,173
air,173,0,173
aloe-emodin,173,0,173
l.lucidum,173,0,173
abmb,173,0,173
sargramostim,171,2,173
garcinol,171,2,173
rifamycin,128,45,173
pancuronium,120,53,173
mexiletine,100,73,173
immunoglobin,93,80,173
pentaglobin,92,81,173
bosutinib,89,84,173
thioacetamide,57,116,173
frequenz,0,173,173
pine,172,0,172
epoetin,148,24,172
deltamethrin,108,64,172
pethidine,82,90,172
glycylcycline,79,93,172
ceftazidime-avibactam,171,0,171
jak,171,0,171
vice,171,0,171
nato,171,0,171
glycan,142,29,171
concanamycin,105,66,171
almitrine,102,69,171
golimumab,64,107,171
crick,170,0,170
steam,170,0,170
saha,170,0,170
vaginalis,170,0,170
genasm,170,0,170
diazoxide,146,24,170
clemastine,90,80,170
tylenol,81,89,170
tranexamicacid,169,0,169
vitaminb2,169,0,169
ehrlich,169,0,169
pge1,169,0,169
geranium,169,0,169
ns4a,169,0,169
za,169,0,169
acetaldehyde,169,0,169
s312,169,0,169
fenretinide,167,2,169
creatine,161,8,169
methylxanthine,106,63,169
tolvaptan,84,85,169
vasculotide,79,90,169
hydrocodone,74,95,169
aap,168,0,168
tpa,168,0,168
annexina2,168,0,168
omega-3,168,0,168
6tg,168,0,168
hspa5,168,0,168
tartrate,164,4,168
esat-6,133,35,168
phenobarbitone,115,53,168
asunaprevir,84,84,168
oxcarbazepine,84,84,168
uoroquinolone,81,87,168
venturi,167,0,167
boko,167,0,167
flavivirus,167,0,167
hemoglobin,167,0,167
albendazol,167,0,167
nitd008,167,0,167
clomipramine,158,9,167
butanol,139,28,167
aconitine,131,36,167
sparfloxacin,93,74,167
ebastine,84,83,167
vinculin,9,158,167
gröbner,5,162,167
haptoglobin,0,167,167
sacin,0,167,167
silicon,166,0,166
potassiumchloride,166,0,166
drug,166,0,166
beclin-1,166,0,166
cefdinir,166,0,166
polygonum,166,0,166
eipa,166,0,166
l/r,166,0,166
brd4,166,0,166
desferrioxamine,95,71,166
phenformin,88,78,166
trifluoperazine,86,80,166
cefovecin,86,80,166
dihydroberberine,83,83,166
mogamulizumab,81,85,166
brolucizumab,74,92,166
cricoid,165,0,165
lipoxin,164,1,165
astaxanthin,153,12,165
archazolid,141,24,165
methylprednisone,98,67,165
bepridil,92,73,165
remdesevir,84,81,165
buspirone,84,81,165
pyridine,75,90,165
isoliquiritin,65,100,165
novo,164,0,164
alloxan,164,0,164
voriconazol,164,0,164
mg/day,164,0,164
hbc,164,0,164
lactoferricin,119,45,164
tigecyclin,98,66,164
dihydroergotamine,93,71,164
solithromycin,91,73,164
regorafenib,87,77,164
ziprasidone,82,82,164
adrecizumab,79,85,164
resiquimod,67,97,164
lglutamine,56,108,164
periostin,20,144,164
sialicacid,163,0,163
april,163,0,163
chelator,163,0,163
zi,163,0,163
brequinar,160,3,163
indometacin,85,78,163
oligofectamine,0,163,163
relaxants,162,0,162
anti-ctla-4,162,0,162
disulphide,162,0,162
cht,162,0,162
fuzeon,159,3,162
pentostatin,138,24,162
anserine,31,131,162
lozenges,161,0,161
sunscreen,161,0,161
lev,161,0,161
acetylated,161,0,161
iohexol,161,0,161
psf,161,0,161
propolis,161,0,161
alice,160,1,161
harringtonine,135,26,161
rivastigmine,102,59,161
meperidine,87,74,161
oseltamavir,80,81,161
nanomedicine,0,161,161
pamidronate,160,0,160
vit,160,0,160
ethylalcohol,160,0,160
antidepressiva,160,0,160
epicatechin,160,0,160
peraceticacid,160,0,160
oestradiol,132,28,160
calpastatin,129,31,160
iximab,129,31,160
pyrithione,101,59,160
iabp,159,0,159
al,159,0,159
viia,159,0,159
citrus,159,0,159
artemisinin-based,159,0,159
thallium,159,0,159
ergosterol,159,0,159
phytase,159,0,159
pzq,159,0,159
germicide,153,6,159
oxyglobin,106,53,159
thioguanine,93,66,159
metavir,56,103,159
cowtan,0,159,159
amd3100,158,0,158
janssen,158,0,158
acteoside,158,0,158
piperaquine,113,45,158
pancreatin,93,65,158
balapiravir,79,79,158
plazomicin,77,81,158
palmatine,75,83,158
glecaprevir,63,95,158
autolysin,0,158,158
mir-146a,157,0,157
rhamnosusgg,157,0,157
canagliflozin,157,0,157
phentolamine,123,34,157
abamectin,77,80,157
brent,156,0,156
alizarin,156,0,156
forsythia,156,0,156
glucocorticosteroids,156,0,156
pmc,156,0,156
ethane,156,0,156
om-85,156,0,156
benzalkoniumchloride,155,1,156
esmolol,150,6,156
cystein,128,28,156
sulfadoxine,120,36,156
oxymatrine,89,67,156
masitinib,87,69,156
satralizumab,83,73,156
sinensetin,78,78,156
podocin,54,102,156
pyrrolidine,16,140,156
gavi,155,0,155
dhea,155,0,155
citricacid,155,0,155
es,155,0,155
detomidine,93,62,155
ixekizumab,88,67,155
neurotensin,83,72,155
isobavachalcone,62,93,155
sialoadhesin,7,148,155
canula,154,0,154
dopant,154,0,154
mir-125b,154,0,154
uracil,154,0,154
mcc950,154,0,154
sulphonamides,154,0,154
gna,154,0,154
ace2,154,0,154
oroxindin,154,0,154
chol,154,0,154
ga-a,154,0,154
mir-615,154,0,154
cinacalcet,154,0,154
malarone,96,58,154
oxazole,87,67,154
(hydroxy)chloroquine,153,0,153
chloroquin,153,0,153
tfv,153,0,153
axl,153,0,153
high-dose,153,0,153
epo,153,0,153
riplet,153,0,153
arac,153,0,153
nanog,153,0,153
npm1,153,0,153
carbovir,72,81,153
dalfopristin,65,88,153
prorenin,152,0,152
topsentin,71,81,152
giantin,65,87,152
galactosamine,8,144,152
apremilast,151,0,151
high-fat,151,0,151
cds,151,0,151
sumatriptan,151,0,151
campath-1h,151,0,151
romiplostim,151,0,151
cinnamaldehyde,151,0,151
firocoxib,146,5,151
naringin,140,11,151
podophyllotoxin,88,63,151
teniposide,84,67,151
milbemycin,79,72,151
amelogenin,70,81,151
hepsin,31,120,151
microbiol,1,150,151
colloid,150,0,150
hepatitisb,150,0,150
bush,150,0,150
polyprotein,150,0,150
droperidol,119,31,150
cecropin,113,37,150
nuciferine,81,69,150
riluzole,76,74,150
favilavir,68,82,150
ampligen,15,135,150
ighv3,149,0,149
mucin,149,0,149
honeysuckle,149,0,149
sp-a,149,0,149
vladimir,149,0,149
ctb,149,0,149
sap,149,0,149
qbd,149,0,149
tamsulosin,80,69,149
ibritumomab,36,113,149
sobol,31,118,149
lipopolysaccharide,1,148,149
google,148,0,148
drugs,148,0,148
alba,148,0,148
thyme,148,0,148
u18666a,148,0,148
osteoid,148,0,148
tropicamide,115,33,148
gemtuzumab,70,78,148
eremomycin,18,130,148
zdv,147,0,147
leukotrieneb4,147,0,147
corn,147,0,147
opv,147,0,147
ifitm5,147,0,147
neu5gc,147,0,147
cym-5442,147,0,147
immunoglobulins,147,0,147
ld-rt,147,0,147
caz,147,0,147
pamoate,147,0,147
palmiticacid,147,0,147
arthritis,147,0,147
protide,147,0,147
gleevec,144,3,147
doxazosin,85,62,147
tiletamine,80,67,147
panavir,74,73,147
dehydroepiandrosterone,57,90,147
cosyntropin,23,124,147
anti-pd-1,146,0,146
xi,146,0,146
nlr,146,0,146
mir-21,146,0,146
cbs,146,0,146
lychee,146,0,146
nicorandil,135,11,146
daunomycin,93,53,146
vardenafil,91,55,146
dectin-1,145,0,145
atracurium,145,0,145
e2,145,0,145
islamic,145,0,145
cefprozil,145,0,145
casein,145,0,145
dornase,145,0,145
faecium,145,0,145
halogens,145,0,145
antimycotic,145,0,145
chm,145,0,145
crv431,145,0,145
tryp,145,0,145
sotrastaurin,138,7,145
tricine,123,22,145
lonafarnib,81,64,145
astemizole,74,71,145
enoxacin,74,71,145
.remdesivir,66,79,145
narciclasine,58,87,145
acrolein,25,120,145
calprotectin,18,127,145
atrazine,144,0,144
dtap,144,0,144
potassiumacetate,144,0,144
ul36,144,0,144
ns2b,144,0,144
uvb,144,0,144
flaxseed,144,0,144
thc,144,0,144
neuroheal,144,0,144
oroa,144,0,144
vancomycine,110,34,144
levalbuterol,97,47,144
tromethamine,87,57,144
tetracaine,79,65,144
gancao,32,112,144
first‐line,0,144,144
hemozoin,143,0,143
gp160,143,0,143
gcg,143,0,143
nusinersen,143,0,143
ar-12,143,0,143
glucantime,140,3,143
sulfamethazine,83,60,143
plantaricin,61,82,143
desmethylicaritin,25,118,143
endoglin,12,131,143
taxanes,142,0,142
ndm-1,142,0,142
jak3,142,0,142
drosha,142,0,142
herba,142,0,142
potatoes,142,0,142
same,142,0,142
sof,142,0,142
sulfide,141,1,142
parthenolide,136,6,142
alafenamide,125,17,142
lactacystin,96,46,142
remdisivir,64,78,142
diisopropylethylamine,55,87,142
gp120,141,0,141
tideglusib,141,0,141
saponin,141,0,141
hsp90,141,0,141
puva,141,0,141
l.macranthoides,141,0,141
benzavir-2,141,0,141
virazole,122,19,141
mercaptoethanol,118,23,141
manidipine,118,23,141
doramectin,108,33,141
anisodamine,93,48,141
basophil,14,127,141
fouchier,10,131,141
prevenzione,0,141,141
hydroxychloroquine/chloroquine,140,0,140
relaxant,140,0,140
beta-carotene,140,0,140
musk,140,0,140
ada,140,0,140
ginkgolicacid,140,0,140
ifitm3,125,15,140
rofecoxib,117,23,140
temocillin,92,48,140
cyproheptadine,57,83,140
nalidixicacid,139,0,139
qfpdd,139,0,139
ammoniumacetate,139,0,139
acetylsalicylicacid,139,0,139
nedd8,139,0,139
pika,139,0,139
mtb/rif,139,0,139
mettl3,139,0,139
ema,139,0,139
etm,139,0,139
fenoterol,131,8,139
kurarinone,122,17,139
lymecycline,82,57,139
cladosporium,138,0,138
gs-5806,138,0,138
salvia,138,0,138
cosine,138,0,138
antibiotic,138,0,138
busulphan,138,0,138
lw-213,138,0,138
pateamine,101,37,138
brivudine,70,68,138
lestaurtinib,69,69,138
cr88,137,0,137
ru486,137,0,137
o2,137,0,137
dxr,137,0,137
ole,137,0,137
rvd1,137,0,137
spirulina,137,0,137
glycopyrronium,134,3,137
glutamax,105,32,137
thioperamide,75,62,137
toceranib,66,71,137
magnoflorine,65,72,137
cycloserine,53,84,137
paragonimus,5,132,137
ncpap,136,0,136
beta-adrenergic,136,0,136
resolvin,136,0,136
p62,136,0,136
sulindac,136,0,136
oliveoil,136,0,136
onyx,136,0,136
c-myc,136,0,136
hyaluronan,135,1,136
carbenoxolone,109,27,136
astragaloside,100,36,136
bactericide,70,66,136
nemonoxacin,69,67,136
sanitizers,135,0,135
bolsonaro,135,0,135
onc,135,0,135
probiotic,135,0,135
imrt,135,0,135
gasseri,135,0,135
thiopental,135,0,135
cefuroxim,135,0,135
trimethoprim-sulfa,135,0,135
cefoperazone/sulbactam,135,0,135
lactobacilli,135,0,135
ptu,135,0,135
multiflorum,135,0,135
clr05,135,0,135
calciumchloride,134,1,135
sivelestat,114,21,135
manoalide,107,28,135
histatin,94,41,135
zonisamide,83,52,135
clevidipine,71,64,135
berbamine,67,68,135
hnp-1,134,0,134
mln4924,134,0,134
gin,134,0,134
xuebijing,134,0,134
neuraminidase,134,0,134
acupuncture,134,0,134
hygromycinb,134,0,134
chl,134,0,134
dmgf,134,0,134
skp2,134,0,134
ganga,134,0,134
b[a]p,134,0,134
mitotane,129,5,134
panobinostat,109,25,134
methylnaltrexone,86,48,134
pregnenolone,14,120,134
bcnu,133,0,133
dantrolene,133,0,133
dec-rvkr-cmk,133,0,133
nickel,133,0,133
echinaceapurpurea,133,0,133
bfa,133,0,133
amprolium,133,0,133
vitamineacetate,133,0,133
ml-hsa,133,0,133
betrixaban,126,7,133
strychnine,119,14,133
apomorphine,101,32,133
analgesia,88,45,133
pegifn,69,64,133
fluorchinolone,23,110,133
kmucin,0,133,133
her-2,132,0,132
0991,132,0,132
laryngoscope,132,0,132
calcifediol,132,0,132
indigotica,132,0,132
rtx,132,0,132
panax,132,0,132
wheat,132,0,132
daa,132,0,132
obatoclax,132,0,132
govitecan,126,6,132
trilostane,108,24,132
rintatolimod,43,89,132
escin,28,104,132
infektionsrisiko,0,132,132
ma5,131,0,131
interferon-α2b,131,0,131
lyndon,131,0,131
spr,131,0,131
ambroxol,131,0,131
iap,131,0,131
acuminata,131,0,131
lncrna,131,0,131
kepler,131,0,131
pimobendan,131,0,131
gga-mir-30d,131,0,131
allicin,113,18,131
pitavastatin,112,19,131
diethylcarbamazine,107,24,131
zolpidem,75,56,131
glycin,74,57,131
doxepin,70,61,131
umbelliferone,58,73,131
allophycocyanin,0,131,131
miravirsen,130,0,130
ellagicacid,130,0,130
precision,130,0,130
bokoharam,130,0,130
cyclophosphamid,130,0,130
carotene,130,0,130
chlorogenicacid,130,0,130
.vitamin,130,0,130
ammoniumsulfate,130,0,130
anti-cd20,130,0,130
acacia,130,0,130
vx-950,130,0,130
haplo,130,0,130
dutasteride,105,25,130
quinoline,103,27,130
loxoribine,89,41,130
omadacycline,68,62,130
cyt387,68,62,130
favipravir,65,65,130
actin,129,0,129
chloroquinephosphate,129,0,129
clr,129,0,129
ammoniumbicarbonate,129,0,129
sabin,129,0,129
fetalbovine,129,0,129
gliptins,129,0,129
rhein,129,0,129
ceftazidim,129,0,129
tptc,129,0,129
delphinidin,122,7,129
salvicine,117,12,129
dihydromyricetin,112,17,129
ibalizumab,99,30,129
arbutin,72,57,129
nortriptyline,64,65,129
ningnanmycin,59,70,129
gelsolin,32,97,129
dioscorea,27,102,129
tetroxide,0,129,129
fk,128,0,128
atg7,128,0,128
l-sign,128,0,128
imipenem/cilastatin,128,0,128
rta,128,0,128
wii,128,0,128
α-2b,128,0,128
coconut,128,0,128
itraconazol,128,0,128
t-1106,128,0,128
clinoptilolite,128,0,128
deoxyuridine,91,37,128
bicalutamide,70,58,128
filgotinib,67,61,128
cortázar,0,128,128
hoe,127,0,127
mir-181b,127,0,127
g.uralensis,127,0,127
fund,127,0,127
liposomes,127,0,127
lactis,127,0,127
cx-5461,127,0,127
rtd-1,127,0,127
denufosol,127,0,127
sacituzumab,113,14,127
glyburide,102,25,127
torsemide,64,63,127
isodine,63,64,127
carboxyhemoglobin,6,121,127
überlegungen,0,127,127
zytokine,0,127,127
beclin1,126,0,126
gm-csf,126,0,126
fructose,126,0,126
cinerea,126,0,126
cytochrome,126,0,126
cyld,126,0,126
ddx3,126,0,126
clec5a,126,0,126
mir-1306,126,0,126
smx,126,0,126
baf,126,0,126
sfl,126,0,126
ribavarin,121,5,126
monochloramine,100,26,126
eflornithine,87,39,126
.hydroxychloroquine,76,50,126
pradofloxacin,73,53,126
valrubicin,63,63,126
camrelizumab,62,64,126
pao,125,0,125
β2-agonists,125,0,125
virbac,125,0,125
anopheles,125,0,125
tetravalent,125,0,125
rotarix,125,0,125
chk1,125,0,125
lonicera,125,0,125
a-779,125,0,125
doxapram,122,3,125
miglustat,120,5,125
propanol,86,39,125
josamycin,62,63,125
didemnin,55,70,125
trifluorothymidine,45,80,125
indole,34,91,125
er,124,0,124
phosphoramidon,120,4,124
viramidine,116,8,124
sulfanilamide,100,24,124
apoptin,96,28,124
lumican,89,35,124
resorcinol,68,56,124
tazocin,64,60,124
phencyclidine,56,68,124
benzamide,52,72,124
fibroscan,8,116,124
fibril,3,121,124
doxil,123,0,123
d-galn,123,0,123
clenbuterol,123,0,123
aas,123,0,123
dioxin,123,0,123
chq,123,0,123
ery-est,123,0,123
grft,123,0,123
sgp,123,0,123
tf-ee,123,0,123
efalizumab,45,78,123
pensaert,0,123,123
wnt3a,122,0,122
mucolytic,122,0,122
fio,122,0,122
punicalagin,122,0,122
palbociclib,122,0,122
vanadate,122,0,122
vflip,122,0,122
psoralens,122,0,122
vzig,122,0,122
-agonist,122,0,122
tpv,122,0,122
benztropine,67,55,122
triclabendazole,66,56,122
azythromycin,64,58,122
tucatinib,61,61,122
pneumovir,42,80,122
cortactin,26,96,122
polyethyleneimine,0,122,122
vitaminb1,121,0,121
pondr,121,0,121
zileuton,121,0,121
acer,121,0,121
pcbs,121,0,121
l.plantarum,121,0,121
cytod,116,5,121
organochlorine,108,13,121
hemosiderin,76,45,121
nanochitin,27,94,121
p16ink4a,10,111,121
pyruvate,120,0,120
ly294002,120,0,120
β-defensin,120,0,120
glycopyrrolate,120,0,120
sacubitril/valsartan,120,0,120
hypovitaminosis,120,0,120
privacy,120,0,120
pbz,120,0,120
vismodegib,115,5,120
histidine,112,8,120
virginiamycin,63,57,120
beclabuvir,58,62,120
lysophosphatidylcholine,0,120,120
rubber,119,0,119
dipropionate,119,0,119
sri,119,0,119
ivy,119,0,119
imq,119,0,119
survivin,119,0,119
sinupret,119,0,119
tarp,119,0,119
fullerene,115,4,119
abraxane,76,43,119
rhodamine,43,76,119
resistin,33,86,119
naocl,118,0,118
cholecystokinin,118,0,118
cloth,118,0,118
ato,118,0,118
ifn-beta,118,0,118
mdz,118,0,118
efp,118,0,118
flupirtine,96,22,118
gnf2,65,53,118
mechlorethamine,63,55,118
olivomycin,51,67,118
monokine,0,118,118
schistosomiasis,117,0,117
flavus,117,0,117
thiopurines,117,0,117
potassiumhydroxide,117,0,117
stamatakis,117,0,117
antiseptic,117,0,117
anti-oxidant,117,0,117
icer,117,0,117
soybeans,117,0,117
anticholinesterase,117,0,117
atractylenolide,117,0,117
proxetil,117,0,117
eucalyptol,117,0,117
bsmab,117,0,117
niacinamide,63,54,117
clazakizumab,58,59,117
tapasin,8,109,117
oxazolidinone,2,115,117
oximetry,116,0,116
bh3-only,116,0,116
n-acetyl-l-cysteine,116,0,116
bcl-2,116,0,116
2-propanol,116,0,116
phenyl,116,0,116
kansasii,116,0,116
mk-801,116,0,116
pngasef,116,0,116
bag6,116,0,116
erastin,103,13,116
rituxan,102,14,116
leptomycin,64,52,116
hemanthamine,62,54,116
doxycyline,59,57,116
zithromax,58,58,116
sulphuricacid,115,0,115
fmlf,115,0,115
usp4,115,0,115
synbiotic,115,0,115
perrin,115,0,115
perampanel,115,0,115
piroxicam,115,0,115
chloramines,115,0,115
denv,115,0,115
prednison,115,0,115
amt,115,0,115
ifn-β-1a,115,0,115
seq,115,0,115
idelalisib,115,0,115
betaine,113,2,115
magnolol,95,20,115
gammaglobulin,68,47,115
antipyrine,67,48,115
dinutuximab,56,59,115
brodalumab,54,61,115
kynurenine,5,110,115
hyclone,0,115,115
vitamind2,114,0,114
cdca,114,0,114
gra,114,0,114
heparan,114,0,114
warhead,114,0,114
nifurtimox,114,0,114
β-mercaptoethanol,114,0,114
fluad,114,0,114
cpap,114,0,114
isis,114,0,114
sir,114,0,114
smectite,114,0,114
sat05f,114,0,114
ics/laba,114,0,114
co-trimoxazol,114,0,114
lef,114,0,114
.chloroquine,112,2,114
auramine,99,15,114
sorbitol,82,32,114
azide,60,54,114
metamizole,57,57,114
benzenesulfonamide,49,65,114
beta-1b,113,0,113
25(oh)d3,113,0,113
neupogen,113,0,113
barack,113,0,113
cotton,113,0,113
cervista,113,0,113
amirna,113,0,113
glycyrrhizinicacid,113,0,113
rasburicase,113,0,113
azd8848,113,0,113
meticillin,80,33,113
zolazepam,71,42,113
glytine,58,55,113
fluoride,48,65,113
octanol,47,66,113
desloratadine,37,76,113
semaglutide,22,91,113
makrolide,20,93,113
pneumococcalpolysaccharide,112,0,112
vc,112,0,112
mir-596,112,0,112
linalool,112,0,112
nadroparin,112,0,112
amoxicillin-clavulanic,112,0,112
bi,112,0,112
ap3,112,0,112
ketoamide,88,24,112
prostigmine,87,25,112
antonine,85,27,112
diprotin,72,40,112
thymopentin,68,44,112
cefotetan,59,53,112
combretastatin,41,71,112
dioscin,37,75,112
dermatan,6,106,112
tenascin,0,112,112
longen,0,112,112
bill,111,0,111
ighv1,111,0,111
flumist,111,0,111
glatiramer,111,0,111
q10,111,0,111
bovine,111,0,111
cilostazol,111,0,111
meja,111,0,111
shuanghuanglian,111,0,111
creatinine,109,2,111
chymosin,93,18,111
acetone,87,24,111
propylthiouracil,68,43,111
retigabine,54,57,111
marizomib,49,62,111
edelfosine,41,70,111
scorpine,24,87,111
lymphopoietin,0,111,111
gwaltney,110,0,110
aggregometry,110,0,110
acetonitrile,110,0,110
abscessus,110,0,110
cni,110,0,110
vinci,110,0,110
bougie,110,0,110
hyaluronate,110,0,110
peg-ifn-α,110,0,110
isoflavones,110,0,110
midostaurin,85,25,110
amsacrine,68,42,110
rocaglamide,67,43,110
humira,60,50,110
lenvatinib,54,56,110
abaecin,52,58,110
anastrozole,48,62,110
saponine,8,102,110
glomus,0,110,110
clavulanic,109,0,109
aventis,109,0,109
e5,109,0,109
atg3,109,0,109
beta-lactam,109,0,109
cantharidin,109,0,109
t-2,109,0,109
brdu,109,0,109
sulfadoxine-pyrimethamine,109,0,109
phenolic,109,0,109
charlie,109,0,109
usp1,109,0,109
229e-hr2p,109,0,109
sina,109,0,109
ox40l,109,0,109
pf-429242,109,0,109
st-246,109,0,109
mycalamide,105,4,109
tinzaparin,105,4,109
glipizide,65,44,109
fostamatinib,57,52,109
valgancyclovir,54,55,109
glomerulopathy,0,109,109
gold,108,0,108
mucor,108,0,108
orthovanadate,108,0,108
antibiotikum,108,0,108
ad4,108,0,108
gallate,108,0,108
polysaccharide,108,0,108
streptavidin,108,0,108
mobilenet,108,0,108
xnt,108,0,108
6-thioguanine,108,0,108
bh3,108,0,108
palmatum,108,0,108
rb1,108,0,108
ptcy,108,0,108
25-hydroxycholesterol,108,0,108
(+)-catechin,108,0,108
as-iv,108,0,108
lopinavir/r,108,0,108
dpp4is,108,0,108
toraymyxin,107,1,108
gabexate,104,4,108
xylocaine,78,30,108
azithromycine,77,31,108
necitumumab,55,53,108
bactrim,54,54,108
calreticulin,24,84,108
nucleozin,2,106,108
tricyclic,0,108,108
bacillus,107,0,107
prevotella,107,0,107
methylxanthines,107,0,107
ifnl,107,0,107
6mp,107,0,107
darunavir/ritonavir,107,0,107
mir-124,107,0,107
heparins,107,0,107
glycyrrhizauralensis,107,0,107
lavender,107,0,107
mineralocorticoid,107,0,107
aluminium,107,0,107
lm9,107,0,107
tedizolid,102,5,107
resin,100,7,107
betulin,97,10,107
kifunensine,81,26,107
flavone,67,40,107
midodrine,65,42,107
hydroxycholoroquine,59,48,107
ambrisentan,26,81,107
cote,106,0,106
rd,106,0,106
sodiumdeoxycholate,106,0,106
angelica,106,0,106
laninamiviroctanoate,106,0,106
ptz,106,0,106
ndp52,106,0,106
rg1,106,0,106
m.oleifera,106,0,106
xbj,106,0,106
peg-ifn-alpha-2a,106,0,106
butyricum,103,3,106
cystathionine,94,12,106
pesticide,91,15,106
paeoniflorin,85,21,106
bicuculline,60,46,106
bufalin,59,47,106
bemcentinib,58,48,106
triciribine,55,51,106
filibuvir,53,53,106
tranexamic,14,92,106
antonio,105,0,105
uv,105,0,105
hhv-6b,105,0,105
hpv-18,105,0,105
adduct,105,0,105
ubl,105,0,105
pyrazine,105,0,105
il-35,105,0,105
min,105,0,105
ua,105,0,105
ceftolozane/tazobactam,105,0,105
crt/e7,105,0,105
4-oi,105,0,105
omapatrilat,98,7,105
tryptamine,71,34,105
crizanlizumab,56,49,105
hainan,104,0,104
bark,104,0,104
rilonacept,104,0,104
microrna,104,0,104
reagan,104,0,104
cyp,104,0,104
folium,104,0,104
melarsoprol,104,0,104
bexarotene,104,0,104
hp1036,104,0,104
pneumovax,104,0,104
nppv,104,0,104
nn-dnj,104,0,104
enema,104,0,104
nb-dnj,104,0,104
tsg,104,0,104
netncsp,104,0,104
tarin,104,0,104
hr212,104,0,104
wz66,104,0,104
aducanumab,63,41,104
chloroxylenol,59,45,104
propafenone,56,48,104
trandolapril,56,48,104
rad001,32,72,104
firstline,0,104,104
lip,103,0,103
cystatinc,103,0,103
telegram,103,0,103
catecholamines,103,0,103
ctx,103,0,103
helium-oxygen,103,0,103
paeoniae,103,0,103
fungicides,103,0,103
wort,103,0,103
el,103,0,103
polygonummultiflorum,103,0,103
2-undecanone,103,0,103
moxa,103,0,103
gw3965,103,0,103
pecan,103,0,103
psoralidin,100,3,103
isoniazide,99,4,103
adelmidrol,95,8,103
cycloguanil,85,18,103
pergolide,62,41,103
alamethicin,56,47,103
tetromycin,52,51,103
flagyl,46,57,103
ficin,44,59,103
antiandrogen,30,73,103
tirofiban,14,89,103
borohydride,14,89,103
scy-635,102,0,102
anti-vegf,102,0,102
n-butanol,102,0,102
scutellariaeradix,102,0,102
antihistaminic,102,0,102
ketotifen,102,0,102
hbx,102,0,102
ank,102,0,102
pb125,102,0,102
cin,102,0,102
aconitase,102,0,102
glr,102,0,102
patchouli,96,6,102
penicillinstreptomycin,94,8,102
piperidine,91,11,102
latrunculin,79,23,102
pefloxacin,63,39,102
ponazuril,59,43,102
clioquinol,57,45,102
demeclocycline,56,46,102
glimepiride,55,47,102
pacritinib,51,51,102
risankizumab,50,52,102
capromorelin,50,52,102
gnf5,49,53,102
selegiline,43,59,102
leiomyoma,0,102,102
hydroxychloroquine/azithromycin,101,0,101
abt-737,101,0,101
alpha-2b,101,0,101
l-tryptophan,101,0,101
calcein,101,0,101
maropitant,101,0,101
tempol,101,0,101
l-dopa,101,0,101
2tx,101,0,101
dol,101,0,101
lllt,101,0,101
hr121,101,0,101
ela,101,0,101
fipronil,92,9,101
hydroquinone,79,22,101
delanzomib,75,26,101
inolimomab,50,51,101
dipyrone,48,53,101
caplacizumab,48,53,101
vitronectin,27,74,101
isoquinoline,16,85,101
phosphotyrosine,0,101,101
dimethyl,100,0,100
gf9,100,0,100
esa,100,0,100
antiemetic,100,0,100
lithiumchloride,100,0,100
hiv-1,100,0,100
amphotericin-b,100,0,100
diminazene,100,0,100
p-nitrophenol,100,0,100
igf-1,100,0,100
glycyrrhizaeradix,100,0,100
taxane,100,0,100
aorta,100,0,100
r-cnn,100,0,100
npc1,100,0,100
mydriatic,100,0,100
lh,100,0,100
25hc,100,0,100
psoralea,100,0,100
toluene,88,12,100
difloxacin,51,49,100
aniline,43,57,100
dimeglumine,29,71,100
thiazolidinedione,4,96,100
β2-agonist,99,0,99
anti-pd1,99,0,99
sa,99,0,99
ceftazidime/avibactam,99,0,99
zoletil,99,0,99
pik93,99,0,99
donald,99,0,99
hausp,99,0,99
pegivirus,99,0,99
muir,99,0,99
nod2,99,0,99
phenothiazines,99,0,99
ama,99,0,99
dui,99,0,99
cpi-431,99,0,99
hinokinin,99,0,99
zoledronate,97,2,99
enclomiphene,92,7,99
nectin,61,38,99
norvir,49,50,99
foscavir,49,50,99
mepacrine,32,67,99
benzothiazole,3,96,99
jaki,98,0,98
systolic,98,0,98
amoxicillin/clavulanic,98,0,98
methylprednisolon,98,0,98
rig,98,0,98
enterovirus71,98,0,98
hcmv,98,0,98
cdk,98,0,98
eo,98,0,98
ieee,98,0,98
diamide,72,26,98
doxorubicine,66,32,98
oxazepam,61,37,98
sirukumab,58,40,98
dihydropyridine,16,82,98
seongnam,0,98,98
bedingungen,0,98,98
trigone,0,98,98
digluconate,97,0,97
ambu,97,0,97
bay11,97,0,97
nixon,97,0,97
tnf,97,0,97
deferasirox,97,0,97
deepwalk,97,0,97
amantadin,97,0,97
quinquefolius,97,0,97
thiorphan,97,0,97
coxsackievirusa16,97,0,97
bad,97,0,97
tanf,97,0,97
pep,97,0,97
dilator,97,0,97
all-trans,97,0,97
germacrone,97,0,97
withaferin,83,14,97
diosmetin,69,28,97
ivermectine,66,31,97
incretin,62,35,97
polyglutamine,52,45,97
prulifloxacin,48,49,97
fomepizole,47,50,97
amantidine,46,51,97
cyclopamine,45,52,97
baytril,6,91,97
polyubiquitin,3,94,97
neurotrophin,2,95,97
cigs,0,97,97
tuberculosis,96,0,96
spinoza,96,0,96
googlenet,96,0,96
mannose,96,0,96
wolbachia,96,0,96
chaihu,96,0,96
carbopol,96,0,96
zincacetate,96,0,96
radiotherapy,96,0,96
dev,96,0,96
haldane,96,0,96
pdl1,96,0,96
et-1,96,0,96
l-arabinose,96,0,96
mercuric,96,0,96
ifn-ω,96,0,96
tf1,96,0,96
survanta,96,0,96
t.sinensis,96,0,96
p.corylifolia,96,0,96
btp-2,96,0,96
syh,96,0,96
megestrol,93,3,96
prevnar,89,7,96
fengycin,81,15,96
ranolazine,59,37,96
lanadelumab,53,43,96
trimetazidine,52,44,96
hydroxycloroquine,49,47,96
zantac,44,52,96
triclocarban,39,57,96
pixatimod,29,67,96
cysteinylglycine,9,87,96
terrorismus,0,96,96
selfquarantine,0,96,96
inhibitor,95,0,95
mucroporin,95,0,95
brij,95,0,95
sulfamethoxazole/trimethoprim,95,0,95
vasoconstrictor,95,0,95
houttuyniacordata,95,0,95
raspberry,95,0,95
artemis,95,0,95
hbeag,95,0,95
triticum,95,0,95
stylet,95,0,95
peg-ada,95,0,95
lhqwc,95,0,95
myostatin,95,0,95
heparansulfate,95,0,95
poliovirus,95,0,95
mir-34a,95,0,95
uoroquinolones,95,0,95
acitretin,94,1,95
mycostatin,50,45,95
flumadine,46,49,95
primidone,23,72,95
piperine,21,74,95
pyrazoline,8,87,95
henry,94,0,94
antibioticum,94,0,94
leptomycinb,94,0,94
fgf19,94,0,94
chemotherapie,94,0,94
rodenticide,94,0,94
ovariectomy,94,0,94
polysorbate,94,0,94
cigarette,94,0,94
darin,94,0,94
ssris,94,0,94
hsa,94,0,94
rm,94,0,94
penicillin/,94,0,94
st-193,94,0,94
darbepoetin,93,1,94
zevalin,93,1,94
fexaramine,93,1,94
toxin,67,27,94
bryostatin,61,33,94
epinastine,47,47,94
beauvericin,44,50,94
haemagglutinin,3,91,94
squamocin,0,94,94
jair,93,0,93
nsp7,93,0,93
lz,93,0,93
tsl,93,0,93
vp16,93,0,93
artemether-lumefantrine,93,0,93
da,93,0,93
e-64d,93,0,93
cangrelor,93,0,93
bxa,93,0,93
iaa,93,0,93
lfx,93,0,93
usp9x,93,0,93
smp76,93,0,93
mithramycin,74,19,93
cefadroxil,67,26,93
ampicilline,65,28,93
tetracyclin,63,30,93
tolbutamide,62,31,93
opioide,57,36,93
sulfatide,53,40,93
cefamandole,49,44,93
ezetimib,46,47,93
pteropus,0,93,93
phorbol,0,93,93
haematoxylin,0,93,93
conclusion,92,0,92
turnbull,92,0,92
fenoldopam,92,0,92
antimalarials,92,0,92
ru,92,0,92
poractant,92,0,92
zoledronic,92,0,92
vcz,92,0,92
hydroxyl,92,0,92
gibrat,92,0,92
icrt14,92,0,92
kn2,92,0,92
floslonicerae,92,0,92
pronase,92,0,92
mir22,92,0,92
azli,92,0,92
epoxomicin,60,32,92
lacidipine,50,42,92
diosgenin,47,45,92
brigatinib,45,47,92
bredinin,45,47,92
torasemide,41,51,92
cardamonin,40,52,92
allopregnanolone,34,58,92
normocin,30,62,92
perphenazine,11,81,92
mica,91,0,91
cardiovirus,91,0,91
armeniacae,91,0,91
sail,91,0,91
zincsulfate,91,0,91
tubulin,91,0,91
pufa,91,0,91
civil,91,0,91
cuba,91,0,91
wel,91,0,91
moreau,91,0,91
theophyllin,91,0,91
vd3,91,0,91
bazett,91,0,91
fedex,91,0,91
quinupristin-dalfopristin,91,0,91
limonene,91,0,91
xbji,91,0,91
fk778,91,0,91
mg-132,91,0,91
sglt2i,91,0,91
piperacillintazobactam,87,4,91
methoxyflurane,84,7,91
gentamicine,79,12,91
hippuristanol,73,18,91
levonorgestrel,60,31,91
lepirudin,57,34,91
hydrochloroquine,51,40,91
danofloxacin,46,45,91
selepressin,44,47,91
grepafloxacin,44,47,91
salidroside,24,67,91
putrescine,21,70,91
dimethylsulfoxide,2,89,91
ganem,0,91,91
wood,90,0,90
nitrates,90,0,90
moisturizers,90,0,90
ac2,90,0,90
egc,90,0,90
hypericum,90,0,90
g-actin,90,0,90
zostavax,90,0,90
methemoglobinemia,90,0,90
sulfated,90,0,90
dipeptide,90,0,90
beta-agonist,90,0,90
pertussisvaccine,90,0,90
epf,90,0,90
bisphosphonates,90,0,90
gonadotropins,90,0,90
ganetespib,90,0,90
catalpol,90,0,90
6-oap,90,0,90
methenamine,89,1,90
phosgene,87,3,90
heparine,83,7,90
chaetocin,71,19,90
chrysoeriol,68,22,90
cilengitide,66,24,90
enviroxime,62,28,90
gilteritinib,47,43,90
delafloxacin,45,45,90
remdesvir,43,47,90
aminopyrine,41,49,90
citrinin,40,50,90
pibrentasvir,29,61,90
nitrile,89,0,89
tpt,89,0,89
helmet,89,0,89
interferon-a,89,0,89
naja,89,0,89
fructus,89,0,89
il-28b,89,0,89
carbachol,89,0,89
niraparib,89,0,89
mebendazol,89,0,89
ergocalciferol,84,5,89
polyamine,84,5,89
chlorite,78,11,89
quinupristin,70,19,89
treprostinil,69,20,89
finerenone,64,25,89
azitromycine,53,36,89
calanolide,42,47,89
phenacetin,41,48,89
aglycone,0,89,89
wine,88,0,88
penicilliosis,88,0,88
lactase,88,0,88
gypsum,88,0,88
dam,88,0,88
vasopressor,88,0,88
acuminatum,88,0,88
tetramine,88,0,88
houttuyniacordatathunb,88,0,88
hyp,88,0,88
hpse,88,0,88
martin,86,2,88
dobutamin,86,2,88
jinyinhua,84,4,88
dihydrochloride,84,4,88
homocysteine,71,17,88
caerin,66,22,88
clobazam,47,41,88
opticin,46,42,88
isoginkgetin,27,61,88
nonvaccine,0,88,88
concentrazione,0,88,88
cvb3,87,0,87
neo,87,0,87
nitrated,87,0,87
anti-thrombin,87,0,87
poria,87,0,87
sod,87,0,87
fgf10,87,0,87
cdr-h3,87,0,87
famine,87,0,87
cv-a6,87,0,87
fr,87,0,87
dfp,87,0,87
aerococcus,87,0,87
kyn,87,0,87
imipenem-cilastatin,87,0,87
nap9,87,0,87
romeo,87,0,87
once-daily,87,0,87
10o,87,0,87
11αoh-ka,87,0,87
mzr,87,0,87
telazol,84,3,87
nelarabine,57,30,87
ozogamicin,50,37,87
exemestane,44,43,87
cyclopropavir,39,48,87
abaloparatide,38,49,87
bezlotoxumab,33,54,87
sedolisin,32,55,87
conglutinin,25,62,87
fibronectin,11,76,87
alkanethiol,0,87,87
ergebnis,0,87,87
nutlin-3,86,0,86
sjw,86,0,86
ndma,86,0,86
2-mercaptoethanol,86,0,86
nembutal,86,0,86
glove,86,0,86
egfr-tki,86,0,86
mettl14,86,0,86
hqt,86,0,86
salubrinal,86,0,86
.ribavirin,86,0,86
peanut,86,0,86
k11777,86,0,86
alirocumab,84,2,86
betaferon,84,2,86
phenoxymethylpenicillin,78,8,86
pill,71,15,86
steroide,63,23,86
pimecrolimus,58,28,86
minoxidil,57,29,86
lurasidone,55,31,86
floxuridine,52,34,86
marimastat,48,38,86
sulphasalazine,45,41,86
hematin,40,46,86
myriocin,14,72,86
deoxynojirimycin,5,81,86
acetophenone,2,84,86
cysticerci,0,86,86
amp,85,0,85
handrubs,85,0,85
nakai,85,0,85
ro4929097,85,0,85
hydroxylated,85,0,85
l-asparaginase,85,0,85
esa-2,85,0,85
barley,85,0,85
carboxypeptidase,85,0,85
xkb,85,0,85
samsung,85,0,85
eteplirsen,85,0,85
pgg,85,0,85
flucloxacilline,78,7,85
geraniol,66,19,85
itolizumab,56,29,85
tremelimumab,33,52,85
remedesivir,33,52,85
calmodulin,32,53,85
pristinamycin,21,64,85
chinin,15,70,85
chromen-4-one,0,85,85
acetosyringone,0,85,85
env,84,0,84
eritrea,84,0,84
oi,84,0,84
shingrix,84,0,84
fibrates,84,0,84
epigallocatechin-3-gallate,84,0,84
orkambi,84,0,84
ginsenosiderb1,84,0,84
aloe,84,0,84
angustifolia,84,0,84
irp,84,0,84
hydroalcoholic,84,0,84
sua,84,0,84
amifostine,84,0,84
angioplasty,84,0,84
pmx-hp,84,0,84
gracilaria,84,0,84
lindane,82,2,84
luteoloside,78,6,84
alferon,76,8,84
acaricide,71,13,84
diethylstilbestrol,55,29,84
dichlorvos,52,32,84
evinacumab,49,35,84
valopicitabine,45,39,84
rabeprazole,42,42,84
setrobuvir,42,42,84
linfovir,42,42,84
thymalfasin,37,47,84
lasix,35,49,84
dicentrine,26,58,84
glisoxepide,23,61,84
polypurine,0,84,84
nucleic,83,0,83
endoglycosidase,83,0,83
ora,83,0,83
diastolic,83,0,83
hydrochloricacid,83,0,83
cathepsind,83,0,83
tapered,83,0,83
methylcobalamin,83,0,83
mir-143,83,0,83
purpurea,83,0,83
vpa,83,0,83
ginkgobiloba,83,0,83
alessandro,83,0,83
dcb,83,0,83
mda,83,0,83
5-fc,83,0,83
hbv/g,83,0,83
poly,83,0,83
ifnα-2b,83,0,83
glabrene,83,0,83
tine,83,0,83
kallistatin,83,0,83
ha-13,83,0,83
avfc,83,0,83
mg/m²,83,0,83
aminoquinoline,81,2,83
cineole,73,10,83
oridonin,55,28,83
thymine,53,30,83
prothrombin,50,33,83
natamycin,46,37,83
eprosartan,43,40,83
hyperoside,36,47,83
lincosamide,27,56,83
ononin,24,59,83
matrine,18,65,83
ubiquinone,0,83,83
mito,82,0,82
glyphosate,82,0,82
pde5,82,0,82
iodinated,82,0,82
smo,82,0,82
executive,82,0,82
avonex,82,0,82
ort,82,0,82
β-glucuronidase,82,0,82
pokémon,82,0,82
jejunostomy,82,0,82
iniae,82,0,82
edman,82,0,82
co-amoxiclav,82,0,82
alu,82,0,82
vdr,82,0,82
lys48,82,0,82
norovirus,82,0,82
loniceraejaponicaeflos,82,0,82
anamorelin,81,1,82
oestrogen,69,13,82
quinapril,66,16,82
pivmecillinam,56,26,82
rokitamycin,48,34,82
talazoparib,47,35,82
furamidine,47,35,82
avoparcin,43,39,82
guselkumab,41,41,82
benzyl,41,41,82
combivir,37,45,82
caveolin,0,82,82
titrate,0,82,82
p53,81,0,81
solid,81,0,81
hp-β-cd,81,0,81
kampf,81,0,81
imidocarb,81,0,81
rebif,81,0,81
atv,81,0,81
art-123,81,0,81
cholinesterase,81,0,81
ciri,81,0,81
etomoxir,81,0,81
stf-62247,81,0,81
pegfi,81,0,81
cefditoren,77,4,81
posaconazol,71,10,81
fosinopril,61,20,81
withanolide,55,26,81
paricalcitol,52,29,81
dofetilide,46,35,81
dihydrostreptomycin,41,40,81
trichloroethylene,41,40,81
fasciola,12,69,81
nxl104,8,73,81
pentanucleotide,0,81,81
nail,80,0,80
ana,80,0,80
β-cd,80,0,80
aminopterin,80,0,80
tenecteplase,80,0,80
herbs,80,0,80
blueberries,80,0,80
zika,80,0,80
cd40l,80,0,80
penicillinase,80,0,80
r2p,80,0,80
bhb,80,0,80
mg11,80,0,80
don,80,0,80
hup,80,0,80
bezafibrate,79,1,80
isobutanol,78,2,80
eptifibatide,60,20,80
mizolastine,54,26,80
cloprostenol,49,31,80
inotuzumab,49,31,80
pentazocine,46,34,80
cetrimide,45,35,80
lomefloxacin,42,38,80
chinolone,42,38,80
sclerostin,41,39,80
cobimetinib,40,40,80
filociclovir,40,40,80
aggrecan,40,40,80
zanubrutinib,39,41,80
elotuzumab,36,44,80
nisoldipine,33,47,80
radicicol,22,58,80
chromogranin,2,78,80
riduzione,0,80,80
hydroxychloroquin,79,0,79
saikosaponins,79,0,79
mel,79,0,79
wp1130,79,0,79
rubs,79,0,79
fetalbovineserum,79,0,79
nafta,79,0,79
glatirameracetate,79,0,79
bv,79,0,79
crystalloids,79,0,79
hyperoxia,79,0,79
tfa,79,0,79
5-hydroxytryptamine,79,0,79
trf,79,0,79
amphetamines,79,0,79
instanyl,79,0,79
ubv,79,0,79
nfv,79,0,79
pb10,79,0,79
aloeemodin,79,0,79
prophylaxe,76,3,79
pectolinarigenin,70,9,79
cidex,62,17,79
pasireotide,56,23,79
teplizumab,45,34,79
mepivacaine,40,39,79
nacetylcysteine,40,39,79
narlaprevir,39,40,79
vitexin,37,42,79
siponimod,26,53,79
angelicin,25,54,79
perlecan,22,57,79
hemolysin,7,72,79
kohl,0,79,79
aldehyde,78,0,78
aedes,78,0,78
glacier,78,0,78
paf,78,0,78
levofloxacino,78,0,78
chlamydia,78,0,78
xinjiang,78,0,78
adrenomedullin,78,0,78
usp18,78,0,78
mucoadhesive,78,0,78
caffeicacid,78,0,78
michael,78,0,78
liposome,78,0,78
beta-mercaptoethanol,78,0,78
panaxginseng,78,0,78
wipes,78,0,78
ub,78,0,78
qrs,78,0,78
bcpred,78,0,78
bilis,78,0,78
nv556,78,0,78
dialdehyde,78,0,78
zuclomiphene,72,6,78
pentobarbitone,63,15,78
felodipine,56,22,78
urapidil,47,31,78
metyrapone,45,33,78
eravacycline,44,34,78
ceritinib,41,37,78
halamine,36,42,78
lacan,30,48,78
fructosamine,14,64,78
peptone,0,78,78
leonardo,77,0,77
il-1,77,0,77
vitaminb3,77,0,77
ctxb,77,0,77
uricase,77,0,77
ptx3,77,0,77
cvc4,77,0,77
il23,77,0,77
typhoid,77,0,77
cta1-dd,77,0,77
5-aza,77,0,77
oltipraz,77,0,77
bilirubin,77,0,77
melatonina,77,0,77
wfa,77,0,77
mir‐223,77,0,77
provitamin,75,2,77
jakinibs,75,2,77
glycerine,74,3,77
glybenclamide,72,5,77
5-fluorocytosine,64,13,77
delapril,57,20,77
acriflavine,55,22,77
cabazitaxel,54,23,77
violacein,52,25,77
dorzolamide,50,27,77
cilnidipine,47,30,77
gamithromycin,43,34,77
margetuximab,35,42,77
nanchangmycin,35,42,77
sulfapyridine,34,43,77
emicizumab,30,47,77
cytospin,0,77,77
cytolysin,0,77,77
citrullin,0,77,77
lamivudin,76,0,76
enantiomer,76,0,76
sharpe,76,0,76
mycophenolat,76,0,76
xiap,76,0,76
patisiran,76,0,76
alpha-tocopherol,76,0,76
fasudil,76,0,76
talin,76,0,76
mmrvaccine,76,0,76
maurice,76,0,76
indium,76,0,76
mo,76,0,76
lactoperoxidase,76,0,76
grp78,76,0,76
resnet-101,76,0,76
mir-10a-5p,76,0,76
c.sinensis,76,0,76
syncytin-1,76,0,76
laboulbenia,76,0,76
bpa,76,0,76
ag-126,76,0,76
dulaglutide,75,1,76
urantide,74,2,76
ecstasy,72,4,76
gliclazide,71,5,76
methisazone,65,11,76
pyridone,65,11,76
azvudine,52,24,76
pyrone,39,37,76
atomoxetine,38,38,76
larotrectinib,38,38,76
tetrahydrofuran,30,46,76
benzophenone,9,67,76
tabas,0,76,76
doac,75,0,75
mucroporin-m1,75,0,75
β-catenin,75,0,75
ipecac,75,0,75
adducts,75,0,75
trichrome,75,0,75
disoproxil,75,0,75
burkina,75,0,75
narin,75,0,75
bus,75,0,75
emmanuel,75,0,75
congress,75,0,75
mxf,75,0,75
eto,75,0,75
mirasol,75,0,75
globin,75,0,75
pelargoniumsidoides,75,0,75
pth,75,0,75
cb-20,75,0,75
inosinepranobex,75,0,75
piscidin,75,0,75
adinazolam,73,2,75
lanthanum,64,11,75
geniposide,44,31,75
thiamin,44,31,75
alectinib,42,33,75
eltamivir,40,35,75
imd-0354,39,36,75
xyloside,21,54,75
nanocarrier,0,75,75
igy.,74,0,74
ampk,74,0,74
deaminase,74,0,74
diuretic,74,0,74
keus,74,0,74
ttp,74,0,74
kampo,74,0,74
smc,74,0,74
antacids,74,0,74
project,74,0,74
houttuynia,74,0,74
parkin,74,0,74
a1at,74,0,74
dectin-2,74,0,74
otub1,74,0,74
nigrum,74,0,74
mpss,74,0,74
curn,74,0,74
klx,74,0,74
antimonite,74,0,74
cpg-c41,74,0,74
scalpellum,74,0,74
urotensin,73,1,74
ribavirina,73,1,74
acrylamide,69,5,74
langerin,68,6,74
mecillinam,63,11,74
galectin,60,14,74
nebivolol,60,14,74
diclazuril,59,15,74
arsenite,57,17,74
polidocanol,44,30,74
pancratistatin,40,34,74
prilocaine,39,35,74
doxylamine,38,36,74
pentylenetetrazole,38,36,74
nizatidine,37,37,74
pseudouridine,37,37,74
gadodiamide,29,45,74
polyarginine,0,74,74
xav939,0,74,74
leishmaniasis,73,0,73
cyp3a,73,0,73
más,73,0,73
anticonvulsant,73,0,73
hayward,73,0,73
ox,73,0,73
ephedrae,73,0,73
sirius,73,0,73
α-ketoamide,73,0,73
ceftibuten,73,0,73
nsp5,73,0,73
metamizol,73,0,73
sia,73,0,73
substrate,73,0,73
palmitic,73,0,73
fap,73,0,73
latanoprost,73,0,73
cephalosporinen,73,0,73
curdlan,73,0,73
hbsag,73,0,73
tcad,73,0,73
alpha,73,0,73
itn,73,0,73
ube1l,73,0,73
lugol,73,0,73
biojector,73,0,73
truvada,73,0,73
vitaminse,73,0,73
epigallocatechin,71,2,73
benzylpenicilline,65,8,73
retrocyclin,64,9,73
dolasetron,58,15,73
ecdysone,54,19,73
spectrin,54,19,73
enoxaparine,44,29,73
rapamune,44,29,73
oxypurinol,36,37,73
voxilaprevir,33,40,73
cobrotoxin,29,44,73
trypanothione,16,57,73
juglone,12,61,73
oncomine,0,73,73
gleichwohl,0,73,73
endocrine,0,73,73
ifnα,72,0,72
glutamic,72,0,72
arginase,72,0,72
biotinylated,72,0,72
becaplermin,72,0,72
genentech,72,0,72
tampons,72,0,72
vitamineb12,72,0,72
calvin,72,0,72
pauling,72,0,72
gft,72,0,72
anti-dc-sign,72,0,72
suxamethonium,72,0,72
mchl,72,0,72
alkbh5,72,0,72
moisturizer,72,0,72
c75,72,0,72
biden,72,0,72
lucinactant,72,0,72
iclaprim,72,0,72
cne,72,0,72
a-tocopherol,72,0,72
lvx,72,0,72
b-carotene,72,0,72
l-methionine,72,0,72
acetyl,72,0,72
hotknots,72,0,72
pnaktide,72,0,72
ggd,72,0,72
barbadin,72,0,72
nitroxide,69,3,72
phenazine,62,10,72
thionine,60,12,72
carbamazepin,60,12,72
tetracysteine,55,17,72
nadolol,50,22,72
distamycin,48,24,72
artemisone,45,27,72
sibutramine,45,27,72
cyclofosfamide,43,29,72
omacetaxine,42,30,72
.tocilizumab,40,32,72
sarafloxacin,37,35,72
roneparstat,35,37,72
mevastatin,33,39,72
carrimycin,22,50,72
fumonisin,16,56,72
adenosin,10,62,72
cytokeratin,9,63,72
tetraspanin,8,64,72
naphthylamide,1,71,72
ressourcen,0,72,72
bisbenzylisoquinoline,0,72,72
revisione,0,72,72
hand,71,0,71
epac1,71,0,71
macugen,71,0,71
jonas,71,0,71
sierra,71,0,71
pterostilbene,71,0,71
aluminum,71,0,71
plantarum,71,0,71
usp3,71,0,71
bromodeoxyuridin,71,0,71
nitrosoureas,71,0,71
tellurium,71,0,71
alkylating,71,0,71
dhea-s,71,0,71
pandemrix,71,0,71
fixative,71,0,71
face-mask,71,0,71
paste,71,0,71
γ-terpinene,71,0,71
ddi,71,0,71
tmd,71,0,71
neanderthals,71,0,71
pomegranatejuice,71,0,71
antioxidant,71,0,71
lnz,71,0,71
proglumide,71,0,71
camphorata,71,0,71
atragin,71,0,71
haemate,71,0,71
syntaxin,70,1,71
fpr2,69,2,71
aminopenicillin,67,4,71
granisetron,65,6,71
fascaplysin,55,16,71
pramipexole,54,17,71
hcl,51,20,71
lenograstim,49,22,71
terconazole,48,23,71
dimetridazole,47,24,71
glivec,45,26,71
triazolam,37,34,71
zebularine,35,36,71
teprotumumab,33,38,71
ristocetin,25,46,71
amygdalin,24,47,71
roemerine,20,51,71
dercitin,14,57,71
mucicarmine,12,59,71
phytomedicine,5,66,71
procaine penicillin,0,71,71
fpr1,70,0,70
prolene,70,0,70
alcohol-based,70,0,70
schistosoma,70,0,70
cyanidin,70,0,70
aflatoxinb1,70,0,70
loracarbef,70,0,70
hydrocarbon,70,0,70
nephure,70,0,70
asparaginase,70,0,70
camphor,70,0,70
shrub,70,0,70
snmc,70,0,70
gloving,70,0,70
neoral,70,0,70
tiger,70,0,70
rov-asp-1,70,0,70
etest,70,0,70
struvite,70,0,70
amoxicillinclavulanate,70,0,70
pneumococcalcapsularpolysaccharide,70,0,70
ccf,70,0,70
sebum,69,1,70
frusemide,64,6,70
tartrazine,60,10,70
oxime,54,16,70
monalizumab,45,25,70
hyoscine,40,30,70
vapreotide,39,31,70
ritalin,35,35,70
faldaprevir,34,36,70
tricin,33,37,70
trigonelline,26,44,70
pneumolysin,19,51,70
thapsigargin,18,52,70
prozac,17,53,70
cryptotanshinone,9,61,70
nonamannoside,2,68,70
methine,0,70,70
longafwijkingen,0,70,70
malathion,69,0,69
antibiotica,69,0,69
ovid,69,0,69
franco,69,0,69
cryotherapy,69,0,69
condorcet,69,0,69
syndecan-1,69,0,69
cystatins,69,0,69
lf,69,0,69
drv/r,69,0,69
tryptase,69,0,69
cddp,69,0,69
cyclosporine-a,69,0,69
methyl-prednisolone,69,0,69
paniculata,69,0,69
cas,69,0,69
butyl,69,0,69
mitoq,69,0,69
ste,69,0,69
hydroxy-chloroquine,69,0,69
dil,69,0,69
mxb,69,0,69
octaplas,69,0,69
ub1,69,0,69
ang-2,69,0,69
ethereum,69,0,69
gbv-b,69,0,69
dmy,69,0,69
streptococcalm,69,0,69
mog91,69,0,69
juiceurea,69,0,69
lozenge,68,1,69
dicloxacillin,66,3,69
trifluoroethanol,64,5,69
methoxamine,42,27,69
iopamidol,31,38,69
acycloguanosine,28,41,69
gossypin,24,45,69
monocrotaline,23,46,69
eotaxin,0,69,69
rhodophyta,0,69,69
marburgvirus,68,0,68
works,68,0,68
antifungals,68,0,68
zafirlukast,68,0,68
ida,68,0,68
lam,68,0,68
curcuminoids,68,0,68
knn,68,0,68
cortex,68,0,68
p-nitrophenyl,68,0,68
artemisiaannua,68,0,68
tdf/ftc,68,0,68
gallic,68,0,68
soap,68,0,68
bcl-xl,68,0,68
nanosilver,68,0,68
alcohols,68,0,68
proteoglycan,68,0,68
mir-141,68,0,68
phd,68,0,68
antiwei,68,0,68
seo,68,0,68
tannic,68,0,68
ketamin,66,2,68
aphidicolin,64,4,68
cassiae,62,6,68
thiopentone,61,7,68
prostaglandin,60,8,68
sinigrin,57,11,68
pyrilamine,49,19,68
antiprogestin,45,23,68
scutellarin,40,28,68
mycin,38,30,68
desethylhydroxychloroquine,34,34,68
baracitinib,34,34,68
cefazoline,34,34,68
omentin,22,46,68
flavanone,6,62,68
katecholamine,6,62,68
immunoelectron,0,68,68
"1,25-dihydroxyvitamind3",67,0,67
plasmin,67,0,67
adrenergic,67,0,67
aprepitant,67,0,67
drv/c,67,0,67
semmelweis,67,0,67
mox,67,0,67
basigin,67,0,67
dizygotic,67,0,67
ifnα2b,67,0,67
icos,67,0,67
bavituximab,67,0,67
ctla4-ig,67,0,67
peis,67,0,67
l-theanine,67,0,67
s-methionine,67,0,67
dolastane,67,0,67
p-icariin,67,0,67
aa2p,67,0,67
mirabegron,66,1,67
cypermethrin,65,2,67
alanine,62,5,67
nifedipin,60,7,67
insuline,59,8,67
azadirachtin,56,11,67
moexipril,45,22,67
aglepristone,38,29,67
terazosin,34,33,67
chlorothiazide,34,33,67
canrenone,33,34,67
cipla,29,38,67
calcitonin,10,57,67
phosphine,5,62,67
prostata,4,63,67
transportan,0,67,67
indican,0,67,67
glycyrrhizinic,66,0,66
medroxyprogesteroneacetate,66,0,66
β-adrenoceptor,66,0,66
antiplatelet,66,0,66
aldo,66,0,66
spina,66,0,66
lidocain,66,0,66
7-valent,66,0,66
huangqin,66,0,66
orphan,66,0,66
rnapc2,66,0,66
alamar,66,0,66
coxsackie,66,0,66
cash,66,0,66
ws,66,0,66
onchocerciasis,66,0,66
quail,66,0,66
adm,66,0,66
transfusion,66,0,66
tol,66,0,66
nicarbazin,66,0,66
cxl,66,0,66
lpz,66,0,66
sinensis,66,0,66
e.japonica,66,0,66
a771726,66,0,66
nintendo-wii,66,0,66
a-amanitin,66,0,66
peg-ifn-alpha-2b,66,0,66
mycotoxin,64,2,66
nitinol,57,9,66
pentagastrin,56,10,66
anthraquinone,55,11,66
flavopiridol,52,14,66
sifuvirtide,50,16,66
tinib,42,24,66
hydroxichloroquine,38,28,66
phloroglucinol,37,29,66
piplartine,31,35,66
taurolidine,30,36,66
tanezumab,27,39,66
ozanimod,24,42,66
kumamolisin,21,45,66
.lopinavir,21,45,66
isoleucine,6,60,66
bioethanol,6,60,66
galactocerebroside,3,63,66
atemwegen,0,66,66
duncan,0,66,66
"1,25-dihydroxyvitamind",65,0,65
clavulanicacid,65,0,65
greedy,65,0,65
hypotension,65,0,65
h37rv,65,0,65
paliperidone,65,0,65
miguel,65,0,65
neuralgia,65,0,65
methane,65,0,65
apelin-13,65,0,65
ifn-α1,65,0,65
kyna,65,0,65
iso,65,0,65
antipneumococcal,65,0,65
chase-abc,65,0,65
rfhsp-d,65,0,65
peginterferon-α,65,0,65
ramatroban,65,0,65
sm21,65,0,65
r406,65,0,65
nano-silver,65,0,65
vitamined,65,0,65
s]-methionine,65,0,65
phosphorous,64,1,65
grl-0920,58,7,65
phloretin,53,12,65
polyethylenimine,52,13,65
decorin,52,13,65
iodophor,50,15,65
symbicort,46,19,65
buformin,46,19,65
neplanocin,43,22,65
lumicitabine,40,25,65
romosozumab,35,30,65
zabofloxacin,34,31,65
tafenoquine,34,31,65
isatuximab,32,33,65
pentachlorophenol,32,33,65
phenylpropanolamine,25,40,65
epoxide,10,55,65
acetylacetone,0,65,65
dapt,64,0,64
hs,64,0,64
ecp,64,0,64
vitamin-d,64,0,64
cytochalasinb,64,0,64
butylatedhydroxyanisole,64,0,64
pneumococcus,64,0,64
prausnitzii,64,0,64
tfg,64,0,64
oncogene,64,0,64
2030,64,0,64
randić,64,0,64
ursolicacid,64,0,64
cumin,64,0,64
polymixin,64,0,64
wasserstein,64,0,64
aortic,64,0,64
rimonabant,64,0,64
fructan,64,0,64
azc,64,0,64
botox,64,0,64
anti-ige,64,0,64
atovaquone/proguanil,64,0,64
glycyrrheticacid,64,0,64
aicar,64,0,64
amc,64,0,64
lotus,64,0,64
bokashi,64,0,64
vincristin,64,0,64
steroiden,64,0,64
ncp7,64,0,64
subtilis,64,0,64
vgcv,64,0,64
levo,64,0,64
stefin,64,0,64
gdpg,64,0,64
villin,63,1,64
ovotransferrin,53,11,64
properdin,53,11,64
nitrendipine,48,16,64
tobramycine,47,17,64
ethosuximide,40,24,64
lubiprostone,38,26,64
hydrazine,31,33,64
verum,29,35,64
rasagiline,28,36,64
opaganib,28,36,64
kinetin,22,42,64
gimsilumab,20,44,64
thaumatin,8,56,64
orientin,7,57,64
metacam,7,57,64
propargylamine,7,57,64
lingzhi,5,59,64
lymphotactin,0,64,64
enteroendocrine,0,64,64
ran,63,0,63
tetherin,63,0,63
chloroquines,63,0,63
rhizome,63,0,63
angela,63,0,63
cldm,63,0,63
hpv-11,63,0,63
fumagillin,63,0,63
vinca,63,0,63
pegg,63,0,63
"1,25-dihydroxyvitamin",63,0,63
blockchain,63,0,63
dextrans,63,0,63
α-chymotrypsin,63,0,63
weigel,63,0,63
ricardo,63,0,63
jesus,63,0,63
budesonide/formoterol,63,0,63
unigene,63,0,63
qfpd,63,0,63
cirp,63,0,63
dir,63,0,63
spd-1,63,0,63
thymo,63,0,63
repaglinide,52,11,63
chromone,49,14,63
dapivirine,47,16,63
ameloblastin,45,18,63
selenol,40,23,63
brompheniramine,33,30,63
orbifloxacin,32,31,63
idarucizumab,31,32,63
exine,30,33,63
uranine,30,33,63
nitrosamine,26,37,63
carvone,26,37,63
procathepsin,21,42,63
hyoscyamine,19,44,63
tositumomab,16,47,63
toluidine,12,51,63
phthalocyanine,8,55,63
clozapin,6,57,63
edeine,4,59,63
lactoglobulin,3,60,63
sandoz,1,62,63
voinnet,0,63,63
lacunar,0,63,63
antipain,62,0,62
glucocorticosteroid,62,0,62
hippocrates,62,0,62
ram,62,0,62
jacques,62,0,62
gc12,62,0,62
yfv,62,0,62
barbiturates,62,0,62
angiostatin,62,0,62
lutein,62,0,62
mpl,62,0,62
a3s,62,0,62
mir-16,62,0,62
sabine,62,0,62
strep,62,0,62
ifn‐α,62,0,62
analgesie,62,0,62
phenolics,62,0,62
clove,62,0,62
iga,62,0,62
relu,62,0,62
l-pro,62,0,62
bilstm,62,0,62
berries,62,0,62
asiaticum,62,0,62
rhus,62,0,62
nrti,62,0,62
gnrha,62,0,62
dot,62,0,62
sucralose,62,0,62
ipratropiumbromide,60,2,62
sublingual,48,14,62
clofibrate,46,16,62
compstatin,45,17,62
pimonidazole,45,17,62
olopatadine,39,23,62
nasoil,34,28,62
statine,33,29,62
deoxycorticosterone,32,30,62
gantenerumab,31,31,62
imd-1041,30,32,62
vortioxetine,28,34,62
cemiplimab,26,36,62
spermine,23,39,62
metaproterenol,21,41,62
astrazeneca,7,55,62
gardiquimod,7,55,62
ceruloplasmin,0,62,62
bedingt,0,62,62
mpil-22,0,62,62
chrysotile,61,0,61
fructusforsythiae,61,0,61
ecn,61,0,61
sqstm1,61,0,61
zvad-fmk,61,0,61
cdr-h2,61,0,61
penicilling,61,0,61
l-arginine,61,0,61
endoh,61,0,61
α-amanitin,61,0,61
sunflower,61,0,61
alternaria,61,0,61
imidacloprid,61,0,61
diuretics,61,0,61
microwave,61,0,61
morphin,61,0,61
mycalamides,61,0,61
sofosbuvir/daclatasvir,61,0,61
baxter,61,0,61
immucillins,61,0,61
hbo2,61,0,61
mbcd,61,0,61
rim,61,0,61
sky,61,0,61
ach,61,0,61
bip,61,0,61
rv5,61,0,61
cd151,61,0,61
tcm,61,0,61
ledipasvir/sofosbuvir,61,0,61
rem,61,0,61
proinsulin,61,0,61
sgx,61,0,61
bronchodilation,61,0,61
degludec,61,0,61
t.hemsleyanum,61,0,61
icar,61,0,61
afta,61,0,61
galloyl-hhdp-glucose,61,0,61
acd47,61,0,61
cvpe,61,0,61
sqe,61,0,61
s]methionine,60,1,61
vitellogenin,57,4,61
piceatannol,55,6,61
5-flucytosine,53,8,61
oncostatin,47,14,61
macitentan,46,15,61
aminopenicilline,44,17,61
tipifarnib,41,20,61
ivosidenib,38,23,61
ceftizoxime,38,23,61
colimycin,33,28,61
patulin,31,30,61
anifrolumab,27,34,61
pocapavir,26,35,61
enoximone,24,37,61
vigabatrin,12,49,61
thiazolidinone,5,56,61
biglycan,2,59,61
libido,1,60,61
phentermine,0,61,61
gcs,60,0,60
caspar,60,0,60
trim,60,0,60
14-,60,0,60
mahuang,60,0,60
angiotensin-converting,60,0,60
vpu,60,0,60
ftsz,60,0,60
emil,60,0,60
salviamiltiorrhiza,60,0,60
parvovirus,60,0,60
nab-paclitaxel,60,0,60
pge2,60,0,60
nanogen,60,0,60
dor,60,0,60
hhv-6a,60,0,60
ferrous,60,0,60
cryoprecipitate,60,0,60
p123,60,0,60
condom,60,0,60
hypovitaminosisd,60,0,60
antiseptics,60,0,60
ub2,60,0,60
bc-3781,60,0,60
pd-1,60,0,60
phlorizin,60,0,60
hcov-nl63,60,0,60
velcro,60,0,60
sequoia,60,0,60
triptans,60,0,60
toothpaste,60,0,60
sol,60,0,60
scrub,60,0,60
ri-001,60,0,60
album,60,0,60
lsectin,60,0,60
ctla-4/ig,60,0,60
atg,60,0,60
ulipristal,60,0,60
hcwe,60,0,60
amihud,60,0,60
imb-s7,60,0,60
rrx-001,60,0,60
symsum,60,0,60
treo,60,0,60
triazine,57,3,60
morin,43,17,60
dicoumarol,41,19,60
ziconotide,37,23,60
lanreotide,34,26,60
lanthionine,33,27,60
paquinimod,33,27,60
lopinavir‐ritonavir,32,28,60
cytisine,32,28,60
methazolamide,32,28,60
lobucavir,30,30,60
cycloastragenol,30,30,60
nimotuzumab,30,30,60
pirenzepine,29,31,60
hexamidine,29,31,60
phenoxybenzamine,25,35,60
lumazine,11,49,60
litonavir,10,50,60
quinazolinone,6,54,60
phytohaemagglutinin,0,60,60
immunglobuline,0,60,60
reidratazione,0,60,60
cassia,59,0,59
x86,59,0,59
ash,59,0,59
pepfar,59,0,59
antihistaminika,59,0,59
dextrin,59,0,59
il7,59,0,59
hyaluronic,59,0,59
proterodiplostomum,59,0,59
rhodiola,59,0,59
resnet-18,59,0,59
nitrofurans,59,0,59
cytoxan,59,0,59
shenfu,59,0,59
varicella,59,0,59
as01,59,0,59
sedativa,59,0,59
hierin,59,0,59
imf,59,0,59
blueberry,59,0,59
β-tubulin,59,0,59
vanilla,59,0,59
martensii,59,0,59
prb,59,0,59
moxifloxacino,59,0,59
sirnas,59,0,59
2-dg,59,0,59
ltra,59,0,59
probiotika,59,0,59
4-methylumbelliferone,59,0,59
fp,59,0,59
vatican,59,0,59
benomyl,59,0,59
tmp-smz,59,0,59
philosopher,59,0,59
bacillaene,59,0,59
grape,59,0,59
azygos,59,0,59
aloevera,59,0,59
ar3x,59,0,59
losmapimod,59,0,59
butaphosphan,59,0,59
saikosaponin,58,1,59
anandamide,57,2,59
sulphadiazine,51,8,59
diethylamine,48,11,59
isoquercitrin,38,21,59
estramustine,37,22,59
ibutilide,35,24,59
iguratimod,33,26,59
triflupromazine,31,28,59
tubacin,29,30,59
fexinidazole,29,30,59
clinafloxacin,29,30,59
rhoifolin,24,35,59
phenazopyridine,20,39,59
lipoxine,20,39,59
phosphatidylcholine,16,43,59
nebenwirkungen,0,59,59
klug,58,0,58
cg,58,0,58
w.,58,0,58
gc3,58,0,58
rubicon,58,0,58
acth,58,0,58
goserelin,58,0,58
taxotere,58,0,58
na,58,0,58
sambucusnigra,58,0,58
hydroxytyrosol,58,0,58
rhubarb,58,0,58
folinic,58,0,58
nemeth,58,0,58
mim,58,0,58
fosphenytoin,58,0,58
jak1/2,58,0,58
nedocromilsodium,58,0,58
mir-145,58,0,58
benzimidazoles,58,0,58
pelargonium,58,0,58
2-dose,58,0,58
mushroom,58,0,58
cetane,58,0,58
tranilast,58,0,58
gs4071,58,0,58
cyc,58,0,58
tritium,58,0,58
hydroxocobalamin,58,0,58
cypa.,58,0,58
cephalosporines,58,0,58
smz,58,0,58
ifn-alfacon,58,0,58
calanthe,58,0,58
3-methyladenine,56,2,58
cyanovirin,55,3,58
calpeptin,51,7,58
amolimogene,48,10,58
benzocaine,46,12,58
carbogen,46,12,58
stanozolol,45,13,58
anhydrotetracycline,41,17,58
mosapride,41,17,58
telomestatin,33,25,58
ofloxacine,30,28,58
lactimidomycin,30,28,58
lissamine,17,41,58
pristane,16,42,58
thiazolidine,12,46,58
glutaredoxin,3,55,58
azomethine,1,57,58
phosphatidylethanolamine,0,58,58
ryanodine,0,58,58
arbidolhydrochloride,57,0,57
dexa,57,0,57
polymyxin-b,57,0,57
reform,57,0,57
pegol,57,0,57
ptgs2,57,0,57
atovaquone-proguanil,57,0,57
salivarius,57,0,57
orf7a,57,0,57
aminoquinolines,57,0,57
fosamil,57,0,57
celebrex,57,0,57
mentha,57,0,57
67ga,57,0,57
podophyllum,57,0,57
pilosa,57,0,57
p-nitroanilide,57,0,57
chitosans,57,0,57
fogarty,57,0,57
ber,57,0,57
worth,57,0,57
del,57,0,57
mek,57,0,57
sulfamethoxazole-trimethoprim,57,0,57
dmu-212,57,0,57
isofluorane,57,0,57
goldman,57,0,57
electrolytes,57,0,57
tslp,57,0,57
azoxymethane,57,0,57
17-hydroxyprogesterone,57,0,57
hpv16,57,0,57
trimethoprim-sulfamethoxazol,57,0,57
apamin,57,0,57
jacalin,57,0,57
hexamethyleneamiloride,57,0,57
c23,57,0,57
dihydrouracil,57,0,57
isopulegol,57,0,57
rhtm,57,0,57
b-strand,57,0,57
aspirine,54,3,57
paeonol,53,4,57
ethylenimine,51,6,57
lovenox,48,9,57
amphiregulin,45,12,57
pyridazine,44,13,57
fenfluramine,36,21,57
spongistatin,36,21,57
hemopexin,35,22,57
carbimazole,35,22,57
gentamycine,34,23,57
saliphenylhalamide,33,24,57
siramesine,29,28,57
tylophorinine,26,31,57
brimonidine,22,35,57
tizanidine,19,38,57
thymoglobuline,19,38,57
tetrazolium,18,39,57
l'oseltamivir,10,47,57
avertin,4,53,57
thiophenol,4,53,57
yersin,2,55,57
bedürfen,0,57,57
ifnlr1,0,57,57
gdnhcl,0,57,57
carboxylated,56,0,56
cava,56,0,56
peg-ifnα,56,0,56
poliomyelitis,56,0,56
beta-lactams,56,0,56
hexamethylene,56,0,56
the,56,0,56
apod,56,0,56
proanthocyanidins,56,0,56
ddx60,56,0,56
rottlerin,56,0,56
scutellariae,56,0,56
azad,56,0,56
silk,56,0,56
hammerhead,56,0,56
mirna-21,56,0,56
incyte,56,0,56
berberis,56,0,56
gssg,56,0,56
pcv10,56,0,56
rotavirusvaccine,56,0,56
sterol,56,0,56
trifolium,56,0,56
clair,56,0,56
cp-1,56,0,56
collectrin,56,0,56
glutathion,56,0,56
trimethoprim-sulphamethoxazole,56,0,56
fludase,56,0,56
β-blocker,56,0,56
osirix,56,0,56
immunsuppressiva,56,0,56
n3,56,0,56
methylphenidate,56,0,56
hiv-fp,56,0,56
antimycotics,56,0,56
nle,56,0,56
7-nitroindazole,56,0,56
bcr-abl,56,0,56
gcx,56,0,56
triphala,56,0,56
mir-127,56,0,56
trimethoprim/,56,0,56
4-hydroxyproline,56,0,56
arms-i,56,0,56
ketanserin,54,2,56
pochonin,54,2,56
flunisolide,53,3,56
nucleoside,52,4,56
epiberberine,40,16,56
closantel,38,18,56
zolmitriptan,35,21,56
ifenprodil,33,23,56
thienopyridine,33,23,56
bithionol,29,27,56
entrectinib,28,28,56
olsalazine,28,28,56
acerosin,27,29,56
bisdesethylchloroquine,26,30,56
amidine,24,32,56
plakoglobin,6,50,56
cereulide,3,53,56
ketamine hydrochloride,0,56,56
wohingegen,0,56,56
subsalicylate,55,0,55
rudolf,55,0,55
nobilis,55,0,55
avogadro,55,0,55
hydroxyapatite,55,0,55
gingivalis,55,0,55
motilin,55,0,55
hpv6,55,0,55
forsythiaefructus,55,0,55
etoricoxib,55,0,55
pq,55,0,55
glutathione-s-transferase,55,0,55
anesthetics,55,0,55
p16,55,0,55
il-29,55,0,55
mir-221-5p,55,0,55
chicory,55,0,55
anti-histamine,55,0,55
nur,55,0,55
coq,55,0,55
lin,55,0,55
cyanoacrylate,55,0,55
fruits,55,0,55
prochymal,55,0,55
dip,55,0,55
pcv-13,55,0,55
pen,55,0,55
dtx,55,0,55
py-2,55,0,55
clusterin,55,0,55
budget,55,0,55
sgar,55,0,55
flavones,55,0,55
atg13,55,0,55
fkbp51,55,0,55
ataluren,55,0,55
b-adrenergic,55,0,55
tipiracil,52,3,55
sericin,45,10,55
erytromycine,41,14,55
gemcitabin,38,17,55
tenatoprazole,34,21,55
levofloxacine,31,24,55
etrolizumab,30,25,55
thiourea,27,28,55
visfatin,24,31,55
disopyramide,20,35,55
isepamicin,18,37,55
aristeromycin,15,40,55
rnf125,6,49,55
ethylenediamine,1,54,55
tetrasaccharide,0,55,55
dosi,54,0,54
phenprocoumon,54,0,54
zoledronicacid,54,0,54
danaparoid,54,0,54
gam,54,0,54
ceftolozane-tazobactam,54,0,54
ticarcillin-clavulanate,54,0,54
slit,54,0,54
analgetika,54,0,54
hqc,54,0,54
ciprofloxacino,54,0,54
lmwf5a,54,0,54
caf,54,0,54
chelators,54,0,54
unconjugated,54,0,54
sil,54,0,54
herpes,54,0,54
fattyacid,54,0,54
halocur,54,0,54
o.,54,0,54
falagas,54,0,54
mir-142-3p,54,0,54
chlorpyrifos,54,0,54
silica,54,0,54
dqn-cvae,54,0,54
dräger,54,0,54
peppermint,54,0,54
cysteines,54,0,54
rosin,54,0,54
buscopan,54,0,54
hiv,54,0,54
t-1105,54,0,54
nsp4,54,0,54
syntenin,54,0,54
15-deoxyspergualin,54,0,54
phosphorothioate,54,0,54
cr1,54,0,54
l-name,54,0,54
dehp,54,0,54
pentamidin,54,0,54
trimethoprim-sulfonamide,54,0,54
tmpg,54,0,54
givosiran,54,0,54
elderberries,54,0,54
hipec,54,0,54
lio,54,0,54
avigan,52,2,54
carbazole,49,5,54
staurosporin,48,6,54
cefalosporine,45,9,54
oxyclozanide,36,18,54
levobupivacaine,33,21,54
ornidazole,32,22,54
oxfendazole,31,23,54
relaxin,29,25,54
.colchicine,29,25,54
lubricin,28,26,54
bromazepam,27,27,54
dostarlimab,27,27,54
tanespimycin,27,27,54
tralokinumab,25,29,54
arecoline,25,29,54
citicoline,25,29,54
norleucine,21,33,54
leukine,12,42,54
ferruginol,10,44,54
tetranucleotide,6,48,54
haseltine,4,50,54
kazinol,2,52,54
hydroperoxide,2,52,54
beitragen,0,54,54
chemokine,0,54,54
bedroeg,0,54,54
fulvestrant,53,0,53
pump,53,0,53
hplc-uv,53,0,53
sfn,53,0,53
bpe,53,0,53
hydra,53,0,53
parathion,53,0,53
mesna,53,0,53
fixed-dose,53,0,53
fmf,53,0,53
iodophors,53,0,53
asparticacid,53,0,53
mir-17,53,0,53
hemophilus,53,0,53
ciclopirox,53,0,53
blasticidin,53,0,53
dpp4/cd26,53,0,53
avarol,53,0,53
acmnpv,53,0,53
parsley,53,0,53
banana,53,0,53
mutans,53,0,53
r-goitrin,53,0,53
longini,53,0,53
cd147,53,0,53
n-acetylcystein,53,0,53
exosurf,53,0,53
laminin,53,0,53
sl0101,53,0,53
stella,53,0,53
enterokinase,53,0,53
pab,53,0,53
vori,53,0,53
alefacept,53,0,53
kingma,53,0,53
ureas,53,0,53
safespark,53,0,53
kaa-1,53,0,53
cefquinome,53,0,53
hxzq,53,0,53
bms-790052,53,0,53
anv,53,0,53
manthan,53,0,53
zarzio,53,0,53
nacl,42,11,53
dimethylamine,38,15,53
trasylol,33,20,53
sauchinone,28,25,53
normetanephrine,27,26,53
olokizumab,26,27,53
toclizumab,25,28,53
copaxone,23,30,53
canavanine,22,31,53
fascin,3,50,53
deoxynucleotide,0,53,53
microhabitat,0,53,53
adhesin,0,53,53
partek,0,53,53
pma,52,0,52
rodrigo,52,0,52
sepsis,52,0,52
ah,52,0,52
gem,52,0,52
osv,52,0,52
christine,52,0,52
nampt,52,0,52
titin,52,0,52
rosemary,52,0,52
bovilis,52,0,52
biuret,52,0,52
fusobacterium,52,0,52
coptidis,52,0,52
alkaloid,52,0,52
darunavir-cobicistat,52,0,52
silicide,52,0,52
cinnamomi,52,0,52
cape,52,0,52
biotinylatedtylophorine,52,0,52
meth,52,0,52
cefepim,52,0,52
hbo,52,0,52
steiner,52,0,52
dana,52,0,52
johnson,52,0,52
xiaoyaosan,52,0,52
herbapatriniae,52,0,52
wpcd,52,0,52
kuraridin,52,0,52
rhifn-α2b,52,0,52
sklb325,52,0,52
hizentra,52,0,52
levovist,52,0,52
carbamate,50,2,52
jnj7777120,50,2,52
isoquine,44,8,52
bromethalin,43,9,52
erenumab,41,11,52
bicine,40,12,52
methyldopa,40,12,52
esculetin,40,12,52
ferumoxytol,40,12,52
solanezumab,39,13,52
artemisin,38,14,52
azilsartan,38,14,52
hydroxycarbamide,37,15,52
clexane,36,16,52
corin,35,17,52
buthionine,34,18,52
dexchlorpheniramine,30,22,52
tolazoline,25,27,52
trimethobenzamide,21,31,52
troxipide,20,32,52
aldara,14,38,52
probestin,14,38,52
tetrahydrobiopterin,12,40,52
gomesin,10,42,52
benadryl,8,44,52
hydroxyprogesterone,7,45,52
synaptophysin,2,50,52
thioamide,0,52,52
suboxone,0,52,52
aandoeningen,0,52,52
sekine,0,52,52
toyoi,0,52,52
sulfo-nhs,51,0,51
pza,51,0,51
pyrethrin,51,0,51
gonorrhoea,51,0,51
oils,51,0,51
cefpirome,51,0,51
poet,51,0,51
als-8176,51,0,51
ntcp,51,0,51
lamin,51,0,51
dhm,51,0,51
abt-199,51,0,51
darfur,51,0,51
beta-interferon,51,0,51
kallidin,51,0,51
tp53,51,0,51
cinnamomum,51,0,51
serms,51,0,51
artesunate-amodiaquine,51,0,51
hydroxychloroquine-azithromycin,51,0,51
astragalusmembranaceus,51,0,51
gout,51,0,51
cms-ldp,51,0,51
aconitum,51,0,51
psychotherapie,51,0,51
omeprazol,51,0,51
mycopar,51,0,51
fancd2,51,0,51
shenmai,51,0,51
hr-c,51,0,51
palm,51,0,51
thimet,51,0,51
pde5i,51,0,51
ffp2,51,0,51
metoclopramid,51,0,51
maxam,51,0,51
iso/β-cd,51,0,51
oseltamivir-peramivir,51,0,51
plantower,51,0,51
tnf/chp,51,0,51
ciprofl,51,0,51
pegifn-a,51,0,51
epsin,50,1,51
barbiturate,49,2,51
bevasiranib,49,2,51
oleifera,49,2,51
filamin,48,3,51
vioxx,47,4,51
porphyrin,47,4,51
carmine,45,6,51
tecovirimat,41,10,51
isatidis,40,11,51
brotide,40,11,51
indocyanine,37,14,51
diphthamide,36,15,51
oleosin,30,21,51
paroxetin,28,23,51
triethanolamine,27,24,51
carabin,27,24,51
tiopronin,26,25,51
clavamox,26,25,51
carboxamide,25,26,51
rupatadine,25,26,51
meclizine,25,26,51
indazole,24,27,51
tociluzumab,24,27,51
amphotericine,24,27,51
beclometasone,23,28,51
ursodiol,23,28,51
terbium,22,29,51
pyrrolizidine,21,30,51
paxillin,10,41,51
isoxazole,3,48,51
cullin,3,48,51
37.5,0,51,51
tregs,0,51,51
atemwegserkrankungen,0,51,51
deoxyadenosine,0,51,51
prohibitin,0,51,51
fp7,50,0,50
calorie,50,0,50
mdpv,50,0,50
mmp-8,50,0,50
amoxicillin/clavulanicacid,50,0,50
ketamine/xylazine,50,0,50
protides,50,0,50
penicillinen,50,0,50
zucker,50,0,50
vitravene,50,0,50
ubal,50,0,50
rhamnose,50,0,50
il-18,50,0,50
isobaric,50,0,50
saba,50,0,50
oligo-fucoidan,50,0,50
cyclodextrin,50,0,50
hd5,50,0,50
mycetoma,50,0,50
mt,50,0,50
cystatind,50,0,50
folfox,50,0,50
mir21,50,0,50
carinolatus,50,0,50
mip-1α/ccl3,50,0,50
orexin,49,1,50
brodifacoum,40,10,50
azlocillin,36,14,50
streptozocin,35,15,50
opicapone,29,21,50
linezolide,28,22,50
eprinomectin,27,23,50
teneligliptin,27,23,50
etorphine,27,23,50
capmatinib,25,25,50
fraxiparine,23,27,50
cabotegravir,22,28,50
meliacine,18,32,50
tolcapone,18,32,50
cauline,14,36,50
spinesin,7,43,50
zopiclone,7,43,50
pterosin,7,43,50
scopoletin,3,47,50
thiophene,2,48,50
l'amoxicilline,1,49,50
lopinavir-,0,50,50
inert,0,50,50
evl,49,0,49
nebulizer,49,0,49
forsythoside,49,0,49
monetary,49,0,49
bacteroides,49,0,49
β-lactoglobulin,49,0,49
pneumococcalvaccine,49,0,49
arvs,49,0,49
ne,49,0,49
mir-101,49,0,49
dihydroartemisinin-piperaquine,49,0,49
okt3,49,0,49
selenate,49,0,49
dexrazoxane,49,0,49
greenstone,49,0,49
ilq,49,0,49
lethe,49,0,49
ammoniumhydroxide,49,0,49
radixscutellariae,49,0,49
hpv,49,0,49
ipknot,49,0,49
acetylation,49,0,49
hypnotics,49,0,49
glaucoma,49,0,49
ephedraeherba,49,0,49
ketamine-xylazine,49,0,49
cer,49,0,49
phellodendron,49,0,49
discodermolide,49,0,49
mir-36,49,0,49
ketolides,49,0,49
propionicacid,49,0,49
mir-26a,49,0,49
fkbp5,49,0,49
cpt-11,49,0,49
muc1,49,0,49
lama,49,0,49
gluconacetobacter,49,0,49
isopsoralen,49,0,49
dgl,49,0,49
iota-carrageenan,49,0,49
hxzqc,49,0,49
r-hirudin,49,0,49
atropin,46,3,49
mide,43,6,49
corticotropin,40,9,49
echinocandine,37,12,49
amikacine,34,15,49
clarithromycine,34,15,49
manumycin,32,17,49
tebuconazole,31,18,49
peficitinib,31,18,49
metilprednisolone,30,19,49
penem,30,19,49
ansamycin,26,23,49
vibramycin,26,23,49
tricyclazole,25,24,49
cetilistat,25,24,49
urumin,23,26,49
dacluzimab,21,28,49
obiltoxaximab,15,34,49
cathinone,15,34,49
neuropeptide,7,42,49
versican,5,44,49
otarine,2,47,49
glabrol,1,48,49
compactin,0,49,49
octapeptide,0,49,49
perugini,0,49,49
insurance,48,0,48
turmeric,48,0,48
ox40,48,0,48
isabel,48,0,48
anticoagulant,48,0,48
α-interferon,48,0,48
allantoin,48,0,48
annexina1,48,0,48
antónio,48,0,48
cap,48,0,48
bunge,48,0,48
toscana,48,0,48
enzyme,48,0,48
broadband,48,0,48
usp,48,0,48
acorn,48,0,48
acc,48,0,48
mitomycin-c,48,0,48
stalin,48,0,48
christian,48,0,48
sulfuricacid,48,0,48
pharmacopoeia,48,0,48
etoposid,48,0,48
7-aminoactinomycin,48,0,48
asteroid,48,0,48
smad4,48,0,48
nmba,48,0,48
fructans,48,0,48
cdk4/6,48,0,48
xylol,48,0,48
micronutrient,48,0,48
vasopressors,48,0,48
ginsenosiderg3,48,0,48
moraxella,48,0,48
camostatmesylate,48,0,48
pyridostatin,48,0,48
ramadan,48,0,48
epi,48,0,48
cu/zn,48,0,48
sgt,48,0,48
monocaprin,48,0,48
intralipid,48,0,48
dl,48,0,48
foliiflora,48,0,48
scutellarein,46,2,48
ficolin,41,7,48
oxazine,41,7,48
sparsomycin,35,13,48
rebamipide,35,13,48
paromomycine,35,13,48
medline,34,14,48
enilconazole,33,15,48
tonin,32,16,48
moxalactam,32,16,48
narasin,31,17,48
forodesine,29,19,48
norclozapine,25,23,48
safinamide,25,23,48
famcyclovir,24,24,48
decernotinib,24,24,48
pediocin,22,26,48
cefalexin,11,37,48
hexosamine,8,40,48
addressin,0,48,48
fragestellungen,0,48,48
cytotoxin,0,48,48
presepsin,0,48,48
schlussfolgerungen,0,48,48
atazanavir/ritonavir,47,0,47
deangelis,47,0,47
glue,47,0,47
sac,47,0,47
gts-21,47,0,47
endothelin-1,47,0,47
poverty,47,0,47
videolaryngoscope,47,0,47
amantadinehydrochloride,47,0,47
thiomersal,47,0,47
betaseron,47,0,47
multivitamins,47,0,47
atovaquon,47,0,47
alliin,47,0,47
propanolol,47,0,47
e.purpurea,47,0,47
allee,47,0,47
oas1,47,0,47
ta1,47,0,47
artemisiae,47,0,47
cannabis,47,0,47
bromhexinehydrochloride,47,0,47
roquin,47,0,47
galectin-9,47,0,47
crataegus,47,0,47
huangqi,47,0,47
fungicidal,47,0,47
lrg,47,0,47
glycyrrhizauralensisfisch,47,0,47
etwa,47,0,47
il-1ra,47,0,47
cyclosporina,47,0,47
rsv-ivig,47,0,47
caspase-9,47,0,47
mesoblast,47,0,47
coxsackievirusb4,47,0,47
calfactant,47,0,47
tac,47,0,47
cpmo1,47,0,47
clq-oh,47,0,47
rge,47,0,47
xilp,47,0,47
cd24fc,47,0,47
pyrogallol,47,0,47
anemosideb4,47,0,47
17b-estradiol,47,0,47
urane,47,0,47
monosaccharide,46,1,47
pentosidine,39,8,47
chymotrypsinogen,39,8,47
mezlocillin,37,10,47
thiadiazole,29,18,47
zeylanicum,28,19,47
imine,27,20,47
indocin,25,22,47
foretinib,25,22,47
rasputin,25,22,47
deoxycoformycin,24,23,47
ondine,24,23,47
isatoribine,24,23,47
jatrorrhizine,21,26,47
ventolin,20,27,47
incin,2,45,47
sodium hydroxide,0,47,47
microcystin,0,47,47
bacteriën,0,47,47
gompertz,0,47,47
eosin,0,47,47
rozin,0,47,47
clínicas,0,47,47
tyrosin,0,47,47
riacutizzazione,0,47,47
uv-b,46,0,46
citrinum,46,0,46
herbicides,46,0,46
stine,46,0,46
progestins,46,0,46
aminocaproicacid,46,0,46
cefoperazone-sulbactam,46,0,46
antipyretika,46,0,46
tamarixetin,46,0,46
alumadjuvant,46,0,46
sesame,46,0,46
oseltamivircarboxylate,46,0,46
ursodeoxycholicacid,46,0,46
antituberculosis,46,0,46
artemisinicacid,46,0,46
mcguigan,46,0,46
metallothioneins,46,0,46
ellman,46,0,46
activin,46,0,46
amfotericine,46,0,46
chondroitinsulfate,46,0,46
della,46,0,46
grl0617,46,0,46
antidepressants,46,0,46
vagin,46,0,46
protaminesulfate,46,0,46
maltose,46,0,46
c1-inhibitor,46,0,46
isd,46,0,46
ubch8,46,0,46
syphilis,46,0,46
imidazol,46,0,46
labialis,46,0,46
hmfo,46,0,46
ctp,46,0,46
advaxadjuvant,46,0,46
dha-ppq,46,0,46
hiv/aids,46,0,46
rac-cryptopleurine,46,0,46
riociguat,46,0,46
resnet50v2,46,0,46
at-527,46,0,46
ivmp,46,0,46
salicyl-carnosine,46,0,46
m50,46,0,46
"cp-690,550",46,0,46
emtansine,43,3,46
sophora,43,3,46
triol,40,6,46
pralidoxime,40,6,46
plexin,40,6,46
thionin,40,6,46
phytonadione,38,8,46
iododeoxyuridine,37,9,46
xanthenone,33,13,46
tetrodotoxin,30,16,46
dystonin,29,17,46
buserelin,29,17,46
eletriptan,28,18,46
vittatine,24,22,46
brinzolamide,24,22,46
rimadyl,23,23,46
tandutinib,20,26,46
gemzar,18,28,46
copeptin,12,34,46
pseudocrocodilicola,11,35,46
rhodanine,2,44,46
narcan,1,45,46
prostaglandine,1,45,46
tiantan,0,46,46
livedo,0,46,46
helvum,0,46,46
trinucleotide,0,46,46
denv‐2,0,46,46
cycleanine,0,46,46
interferon-beta,45,0,45
myc,45,0,45
my7,45,0,45
coq10,45,0,45
saikosaponinb2,45,0,45
inotropy,45,0,45
zhengqi,45,0,45
ayurveda,45,0,45
as04,45,0,45
aristolochicacid,45,0,45
il-6r,45,0,45
security,45,0,45
sharp,45,0,45
camptothecins,45,0,45
mir-155,45,0,45
cyd-tdv,45,0,45
chou,45,0,45
vonoprazan,45,0,45
amyloid,45,0,45
viagra,45,0,45
huperzine,45,0,45
crotoxin,45,0,45
taxus,45,0,45
folin,45,0,45
cool,45,0,45
gh,45,0,45
favipiravir-rtp,45,0,45
punicagranatum,45,0,45
arb/acei,45,0,45
fam,45,0,45
ndga,45,0,45
apt,45,0,45
antipseudomonal,45,0,45
respimask,45,0,45
rkaa-1,45,0,45
crte6e7l2,45,0,45
apostolidis,45,0,45
var,45,0,45
vaca,45,0,45
hbv-x,45,0,45
mir-188-3p,45,0,45
ifn-a2b,45,0,45
withanoside,43,2,45
acetonide,42,3,45
torezolid,42,3,45
bazedoxifene,39,6,45
prucalopride,37,8,45
radioiodine,35,10,45
praeparata,35,10,45
amrinone,34,11,45
prazole,33,12,45
proparacaine,30,15,45
quizartinib,29,16,45
amoxapine,28,17,45
benidipine,26,19,45
fludarabin,26,19,45
calyculin,23,22,45
biapenem,23,22,45
cloroquine,22,23,45
deleobuvir,21,24,45
vindesine,20,25,45
interferone,20,25,45
calycin,17,28,45
cachectin,11,34,45
calendoflaside,7,38,45
lipofectamine,0,45,45
self‐quarantine,0,45,45
nestin,0,45,45
cellufine,0,45,45
polmone,0,45,45
thiosemicarbazide,0,45,45
contaminazione,0,45,45
streptomycinsulfate,44,0,44
cyclosporins,44,0,44
β-1b,44,0,44
hypothermia,44,0,44
houttuyniae,44,0,44
calnexin,44,0,44
polymer,44,0,44
sace2,44,0,44
sulphuric,44,0,44
tki,44,0,44
pyr-41,44,0,44
emollient,44,0,44
mir-22,44,0,44
aristolochia,44,0,44
cysteinyl,44,0,44
edwardjenner,44,0,44
ribociclib,44,0,44
pentaloop,44,0,44
mylotarg,44,0,44
australis,44,0,44
presidente,44,0,44
otitidis,44,0,44
lilly,44,0,44
tet,44,0,44
kainic,44,0,44
ifn-α-2b,44,0,44
ldrt,44,0,44
longicornis,44,0,44
sulphoxide,44,0,44
lactobacillusplantarum,44,0,44
malin,44,0,44
anti-asthma,44,0,44
actinomycetemcomitans,44,0,44
santos,44,0,44
presidential,44,0,44
pontryagin,44,0,44
moutan,44,0,44
mag,44,0,44
respigam,44,0,44
dectin,44,0,44
btsa-his,44,0,44
diazomethane,44,0,44
beta-lactamase,44,0,44
ramiprilat,44,0,44
d-glucose,44,0,44
p74,44,0,44
sotagliflozin,44,0,44
sdx,44,0,44
id13,44,0,44
lactisjcm,44,0,44
pde-5,44,0,44
estma,44,0,44
tfq,44,0,44
ceftolozane,40,4,44
indapamide,39,5,44
vertebroplasty,39,5,44
auristatin,35,9,44
pamaquine,34,10,44
ibuprofeno,33,11,44
rizatriptan,32,12,44
vinblastin,31,13,44
econazole,28,16,44
cycline,28,16,44
indomethacine,28,16,44
moxifloxacine,28,16,44
selumetinib,28,16,44
dibucaine,27,17,44
theofylline,27,17,44
levocabastine,26,18,44
avaxim,26,18,44
tomatidine,25,19,44
piperlongumine,24,20,44
lercanidipine,24,20,44
caspofungine,23,21,44
dideoxycytidine,23,21,44
phytoestrogen,23,21,44
pentosaceus,23,21,44
nefazodone,22,22,44
fotemustine,22,22,44
trypsine,22,22,44
gemigliptin,22,22,44
tislelizumab,22,22,44
lopinavir+ritonavir,21,23,44
jakinib,21,23,44
benzquercin,21,23,44
chlorthalidone,19,25,44
tifacogin,18,26,44
pteropine,14,30,44
belinostat,13,31,44
entacapone,12,32,44
neferine,12,32,44
aescin,7,37,44
cadaverine,3,41,44
tiuxetan,3,41,44
symmetrel,2,42,44
i-125,1,43,44
guanacos,0,44,44
bovirhinis,0,44,44
prokalzitonin,0,44,44
serotine,0,44,44
magazine,43,0,43
pranlukast,43,0,43
lasalocid,43,0,43
hydroxyethyl,43,0,43
phenols,43,0,43
peroxynitrite,43,0,43
mk-0626,43,0,43
jaccard,43,0,43
cd26,43,0,43
acenocoumarol,43,0,43
glaciers,43,0,43
galectin-1,43,0,43
mir-140,43,0,43
niloticus,43,0,43
scutellaria,43,0,43
wat,43,0,43
4-aminoquinoline,43,0,43
khalifa,43,0,43
mk-curve,43,0,43
dabcyl,43,0,43
furfur,43,0,43
pd1,43,0,43
gaba,43,0,43
rnc,43,0,43
agaricus,43,0,43
omega-3fatty,43,0,43
phendc3,43,0,43
d-galactose,43,0,43
pegasys,43,0,43
axin,43,0,43
teapolyphenols,43,0,43
nav,43,0,43
laiv,43,0,43
xolair,43,0,43
rha,43,0,43
lipoicacid,43,0,43
plasticizer,43,0,43
bha,43,0,43
cyanovirin-n,43,0,43
amino-acid,43,0,43
tik,43,0,43
furosemid,43,0,43
β-estradiol,43,0,43
hrsace2,43,0,43
zidovudin,43,0,43
yogurt,43,0,43
sevelamer,43,0,43
nvac,43,0,43
ev68,43,0,43
tudor,43,0,43
evc,43,0,43
ago1,43,0,43
sva,43,0,43
iomeprol,43,0,43
pla2g4a,43,0,43
bptb,43,0,43
mfg-e8,43,0,43
phytate,43,0,43
ned-19,43,0,43
detsec,43,0,43
/oxygen,43,0,43
hcvns2,43,0,43
pochonind,43,0,43
orangutan,42,1,43
oxy,40,3,43
lopinavir/,40,3,43
triptorelin,37,6,43
capsazepine,36,7,43
endocarditis,34,9,43
hydroxyquinol,34,9,43
simazine,33,10,43
erbin,31,12,43
anagliptin,29,14,43
desthiobiotin,28,15,43
emamectin,27,16,43
deoxynivalenol,26,17,43
veratridine,24,19,43
.oseltamivir,23,20,43
toyocamycin,21,22,43
hydrobromide,20,23,43
tetranectin,20,23,43
tarocystatin,19,24,43
moroxydine,18,25,43
claspin,12,31,43
ropinirole,12,31,43
thiadiazolone,10,33,43
polylysine,4,39,43
mercaptohexanol,2,41,43
pogostemonis,1,42,43
naltrindole,1,42,43
oligopeptide,0,43,43
fluanisone,0,43,43
donlin,0,43,43
fernández,0,43,43
pheno,0,43,43
camus,0,43,43
meprin,42,0,42
masp-2,42,0,42
vitamind.,42,0,42
medulloblastoma,42,0,42
baumanii,42,0,42
carbomer,42,0,42
chlorhexidin,42,0,42
et,42,0,42
α-adrenergic,42,0,42
ad7,42,0,42
ionis,42,0,42
2′-deoxycytidine,42,0,42
endotoxin,42,0,42
anthocyanidins,42,0,42
delamanid,42,0,42
espirito,42,0,42
aprv,42,0,42
iiv,42,0,42
mir-126,42,0,42
tlr2,42,0,42
man,42,0,42
viola,42,0,42
pst2238,42,0,42
sirna2,42,0,42
fcs-ldp,42,0,42
helix,42,0,42
blosum,42,0,42
dcvmn,42,0,42
azd9668,42,0,42
orme,42,0,42
glybera,42,0,42
cyclophilinb,42,0,42
cromoglycate,42,0,42
arabinose,42,0,42
sfi,42,0,42
radin,42,0,42
cv-a10,42,0,42
hochuekkito,42,0,42
lj001,42,0,42
nsp1α,42,0,42
dar,42,0,42
butterfat,42,0,42
pegilodecakin,42,0,42
rebetol,42,0,42
pegasos,42,0,42
onabotulinumtoxina,42,0,42
endophilina2,42,0,42
chloramine-t,42,0,42
invertase,42,0,42
glycation,42,0,42
oxldl,42,0,42
sterillium,42,0,42
opella,42,0,42
b-agonist,42,0,42
eldl,42,0,42
isothymol,42,0,42
nz-il1ra,42,0,42
feridex,42,0,42
mir‐127‐5p,42,0,42
bitap,42,0,42
-adrenergic,42,0,42
deslorelin,41,1,42
glycoside,41,1,42
sulfane,40,2,42
terreus,40,2,42
nitricoxide,40,2,42
cyfluthrin,39,3,42
corydalis,38,4,42
fatostatin,37,5,42
tyramide,36,6,42
oxine,31,11,42
microcin,27,15,42
mangiferin,26,16,42
monoubiquitin,25,17,42
sirtinol,24,18,42
nesiritide,24,18,42
ethylnitrosourea,22,20,42
pirarubicin,22,20,42
aclarubicin,22,20,42
lfcin,22,20,42
atlizumab,22,20,42
bilastine,22,20,42
tetracosactrin,21,21,42
tribromoethanol,21,21,42
lorlatinib,21,21,42
oclacitinib,21,21,42
tobramicin,21,21,42
vetoquinol,19,23,42
nitroanilide,7,35,42
fibrillin,3,39,42
tetrazykline,2,40,42
duchaine,0,42,42
tajar,0,42,42
psittacine,0,42,42
neuropilin,0,42,42
condizione,0,42,42
verkregen,0,42,42
arrestin,0,42,42
resolvine,0,42,42
tlic,0,42,42
sodiumazide,41,0,41
ecg,41,0,41
decoquinate,41,0,41
myxothiazol,41,0,41
anti-tnf-α,41,0,41
torin,41,0,41
sonidegib,41,0,41
haplotype,41,0,41
angii,41,0,41
fluarix,41,0,41
agilis,41,0,41
dnase1,41,0,41
artemisinine,41,0,41
gene,41,0,41
aurora,41,0,41
molluscum,41,0,41
flavonoidglycosides,41,0,41
qingfeipaidudecoction,41,0,41
sofosbuvir/velpatasvir,41,0,41
pilatus,41,0,41
sibericum,41,0,41
dn59,41,0,41
mma,41,0,41
mipomersen,41,0,41
sulodexide,41,0,41
panicum,41,0,41
oasl,41,0,41
osteocyte,41,0,41
chestnut,41,0,41
onder,41,0,41
atg16,41,0,41
videolaryngoscopy,41,0,41
5-ht,41,0,41
nuc,41,0,41
shamir,41,0,41
proanthocyanidin,41,0,41
angpt1,41,0,41
phenolchloroform,41,0,41
brca2,41,0,41
pertechnetate,41,0,41
withanolides,41,0,41
bik,41,0,41
hcvp7,41,0,41
aspergillus,41,0,41
monotherapie,41,0,41
tachycardic,41,0,41
grn,41,0,41
trivalent-fp,41,0,41
idol,41,0,41
flos,41,0,41
andosan,41,0,41
sel1l,41,0,41
ca-074me,41,0,41
megestrolacetate,41,0,41
n-acetyl-cysteine,41,0,41
secretary-general,41,0,41
zol,41,0,41
saas,41,0,41
brnn,41,0,41
r.isatidis,41,0,41
cripto,41,0,41
ab38b,41,0,41
bjpsych,41,0,41
tungsten,41,0,41
gcmaf,41,0,41
viscozyme,41,0,41
aptris,41,0,41
ganglioside,39,2,41
hexamethonium,38,3,41
mericitabine,36,5,41
berenil,36,5,41
sulforhodamine,34,7,41
chlorphenamine,31,10,41
batimastat,31,10,41
ethionine,30,11,41
panduratin,30,11,41
permacol,30,11,41
sophoridine,29,12,41
nitrofurazone,29,12,41
bacteriocin,28,13,41
cofilin,28,13,41
lanatoside,27,14,41
oxyresveratrol,25,16,41
cyclotide,25,16,41
andexanet,24,17,41
svanovir,23,18,41
panobacumab,23,18,41
gammulin,23,18,41
dinitrophenol,22,19,41
dirithromycin,21,20,41
kymab,21,20,41
dinoprostone,17,24,41
entinostat,17,24,41
carbodine,16,25,41
hypotaurine,9,32,41
cyanol,9,32,41
methylcytidine,8,33,41
plectasin,8,33,41
pyrimidine,7,34,41
fonsecaea,7,34,41
eosinophil,7,34,41
deoxymannojirimycin,5,36,41
friebe,0,41,41
naphthoquinone,0,41,41
sodium bicarbonate,0,41,41
pizam,0,41,41
keime,0,41,41
hydrocortison,40,0,40
boronate,40,0,40
xigris,40,0,40
mir-188,40,0,40
jak1/jak2,40,0,40
mc3,40,0,40
amy-101,40,0,40
antiseptika,40,0,40
vitaminsa,40,0,40
kineret,40,0,40
biobert,40,0,40
lemonjuice,40,0,40
cpx,40,0,40
dioxide,40,0,40
5-aza-2′-deoxycytidine,40,0,40
mir-10a,40,0,40
bm25,40,0,40
rsv,40,0,40
bromo,40,0,40
picrotoxin,40,0,40
jerusalem,40,0,40
sirna-027,40,0,40
cannabissativa,40,0,40
epigallocatechingallate,40,0,40
echinacoside,40,0,40
bravo,40,0,40
anti-histidine,40,0,40
lycium,40,0,40
scytovirin,40,0,40
adjuplex,40,0,40
il-18rα,40,0,40
cyanogen,40,0,40
il10rb,40,0,40
β-hexosaminidase,40,0,40
pancreas,40,0,40
nutlin,40,0,40
gly-gly,40,0,40
curriculum,40,0,40
dbq33b,40,0,40
toremiphene,40,0,40
caerulein,40,0,40
cisplatinum,40,0,40
omega-3fattyacids,40,0,40
bromphenol,40,0,40
quercetin-3-β-galactoside,40,0,40
qs-21,40,0,40
starr,40,0,40
bisulfate,40,0,40
mec,40,0,40
macedonia,40,0,40
ifnβ-1a,40,0,40
azar,40,0,40
yin/yang,40,0,40
dmj,40,0,40
j01,40,0,40
akacid,40,0,40
lumacaftor/ivacaftor,40,0,40
ri-002,40,0,40
8abha,40,0,40
bza,40,0,40
renalase,40,0,40
enamine,37,3,40
kortikosteroide,31,9,40
digitoxigenin,29,11,40
metanephrine,28,12,40
bemiparin,27,13,40
cisplatine,26,14,40
cephazolin,25,15,40
tgc161,25,15,40
octenidine,23,17,40
osteonectin,23,17,40
drosomycin,22,18,40
itacitinib,20,20,40
sulprostone,20,20,40
indoximod,20,20,40
cyclobenzaprine,18,22,40
enbrel,17,23,40
racivir,17,23,40
protollin,15,25,40
toxicol,15,25,40
tachyplesin,6,34,40
oxadiazole,5,35,40
benzoxazole,2,38,40
dansylcadaverine,2,38,40
tirole,1,39,40
gelingt,0,40,40
contraindications,0,40,40
δi,0,40,40
rezidivrisiko,0,40,40
blutungsrisiko,0,40,40
gallagher,0,40,40
geheugen,0,40,40
pernio,0,40,40
mg,0,40,40
nab069,0,40,40
emtricitabine/tenofovir,39,0,39
radiol,39,0,39
16a,39,0,39
α2-antiplasmin,39,0,39
amoxycillin-clavulanate,39,0,39
β-casein,39,0,39
ciprofibrate,39,0,39
mucolytics,39,0,39
bohol,39,0,39
echovirus,39,0,39
lysines,39,0,39
varicellazoster,39,0,39
tribolium,39,0,39
mf-59,39,0,39
hcve2,39,0,39
ffp1,39,0,39
heparinase,39,0,39
datum,39,0,39
evil,39,0,39
chancellor,39,0,39
fxa,39,0,39
bulb,39,0,39
arbs,39,0,39
quercetagetin,39,0,39
palmatus,39,0,39
β-agonists,39,0,39
thymectomy,39,0,39
ectropion,39,0,39
thea,39,0,39
alivecor,39,0,39
nadam,39,0,39
trimethoprim-sulfadiazine,39,0,39
ll37,39,0,39
cs-ldp,39,0,39
sarepta,39,0,39
hec,39,0,39
il-4/il-13,39,0,39
triamcinoloneacetonide,39,0,39
octenidin,39,0,39
neopterin,39,0,39
israelita,39,0,39
firma,39,0,39
ywhaz,39,0,39
cbl,39,0,39
tp-hdc,39,0,39
qingfei,39,0,39
pim,39,0,39
lactobacillusgg,39,0,39
matthew,39,0,39
sib,39,0,39
oha,39,0,39
fkbp52,39,0,39
patchoulialcohol,39,0,39
canola,39,0,39
kingman,39,0,39
barbital,39,0,39
6-mercaptopurin,39,0,39
deepce,39,0,39
rgmedd,39,0,39
vkor,39,0,39
α-msh,39,0,39
inotersen,39,0,39
dxm,39,0,39
epivax,39,0,39
brca1,39,0,39
25(oh)-vitamind,39,0,39
strobilanthes,39,0,39
stevia,39,0,39
rgnn,39,0,39
mir-137,39,0,39
ppix,39,0,39
mk-7,39,0,39
tbhq,39,0,39
b38-cap,39,0,39
vbrb,39,0,39
interferon-b,39,0,39
sildenafi,39,0,39
iwash,39,0,39
retinyl,36,3,39
retapamulin,35,4,39
antitussive,35,4,39
oralis,35,4,39
progestogen,34,5,39
ecocide,30,9,39
zatebradine,27,12,39
sulfaquinoxaline,26,13,39
rhamnetin,25,14,39
tirabrutinib,25,14,39
apalutamide,24,15,39
proflavine,23,16,39
helichrysetin,23,16,39
.azithromycin,23,16,39
sacubitrilat,22,17,39
rozanolixizumab,21,18,39
guanethidine,21,18,39
phenelzine,20,19,39
cefixim,20,19,39
clorhexidine,20,19,39
oxibendazole,20,19,39
bisbenzimide,19,20,39
momelotinib,19,20,39
brassiparin,19,20,39
septin,18,21,39
actinocin,18,21,39
darifenacin,17,22,39
yinqi,17,22,39
licocoumarone,15,24,39
trimipramine,14,25,39
solifenacin,13,26,39
amphothericin,11,28,39
klasen,2,37,39
arildone,2,37,39
ellipticine,2,37,39
broussochalcone,0,39,39
deisenhofen,0,39,39
bioassay,0,39,39
nonpeptide,0,39,39
heaviside,0,39,39
servier,0,39,39
triphenylphosphine,0,39,39
afroalpine,0,39,39
konzentrationen,0,39,39
casper,38,0,38
osteophyte,38,0,38
stig,38,0,38
p62/sqstm1,38,0,38
hole,38,0,38
irg,38,0,38
proteoglycans,38,0,38
pulsus,38,0,38
noggin,38,0,38
aril,38,0,38
beta-1a,38,0,38
morifolium,38,0,38
ul1,38,0,38
potassiumferrocyanide,38,0,38
arsenictrioxide,38,0,38
ns2,38,0,38
tg01,38,0,38
rhace2,38,0,38
dc-signr,38,0,38
1852,38,0,38
paul,38,0,38
calciumhydroxide,38,0,38
radixastragali,38,0,38
egf,38,0,38
egfr-tkis,38,0,38
boomer,38,0,38
coffee,38,0,38
margarine,38,0,38
didemninb,38,0,38
mir-152,38,0,38
bti,38,0,38
chifn-α,38,0,38
mir-221,38,0,38
probes,38,0,38
nimbin,38,0,38
varicocele,38,0,38
prebiotic,38,0,38
la,38,0,38
beet,38,0,38
muskrat,38,0,38
caprylate,38,0,38
dz,38,0,38
pyrimethamin,38,0,38
murabutide,38,0,38
tatum,38,0,38
daprodustat,38,0,38
usp30,38,0,38
mimopro,38,0,38
kbp,38,0,38
leiurus,38,0,38
bicyclol,38,0,38
obtusifolia,38,0,38
pegifn‐α,38,0,38
r-vk4,38,0,38
-tocopherol,38,0,38
.zinc,38,0,38
peg-ifn-a,38,0,38
viscusi,37,1,38
endothelin,37,1,38
tyrphostin,37,1,38
drebin,34,4,38
fluoxetin,33,5,38
fosmidomycin,32,6,38
dimethylnitrosamine,32,6,38
trimethylamine,32,6,38
glucoside,32,6,38
lactam,31,7,38
imidapril,31,7,38
narcissoside,29,9,38
osthole,28,10,38
ajmaline,27,11,38
ethylamine,27,11,38
t10b9,26,12,38
povidone‐iodine,21,17,38
serglycin,21,17,38
nemolizumab,19,19,38
bamiphylline,19,19,38
capravirine,19,19,38
osteltamivir,19,19,38
amphimedine,18,20,38
vaniprevir,17,21,38
nobiletin,16,22,38
galanthine,16,22,38
oxone,11,27,38
anisole,10,28,38
inactine,3,35,38
suilysin,2,36,38
diubiquitin,1,37,38
alkaline,1,37,38
aerocrine,0,38,38
guanidine hydrochloride,0,38,38
maspin,0,38,38
roundstone,0,38,38
bont,37,0,37
hydronium,37,0,37
finsen,37,0,37
kunitz,37,0,37
coca,37,0,37
einstein,37,0,37
ropalidia,37,0,37
vp1,37,0,37
lopinavir/litonavir,37,0,37
myristoylated,37,0,37
793b,37,0,37
gst,37,0,37
anthracene,37,0,37
twinrix,37,0,37
shigella,37,0,37
cupressus,37,0,37
codonopsis,37,0,37
toxoidvaccine,37,0,37
cranberryjuice,37,0,37
maxim,37,0,37
phenylhydrazine,37,0,37
colchicines,37,0,37
il-7,37,0,37
labas,37,0,37
guanidine-hcl,37,0,37
g.lucidum,37,0,37
anti-pneumococcal,37,0,37
alphavirus,37,0,37
a.japonica,37,0,37
ripk3,37,0,37
dpp4i,37,0,37
procyanidins,37,0,37
zincchloride,37,0,37
ethylether,37,0,37
adsl,37,0,37
amoxicillin-clavulanicacid,37,0,37
optica,37,0,37
oxysporum,37,0,37
a438079,37,0,37
medawar,37,0,37
hbv-dna,37,0,37
psoriasis,37,0,37
cyclin,37,0,37
spla2-iif,37,0,37
antacid,37,0,37
kamferol,37,0,37
cva16,37,0,37
1850,37,0,37
mycograb,37,0,37
xylan,37,0,37
salicylicacid,37,0,37
pehaplo,37,0,37
amylopectin,37,0,37
5hp,37,0,37
guidewire,37,0,37
furoxan,37,0,37
coxsackievirusb1,37,0,37
cbz,37,0,37
col-3,37,0,37
curaçao,37,0,37
mobilenet-v2,37,0,37
astragaliradix,37,0,37
gbv-ce2,37,0,37
anti-oxidants,37,0,37
vitamines,37,0,37
dioxins,37,0,37
st-148,37,0,37
benin,37,0,37
cbp1s,37,0,37
benzoselenoxanthene,37,0,37
lp-1s,37,0,37
amicus,37,0,37
ms-sod,37,0,37
dhpg,37,0,37
instagraal,37,0,37
mife/miso,37,0,37
evolocumab,36,1,37
exophiala,36,1,37
guanfacine,35,2,37
thioester,32,5,37
ilaprazole,31,6,37
dagestan,29,8,37
mepyramine,29,8,37
platycodonis,28,9,37
melastatin,28,9,37
progerin,28,9,37
tasosartan,26,11,37
antipneumolysin,26,11,37
cefipime,25,12,37
ertan,25,12,37
thiocholine,24,13,37
motrilin,24,13,37
herbimycin,23,14,37
fluroquinolone,23,14,37
cephamycin,22,15,37
calmidazolium,21,16,37
oxycontin,20,17,37
ptaquiloside,20,17,37
s]cysteine,20,17,37
sisomicin,19,18,37
galcanezumab,19,18,37
lomotil,19,18,37
crotamine,19,18,37
bamifylline,19,18,37
tivantinib,18,19,37
clorgyline,18,19,37
endosulfan,18,19,37
australine,18,19,37
rabacfosadine,17,20,37
phenazone,16,21,37
ornipressin,16,21,37
tocol,15,22,37
phytoestrogens,14,23,37
midkine,13,24,37
tildipirosin,10,27,37
photofrin,8,29,37
ferroportin,7,30,37
salicin,6,31,37
tetramethylrhodamine,5,32,37
passerine,4,33,37
theobromine,3,34,37
pseudohypericin,2,35,37
heterochromatin,2,35,37
phospholamban,1,36,37
lekone,1,36,37
intrathecal,0,37,37
aglycoristocetin,0,37,37
twentyone,0,37,37
yeltsin,0,37,37
subzone,0,37,37
x_xxy_yyz,0,37,37
midzone,0,37,37
anopheline,0,37,37
decahydroisoquinoline,0,37,37
1812,36,0,36
eth,36,0,36
pt-cy,36,0,36
dic,36,0,36
cysteinylleukotrienes,36,0,36
deepwater,36,0,36
alexnet,36,0,36
sweetener,36,0,36
julius,36,0,36
cpue5,36,0,36
l-epinephrine,36,0,36
mask,36,0,36
bpl,36,0,36
trap,36,0,36
saddam,36,0,36
pegasus,36,0,36
credit,36,0,36
foxo3a,36,0,36
citri,36,0,36
usp8,36,0,36
lipoxina4,36,0,36
lactobacillusvaccine,36,0,36
cefotiam,36,0,36
hib[crude,36,0,36
apiospermum,36,0,36
bair,36,0,36
nigella,36,0,36
kortikosteroiden,36,0,36
staphylococcus,36,0,36
ucr,36,0,36
mir-208,36,0,36
ara-a,36,0,36
integrase,36,0,36
atelocollagen,36,0,36
hydrastis,36,0,36
sodium/potassium,36,0,36
asparagines,36,0,36
preoxygenation,36,0,36
npm-9,36,0,36
fumonisinb1,36,0,36
salmeterol/fluticasone,36,0,36
calmette,36,0,36
orf10,36,0,36
das,36,0,36
cir,36,0,36
sodiumsulfate,36,0,36
larvicide,36,0,36
rs3367,36,0,36
apc,36,0,36
colchicum,36,0,36
glutamin,36,0,36
smil,36,0,36
etb,36,0,36
pinus,36,0,36
neemoil,36,0,36
erdogan,36,0,36
oro,36,0,36
d-cycloserine,36,0,36
chlorinedioxide,36,0,36
interferon-alfa,36,0,36
beriplex,36,0,36
alkaloids,36,0,36
ptb,36,0,36
nitromethane,36,0,36
dacin,36,0,36
dom,36,0,36
anti-tubulin,36,0,36
dpt,36,0,36
quine,36,0,36
pcn,36,0,36
hpl,36,0,36
hedge,36,0,36
rheumemodin,36,0,36
oseltamivir-zanamivir,36,0,36
honey,36,0,36
zytostatika,36,0,36
iod,36,0,36
oxygen-ozone,36,0,36
thalidomid,36,0,36
erl,36,0,36
rida,36,0,36
vesta,36,0,36
spmm,36,0,36
alfacon1,36,0,36
peg-ifn/rbv,36,0,36
bcpap,36,0,36
uorescein,36,0,36
ifnk,36,0,36
bertweet,36,0,36
ceftazidima,35,1,36
trimenon,35,1,36
pyrene,34,2,36
resiniferatoxin,34,2,36
menadione,34,2,36
eliglustat,33,3,36
nitroxoline,32,4,36
flolan,32,4,36
.favipiravir,29,7,36
isoflavone,27,9,36
pevonedistat,24,12,36
protoberberine,23,13,36
colchicin,22,14,36
reviparin,22,14,36
bactroban,20,16,36
showdomycin,18,18,36
lisofylline,18,18,36
sartan,18,18,36
calcimycin,18,18,36
albiglutide,17,19,36
bepotastine,16,20,36
cerivastatin,16,20,36
evodiamine,16,20,36
blebbistatin,15,21,36
neuramide,15,21,36
azaperone,14,22,36
namilumab,14,22,36
triamterene,13,23,36
wogonoside,10,26,36
rosmanol,10,26,36
chlordiazepoxide,10,26,36
vistide,9,27,36
retrovir,7,29,36
herzrhythmus,1,35,36
lelystad,0,36,36
thiazoline,0,36,36
phadiatop,0,36,36
il-1r1,0,36,36
flöhe,0,36,36
gancaonin,0,36,36
avenacin,0,36,36
gehemmt,0,36,36
xr,0,36,36
4-hydroxytamoxifen,35,0,35
vaporizer,35,0,35
rinovirus,35,0,35
felix,35,0,35
goldmann,35,0,35
as1411,35,0,35
cobra,35,0,35
methanolic,35,0,35
adrenoceptor,35,0,35
dichroic,35,0,35
spermicide,35,0,35
forsythiae,35,0,35
masson,35,0,35
navoximod,35,0,35
sp-c,35,0,35
carbamidomethyl,35,0,35
salvarsan,35,0,35
hpv-31,35,0,35
4-aminoquinolines,35,0,35
bernanke,35,0,35
trachoma,35,0,35
vsl#3,35,0,35
dx600,35,0,35
hsp,35,0,35
sofosbuvir/ledipasvir,35,0,35
lps,35,0,35
schisandra,35,0,35
pyrethrins,35,0,35
cnis,35,0,35
ifitm1,35,0,35
amino-acids,35,0,35
mir-503,35,0,35
l.chinensis,35,0,35
squalene,35,0,35
drei,35,0,35
peroxygen,35,0,35
oleander,35,0,35
hsp70,35,0,35
tmr,35,0,35
grim,35,0,35
35s-methionine,35,0,35
p-nitroaniline,35,0,35
wyeth,35,0,35
rpob,35,0,35
vitamin-k,35,0,35
mir122,35,0,35
golodirsen,35,0,35
aminoacrylate,35,0,35
oxacillinase,35,0,35
tinidazol,35,0,35
theophyllines,35,0,35
cafd,35,0,35
ifrc,35,0,35
antiemetika,35,0,35
phlorofucofuroeckol,35,0,35
his-rkaa-1,35,0,35
pauline,35,0,35
efda,35,0,35
officinalis,35,0,35
r-cystatin,35,0,35
mj-47,35,0,35
angel,35,0,35
apo,35,0,35
bisphenols,35,0,35
mxgst,35,0,35
reinit,35,0,35
gena,35,0,35
ifn-a2a,35,0,35
mdac,35,0,35
bup-sl,35,0,35
pyoverdine,34,1,35
ribocil,34,1,35
nitrosourea,31,4,35
cytarabin,30,5,35
isavuconazonium,30,5,35
loxapine,29,6,35
diamine,28,7,35
immucillin,28,7,35
polymyxine,28,7,35
luminespib,28,7,35
taxifolin,26,9,35
desethylamodiaquine,22,13,35
levomepromazine,21,14,35
reutericyclin,21,14,35
dilantin,20,15,35
meglitinide,20,15,35
ravuconazole,20,15,35
chromomycin,19,16,35
elvucitabine,19,16,35
plitidepsin,17,18,35
abidole,17,18,35
laurencin,17,18,35
rotigotine,17,18,35
zymoxin,16,19,35
podocalyxin,16,19,35
chlormethine,16,19,35
tiotidine,15,20,35
dormicum,15,20,35
aminoglutethimide,15,20,35
mivir,15,20,35
dauricine,12,23,35
betacellulin,10,25,35
tazettine,9,26,35
psychosine,9,26,35
pseudoproline,8,27,35
vallone,8,27,35
lactide,8,27,35
provenge,5,30,35
thiolactone,4,31,35
pseudolycorine,2,33,35
neobavaisoflavone,2,33,35
dihydrogen,1,34,35
tetraethylammonium,1,34,35
th1-,0,35,35
glykoproteine,0,35,35
tenofovir alafenamide,0,35,35
mitofusin,0,35,35
ammonium hydroxide,0,35,35
alcelaphine,0,35,35
milligrams,0,35,35
bhasin,0,35,35
ateminsuffizienz,0,35,35
phlebotomus,0,35,35
bilirubine,0,35,35
rilevazione,0,35,35
na-deoxycholate,34,0,34
noxa,34,0,34
galanthus,34,0,34
crystalloid,34,0,34
mir-181c,34,0,34
itr,34,0,34
tide,34,0,34
multilateral,34,0,34
antileukotriene,34,0,34
dubos,34,0,34
tp5,34,0,34
cholesterol-conjugated,34,0,34
gw409544,34,0,34
imodium,34,0,34
brcc36,34,0,34
kava,34,0,34
actinomycin-d,34,0,34
rhazes,34,0,34
anti-fog,34,0,34
oxymetry,34,0,34
icss,34,0,34
acid-schiff,34,0,34
mir-208-3p,34,0,34
chlorines,34,0,34
graphite,34,0,34
ferrocene,34,0,34
lithotripsy,34,0,34
thiocolchicoside,34,0,34
sansone,34,0,34
glitazones,34,0,34
necator,34,0,34
ecr,34,0,34
mazf,34,0,34
cheese,34,0,34
plasmapheresis,34,0,34
fetuin,34,0,34
buhalis,34,0,34
glucan,34,0,34
paa,34,0,34
ciclosporina,34,0,34
rifampicina,34,0,34
hypertension,34,0,34
mycophenolate-mofetil,34,0,34
sulfas,34,0,34
ffp3,34,0,34
streptomyces,34,0,34
bez235,34,0,34
vgg19,34,0,34
metallothionein,34,0,34
β-interferon,34,0,34
oregonin,34,0,34
bisphosphonate,34,0,34
rvd2,34,0,34
β-strand,34,0,34
q-nash,34,0,34
bass,34,0,34
b19,34,0,34
i3c,34,0,34
sodiumcholate,34,0,34
px-uv,34,0,34
mir‐30,34,0,34
ifn-α-2a,34,0,34
beam,34,0,34
diphenoxylate,34,0,34
pl3,34,0,34
tartar,34,0,34
coils,34,0,34
citral,34,0,34
bmp,34,0,34
lenin,34,0,34
cinnamonbark,34,0,34
artralgias,34,0,34
trypanocidal,34,0,34
hgps,34,0,34
leontief,34,0,34
tl1,34,0,34
nebulizers,34,0,34
nutlin-3a,34,0,34
merlin,34,0,34
fxiii,34,0,34
ippa17-a04,34,0,34
ov-asp-1,34,0,34
samii,34,0,34
gs-9620,34,0,34
hypoxoside,34,0,34
debio-025,34,0,34
darapladib,34,0,34
kgm,34,0,34
tui,34,0,34
metaldehyde,34,0,34
vbcl-2s,34,0,34
dmk,34,0,34
izn,34,0,34
p.cuspidatum,34,0,34
ha14,34,0,34
zilver,34,0,34
rca,34,0,34
tulobuterol,33,1,34
streptogramin,32,2,34
delirium,32,2,34
monotherapy,32,2,34
menopause,32,2,34
gallinamide,32,2,34
diadenosine,30,4,34
filipin,30,4,34
epratuzumab,30,4,34
acetylthiocholine,28,6,34
flucytosin,28,6,34
pparγ,25,9,34
thiouracil,25,9,34
maculatin,24,10,34
oxyhemoglobin,22,12,34
rocephin,20,14,34
curcumine,19,15,34
ciglitazone,19,15,34
troxacitabine,19,15,34
cephalotin,18,16,34
cefmetazole,18,16,34
chalcone,18,16,34
adrenocorticotropin,18,16,34
gadopiclenol,18,16,34
oxamniquine,17,17,34
lacticin,17,17,34
thorazine,17,17,34
chrysosplenetin,17,17,34
azithomycin,17,17,34
orcinol,16,18,34
glabrolide,15,19,34
kitasamycin,12,22,34
acetylcarnitine,8,26,34
tetrahydropalmatine,6,28,34
sutimlimab,6,28,34
questiomycin,6,28,34
phosducin,1,33,34
fehlbildungsrisiko,0,34,34
oligodeoxyribonucleotide,0,34,34
tégéline,0,34,34
pliny,0,34,34
affine,0,34,34
flunixin meglumine,0,34,34
fractalkine,0,34,34
gendicine,0,34,34
bipyridine,0,34,34
obacunone,0,34,34
l'héparine,0,34,34
zienz,0,34,34
regione,0,34,34
sdd,33,0,33
walzer,33,0,33
remifentanyl,33,0,33
zincoxide,33,0,33
cholesky,33,0,33
jewish,33,0,33
sodiumbutyrate,33,0,33
trichloride,33,0,33
il18,33,0,33
brefeldin,33,0,33
coxsackievirusb5,33,0,33
zagreb,33,0,33
picaridin,33,0,33
che-fc,33,0,33
α-2a,33,0,33
pentosus,33,0,33
fridericia,33,0,33
hibiscus,33,0,33
venacava,33,0,33
pralatrexate,33,0,33
rilapladib,33,0,33
isofluran,33,0,33
polyimide,33,0,33
plumbagin,33,0,33
b.pilosa,33,0,33
eaaak,33,0,33
peggy,33,0,33
nava,33,0,33
2apro,33,0,33
organochlorines,33,0,33
deoxygenated,33,0,33
8-oxoguanine,33,0,33
metabolite,33,0,33
bifidobacteriumbifidum,33,0,33
rep,33,0,33
nutlins,33,0,33
toonasinensis,33,0,33
gln,33,0,33
catarrhalis,33,0,33
asinine,33,0,33
kardia,33,0,33
venezuela,33,0,33
cisplatin-based,33,0,33
fviia,33,0,33
linus,33,0,33
sortilin,33,0,33
sufentanil-midazolam,33,0,33
ford,33,0,33
pcv3a,33,0,33
atrioventricular,33,0,33
plecotus,33,0,33
hcq+az,33,0,33
d-luciferin,33,0,33
g30,33,0,33
boom,33,0,33
virilio,33,0,33
bevirimat,33,0,33
azd8055,33,0,33
ire,33,0,33
ibp,33,0,33
hbv/a,33,0,33
bifidum,33,0,33
mir-181,33,0,33
ave0991,33,0,33
kleene,33,0,33
antagomir,33,0,33
lola,33,0,33
ipom,33,0,33
deseri,33,0,33
epimedium,33,0,33
node2vec,33,0,33
epinephrin,33,0,33
fan,33,0,33
e5564,33,0,33
leviticus,33,0,33
ezh2,33,0,33
bmkdfsin4,33,0,33
pentagalloylglucose,33,0,33
chlor,33,0,33
l-thyroxine,33,0,33
polygonumcuspidatum,33,0,33
prdx2,33,0,33
sulphamides,33,0,33
sul,33,0,33
r.australe,33,0,33
o.sinensis,33,0,33
arcoscalpellum,33,0,33
lavenia,33,0,33
sb-tree,33,0,33
usp7/hausp,33,0,33
mesenteroides,33,0,33
oblimersen,33,0,33
ssnb,33,0,33
rhprg4,33,0,33
genasm-tb,33,0,33
.melatonin,33,0,33
ngr-endostatin,33,0,33
mir-127-5p,33,0,33
r€,33,0,33
prosaposin,32,1,33
1-propanol,31,2,33
grl-0617,30,3,33
migalastat,29,4,33
colfosceril,29,4,33
coptisine,29,4,33
trimethoprim‐sulfamethoxazole,28,5,33
choleratoxin,27,6,33
indigoidine,25,8,33
mibefradil,22,11,33
aureomycin,21,12,33
feneticilline,21,12,33
pavilizumab,20,13,33
cephradine,19,14,33
tetrabenazine,19,14,33
ingavirin,19,14,33
carminomycin,18,15,33
cephaloridine,18,15,33
temozolamide,17,16,33
vancomicin,17,16,33
loratidine,16,17,33
methyltestosterone,15,18,33
doravirine,15,18,33
acrivastine,15,18,33
sulphonylurea,12,21,33
midecamycin,12,21,33
deoxyguanosine,11,22,33
nephrin,11,22,33
toosendanin,11,22,33
transthyretin,10,23,33
toddacoumaquinone,10,23,33
oxysophoridine,6,27,33
tributylamine,4,29,33
pseudopterosin,4,29,33
trenbolone,3,30,33
tetrapeptide,1,32,33
proopiomelanocortin,1,32,33
gefen,0,33,33
kline,0,33,33
epoxyketone,0,33,33
paracrystalline,0,33,33
febril,0,33,33
uroliths,0,33,33
insecticides,32,0,32
antisense,32,0,32
tretinoin,32,0,32
gp41,32,0,32
urolith,32,0,32
measles-mumps-rubella,32,0,32
etico,32,0,32
paracelsus,32,0,32
acrylic,32,0,32
salicylanilide,32,0,32
rita,32,0,32
cpg-dna,32,0,32
paag,32,0,32
sabinvaccine,32,0,32
fic5.9,32,0,32
artesunato,32,0,32
cellulase,32,0,32
γ-tocopherol,32,0,32
lonicerajaponicathunb,32,0,32
miconazol,32,0,32
chamomiletea,32,0,32
carbohydrate,32,0,32
glacial,32,0,32
hepb,32,0,32
adeno-,32,0,32
sirna1,32,0,32
boron,32,0,32
amantadine/rimantadine,32,0,32
pro-drug,32,0,32
s31n,32,0,32
psych,32,0,32
sarin,32,0,32
salix,32,0,32
orf4,32,0,32
asset,32,0,32
gingerol,32,0,32
ashwagandha,32,0,32
palmetto,32,0,32
calendula,32,0,32
petrolatum,32,0,32
mevinolin,32,0,32
ester,32,0,32
mdr-tb,32,0,32
caspo,32,0,32
metallic,32,0,32
doppler,32,0,32
oticus,32,0,32
rabenau,32,0,32
vera,32,0,32
orf8a,32,0,32
mg/ritonavir,32,0,32
itcz,32,0,32
interleukin-2,32,0,32
cardiomems,32,0,32
hip,32,0,32
neogen,32,0,32
denvns1,32,0,32
cebu,32,0,32
f.betulina,32,0,32
harvoni,32,0,32
chcp,32,0,32
btz,32,0,32
jia,32,0,32
cichoricacid,32,0,32
optineurin,32,0,32
cowden,32,0,32
ethylbenzene,32,0,32
mydriatics,32,0,32
cl-amidine,32,0,32
hans,32,0,32
mdl-1,32,0,32
lithiumacetate,32,0,32
moxibustion,32,0,32
cvt-e002,32,0,32
cyclosporin-a,32,0,32
alpelisib,32,0,32
mir-30,32,0,32
deracoxib,32,0,32
25-hydroxyvitamind3,32,0,32
char,32,0,32
rfeifn,32,0,32
catheter,32,0,32
dollar,32,0,32
mk-0608,32,0,32
aruba,32,0,32
wil,32,0,32
l.hypoglauca,32,0,32
goitrin,32,0,32
sertralin,32,0,32
gliptin,32,0,32
atovaquon/proguanil,32,0,32
sambucusformosananakai,32,0,32
qlk2,32,0,32
indacaterol,32,0,32
akrabou,32,0,32
avatrombopag,32,0,32
eldarica,32,0,32
cum,32,0,32
hpnpp,32,0,32
cg-101,32,0,32
dex2,32,0,32
trichuris,31,1,32
metaraminol,31,1,32
timosaponin,28,4,32
methocarbamol,28,4,32
pyridoxamine,27,5,32
colesevelam,27,5,32
diloxanide,27,5,32
mycophenolatmofetil,27,5,32
eribulin,26,6,32
desmosine,25,7,32
streptomycine,24,8,32
bapineuzumab,23,9,32
ferrozine,23,9,32
uorine,23,9,32
febuxostat,22,10,32
isradipine,21,11,32
febantel,21,11,32
sulpiride,21,11,32
selenocystine,20,12,32
gallamine,20,12,32
lamuvidine,19,13,32
triptan,19,13,32
ridostin,18,14,32
thiafentanil,18,14,32
iodixanol,18,14,32
cefoxitine,18,14,32
tociluzimab,17,15,32
vedroprevir,17,15,32
ulifloxacin,17,15,32
ridaforolimus,16,16,32
amphomycin,16,16,32
laquinimod,16,16,32
germacone,16,16,32
clarythromycin,16,16,32
diamyd,16,16,32
pradimicin,16,16,32
lintuzumab,16,16,32
begelomab,16,16,32
daptornycin,16,16,32
banoxantrone,15,17,32
diflucan,14,18,32
cinnarizine,14,18,32
enasidenib,13,19,32
paxil,12,20,32
cyproterone,12,20,32
tetrachloroethylene,12,20,32
azythromicin,12,20,32
cryptopleurine,10,22,32
inhibin,10,22,32
chlorophenol,8,24,32
entresto,6,26,32
papyriflavonol,6,26,32
fassin,6,26,32
neuromelanin,5,27,32
vanillinbananin,3,29,32
glycyrin,2,30,32
resnetv2,2,30,32
exotoxine,1,31,32
cochaperone,0,32,32
trientine,0,32,32
polypyrrole,0,32,32
cyclopentyl,0,32,32
prohormone,0,32,32
sialomucin,0,32,32
polydioxanone,0,32,32
veränderungen,0,32,32
contin,0,32,32
creatinin,0,32,32
sacituzumab govitecan,0,32,32
kanni,0,32,32
fariss,0,32,32
basil,31,0,31
coomassie,31,0,31
herpessimplex,31,0,31
iv,31,0,31
comitato,31,0,31
myfortic,31,0,31
satin,31,0,31
dgc,31,0,31
1847,31,0,31
d-biotin,31,0,31
s1p1,31,0,31
proglucagon,31,0,31
ganciclovir/valganciclovir,31,0,31
gini,31,0,31
repellant,31,0,31
myrtol,31,0,31
s.miltiorrhiza,31,0,31
dmsa,31,0,31
measles,31,0,31
schisandrae,31,0,31
tourism,31,0,31
acam2000,31,0,31
balneotherapy,31,0,31
nitrosamines,31,0,31
anti-ctla4,31,0,31
saa,31,0,31
anästhesie,31,0,31
interferon-α2a,31,0,31
motif,31,0,31
colcemid,31,0,31
monoub,31,0,31
gsno,31,0,31
antimonials,31,0,31
ataxin-3,31,0,31
antibiotic-antimycotic,31,0,31
opioiden,31,0,31
dabk,31,0,31
bromovirus,31,0,31
mobilenetv2,31,0,31
diazirine,31,0,31
clovis,31,0,31
enterovirusa71,31,0,31
hcq/chloroquine,31,0,31
login,31,0,31
artemether/lumefantrine,31,0,31
penicillata,31,0,31
pdl,31,0,31
thoracoscope,31,0,31
cypd,31,0,31
fcγriiia,31,0,31
remdesivir-tp,31,0,31
cervicornis,31,0,31
trichosanthin,31,0,31
sarcophilus,31,0,31
5-asa,31,0,31
fld,31,0,31
anti-diphtheria,31,0,31
amotosalen,31,0,31
antipyretics,31,0,31
apv,31,0,31
adenoidectomy,31,0,31
blattella,31,0,31
plastome,31,0,31
adipogen,31,0,31
theo,31,0,31
aconitinealkaloids,31,0,31
sympathomimetic,31,0,31
cryoprotectant,31,0,31
carboplatin/paclitaxel,31,0,31
rrp,31,0,31
carrageenans,31,0,31
cytochalasin-d,31,0,31
rsvig,31,0,31
mlo,31,0,31
hepadnavirus,31,0,31
4-aminoantipyrine,31,0,31
ticarcillin/clavulanate,31,0,31
tanreqing,31,0,31
difenacoum,31,0,31
benzethonium,31,0,31
flap,31,0,31
vasodilators,31,0,31
hemoperfusion,31,0,31
i.indigotica,31,0,31
cyanidin-3-glucoside,31,0,31
herpeszoster,31,0,31
ssg,31,0,31
db,31,0,31
antiseptik,31,0,31
acdase,31,0,31
amitriptylin,31,0,31
cia,31,0,31
citrin,31,0,31
orf52,31,0,31
cecropioides,31,0,31
lopinavir/r-cart,31,0,31
psi-7851,31,0,31
p-pd,31,0,31
safam,31,0,31
pegifna,31,0,31
ecj,31,0,31
nutr,31,0,31
5-helix,31,0,31
ghx,31,0,31
atosiban,31,0,31
pt-1,31,0,31
phytosterol,30,1,31
sulfurhexafluoride,30,1,31
enisamium,30,1,31
antoine,29,2,31
chloroacetamide,28,3,31
farnesol,27,4,31
patatin,27,4,31
polycystin,25,6,31
diamidine,24,7,31
datin,24,7,31
helenalin,24,7,31
daphnetin,23,8,31
agmatine,21,10,31
jaspamide,21,10,31
heliomycin,21,10,31
methyllycaconitine,19,12,31
triazavirin,19,12,31
thiamphenicol,17,14,31
trofosfamide,17,14,31
bizelesin,17,14,31
cediranib,17,14,31
erytromycin,17,14,31
betalactam,17,14,31
hexamethylmelamine,16,15,31
tepotinib,16,15,31
rifamycine,16,15,31
lexatumumab,16,15,31
arbekacin,13,18,31
reninangiotensin,13,18,31
danirixin,13,18,31
oxetanocin,11,20,31
zovirax,10,21,31
marchantin,9,22,31
homolycorine,8,23,31
metacholine,8,23,31
vejovine,7,24,31
fabrinet,7,24,31
methylglyoxal,6,25,31
osteopontin,4,27,31
l'azithromycine,4,27,31
deoxythymidine,3,28,31
galactan,3,28,31
carbolfuchsin,1,30,31
payne,0,31,31
beseitigen,0,31,31
coccobacilli,0,31,31
painkiller,0,31,31
autismus,0,31,31
dms273,0,31,31
globotriaosylceramide,0,31,31
paoline,0,31,31
adesione,0,31,31
disidratazione,0,31,31
shuang,30,0,30
antifoam,30,0,30
a.paniculata,30,0,30
dentin,30,0,30
amphoterin,30,0,30
kuwanon,30,0,30
a.asiatica,30,0,30
hsr,30,0,30
venae,30,0,30
sulfonated,30,0,30
tsa,30,0,30
tiletamine-zolazepam,30,0,30
ngr‐endostatin,30,0,30
ocimum,30,0,30
gretathunberg,30,0,30
lipitor,30,0,30
rp11,30,0,30
rhil-2,30,0,30
anti-mirs,30,0,30
rifamycins,30,0,30
sam,30,0,30
793/b,30,0,30
hydrogels,30,0,30
martinus,30,0,30
ammoniumformate,30,0,30
hvd,30,0,30
herbal,30,0,30
folinicacid,30,0,30
intra-arterial,30,0,30
typhus,30,0,30
herb-drug,30,0,30
rs,30,0,30
mir-122-5p,30,0,30
arginine-vasopressin,30,0,30
benzethoniumchloride,30,0,30
podophyllin,30,0,30
vcap,30,0,30
boswellia,30,0,30
bacopa,30,0,30
psyllium,30,0,30
parvoscincus,30,0,30
poliovaccine,30,0,30
piot,30,0,30
antibiotics,30,0,30
favipiravir-tp,30,0,30
ribavirin-tp,30,0,30
glucoprotamin,30,0,30
haar,30,0,30
cetin,30,0,30
nye,30,0,30
albert,30,0,30
apoa-i,30,0,30
glucose-syrup,30,0,30
peg-ifn-α2a,30,0,30
bupivacain,30,0,30
ornithonyssus,30,0,30
viracept,30,0,30
pyrin,30,0,30
atl313,30,0,30
angelicae,30,0,30
kakkonto,30,0,30
mev,30,0,30
apa,30,0,30
scopus,30,0,30
glucuronide,30,0,30
parabutoporin,30,0,30
betablocker,30,0,30
shengmai,30,0,30
ang-ii,30,0,30
leishmune,30,0,30
anti-puromycin,30,0,30
iu1,30,0,30
varespladib,30,0,30
mei,30,0,30
resnext,30,0,30
iub,30,0,30
anti-mir-122,30,0,30
stigma,30,0,30
cruciferae,30,0,30
stachyflin,30,0,30
hsv-2,30,0,30
sulphonylureas,30,0,30
sweetened,30,0,30
salvador,30,0,30
land,30,0,30
onpattro,30,0,30
peg-ifn-alpha,30,0,30
diet,30,0,30
ery,30,0,30
wasabi,30,0,30
chlorate,30,0,30
presidency,30,0,30
pgf,30,0,30
artesunat,30,0,30
licoricidin,30,0,30
phloridzin,30,0,30
hypochlorites,30,0,30
trimethoprim/sulphamethoxazole,30,0,30
icz,30,0,30
apolactoferrin,30,0,30
ringe,30,0,30
4e2rcat,30,0,30
antiplasmin,30,0,30
antiprogestins,30,0,30
scfp,30,0,30
rfeifnω,30,0,30
dietary,30,0,30
mir-10b,30,0,30
abyss,30,0,30
cyril,30,0,30
mirtron,30,0,30
nepovirus,30,0,30
grsb,30,0,30
nadine,30,0,30
eglin,30,0,30
albidum,30,0,30
fgi-106,30,0,30
rda,30,0,30
ce3f4r,30,0,30
hpv35,30,0,30
γ-pga,30,0,30
vitc,30,0,30
mir-142-5p,30,0,30
lact,30,0,30
voxelotor,30,0,30
faucon,30,0,30
salinosporamide,30,0,30
mefloquin,30,0,30
metalloids,30,0,30
pcz,30,0,30
haplosct,30,0,30
peperomia,30,0,30
"progoitrin,epigoitrin",30,0,30
alpha-1antitrypsin,30,0,30
rhifn-λ1,30,0,30
peipro,30,0,30
eugenin,29,1,30
spartan,28,2,30
peloruside,28,2,30
symphogen,25,5,30
dicysteine,25,5,30
venlafaxin,24,6,30
amustaline,23,7,30
dexametasone,22,8,30
rufinamide,22,8,30
diisopropylamine,20,10,30
blasticidine,20,10,30
guanine,19,11,30
neamine,19,11,30
capitanio,18,12,30
carbetocin,18,12,30
diethylnitrosamine,17,13,30
methylthioadenosine,17,13,30
siplizumab,15,15,30
methdilazine,15,15,30
celyvir,15,15,30
sovaprevir,15,15,30
ganomycin,15,15,30
lucigenin,15,15,30
sisunatovir,15,15,30
pradefovir,15,15,30
emedastine,14,16,30
samatasvir,14,16,30
oleandomycin,13,17,30
mecamylamine,12,18,30
albumine,12,18,30
platensimycin,11,19,30
chlorotoxin,10,20,30
thatin,10,20,30
roquefortine,9,21,30
prostratin,9,21,30
lycorenine,8,22,30
butylamine,7,23,30
tabalumab,6,24,30
stevioside,6,24,30
wedelolactone,6,24,30
mannosamine,5,25,30
protopanaxadiol,4,26,30
sulphametoxazole,3,27,30
tocotrienol,2,28,30
larginine,2,28,30
iodothyronine,1,29,30
oncol,1,29,30
buchmeier,0,30,30
bax326,0,30,30
médecine,0,30,30
overwegen,0,30,30
milone,0,30,30
potassium iodide,0,30,30
reticuline,0,30,30
subclone,0,30,30
regressione,0,30,30
vitriol,29,0,29
cerium,29,0,29
papaya,29,0,29
streptomycin/penicillin,29,0,29
pedroni,29,0,29
d-dimer,29,0,29
doping,29,0,29
capnograph,29,0,29
skn,29,0,29
hs29,29,0,29
linde,29,0,29
poliovirusvaccine,29,0,29
nsp8,29,0,29
burroughs,29,0,29
bacilluscalmette-guérin,29,0,29
sophoraflavescens,29,0,29
4-nitrophenol,29,0,29
ziv,29,0,29
tylophora,29,0,29
vivir,29,0,29
us2,29,0,29
sbf,29,0,29
veber,29,0,29
skullcap,29,0,29
bob,29,0,29
brendan,29,0,29
hpx,29,0,29
benzo[a]pyrene,29,0,29
dextransulfate,29,0,29
bacillecalmette-guérin,29,0,29
β-lactamase,29,0,29
salin,29,0,29
pneumokokken,29,0,29
sulfadoxine/pyrimethamine,29,0,29
ornithobacterium,29,0,29
herg,29,0,29
androctonus,29,0,29
ubenimex,29,0,29
stamaril,29,0,29
isg15-amc,29,0,29
u-isgf3,29,0,29
osteoclast,29,0,29
palmitoylated,29,0,29
elbasvir/grazoprevir,29,0,29
vitaminb9,29,0,29
qbdt,29,0,29
oleracea,29,0,29
clavulatum,29,0,29
pneumococcalpolysaccharidevaccine,29,0,29
anti-fungal,29,0,29
preoxygenated,29,0,29
2′-modified,29,0,29
becn1,29,0,29
fucose,29,0,29
diazinon,29,0,29
cilexetil,29,0,29
hdp-cdv,29,0,29
osteoblasts,29,0,29
tpl,29,0,29
dextra,29,0,29
m-bert,29,0,29
pyrazinamid,29,0,29
pmb,29,0,29
resnet101,29,0,29
pak,29,0,29
pneumocystis,29,0,29
acropora,29,0,29
paho,29,0,29
picrosirius,29,0,29
candelaria,29,0,29
merril,29,0,29
c003,29,0,29
mers-5hb,29,0,29
eswt,29,0,29
thioglycosides,29,0,29
rb,29,0,29
myristylated,29,0,29
lipase,29,0,29
ragaglitazar,29,0,29
sulfamethoxazol,29,0,29
shain,29,0,29
myrcludex-b,29,0,29
mlk,29,0,29
indigofera,29,0,29
sqv,29,0,29
imipenem-relebactam,29,0,29
mitoxantron,29,0,29
socs3-sirna,29,0,29
muticum,29,0,29
sukumo,29,0,29
risperidon,29,0,29
peginterferon-ribavirin,29,0,29
kimchi,29,0,29
cicaprost,29,0,29
tanguticum,29,0,29
anemoside,29,0,29
chimmitecan,29,0,29
sinerem,29,0,29
rofl,29,0,29
angiopeptin,29,0,29
psycinfo,28,1,29
sulfadimidine,27,2,29
nitrofuran,27,2,29
carbapeneme,27,2,29
cystamine,26,3,29
glucoraphanin,26,3,29
sulfamerazine,25,4,29
cyclohexamide,25,4,29
nicastrin,25,4,29
filis,25,4,29
semaxanib,25,4,29
metformine,25,4,29
norwogonin,24,5,29
gluconolactone,23,6,29
monobactam,22,7,29
enzastaurin,22,7,29
nitroimidazole,20,9,29
tranylcypromine,19,10,29
bafetinib,19,10,29
cloperastine,19,10,29
prothymosin,18,11,29
fluorquinolone,18,11,29
echinomycin,18,11,29
bifonazole,17,12,29
oncorine,17,12,29
hydroxychlorquine,17,12,29
tolterodine,17,12,29
glucobrassicin,16,13,29
zeranol,16,13,29
lomitapide,16,13,29
astacin,15,14,29
trimethoprimsulphamethoxazole,15,14,29
savolitinib,15,14,29
pinometostat,14,15,29
conessine,14,15,29
omarigliptin,14,15,29
semustine,13,16,29
cohesin,13,16,29
leukoregulin,13,16,29
tubocurarine,12,17,29
mianserin,12,17,29
bengamide,12,17,29
norbelladine,10,19,29
amdoxovir,9,20,29
tomentin,8,21,29
ublituximab,7,22,29
eszopiclone,6,23,29
oxazolidine,6,23,29
tegretol,5,24,29
benzoylecgonine,5,24,29
oxazolone,5,24,29
fuchsin,5,24,29
lévofloxacine,2,27,29
brevifoliol,2,27,29
parathormone,1,28,29
ammonium bicarbonate,0,29,29
plasmaproteine,0,29,29
≥,0,29,29
schilddrüsenhormone,0,29,29
risiken,0,29,29
ghanem,0,29,29
coagulopathy,0,29,29
plasmepsin,0,29,29
finkenstädt,0,29,29
appendini,0,29,29
tatarstan,0,29,29
arbidol hydrochloride,0,29,29
polycaprolactone,0,29,29
gewichtsverlust,0,29,29
isorhodanine,0,29,29
thirtyone,0,29,29
l'implementazione,0,29,29
nglycan,0,29,29
k.,28,0,28
α-toxin,28,0,28
asbestos,28,0,28
cardioplegia,28,0,28
whatsapp,28,0,28
dexketoprofen,28,0,28
nicotinicacid,28,0,28
prostacyclins,28,0,28
gil,28,0,28
chonmaitree,28,0,28
mussel,28,0,28
chlorin,28,0,28
cytidines,28,0,28
pegaspargase,28,0,28
cacao,28,0,28
trypsin/edta,28,0,28
mir-34,28,0,28
tadw,28,0,28
deepak,28,0,28
ha-curcumin,28,0,28
croatia,28,0,28
fluroquinolones,28,0,28
trimethoprim-sulfonamides,28,0,28
n.sativa,28,0,28
bacille,28,0,28
giardia,28,0,28
ctla4,28,0,28
penicillin-,28,0,28
alvocidib,28,0,28
mosquirix,28,0,28
femoralis,28,0,28
sulfatedpolysaccharides,28,0,28
der,28,0,28
core,28,0,28
halopemide,28,0,28
belo,28,0,28
thiolate,28,0,28
talimogenelaherparepvec,28,0,28
milrinon,28,0,28
medicare,28,0,28
ur,28,0,28
clq,28,0,28
mir-132,28,0,28
levulinicacid,28,0,28
glioblastoma,28,0,28
monozygotic,28,0,28
eve,28,0,28
apicidin,28,0,28
plethysmography,28,0,28
methyl-β-cyclodextrin,28,0,28
psychotherapy,28,0,28
ortiz,28,0,28
dettol,28,0,28
xofluza,28,0,28
molluscumcontagiosum,28,0,28
diphtheria-tetanus-pertussis,28,0,28
conjugates,28,0,28
hypnoides,28,0,28
ethylene,28,0,28
iodonium,28,0,28
dnase,28,0,28
dnmti,28,0,28
anticholinergika,28,0,28
aebsf,28,0,28
chip,28,0,28
fluspirilene,28,0,28
grant,28,0,28
β-toxin,28,0,28
ella,28,0,28
aspartame,28,0,28
pmda,28,0,28
limonin,28,0,28
fluorquinolones,28,0,28
ganodericacid,28,0,28
merimepodib,28,0,28
boophilus,28,0,28
cephalosporinase,28,0,28
fullerenes,28,0,28
conjugated,28,0,28
uralensis,28,0,28
gld,28,0,28
daidzin,28,0,28
pichia,28,0,28
surfaxin,28,0,28
abvd,28,0,28
rlp,28,0,28
hemoprotein,28,0,28
erythemal,28,0,28
nnc,28,0,28
alloiococcus,28,0,28
sterols,28,0,28
rosi,28,0,28
at-msc,28,0,28
anti-mir,28,0,28
dhbv,28,0,28
acne,28,0,28
abzi,28,0,28
t-vec,28,0,28
fccp,28,0,28
retinoicacid,28,0,28
osel,28,0,28
opioides,28,0,28
buckwheat,28,0,28
dtip,28,0,28
meropenem-vaborbactam,28,0,28
platanus_b,28,0,28
3clpro-raltegravir,28,0,28
hrl40,28,0,28
alacoil,28,0,28
chloe,28,0,28
bskti,28,0,28
meh,28,0,28
ameloblastoma,28,0,28
demethylcurcumin,28,0,28
gadobutrol,28,0,28
lilra3d1,28,0,28
retinylester,28,0,28
ssht,28,0,28
/r/china_flu,28,0,28
sonazoid,28,0,28
peg-hirudin,28,0,28
umilast,28,0,28
bumel,28,0,28
maxatezo,28,0,28
pegifna/rbv,28,0,28
iodogen,27,1,28
clotrimazol,26,2,28
secnidazole,26,2,28
metolazone,25,3,28
loxoprofen,24,4,28
ergometrine,24,4,28
pivampicillin,24,4,28
vaborbactam,23,5,28
robin,23,5,28
desvenlafaxine,23,5,28
trimethyltin,22,6,28
flubendazole,21,7,28
pencillin,21,7,28
diphenyleneiodonium,17,11,28
diplamine,17,11,28
prothionamide,17,11,28
serotonine,17,11,28
adipophilin,16,12,28
dacomitinib,16,12,28
ligelizumab,16,12,28
udenafil,16,12,28
kistamicin,15,13,28
indigotin,15,13,28
inamrinone,15,13,28
hydroxychloquine,14,14,28
boceprivir,14,14,28
tamatinib,14,14,28
albuvirtide,14,14,28
tmab,14,14,28
chloropromazine,13,15,28
inavir,13,15,28
benzydamine,13,15,28
floxacin,13,15,28
madine,11,17,28
allegra,11,17,28
ostalmovir,11,17,28
caroverine,10,18,28
cinchonine,9,19,28
retinoide,9,19,28
haemanthamine,7,21,28
pordenone,7,21,28
trimethoxyflavone,7,21,28
docosanol,5,23,28
alantolactone,5,23,28
yalcin,4,24,28
acin,4,24,28
epigallocatechine,4,24,28
duflo,2,26,28
angelini,2,26,28
glycocalyx,1,27,28
ruspini,0,28,28
koonin,0,28,28
lipopolysacharide,0,28,28
toxinen,0,28,28
gefahrenlagen,0,28,28
kinetensin,0,28,28
tetrahydroisoquinoline,0,28,28
l'acide,0,28,28
synapsin,0,28,28
meningismus,0,28,28
veranderingen,0,28,28
opimus,0,28,28
ksiazek,0,28,28
parp‐9,0,28,28
bremmer,27,0,27
brics,27,0,27
needleman,27,0,27
spacer,27,0,27
methionine/cysteine,27,0,27
rub,27,0,27
citrine,27,0,27
it,27,0,27
gp1,27,0,27
antitussiva,27,0,27
aichivirus,27,0,27
radon,27,0,27
third-generation,27,0,27
cubicin,27,0,27
foliumisatidis,27,0,27
renalis,27,0,27
chloroquine/hcq,27,0,27
edward,27,0,27
prednisoloneacetate,27,0,27
ubc,27,0,27
neocrocodilicola,27,0,27
pe,27,0,27
ficus,27,0,27
cro,27,0,27
oas3,27,0,27
ascus,27,0,27
adonis,27,0,27
simcyp,27,0,27
angola,27,0,27
ta7,27,0,27
sodiumcitrate,27,0,27
ginsenosiderg1,27,0,27
mlp,27,0,27
β-d-n4-hydroxycytidine,27,0,27
agar,27,0,27
federal,27,0,27
mtdna,27,0,27
zk,27,0,27
gonadotrophin,27,0,27
alisertib,27,0,27
maria,27,0,27
acemannan,27,0,27
sugars,27,0,27
stavanger,27,0,27
siga,27,0,27
mp,27,0,27
melinda,27,0,27
aroma,27,0,27
aafp,27,0,27
antiamoebic,27,0,27
bi-lstm,27,0,27
ambrosia,27,0,27
hypnorm,27,0,27
ric,27,0,27
oxygenated,27,0,27
prolidase,27,0,27
ub-,27,0,27
anti-pdl1,27,0,27
bap,27,0,27
sacubitril-valsartan,27,0,27
angpt2,27,0,27
11β-hsd1,27,0,27
dnr,27,0,27
avp,27,0,27
pegylatedifn-α,27,0,27
sdn,27,0,27
mir-138,27,0,27
ecdysteroid,27,0,27
lapine,27,0,27
mir-146,27,0,27
eidd-1931,27,0,27
longino,27,0,27
protamines,27,0,27
phosphatase,27,0,27
mcl-1,27,0,27
gluten,27,0,27
kd-1,27,0,27
lactococcal,27,0,27
lhrh,27,0,27
caffeic,27,0,27
antistaphylococcal,27,0,27
vericiguat,27,0,27
mir-106b,27,0,27
6-gingerol,27,0,27
cystatine/m,27,0,27
acnes,27,0,27
p35,27,0,27
ruti,27,0,27
epfs,27,0,27
nonoxynol-9,27,0,27
hpv4,27,0,27
impella,27,0,27
wollamide,27,0,27
bafa1,27,0,27
merwe,27,0,27
trc35,27,0,27
pegifnα/rbv,27,0,27
rc1,27,0,27
6-tg,27,0,27
otocyst,27,0,27
d-m,27,0,27
abemaciclib,27,0,27
houttuynin,27,0,27
pectolinarin,27,0,27
ddavp,27,0,27
peg-ifnα-2b,27,0,27
d-α-tocopherol,27,0,27
helvetica,27,0,27
dtwp,27,0,27
brensocatib,27,0,27
ifn-γ1b,27,0,27
xca,27,0,27
sievers,27,0,27
trabectedin,27,0,27
phyllantha,27,0,27
vagina,27,0,27
s-glutathiolation,27,0,27
eleftheriadis,27,0,27
lupine,27,0,27
bisim,27,0,27
br931,27,0,27
metreleptin,25,2,27
ginkgolide,24,3,27
diphenhydramin,23,4,27
ginkgetin,23,4,27
psilocybin,23,4,27
choloroquine,22,5,27
fcγriib,20,7,27
iodacetamide,19,8,27
sarcosine,19,8,27
phloxine,19,8,27
digoxine,18,9,27
glabridine,18,9,27
lidamycin,17,10,27
veliparib,17,10,27
propamidine,17,10,27
puerariae,16,11,27
teicoplanine,16,11,27
bevir,15,12,27
tamalin,15,12,27
bakuchicin,15,12,27
azauridine,15,12,27
tribulin,15,12,27
perhexiline,14,13,27
norethisterone,14,13,27
betine,14,13,27
camphecin,14,13,27
balsalazide,13,14,27
coumermycin,13,14,27
flavipiravir,13,14,27
triacsin,13,14,27
penicillamin,13,14,27
panaecin,13,14,27
troleandomycin,12,15,27
zingerone,12,15,27
encorafenib,11,16,27
motrin,11,16,27
filaggrin,10,17,27
lupenone,8,19,27
dynorphin,8,19,27
nociceptin,8,19,27
steviol,7,20,27
fluoropyrimidine,7,20,27
gelliusine,6,21,27
dioxinodehydroeckol,6,21,27
thione,5,22,27
testisin,4,23,27
sanglifehrin,3,24,27
osteoprotegerin,3,24,27
glycopeptide,3,24,27
glabrone,2,25,27
tivozanib,2,25,27
integrine,2,25,27
trockenem,0,27,27
diasorin,0,27,27
glycosylphosphatidylinositol,0,27,27
pgt121,0,27,27
anticytokine,0,27,27
enone,0,27,27
blutungen,0,27,27
adenosylmethionine,0,27,27
kasahara,0,27,27
hypocrea,0,27,27
greenpeace,26,0,26
nup,26,0,26
marburg,26,0,26
alibek,26,0,26
cecil,26,0,26
ccr5,26,0,26
bifidobacteriumbreve,26,0,26
valproat,26,0,26
bronchodilatory,26,0,26
pinelliae,26,0,26
flt3,26,0,26
rnasea,26,0,26
zeaxanthin,26,0,26
rhbmp-2,26,0,26
phytosterols,26,0,26
lonicerae,26,0,26
hydroxy,26,0,26
hhv-7,26,0,26
l-proline,26,0,26
viktor,26,0,26
nintendo,26,0,26
dgcr8,26,0,26
pyrvinium,26,0,26
sulpha,26,0,26
coxsackievirusa6,26,0,26
endoxan,26,0,26
hydrogen-deuterium,26,0,26
ophiopogon,26,0,26
gst-glutathione,26,0,26
pla,26,0,26
topol,26,0,26
oxalates,26,0,26
cvae,26,0,26
diclofenacsodium,26,0,26
azolen,26,0,26
eet,26,0,26
n8,26,0,26
hemila,26,0,26
curvularia,26,0,26
piracetam,26,0,26
dopants,26,0,26
sice,26,0,26
bella,26,0,26
beta2-agonist,26,0,26
radicals,26,0,26
2050,26,0,26
salvi,26,0,26
arenicola,26,0,26
kerberos,26,0,26
diphtheriae,26,0,26
y.,26,0,26
ope,26,0,26
sexual,26,0,26
isr,26,0,26
2019-ncov-hr2p,26,0,26
fosaprepitant,26,0,26
ha,26,0,26
arjun,26,0,26
kwashiorkor,26,0,26
hausdorff,26,0,26
rsv-igiv,26,0,26
spautin-1,26,0,26
ad,26,0,26
7-ketocholesterol,26,0,26
sodiumborohydride,26,0,26
haemosiderin,26,0,26
qin,26,0,26
bulbus,26,0,26
virip,26,0,26
bogota,26,0,26
vanillin,26,0,26
d64,26,0,26
acetominophen,26,0,26
mycophenolat-mofetil,26,0,26
calciumphosphate,26,0,26
prelamin,26,0,26
ythdf,26,0,26
colistimethate,26,0,26
baumannii,26,0,26
gloxinia,26,0,26
k-casein,26,0,26
hollywood,26,0,26
moxi,26,0,26
seliciclib,26,0,26
piperacilina-tazobactam,26,0,26
ver-155008,26,0,26
richard,26,0,26
corilagin,26,0,26
necrostatin-1,26,0,26
lol,26,0,26
glutamine/glutamate,26,0,26
felbamate,26,0,26
powv,26,0,26
saikosaponinb,26,0,26
farr,26,0,26
ifn-f,26,0,26
frontalis,26,0,26
grasp,26,0,26
anti-tnf,26,0,26
lano,26,0,26
pentastarch,26,0,26
mydriasis,26,0,26
lorcaserin,26,0,26
wi-a,26,0,26
ergot,26,0,26
5fc,26,0,26
interferon-alpha-2b,26,0,26
ringers,26,0,26
pari,26,0,26
hon,26,0,26
fgi-104,26,0,26
d,26,0,26
marijuana,26,0,26
3clpro-paritaprevir,26,0,26
postman,26,0,26
soos,26,0,26
tdrb,26,0,26
gorin,26,0,26
angustifolium,26,0,26
fml,26,0,26
coil,26,0,26
ogg1,26,0,26
abma,26,0,26
goelet,26,0,26
sesirna,26,0,26
menthazin,26,0,26
hiv-ig,26,0,26
mir‐9,26,0,26
partetravirus,26,0,26
humidifi,26,0,26
brevenal,26,0,26
srif,26,0,26
rfeifn-v,26,0,26
rfeifnx,26,0,26
riff,26,0,26
cetron,25,1,26
tesirine,25,1,26
vitex,24,2,26
lixisenatide,23,3,26
cephalin,22,4,26
ergothioneine,20,6,26
prestin,20,6,26
hymecromone,20,6,26
ruthenoquine,20,6,26
remicade,19,7,26
menactra,18,8,26
aminoethylcarbazole,18,8,26
petrone,17,9,26
anethole,17,9,26
phosphomycin,17,9,26
canertinib,16,10,26
diketopiperazine,16,10,26
onnamide,16,10,26
walrycin,16,10,26
nikkomycin,15,11,26
tanshinone,15,11,26
esketamine,15,11,26
tuberin,15,11,26
intraconazole,15,11,26
icotinib,15,11,26
cephalotaxine,14,12,26
terramycin,14,12,26
telbuvidine,14,12,26
clazosentan,13,13,26
ritanovir,13,13,26
entacavir,13,13,26
chloromycin,13,13,26
tildrakizumab,13,13,26
famvir,13,13,26
bilobetin,13,13,26
biflavone,13,13,26
ciluprevir,13,13,26
brecanavir,13,13,26
desoximetasone,13,13,26
bergenin,12,14,26
otilimab,12,14,26
fluocinolone,12,14,26
ostelamivir,12,14,26
calicheamicin,11,15,26
netakimab,11,15,26
bentiromide,11,15,26
claritromycine,11,15,26
cyamemazine,10,16,26
vandetanib,10,16,26
curcumenol,10,16,26
gabapentine,9,17,26
nisine,7,19,26
gingipain,7,19,26
lcysteine,7,19,26
tectorigenin,6,20,26
keratocan,6,20,26
thiadiazolthione,6,20,26
polyhistidine,5,21,26
l'hydroxychloroquine,5,21,26
temporin,3,23,26
thymohydroquinone,2,24,26
cryptoquindoline,1,25,26
triumeq,1,25,26
betaglycan,0,26,26
zaigham,0,26,26
spongouridine,0,26,26
frenzel,0,26,26
nichtstrukturproteine,0,26,26
tauopathy,0,26,26
urea nitrogen,0,26,26
scoresby,0,26,26
bezogen,0,26,26
sinusrhythmus,0,26,26
rakhine,0,26,26
tropomyosin,0,26,26
truncata,0,26,26
placebos,0,26,26
strauss,0,26,26
murre,0,26,26
myeloencephalopathy,0,26,26
roleski,0,26,26
fayoumi,0,26,26
ahsct,0,26,26
l'attenzione,0,26,26
progettazione,0,26,26
israel,25,0,25
capsid,25,0,25
hantavirus,25,0,25
tc-83,25,0,25
2035,25,0,25
hpv11,25,0,25
daphne,25,0,25
vitisvinifera,25,0,25
atg4,25,0,25
atg16l,25,0,25
hydrocolloids,25,0,25
furfural,25,0,25
carotenes,25,0,25
boeing,25,0,25
este,25,0,25
cox-2,25,0,25
programa,25,0,25
elkind,25,0,25
proterodiplostomidae,25,0,25
vitamine/selenium,25,0,25
orf1,25,0,25
8-methoxypsoralen,25,0,25
etodolac,25,0,25
1925,25,0,25
amphoteric,25,0,25
rene,25,0,25
circa,25,0,25
dempster,25,0,25
triazene,25,0,25
condyloma,25,0,25
cladosporioides,25,0,25
mir-122-,25,0,25
gonorrhoeae,25,0,25
cilomilast,25,0,25
na2co3,25,0,25
glecaprevir/pibrentasvir,25,0,25
heparinsodium,25,0,25
z.,25,0,25
zebrafish,25,0,25
dystrophin,25,0,25
eshap,25,0,25
6-aminonicotinamide,25,0,25
nucleicacids,25,0,25
ceacam5,25,0,25
quercus,25,0,25
einthoven,25,0,25
magnoliae,25,0,25
rhei,25,0,25
biflavonoid,25,0,25
azd,25,0,25
tobacco,25,0,25
betamethason,25,0,25
trichosanthis,25,0,25
pftμ,25,0,25
dsirna,25,0,25
guanine-cytosine,25,0,25
artemisiifolia,25,0,25
repsox,25,0,25
kinase,25,0,25
philosophy,25,0,25
siddha,25,0,25
betaxolol,25,0,25
ulcerans,25,0,25
aspartic,25,0,25
holothuria,25,0,25
saposhnikoviaeradix,25,0,25
ronivirus,25,0,25
vtk,25,0,25
chymase,25,0,25
pinker,25,0,25
schistosomiasisjaponica,25,0,25
a/fm,25,0,25
wax,25,0,25
inotropes,25,0,25
dios,25,0,25
sodiumchlorite,25,0,25
muromonab,25,0,25
gentamicinsulfate,25,0,25
nans-his,25,0,25
emtricitabine-tenofovir,25,0,25
linoleicacid,25,0,25
mir-31,25,0,25
benzo(a)pyrene,25,0,25
dtpvaccine,25,0,25
demethylase,25,0,25
dennis,25,0,25
imr,25,0,25
velpatasvir/sofosbuvir,25,0,25
muscle,25,0,25
sulfites,25,0,25
panacea,25,0,25
pbov,25,0,25
s-conjugate,25,0,25
resnet18,25,0,25
erythrosine,25,0,25
il10,25,0,25
odanacatib,25,0,25
ermani,25,0,25
trq,25,0,25
ns2a,25,0,25
aidsvaxb/e,25,0,25
atb,25,0,25
cvb,25,0,25
marco,25,0,25
dryvax,25,0,25
maricopa,25,0,25
prasad,25,0,25
vp5,25,0,25
brto,25,0,25
ccnu,25,0,25
pdn,25,0,25
fentanyl/fluanisone,25,0,25
tetra(hprg)-fam,25,0,25
prime-o-glucosylcimifugin,25,0,25
phototherapy,25,0,25
glutaminase,25,0,25
gandhi,25,0,25
d-serine,25,0,25
histamin,25,0,25
trenin,25,0,25
mir-1307,25,0,25
fvm09,25,0,25
cert,25,0,25
caphosol,25,0,25
ovx,25,0,25
orthoquin,25,0,25
gga-mir-130b-3p,25,0,25
carotenoid-pectin,25,0,25
sp24,25,0,25
mir-802,25,0,25
sevofl,25,0,25
raphy,25,0,25
5fluorouracil,25,0,25
2'-fdc,25,0,25
epoetin-a,25,0,25
-adrenergics,25,0,25
allo,25,0,25
liprotamase,25,0,25
ergoferon,25,0,25
aviptadil,24,1,25
methyprednisolone,24,1,25
citrox,23,2,25
tripterygium,23,2,25
molidustat,23,2,25
limenin,23,2,25
mupirocine,22,3,25
gonadotropine,22,3,25
camphene,21,4,25
fluvirin,20,5,25
echinacin,20,5,25
levovirin,20,5,25
argemone,19,6,25
propentofylline,19,6,25
carboplatine,19,6,25
lactotransferrin,19,6,25
muraglitazar,19,6,25
acetyllysine,18,7,25
uzarin,18,7,25
spiramycine,17,8,25
tylosine,17,8,25
benzanilide,16,9,25
strabismus,16,9,25
nogalamycin,16,9,25
norrin,15,10,25
vaseline,15,10,25
ketaconazole,14,11,25
triapine,14,11,25
fozivudine,13,12,25
ciproflaxin,13,12,25
mimosine,13,12,25
navir,13,12,25
lycoricidine,12,13,25
fimasartan,12,13,25
envir,11,14,25
nitisinone,10,15,25
spartalizumab,9,16,25
numax,9,16,25
carbocysteine,9,16,25
genkwanin,9,16,25
dendrobine,9,16,25
octopamine,8,17,25
malagashanine,6,19,25
crospovidone,5,20,25
glabranine,5,20,25
caloxanthone,5,20,25
pyrrophenone,5,20,25
llysine,3,22,25
oxymorphone,1,24,25
cyclohexanone,0,25,25
indoline,0,25,25
pro168,0,25,25
furnham,0,25,25
pasare,0,25,25
göttingen,0,25,25
roofline,0,25,25
turnstone,0,25,25
fig.1,0,25,25
interleukine,0,25,25
lungen,0,25,25
bevindingen,0,25,25
protektine,0,25,25
nalbuphine,0,25,25
siugr,0,25,25
lorenzo,24,0,24
benzodiazepinen,24,0,24
ubg,24,0,24
pantoprazol,24,0,24
lidocainehydrochloride,24,0,24
actinic,24,0,24
mln4760,24,0,24
psi-7977,24,0,24
jury,24,0,24
heparinsulfate,24,0,24
hpv-16,24,0,24
pay,24,0,24
luca,24,0,24
gp5,24,0,24
kalatab1,24,0,24
belantamab,24,0,24
mafodotin,24,0,24
germanium,24,0,24
cyclovirus,24,0,24
mongolicum,24,0,24
acidophilus,24,0,24
bufo,24,0,24
ketaminehydrochloride,24,0,24
s.nigra,24,0,24
mir-200c,24,0,24
tetanusvaccine,24,0,24
yinqiao,24,0,24
neisseria,24,0,24
cpg-b,24,0,24
trimethoprim/sulfamethoxazol,24,0,24
ie2,24,0,24
potassiumbicarbonate,24,0,24
agenda,24,0,24
bausch,24,0,24
carrel,24,0,24
neuromuscular,24,0,24
diazonium,24,0,24
euk-8,24,0,24
mir-130a,24,0,24
hierro,24,0,24
thatcher,24,0,24
c-peptide,24,0,24
lcz696,24,0,24
infasurf,24,0,24
lmp2a,24,0,24
ythdf3,24,0,24
pegs,24,0,24
mals,24,0,24
omega-3pufas,24,0,24
4su,24,0,24
b-vitamins,24,0,24
micrococcus,24,0,24
rhonchi,24,0,24
magnesia,24,0,24
antimetabolite,24,0,24
ub-prg,24,0,24
eduardo,24,0,24
afb1,24,0,24
mi,24,0,24
cholinechloride,24,0,24
sodiumcromoglycate,24,0,24
hp1239,24,0,24
rt-pa,24,0,24
[35s]cysteine,24,0,24
eta,24,0,24
mir-152-3p,24,0,24
situ,24,0,24
rhizomacoptidis,24,0,24
joe,24,0,24
fuzi,24,0,24
al-9,24,0,24
herpangina,24,0,24
prebronchodilator,24,0,24
ppmo,24,0,24
ja-be-ja,24,0,24
janibacter,24,0,24
atg12-atg5,24,0,24
sampath,24,0,24
sipuleucel-t,24,0,24
desmosterol,24,0,24
magnoliaeofficinalis,24,0,24
coxsackievirusb,24,0,24
b2-agonist,24,0,24
trim19,24,0,24
oaa,24,0,24
b-box,24,0,24
α2a,24,0,24
fsh,24,0,24
calcipotriol,24,0,24
strophanthidin,24,0,24
trifoliatus,24,0,24
car,24,0,24
poloxamer,24,0,24
antileukotrienes,24,0,24
lecithin,24,0,24
nod1,24,0,24
vitaminsupplementation,24,0,24
tonovet,24,0,24
polyproteins,24,0,24
i50,24,0,24
π2,24,0,24
diosmin,24,0,24
3ab,24,0,24
reteplase,24,0,24
bopv,24,0,24
torcetrapib,24,0,24
darknet-53,24,0,24
ghee,24,0,24
lvfx,24,0,24
mincle,24,0,24
pd98059,24,0,24
platycodin,24,0,24
atg5-atg12,24,0,24
sulfadiazin,24,0,24
hexachlorobenzene,24,0,24
d-limonene,24,0,24
inclisiran,24,0,24
hexosaminidase,24,0,24
scurvy,24,0,24
byron,24,0,24
acetamides,24,0,24
atom,24,0,24
writing-originaldraft,24,0,24
gs,24,0,24
benznidazol,24,0,24
amitraz,24,0,24
cross,24,0,24
sp1,24,0,24
hayek,24,0,24
ziziphus,24,0,24
sulfasalazin,24,0,24
yoghurt,24,0,24
canthaxanthin,24,0,24
flair,24,0,24
acea,24,0,24
sito,24,0,24
pintus,24,0,24
bp3,24,0,24
acds,24,0,24
d-1,24,0,24
rhizavidin,24,0,24
echium,24,0,24
nephrotoxin,24,0,24
gunnar,24,0,24
robenacoxib,24,0,24
reptin,24,0,24
antihistaminics,24,0,24
previtamin,24,0,24
.lopinavir/ritonavir,24,0,24
binifibrate,24,0,24
sadc,24,0,24
-hydroxycytidine,24,0,24
arbfo,24,0,24
sel-plex,24,0,24
ifn-a-2b,24,0,24
haa,24,0,24
iudr,24,0,24
c]donepezil,24,0,24
l‐glutamine,23,1,24
radixin,23,1,24
mafosfamide,23,1,24
5-azacitidine,23,1,24
colistine,22,2,24
angiopoietin,22,2,24
tremacamra,22,2,24
hydoxychloroquine,22,2,24
soraphen,22,2,24
oxathiazepine,21,3,24
sphinganine,21,3,24
sonoline,21,3,24
ceftazidimeavibactam,21,3,24
thiazine,20,4,24
rucaparib,20,4,24
micafungine,19,5,24
cobalamine,19,5,24
disoxaril,19,5,24
idarubicine,19,5,24
nortriptylin,19,5,24
prostacycline,17,7,24
guajaverin,17,7,24
anthim,16,8,24
sulfachlorpyridazine,16,8,24
troxerutin,16,8,24
acridone,16,8,24
suramine,15,9,24
purmorphamine,15,9,24
oquine,15,9,24
butenafine,14,10,24
kasugamycin,14,10,24
apratoxin,14,10,24
ponezumab,14,10,24
nitrofurantoine,14,10,24
tromantadine,13,11,24
polatuzumab,13,11,24
triglyceride,13,11,24
trebananib,13,11,24
saposhnikoviae,13,11,24
valnemulin,13,11,24
aminoquinolone,13,11,24
lycoris,13,11,24
uoxetine,13,11,24
obtustatin,13,11,24
fabiravir,12,12,24
rebeccamycin,12,12,24
doxifluridine,12,12,24
crenolanib,12,12,24
olaratumab,12,12,24
rilexine,12,12,24
brexanolone,12,12,24
flurazepam,12,12,24
elzevir,12,12,24
chloorhexidine,11,13,24
remidisvir,11,13,24
alkylamine,11,13,24
ridinilazole,11,13,24
fesoterodine,11,13,24
cinchonidine,10,14,24
sulphone,10,14,24
ziresovir,10,14,24
dictamnine,10,14,24
gelonin,10,14,24
ravidasvir,10,14,24
lcarnitine,10,14,24
convulxin,9,15,24
retronectin,9,15,24
delone,9,15,24
endothiapepsin,8,16,24
crinine,7,17,24
calgranulin,7,17,24
maprotiline,7,17,24
phosphocreatine,7,17,24
aldactone,6,18,24
agomelatine,6,18,24
leucin,6,18,24
chromatide,6,18,24
trisodium,5,19,24
imide,5,19,24
oas1b,4,20,24
oncovir,3,21,24
dehydroalanine,3,21,24
tetrahydroquinoline,3,21,24
tepoxalin,3,21,24
diethyltin,3,21,24
batroxobin,3,21,24
herzrhythmusstörungen,0,24,24
tendenz,0,24,24
kenpaullone,0,24,24
naphthalimide,0,24,24
auslöser,0,24,24
hydroxydaunorubicin,0,24,24
pansini,0,24,24
ausscheidungen,0,24,24
globuline,0,24,24
taguchi,0,24,24
transducin,0,24,24
pancuronium bromide,0,24,24
dolichol,0,24,24
norwogonoside,0,24,24
secundarios,0,24,24
infezione,0,24,24
immunodefi,0,24,24
l'identificazione,0,24,24
somministrazione,0,24,24
p2y12,23,0,23
lovász,23,0,23
diphenylhydantoin,23,0,23
angelo,23,0,23
madagascar,23,0,23
xeone5-,23,0,23
5-bromodeoxyuridine,23,0,23
asarum,23,0,23
auxin,23,0,23
β-adrenoceptors,23,0,23
nectin-1,23,0,23
lysotracker,23,0,23
25-hydroxycholecalciferol,23,0,23
ngr,23,0,23
cd40,23,0,23
osteoporosis,23,0,23
rehmanniae,23,0,23
cyanidin3-glucoside,23,0,23
lysol,23,0,23
pseudoneodiplostomum,23,0,23
cytosines,23,0,23
adma,23,0,23
onyx-015,23,0,23
coptis,23,0,23
ryanair,23,0,23
nsp3b,23,0,23
anti-d.,23,0,23
petroleum,23,0,23
methylated,23,0,23
mitomycinc,23,0,23
inositol,23,0,23
edans,23,0,23
maximin,23,0,23
phoenix,23,0,23
hydroxychloroquinesulfate,23,0,23
tenofovir/emtricitabine,23,0,23
darum,23,0,23
quinquefolium,23,0,23
respirator,23,0,23
clindamicina,23,0,23
tytthoscincus,23,0,23
ficoll,23,0,23
equol,23,0,23
atryn,23,0,23
estonia,23,0,23
fruit,23,0,23
oxygen-glucose,23,0,23
tetanustoxoidvaccine,23,0,23
peg-ifns,23,0,23
sauerbrey,23,0,23
tva,23,0,23
hsc70,23,0,23
graminum,23,0,23
dinoprost,23,0,23
cellcept,23,0,23
ub-afc,23,0,23
gurobi,23,0,23
l-glutathione,23,0,23
risedronate,23,0,23
lc3-ii,23,0,23
tamir,23,0,23
atg4b,23,0,23
nov.,23,0,23
zikve,23,0,23
mk-2,23,0,23
pip,23,0,23
acridinium,23,0,23
s.divaricata,23,0,23
tezacaftor,23,0,23
7-amino-actinomycin,23,0,23
papain-like,23,0,23
peg-ifn-λ,23,0,23
levenshtein,23,0,23
humulin,23,0,23
polyethylene,23,0,23
pederin,23,0,23
kco,23,0,23
andrographispaniculata,23,0,23
(−)-epicatechin,23,0,23
galenic,23,0,23
trichloroaceticacid,23,0,23
polyp,23,0,23
lamb,23,0,23
mosul,23,0,23
aminosalicylates,23,0,23
sdpp4,23,0,23
medicus,23,0,23
sporicide,23,0,23
facemask,23,0,23
variola,23,0,23
cephamycins,23,0,23
yin,23,0,23
prograf,23,0,23
kiwi,23,0,23
tadekinig,23,0,23
btc,23,0,23
pde4,23,0,23
xavier,23,0,23
phenoloxidase,23,0,23
s-methyl-l-cysteine,23,0,23
isorhamnetin-3-o-β-d,23,0,23
kudzu,23,0,23
corfu,23,0,23
mir-124-3p,23,0,23
pvi,23,0,23
pso,23,0,23
pde4i,23,0,23
seprase,23,0,23
ltb4,23,0,23
zoster,23,0,23
legumain,23,0,23
peggs,23,0,23
cuti,23,0,23
dds,23,0,23
h1-antihistamines,23,0,23
usp28,23,0,23
mxsg,23,0,23
hae,23,0,23
eaca,23,0,23
baycox,23,0,23
mpro-lopinavir,23,0,23
cstat,23,0,23
respironics,23,0,23
sulfonation,23,0,23
hlf,23,0,23
lantus,23,0,23
ciloleucel,23,0,23
thiazides,23,0,23
ferristatin,23,0,23
pd-l1/pd-1,23,0,23
cimetidin,23,0,23
dolastatin,23,0,23
e.cava,23,0,23
diazotrophicus,23,0,23
vipera,23,0,23
m-aconitase,23,0,23
dnax,23,0,23
ins,23,0,23
glibenclamid,23,0,23
keasling,23,0,23
bii,23,0,23
5-azacytosine,23,0,23
longo,23,0,23
pil-11,23,0,23
nitroxides,23,0,23
antimeningococcal,23,0,23
l-tyrosine,23,0,23
vh3,23,0,23
cef,23,0,23
davinci,23,0,23
sensirion,23,0,23
5up1,23,0,23
meca,23,0,23
gyrasehemmer,23,0,23
marinoquinoline,23,0,23
triclabendazol,23,0,23
[18f]atorvastatin,23,0,23
ub-pa,23,0,23
α1at,23,0,23
fkm,23,0,23
lithotripter,23,0,23
psp,23,0,23
regnn,23,0,23
trqi,23,0,23
antibioticantimycotic,23,0,23
optia,23,0,23
lxa,23,0,23
pegifn-a/ribavirin,23,0,23
rp-832c,23,0,23
fluoranthene,22,1,23
quetiapin,22,1,23
xylenol,22,1,23
tetanospasmin,22,1,23
ketoconazol,22,1,23
tetracyclinen,21,2,23
cerulenin,21,2,23
niranthin,21,2,23
racosperma,21,2,23
carmustin,20,3,23
gadoteridol,20,3,23
bromelin,20,3,23
cresol,19,4,23
thiacetarsemide,18,5,23
melatonine,18,5,23
carboxymefloquine,18,5,23
hopeaphenol,17,6,23
methysticin,17,6,23
melarsomine,17,6,23
kalium,17,6,23
glitazone,16,7,23
afelimomab,16,7,23
sulfadoxinepyrimethamine,16,7,23
tibolone,15,8,23
dalfampridine,15,8,23
oxazoline,15,8,23
thienamycin,14,9,23
pentoxyphylline,14,9,23
equistatin,14,9,23
meropenam,13,10,23
amrubicin,13,10,23
benzazepine,13,10,23
brexpiprazole,12,11,23
pentazocin,12,11,23
cytovir,12,11,23
tylocrebrine,11,12,23
pheomelanin,11,12,23
sapropterin,11,12,23
sulopenem,11,12,23
nigellidine,9,14,23
cladiribine,9,14,23
baccatin,9,14,23
antofine,8,15,23
isoquercetin,8,15,23
glyoxal,8,15,23
bactin,8,15,23
chromanol,7,16,23
carbocisteine,7,16,23
pinoresinol,7,16,23
phenergan,6,17,23
demerol,6,17,23
ajmalicine,4,19,23
haversine,4,19,23
melanocortin,4,19,23
coclaurine,3,20,23
cariporide,3,20,23
crenicichla,3,20,23
lipocortin,3,20,23
centaurea,1,22,23
adipsin,1,22,23
neuroendocrine,0,23,23
lsm800,0,23,23
cryoglobulin,0,23,23
polylactide,0,23,23
farahani,0,23,23
pepto,0,23,23
kothari,0,23,23
cymene,0,23,23
myokine,0,23,23
lobeline,0,23,23
reglan,0,23,23
xenopus,0,23,23
multiorganversagen,0,23,23
cyclopentenone,0,23,23
ethnomedicine,0,23,23
ondergaan,0,23,23
tenían,0,23,23
it2ftopsis,0,23,23
kingstone,0,23,23
rorγt,0,23,23
avermectins,22,0,22
hsa-mir-21,22,0,22
aggregometer,22,0,22
anticonvulsants,22,0,22
pifithrin-α,22,0,22
u.,22,0,22
hepadnaviruses,22,0,22
β-pinene,22,0,22
pegylatedinterferon-α,22,0,22
ubi,22,0,22
alpha-adrenergic,22,0,22
penicillin/ampicillin,22,0,22
blocker,22,0,22
adt,22,0,22
ticarcillin/clavulanic,22,0,22
chairman,22,0,22
diphtheriatoxoid,22,0,22
needle-free,22,0,22
lipocalin-2,22,0,22
vasoconstrictors,22,0,22
tlv,22,0,22
stamp,22,0,22
l-cystine,22,0,22
thromboxane,22,0,22
liv23,22,0,22
pomegranates,22,0,22
mpeknn,22,0,22
hpv-45,22,0,22
pegifnα-2a,22,0,22
huoxiang,22,0,22
ahsg,22,0,22
nigel,22,0,22
silvio,22,0,22
demethylated,22,0,22
α6,22,0,22
zin,22,0,22
remarks,22,0,22
engerix-b,22,0,22
joseph,22,0,22
polyester,22,0,22
bp,22,0,22
rotateq,22,0,22
xylenes,22,0,22
dithiotreitol,22,0,22
myrcludex,22,0,22
warthin-starry,22,0,22
keynes,22,0,22
ethan,22,0,22
glomulin,22,0,22
quinquefolia,22,0,22
interferon-alpha-2a,22,0,22
chop-14,22,0,22
pufas,22,0,22
rhizomucor,22,0,22
hebt,22,0,22
acetaminophen/paracetamol,22,0,22
cefadroxilo,22,0,22
mistletoe,22,0,22
ruta,22,0,22
campanella,22,0,22
n-acetylgalactosamine,22,0,22
isabella,22,0,22
r.japonica,22,0,22
oc43-hr2p,22,0,22
pdeδ,22,0,22
her2-wt,22,0,22
fas-ldp,22,0,22
pranii,22,0,22
pelargonidin,22,0,22
mir-223,22,0,22
heart,22,0,22
ago,22,0,22
orientia,22,0,22
rsv-ig,22,0,22
mefloquinehydrochloride,22,0,22
annan,22,0,22
arthrobacter,22,0,22
caldara,22,0,22
tetanustoxoids,22,0,22
cayley,22,0,22
17-dmag,22,0,22
ung,22,0,22
pueraria,22,0,22
ramon,22,0,22
sulfhydryl,22,0,22
gp18,22,0,22
leuprolideacetate,22,0,22
sulfo-smcc,22,0,22
β-blockers,22,0,22
doxy,22,0,22
anh,22,0,22
usp2a,22,0,22
abacavir/lamivudine,22,0,22
ssd-1,22,0,22
wef,22,0,22
lumichrome,22,0,22
mir-155-5p,22,0,22
vec,22,0,22
anti-gal,22,0,22
nutans,22,0,22
ifnl1,22,0,22
mead,22,0,22
75–80,22,0,22
κ-carrageenan,22,0,22
sym,22,0,22
podium,22,0,22
botanist,22,0,22
orchidectomy,22,0,22
chloract,22,0,22
comoros,22,0,22
birinapant,22,0,22
antidiabetika,22,0,22
jatropha,22,0,22
ranum,22,0,22
acts,22,0,22
polyphosphazene,22,0,22
gpc,22,0,22
frutalin,22,0,22
flood,22,0,22
ceo,22,0,22
forsythin,22,0,22
k-shell,22,0,22
artemisinic,22,0,22
gina,22,0,22
caspase-8,22,0,22
2bc,22,0,22
cyclosporinea,22,0,22
israelensis,22,0,22
prochlorococcus,22,0,22
iou,22,0,22
piccolo,22,0,22
p13,22,0,22
carica,22,0,22
idx-184,22,0,22
tono-pen,22,0,22
oralcephalosporine,22,0,22
rapalogs,22,0,22
aceclofenac,22,0,22
hpv45,22,0,22
diiodomethane,22,0,22
il10ra,22,0,22
ag1478,22,0,22
sec63,22,0,22
aplf,22,0,22
abhrs,22,0,22
acetamiprid,22,0,22
qol.,22,0,22
clonidin,22,0,22
goodhart,22,0,22
pis,22,0,22
borneol,22,0,22
cylex,22,0,22
cpsf6,22,0,22
homeland,22,0,22
gadamer,22,0,22
atripla,22,0,22
bril,22,0,22
guduchi,22,0,22
cyclamen,22,0,22
achpr,22,0,22
rttv-e1e2,22,0,22
cyt,22,0,22
ranitidin,22,0,22
-mercaptoethanol,22,0,22
"1α,25(oh)2d",22,0,22
astv-mlb1,22,0,22
vancomycin/aztreonam,22,0,22
myrcludexb,22,0,22
di-ubiquitin,22,0,22
antimykotika,22,0,22
stapler,22,0,22
5-chlorouracil,22,0,22
calciumpropionate,22,0,22
bonobo,22,0,22
mangum,22,0,22
remdesivir-mp,22,0,22
amoxicilline-clavulaanzuur,22,0,22
acebutolol,22,0,22
interleukin,22,0,22
bzk,22,0,22
mesturus,22,0,22
epclusa,22,0,22
nvns,22,0,22
ozonized,22,0,22
kainicacid,22,0,22
brevinin-2r,22,0,22
lncrna-cmpk2,22,0,22
detrusor,22,0,22
c-grp,22,0,22
rapalog,22,0,22
polygonaceae,22,0,22
sp2509,22,0,22
yangqi,22,0,22
l-canavanine,22,0,22
heterochromia,22,0,22
rein,22,0,22
ex-fabp,22,0,22
nol,22,0,22
isofl,22,0,22
lmw-heparin,22,0,22
metaval,22,0,22
nefiracetam,22,0,22
hd-mel,22,0,22
gadofosveset,22,0,22
glycyrrhyzicacid,22,0,22
alfaxan-cd,22,0,22
nitrophenol,21,1,22
chalimus,21,1,22
barb,21,1,22
rimantadin,21,1,22
diethyltoluamide,20,2,22
hematoxilin,20,2,22
dehydroemetine,20,2,22
talampicillin,20,2,22
phytocystatin,20,2,22
ezrin,20,2,22
benzoate,19,3,22
articaine,19,3,22
chlorohexidine,18,4,22
télithromycine,18,4,22
maximus,18,4,22
zucol,18,4,22
mivacurium,17,5,22
isoamylalcohol,17,5,22
valium,17,5,22
thiocyanate,17,5,22
guanidinium,17,5,22
favipavir,17,5,22
guizhou,16,6,22
nerolidol,16,6,22
lanolin,16,6,22
pargyline,16,6,22
naloxonazine,16,6,22
sevuparin,15,7,22
dihydralazine,15,7,22
banamine,14,8,22
kallikrein,14,8,22
radezolid,14,8,22
oxymetholone,13,9,22
pyrrhocoricin,13,9,22
sulconazole,13,9,22
diazole,13,9,22
dioxine,13,9,22
gluthathione,13,9,22
hydroxycholorquine,13,9,22
enramycin,13,9,22
cefamandol,13,9,22
lifirafenib,12,10,22
furimazine,12,10,22
chelidonine,12,10,22
cefpiramide,12,10,22
kanamicin,12,10,22
oxacilline,12,10,22
epivir,12,10,22
fenoprofen,11,11,22
sultamicillin,11,11,22
meclocycline,11,11,22
brostallicin,11,11,22
pixantrone,11,11,22
presenilin,11,11,22
tozumab,11,11,22
apatinib,11,11,22
cidovir,11,11,22
garamycin,11,11,22
fapilavir,11,11,22
thiacetazone,11,11,22
methotrimeprazine,11,11,22
lofepramine,11,11,22
cloramphenicol,11,11,22
ritlecitinib,11,11,22
nebacumab,11,11,22
loreclezole,11,11,22
proscillaridin,11,11,22
edoxudine,11,11,22
.palivizumab,11,11,22
revitonil,10,12,22
drospirenone,10,12,22
methylselenocysteine,9,13,22
oxandrolone,9,13,22
-glucan,9,13,22
mesotrypsin,9,13,22
benzylamine,8,14,22
dextroamphetamine,8,14,22
tetrandine,8,14,22
balstilimab,7,15,22
zalifrelimab,7,15,22
vinflunine,7,15,22
nicotianamine,7,15,22
progestogens,6,16,22
hispaglabridine,5,17,22
ectoine,5,17,22
silodosin,5,17,22
aesculetin,4,18,22
thiethylperazine,3,19,22
polyurea,3,19,22
matrilysin,2,20,22
octacosanol,2,20,22
nojirimycin,2,20,22
damsin,1,21,22
pepducin,1,21,22
larrea,1,21,22
capside,0,22,22
dosages,0,22,22
lipoglycopeptide,0,22,22
subcutaan,0,22,22
valentine,0,22,22
euroclone,0,22,22
fanelli,0,22,22
jenwitheesuk,0,22,22
octanucleotide,0,22,22
polyanhydride,0,22,22
polit,0,22,22
vine,0,22,22
ochroconis,0,22,22
deb025,0,22,22
ganzhou,0,22,22
licoflavanone,0,22,22
granatin,0,22,22
refmac,0,22,22
ignjatovic,0,22,22
chromenone,0,22,22
weine,0,22,22
polylactosamine,0,22,22
zanin,0,22,22
ausmaß,0,22,22
truncus,0,22,22
introduzione,0,22,22
distruzione,0,22,22
l'ivermectine,0,22,22
phenoxyethanol,21,0,21
iz,21,0,21
anti-doping,21,0,21
adolf,21,0,21
ftse,21,0,21
potassiumperoxymonosulfate,21,0,21
bazel,21,0,21
pneumomediastinum,21,0,21
ethylmercury,21,0,21
ace-1,21,0,21
team,21,0,21
vir,21,0,21
il-6,21,0,21
bupleuri,21,0,21
say,21,0,21
tocopherols,21,0,21
salviaofficinalis,21,0,21
soyisoflavones,21,0,21
irina,21,0,21
linum,21,0,21
nef,21,0,21
heterodiplostomum,21,0,21
fib,21,0,21
bradycardic,21,0,21
valdecoxib,21,0,21
cpp-pmo,21,0,21
neurol,21,0,21
danum,21,0,21
giovanni,21,0,21
salvini,21,0,21
shoe,21,0,21
potassiumpermanganate,21,0,21
aml1,21,0,21
race2,21,0,21
mustards,21,0,21
tel,21,0,21
cytostatica,21,0,21
tlr3,21,0,21
polyenes,21,0,21
pseudallescheria,21,0,21
ruminococcus,21,0,21
mercuricchloride,21,0,21
diisopropyl,21,0,21
barone,21,0,21
firibastat,21,0,21
tiva,21,0,21
cd47,21,0,21
map3k7,21,0,21
vegf-sirna,21,0,21
na-selenite,21,0,21
ebolavirus,21,0,21
tigerstedt,21,0,21
rehmannia,21,0,21
prostaglandine2,21,0,21
azadirachta,21,0,21
ginkgolideb,21,0,21
myr,21,0,21
scincella,21,0,21
rux,21,0,21
phyllis,21,0,21
kirsch,21,0,21
didemnins,21,0,21
ritonavir-lopinavir,21,0,21
ipso,21,0,21
money,21,0,21
ceacam7,21,0,21
cid,21,0,21
temin,21,0,21
matriptase,21,0,21
bromoviruses,21,0,21
hepatitisa,21,0,21
armeniaca,21,0,21
prosopis,21,0,21
rheumofficinale,21,0,21
o-dianisidine,21,0,21
salviae,21,0,21
givoni,21,0,21
ppia,21,0,21
heparinoids,21,0,21
metis,21,0,21
monosodium,21,0,21
β2-adrenoceptor,21,0,21
c-flip,21,0,21
asfotase,21,0,21
coprinus,21,0,21
acetic,21,0,21
falciparum,21,0,21
pten,21,0,21
danoprevir/ritonavir,21,0,21
2′-c-me-a,21,0,21
amir,21,0,21
jeremy,21,0,21
eswl,21,0,21
biochanin,21,0,21
chondroitinase,21,0,21
kakamega,21,0,21
fetuin-a,21,0,21
africa,21,0,21
hem,21,0,21
ag490,21,0,21
bromocresol,21,0,21
eps7630,21,0,21
ch25h,21,0,21
tetraviruses,21,0,21
mers-hr2p,21,0,21
mayor,21,0,21
tocilizumab/methylprednisolone,21,0,21
protease,21,0,21
aurothiomalate,21,0,21
rhinosporidium,21,0,21
kil,21,0,21
sdma,21,0,21
sars-covvaccine,21,0,21
glycines,21,0,21
terra,21,0,21
zotatifin,21,0,21
william,21,0,21
flavonol,21,0,21
lysolecithin,21,0,21
cccp,21,0,21
qingfeipaidu,21,0,21
curh,21,0,21
tonopen,21,0,21
adapalene,21,0,21
ifit3,21,0,21
nas,21,0,21
wellbeing,21,0,21
anid,21,0,21
erbitux,21,0,21
sodiumtaurocholate,21,0,21
bpu,21,0,21
idasanutlin,21,0,21
spirin,21,0,21
acetylcystein,21,0,21
eucalyptusoil,21,0,21
caprifoliaceae,21,0,21
hortensis,21,0,21
zpt,21,0,21
artemesinin,21,0,21
estradiol-17β,21,0,21
crofelemer,21,0,21
g.biloba,21,0,21
anemarrhenae,21,0,21
ophir,21,0,21
nitrene,21,0,21
dnae,21,0,21
mr.,21,0,21
walnut,21,0,21
tele,21,0,21
archaeosome,21,0,21
lana,21,0,21
periodate,21,0,21
kortison,21,0,21
anthocyanidin,21,0,21
psi-938,21,0,21
bar,21,0,21
rhuschinensis,21,0,21
bispinosa,21,0,21
artesunate-mefloquine,21,0,21
tnp-470,21,0,21
convkb,21,0,21
chirurgische,21,0,21
ns2a/ns2b,21,0,21
lq,21,0,21
mab,21,0,21
angina,21,0,21
law,21,0,21
lupron,21,0,21
qaida,21,0,21
cotc,21,0,21
retinylpalmitate,21,0,21
sulphadoxine-pyrimethamine,21,0,21
3gc,21,0,21
mar1,21,0,21
palmitylated,21,0,21
polymyxinb1,21,0,21
patriniae,21,0,21
cyanidin-3-sambubioside,21,0,21
stz,21,0,21
tetravirus,21,0,21
.arbidol,21,0,21
phytochemistry,21,0,21
nsp3,21,0,21
sulfo,21,0,21
c1-inh,21,0,21
dtz,21,0,21
bembidion,21,0,21
mycol,21,0,21
sirna-aptamer,21,0,21
polyphyllin,21,0,21
casp1,21,0,21
tvv,21,0,21
rnf8,21,0,21
ubc13,21,0,21
turp,21,0,21
dim1,21,0,21
trimethoprime,21,0,21
azitromicina,21,0,21
procyanidina2,21,0,21
mmap,21,0,21
dox-np,21,0,21
radium-223,21,0,21
tectoridin,21,0,21
ccl28,21,0,21
wbp,21,0,21
zyg,21,0,21
tao,21,0,21
neomesturus,21,0,21
terbinafin,21,0,21
sirup,21,0,21
nadcc,21,0,21
varix,21,0,21
betaxanthins,21,0,21
edem3,21,0,21
z.officinale,21,0,21
r.tanguticum,21,0,21
yw002,21,0,21
termamyl,21,0,21
tryp-ox,21,0,21
m/c,21,0,21
hbv/c,21,0,21
xypi,21,0,21
lilra3,21,0,21
levofl,21,0,21
beraprost,21,0,21
s]methionine-cysteine,21,0,21
pparc,21,0,21
ga-citrate,21,0,21
arikace,21,0,21
guanoxabenz,21,0,21
methylenechloride,20,1,21
cmv,20,1,21
salicylamide,19,2,21
epimetheus,19,2,21
diazine,19,2,21
indigocarmine,19,2,21
slaframine,19,2,21
brivaracetam,19,2,21
dyspnoe,19,2,21
miglitol,19,2,21
citronellol,18,3,21
zaire,18,3,21
ferumoxide,18,3,21
kynuramine,18,3,21
oxacine,18,3,21
sufentanyl,17,4,21
dvir,17,4,21
gullone,17,4,21
nilutamide,15,6,21
calcipressin,15,6,21
rifadin,15,6,21
kinin,14,7,21
ceftin,14,7,21
iloperidone,14,7,21
phleomycin,13,8,21
amoxicilin,13,8,21
romifidine,13,8,21
bassianolide,13,8,21
chloroxine,12,9,21
sertaconazole,12,9,21
miltefosin,12,9,21
abrocitinib,12,9,21
chrysosplenol,12,9,21
avicularin,12,9,21
gingerenone,12,9,21
vasotocin,12,9,21
barcitinib,11,10,21
ranimustine,11,10,21
tosedostat,11,10,21
clindamicin,11,10,21
benzbromarone,11,10,21
rifaximine,11,10,21
.zanamivir,11,10,21
syringomycin,10,11,21
aplidine,10,11,21
isoxazolylpenicilline,10,11,21
mibolerone,10,11,21
betapropiolactone,10,11,21
brucine,9,12,21
dihydroquercetin,9,12,21
solanidine,9,12,21
porin,8,13,21
linaclotide,8,13,21
neoamphimedine,7,14,21
protriptyline,7,14,21
bropirimine,7,14,21
isotone,7,14,21
lactogenin,7,14,21
alsterpaullone,7,14,21
faricimab,7,14,21
cilastin,6,15,21
stepholidine,6,15,21
sabesin,5,16,21
tseitin,5,16,21
progranulin,5,16,21
xylopine,4,17,21
emmprin,3,18,21
cyclohexylamine,2,19,21
agglutinin,2,19,21
glycolactin,1,20,21
isoflupredone,1,20,21
perrone,0,21,21
pielak,0,21,21
traumata,0,21,21
actomyosin,0,21,21
dihydropyrimidine,0,21,21
schrezenmeier,0,21,21
nanovaccine,0,21,21
front‐line,0,21,21
phospholipide,0,21,21
withanone,0,21,21
pepscan,0,21,21
oxylipin,0,21,21
considérés,0,21,21
acetyllactosamine,0,21,21
sialoglycan,0,21,21
dikwijls,0,21,21
calcium propionate,0,21,21
immunol,0,21,21
einhergeht,0,21,21
iron dextran,0,21,21
gallione,0,21,21
condivisione,0,21,21
effettuato,0,21,21
supplementation,20,0,20
mg)/ritonavir,20,0,20
niv,20,0,20
chemoprophylaxis,20,0,20
oparin,20,0,20
gas,20,0,20
shijiazhuang,20,0,20
insurancescheme,20,0,20
dendrolimus,20,0,20
chrysanthemum,20,0,20
sogar,20,0,20
anti‐tnf,20,0,20
caracas,20,0,20
nutt,20,0,20
ifn-β1b,20,0,20
angiotensin-2,20,0,20
galectin-3,20,0,20
uncaria,20,0,20
lufthansa,20,0,20
tattoos,20,0,20
alkalis,20,0,20
"1,25-dihydroxycholecalciferol",20,0,20
ergo,20,0,20
mir-149,20,0,20
lamblia,20,0,20
o.sanctum,20,0,20
il29,20,0,20
u12,20,0,20
cis,20,0,20
rosmarinus,20,0,20
theophrastus,20,0,20
paraproterodiplostomum,20,0,20
cur,20,0,20
tritiated,20,0,20
sulfo-nhs-biotin,20,0,20
ovo,20,0,20
hantavax,20,0,20
soros,20,0,20
anders,20,0,20
bior3.1,20,0,20
parotidectomy,20,0,20
gurrola,20,0,20
dihydroethidium,20,0,20
cornstarch,20,0,20
9-o-acetylated,20,0,20
linkedin,20,0,20
pedialyte,20,0,20
ec33,20,0,20
anti-influenza,20,0,20
dipyridamol,20,0,20
mir-30a,20,0,20
ul29,20,0,20
disney,20,0,20
anxiolytic,20,0,20
bpti,20,0,20
antihistone,20,0,20
nair,20,0,20
homopurine,20,0,20
botulinum,20,0,20
clonorchis,20,0,20
boil,20,0,20
serotonin-norepinephrine,20,0,20
sulfamide,20,0,20
(val)ganciclovir,20,0,20
polyphenolic,20,0,20
sodium-potassium,20,0,20
mir-30d,20,0,20
tpgs,20,0,20
opine,20,0,20
iodomethane,20,0,20
mobilenet_v2,20,0,20
amines,20,0,20
antisepsis,20,0,20
xishuangbanna,20,0,20
polyene,20,0,20
tazobactam/piperacillin,20,0,20
gw4064,20,0,20
gla,20,0,20
pentostam,20,0,20
eugene,20,0,20
cga,20,0,20
il-25,20,0,20
anb,20,0,20
gnp,20,0,20
adi,20,0,20
alphaviruses,20,0,20
ionophore,20,0,20
rsvvaccine,20,0,20
sativa,20,0,20
fancj,20,0,20
avn,20,0,20
peace,20,0,20
pparα,20,0,20
flucelvax,20,0,20
nitrousacid,20,0,20
igg2,20,0,20
hdt,20,0,20
cross-linker,20,0,20
isg15-pa,20,0,20
anticoagulants,20,0,20
hepis,20,0,20
tipranavir/ritonavir,20,0,20
hep,20,0,20
fl,20,0,20
icnirp,20,0,20
elegans,20,0,20
shareholder,20,0,20
nephrotoxicity,20,0,20
8-hydroxyquinoline,20,0,20
ribaviron,20,0,20
topi,20,0,20
nexavar,20,0,20
anis,20,0,20
pp1ab,20,0,20
samantha,20,0,20
antikoagulans,20,0,20
vitamink1,20,0,20
adenophorum,20,0,20
albuminuria,20,0,20
drought,20,0,20
vasodilation,20,0,20
inodilator,20,0,20
amazonensis,20,0,20
af-liposomes,20,0,20
vitaminb-12,20,0,20
tdapvaccine,20,0,20
mir-129,20,0,20
xw,20,0,20
sulfonates,20,0,20
sodiumhouttuyfonate,20,0,20
reich,20,0,20
acmnpvcne,20,0,20
gag-polpolyprotein,20,0,20
sapovirus,20,0,20
booster,20,0,20
anti-mirna,20,0,20
nam,20,0,20
ks,20,0,20
cypi,20,0,20
n-propanol,20,0,20
mir-107,20,0,20
vertigo,20,0,20
gar,20,0,20
levofloxacin-imipenem,20,0,20
retinitis,20,0,20
coryne,20,0,20
sjögren,20,0,20
hfr,20,0,20
4e1rcat,20,0,20
bthbv,20,0,20
3-deazaneplanocin,20,0,20
clemastaninb,20,0,20
propionic,20,0,20
cflip,20,0,20
antibiotikaprophylaxe,20,0,20
sestamibi,20,0,20
hdac11,20,0,20
minocycline/rifampin,20,0,20
hsp72,20,0,20
sialostatin,20,0,20
edidin,20,0,20
sirna-class,20,0,20
cystatinb,20,0,20
statin/arb,20,0,20
li25,20,0,20
cis-platin,20,0,20
nsc67078,20,0,20
ag1,20,0,20
gug,20,0,20
bisulphite,20,0,20
parechovirus,20,0,20
cerulein,20,0,20
dicumarol,20,0,20
chfr,20,0,20
cepacia,20,0,20
goap,20,0,20
altrenogest,20,0,20
vulgaris,20,0,20
huanggang,20,0,20
catechism,20,0,20
ar,20,0,20
safespark-det,20,0,20
hace1,20,0,20
d-gal,20,0,20
neocov,20,0,20
nicosia,20,0,20
ftc,20,0,20
pegifnα,20,0,20
pinene,20,0,20
valeria,20,0,20
ffas,20,0,20
scitamineum,20,0,20
primaquin,20,0,20
prusoff,20,0,20
mk-8591,20,0,20
osteosarcoma,20,0,20
myristylation,20,0,20
medoxomil,20,0,20
progetto,20,0,20
populus,20,0,20
anthraquinones,20,0,20
menc,20,0,20
silva,20,0,20
il-18bp,20,0,20
hpv52,20,0,20
angioedema,20,0,20
ascophyllan,20,0,20
amin,20,0,20
cug,20,0,20
cromolynsodium,20,0,20
ddan,20,0,20
brassinosteroids,20,0,20
budesonid,20,0,20
naloxon,20,0,20
allium,20,0,20
planet,20,0,20
testosteron,20,0,20
oseltamivirphosphate,20,0,20
clsi,20,0,20
cart,20,0,20
cistus,20,0,20
fucoxanthin,20,0,20
garda,20,0,20
krusei,20,0,20
pifn-γ1,20,0,20
iridectomy,20,0,20
silla,20,0,20
annuatea,20,0,20
azocasein,20,0,20
asfla,20,0,20
amigdoscalpellum,20,0,20
nuvec,20,0,20
sag1-vlp,20,0,20
darrieus,20,0,20
shsp,20,0,20
osgpase,20,0,20
canatoxin,20,0,20
lr05,20,0,20
vilaprisan,20,0,20
myrtus,20,0,20
ube1,20,0,20
lithotomy,20,0,20
androecium,20,0,20
bisikan,20,0,20
dichloroflavan,20,0,20
hcq+azi,20,0,20
bs-rnase,20,0,20
mla,20,0,20
gga-mir-27b-3p,20,0,20
bicoid,20,0,20
jnj-165,20,0,20
javamide-ii,20,0,20
sonovue,20,0,20
shouji,20,0,20
alcoholbased,20,0,20
vel,20,0,20
d-g,20,0,20
virasoro,20,0,20
b-mercaptoethanol,20,0,20
darbepoetin-a,20,0,20
f-6f-dopamine,20,0,20
citi,20,0,20
newstead,20,0,20
dichloroethane,19,1,20
nipro,19,1,20
flamsa,19,1,20
c]methionine,19,1,20
bactenecin,18,2,20
enoxolone,18,2,20
gonadorelin,18,2,20
biurea,18,2,20
trypan,17,3,20
psychologen,17,3,20
phillyrin,17,3,20
agrin,17,3,20
obestatin,17,3,20
teleostei,16,4,20
apoflavodoxin,16,4,20
erdosteine,16,4,20
opistoporin,16,4,20
nitrosoguanidine,16,4,20
kuanoniamine,16,4,20
thyroxin,16,4,20
hydroxycytidine,16,4,20
ampicillinsulbactam,16,4,20
hexafluoroisopropanol,15,5,20
phenethylamine,15,5,20
pyrimidone,15,5,20
benzidine,14,6,20
amanitin,14,6,20
probenazole,14,6,20
azitromicin,13,7,20
monopril,13,7,20
metaclopramide,13,7,20
alizarine,13,7,20
rhynchophylline,13,7,20
haemalin,12,8,20
selenodiglutathione,12,8,20
selenazofurin,12,8,20
pheniramine,12,8,20
cydectin,12,8,20
naratriptan,12,8,20
hydroxychoroquine,12,8,20
erythromycine,12,8,20
sakacin,12,8,20
premarin,12,8,20
sulfathalidine,12,8,20
zanolimumab,12,8,20
nimbolide,11,9,20
crinum,11,9,20
verbascoside,11,9,20
laudanosine,11,9,20
poncin,10,10,20
asciminib,10,10,20
tanshinol,10,10,20
tofranil,10,10,20
androstenediol,10,10,20
doxycline,10,10,20
tryparsamide,10,10,20
radcivir,10,10,20
bococizumab,10,10,20
quilizumab,10,10,20
dexelvucitabine,10,10,20
naamidine,10,10,20
tylophorinidine,10,10,20
octylglucoside,10,10,20
desketoraloxifene,9,11,20
azone,9,11,20
briakinumab,9,11,20
oxybuprocaine,9,11,20
homophymine,9,11,20
zumab,9,11,20
biocytin,9,11,20
fgin-1,9,11,20
glabrocoumarone,8,12,20
trifluoroacetamide,8,12,20
afrin,8,12,20
afabicin,8,12,20
triaminotriazine,8,12,20
taxchinin,8,12,20
tryptanthrine,8,12,20
hemanthidine,7,13,20
fluorodeoxyuridine,6,14,20
methylhistamine,6,14,20
tinocordiside,6,14,20
lactosamine,6,14,20
pyropheophorbide,6,14,20
coccidiostat,6,14,20
lypressin,5,15,20
ampelopsin,5,15,20
aglycovancomycin,5,15,20
pirlindole,4,16,20
liponavir,4,16,20
histidinol,3,17,20
oligohistidine,3,17,20
apidaecin,3,17,20
monodansylcadaverine,3,17,20
temazepam,3,17,20
pastan,3,17,20
molsidomine,3,17,20
savinin,2,18,20
mimecan,2,18,20
myogenin,1,19,20
quitline,0,20,20
inferno,0,20,20
oxybutynin,0,20,20
freudenberger,0,20,20
arcelin,0,20,20
demiroz,0,20,20
frameshifts,0,20,20
rappuoli,0,20,20
procheck,0,20,20
thiazolide,0,20,20
belastungen,0,20,20
exopolysaccharide,0,20,20
hypercoagulopathy,0,20,20
porechop,0,20,20
impfen,0,20,20
axiovert,0,20,20
hematoxyline,0,20,20
\sin,0,20,20
pénicilline,0,20,20
skoner,0,20,20
comparés,0,20,20
bacteriorhodopsin,0,20,20
fsc231,0,20,20
expifectamine,0,20,20
enniatin,0,20,20
mazzone,0,20,20
phenix.refine,0,20,20
cassone,0,20,20
sistan,0,20,20
ponomarov,0,20,20
pacsbin,0,20,20
glutoxim,0,20,20
geleide,0,20,20
paxilline,0,20,20
bmp280,0,20,20
qzone,0,20,20
ontslagen,0,20,20
l'applicazione,0,20,20
liberazione,0,20,20
mga,19,0,19
minisat,19,0,19
nick,19,0,19
enoxaparin/day,19,0,19
γ-secretase,19,0,19
gamble,19,0,19
decongestant,19,0,19
bricolage,19,0,19
domitor,19,0,19
hussein,19,0,19
trachomatis,19,0,19
paracetamol/acetaminophen,19,0,19
ribi,19,0,19
bat-sl-covzxc21,19,0,19
flaviviruses,19,0,19
angii/ang,19,0,19
rane,19,0,19
paracoccidioides,19,0,19
vp-16,19,0,19
bipap,19,0,19
α-syn,19,0,19
pneumoniae,19,0,19
monaco,19,0,19
cingulin,19,0,19
galilei,19,0,19
trimetrexate,19,0,19
rht,19,0,19
coartem,19,0,19
viusid,19,0,19
sobi,19,0,19
varizig,19,0,19
plato,19,0,19
dhx9,19,0,19
denisovan,19,0,19
anti-dig,19,0,19
1815,19,0,19
urease,19,0,19
chrysotherapy,19,0,19
toxinb,19,0,19
tegafur,19,0,19
cardiotoxicity,19,0,19
ginsengradix,19,0,19
.oxygen,19,0,19
gracia,19,0,19
bidens,19,0,19
avocado,19,0,19
single-dose,19,0,19
bcg-russia,19,0,19
chelidonium,19,0,19
hpv18,19,0,19
d-peptide,19,0,19
mid-dose,19,0,19
gmap,19,0,19
typhi,19,0,19
pegas,19,0,19
loniceraejaponicae,19,0,19
amiodaron,19,0,19
rasa,19,0,19
dimethylbenzene,19,0,19
ythdf1,19,0,19
roseburia,19,0,19
gflv,19,0,19
matricaria,19,0,19
centella,19,0,19
perilla,19,0,19
seaweed,19,0,19
apricot,19,0,19
methyltransferase,19,0,19
bandage,19,0,19
halocyamine,19,0,19
dendrobium,19,0,19
japonicum,19,0,19
jnj,19,0,19
tyson,19,0,19
acitrom,19,0,19
ria,19,0,19
mir-185,19,0,19
obtusa,19,0,19
masimo,19,0,19
chymotrypsin-like,19,0,19
su11248,19,0,19
proterozoic,19,0,19
imiglucerase,19,0,19
tanzania,19,0,19
25ohd,19,0,19
larix,19,0,19
diethylether,19,0,19
faith,19,0,19
mir-1246,19,0,19
diphylla,19,0,19
pneumococcalconjugate,19,0,19
andy,19,0,19
bondi,19,0,19
integrin,19,0,19
wharton,19,0,19
sequin,19,0,19
grafton,19,0,19
guillotine,19,0,19
heparinoid,19,0,19
hypnotic,19,0,19
coiled-coil,19,0,19
gemin-3,19,0,19
thioglycoside,19,0,19
acme,19,0,19
weinreb,19,0,19
smac,19,0,19
ivo,19,0,19
huifn-α,19,0,19
aconiti,19,0,19
ssv,19,0,19
pegvisomant,19,0,19
metvan,19,0,19
sulfonate,19,0,19
cermak,19,0,19
wcg,19,0,19
mpsl,19,0,19
tegaserod,19,0,19
acetyl-l-carnitine,19,0,19
ginkgolic,19,0,19
jelly,19,0,19
hia,19,0,19
lactoferricinb,19,0,19
cimifugin,19,0,19
radiochemotherapie,19,0,19
qpd,19,0,19
a.keiskei,19,0,19
resnet152,19,0,19
atopica,19,0,19
darknet,19,0,19
tz,19,0,19
tlr4,19,0,19
g-c,19,0,19
aprotonin,19,0,19
becquerel,19,0,19
knafl,19,0,19
trihalomethanes,19,0,19
tmp/smz,19,0,19
bta-mir-98,19,0,19
erdős,19,0,19
mortazavi,19,0,19
carbadox,19,0,19
acamprosate,19,0,19
qs21,19,0,19
pori,19,0,19
5-iododeoxyuridine,19,0,19
svv,19,0,19
mab114,19,0,19
valentin,19,0,19
manga,19,0,19
schisandrachinensis,19,0,19
mer,19,0,19
ythdf2,19,0,19
tetracyclinehydrochloride,19,0,19
benth,19,0,19
hyptis,19,0,19
orf5,19,0,19
fknn,19,0,19
c.it,19,0,19
smartphone,19,0,19
mssa,19,0,19
catechols,19,0,19
dpp-4,19,0,19
glucosidase,19,0,19
enoxaparinsodium,19,0,19
anti-il-6,19,0,19
regulus,19,0,19
hdac,19,0,19
aldose,19,0,19
fgi-103,19,0,19
hsa-mir-1307-3p,19,0,19
10-valent,19,0,19
bunostomum,19,0,19
merocel,19,0,19
actinohivin,19,0,19
virtuoso,19,0,19
mir‐122,19,0,19
p24,19,0,19
monocot,19,0,19
cho,19,0,19
biln2061,19,0,19
herbacea,19,0,19
simone,19,0,19
diene,19,0,19
chrysophyllum,19,0,19
enoxaparina,19,0,19
hscarg,19,0,19
epacadostat,19,0,19
cathepsing,19,0,19
paralichthys,19,0,19
anti-dimmunoglobulin,19,0,19
pharmacology,19,0,19
protectin,19,0,19
zenapax,19,0,19
2-drug,19,0,19
anti-id,19,0,19
gal,19,0,19
gambiae,19,0,19
colombo,19,0,19
chloral,19,0,19
remdesivir-diltiazem,19,0,19
d2,19,0,19
octreotid,19,0,19
bentiu,19,0,19
chloroquine/azithromycin,19,0,19
phenibut,19,0,19
alpha-2,19,0,19
mao,19,0,19
acl2,19,0,19
spironolacton,19,0,19
glyasperin,19,0,19
isracidin,19,0,19
sucralfat,19,0,19
calophyllum,19,0,19
canadensis,19,0,19
adavosertib,19,0,19
heimbuch,19,0,19
alipay,19,0,19
persicaria,19,0,19
matin,19,0,19
camino,19,0,19
nmi,19,0,19
aza-cdr,19,0,19
vbcl-2,19,0,19
savac,19,0,19
syntocinon,19,0,19
xylometazolinehcl,19,0,19
phakellistatin,19,0,19
kangfuxinye,19,0,19
sirenia,19,0,19
siastatin,19,0,19
f16,19,0,19
ludi_1,19,0,19
celluclast,19,0,19
achromobacter,19,0,19
sine1,19,0,19
7-thia-8-oxoguanosine,19,0,19
cere,19,0,19
sponsor,19,0,19
acetyl-carnosine,19,0,19
ghx06,19,0,19
ecpg,19,0,19
lica,19,0,19
deepfolio,19,0,19
/.,19,0,19
a-2b,19,0,19
resumo,19,0,19
bil,19,0,19
cardiazol,19,0,19
domperidon,19,0,19
apothecium,19,0,19
f]atorvastatin,19,0,19
buforin,18,1,19
azepine,18,1,19
trichlorotrifluoroethane,17,2,19
desmopressine,17,2,19
thiamazol,17,2,19
imidazoles,17,2,19
cytosin,17,2,19
dexamethazone,17,2,19
benzamil,17,2,19
alfacalcidol,17,2,19
chorine,17,2,19
adipotide,17,2,19
lobaplatin,16,3,19
eptinezumab,16,3,19
cardiotoxin,16,3,19
iminosugar,16,3,19
barnidipine,16,3,19
trima,16,3,19
lactophenol,15,4,19
knottin,15,4,19
virilis,15,4,19
cyanamide,15,4,19
rnf6,15,4,19
dopexamine,15,4,19
iodopovidone,14,5,19
mellitin,13,6,19
antibiotin,13,6,19
yudin,13,6,19
pramlintide,13,6,19
pindolol,13,6,19
6mercaptopurine,13,6,19
oxatomide,12,7,19
martine,12,7,19
oxysterol,12,7,19
tetramethylcurcumin,12,7,19
adducin,11,8,19
bromus,11,8,19
epibatidine,11,8,19
emodine,11,8,19
anlotinib,11,8,19
mannostatin,11,8,19
anidulafungine,10,9,19
aziridine,10,9,19
reboxetine,10,9,19
alexidine,10,9,19
fluorocytosine,10,9,19
cordarone,10,9,19
oxoglaucine,10,9,19
pentamycin,10,9,19
chlarithromycin,10,9,19
dronabinol,10,9,19
hamycin,10,9,19
artemetherelumefantrine,10,9,19
hyporamine,10,9,19
acylovir,9,10,19
plectin,9,10,19
androstenone,9,10,19
nicergoline,9,10,19
metylprednisolone,9,10,19
gadofluorine,9,10,19
lepidine,9,10,19
cycasin,8,11,19
nemadectin,8,11,19
picovir,8,11,19
triprolidine,7,12,19
solasodine,7,12,19
l'albendazole,7,12,19
hypoglycin,5,14,19
nicalin,5,14,19
ritonivir,5,14,19
vitisin,4,15,19
hydroxyethylamine,4,15,19
thebaine,3,16,19
dichloride,3,16,19
osmotin,3,16,19
alomone,3,16,19
nabumetone,3,16,19
diiodohydroxyquinoline,2,17,19
triiodide,2,17,19
eleusine,1,18,19
anaphylatoxine,1,18,19
importin,0,19,19
koide,0,19,19
mimulone,0,19,19
epitheliasin,0,19,19
paquet,0,19,19
chlorophenylhydrazone,0,19,19
norvaline,0,19,19
leucoencephalopathy,0,19,19
franzini,0,19,19
kneebone,0,19,19
targetscan,0,19,19
vitamin d,0,19,19
byrne,0,19,19
einschränkungen,0,19,19
asp618,0,19,19
gasparrini,0,19,19
zurückgeführt,0,19,19
strategien,0,19,19
hydroxylamine hydrochloride,0,19,19
diskutiert,0,19,19
sweroside,0,19,19
torabi,0,19,19
lysophosphatidylethanolamine,0,19,19
campesin,0,19,19
cruris,0,19,19
expansin,0,19,19
benzophenanthridine,0,19,19
neurofascin,0,19,19
fontaine,0,19,19
fotheringham,0,19,19
spannungen,0,19,19
cryptophycin,0,19,19
thiocarbohydrazone,0,19,19
un'infezione,0,19,19
cellfree,0,19,19
classificazione,0,19,19
ophenylenediamine,0,19,19
kexlp,0,19,19
l'estensione,0,19,19
tabersonine,0,19,19
pianificazione,0,19,19
percezione,0,19,19
compilazione,0,19,19
il‐18,18,0,18
lactalbumin,18,0,18
jairbolsonaro,18,0,18
ap4a,18,0,18
2).it,18,0,18
coxsackieb,18,0,18
prokka,18,0,18
phenicol,18,0,18
scutellariabaicalensis,18,0,18
gspacer,18,0,18
marv,18,0,18
5-hydroxychromone,18,0,18
carbide,18,0,18
zta,18,0,18
methionine-cysteine,18,0,18
tapio,18,0,18
il-27,18,0,18
pentaglobulin,18,0,18
moldex,18,0,18
estrella,18,0,18
mouthpiece,18,0,18
beta-lactoglobulin,18,0,18
konstantinos,18,0,18
lipolysis,18,0,18
hydrogensulfide,18,0,18
hypocretin,18,0,18
usp11,18,0,18
binase,18,0,18
scintigraphy,18,0,18
puerarin,18,0,18
hfno,18,0,18
siracusa,18,0,18
proteus,18,0,18
atara,18,0,18
orf3a,18,0,18
p-nitrophenolate,18,0,18
surfactantphospholipids,18,0,18
hcv-core,18,0,18
g.radix,18,0,18
r.rosea,18,0,18
pectinase,18,0,18
rosmarinusofficinalis,18,0,18
oxidation,18,0,18
celsus,18,0,18
pia,18,0,18
antimalaria,18,0,18
prontosil,18,0,18
amylase,18,0,18
technetium,18,0,18
bba,18,0,18
barnase,18,0,18
lys-c,18,0,18
mg/m2,18,0,18
onderstepoort,18,0,18
acanthopanax,18,0,18
euk-134,18,0,18
sealant,18,0,18
17-β-estradiol,18,0,18
bruton,18,0,18
imidizole,18,0,18
cloroquina,18,0,18
nitro,18,0,18
olamine,18,0,18
h.10.1007/978,18,0,18
sandostatin,18,0,18
acf,18,0,18
tchm,18,0,18
succimer,18,0,18
nangibotide,18,0,18
bm2,18,0,18
berinert,18,0,18
pedagogy,18,0,18
valk,18,0,18
mayaro,18,0,18
piperacillin‐tazobactam,18,0,18
preuss,18,0,18
indicus,18,0,18
protoberberines,18,0,18
peppermintoil,18,0,18
zingiberofficinale,18,0,18
lipinia,18,0,18
flavodoxin,18,0,18
beta2-agonists,18,0,18
icat,18,0,18
polyunsaturated,18,0,18
hbv-,18,0,18
ifn-ω4,18,0,18
weevil,18,0,18
hhv-6,18,0,18
xeone5,18,0,18
f.indica,18,0,18
aluminumhydroxide,18,0,18
catenin,18,0,18
f.isatidis,18,0,18
codex,18,0,18
jun,18,0,18
greta,18,0,18
he,18,0,18
fiscal,18,0,18
stachybotrys,18,0,18
l.casei,18,0,18
coxsackievirusa10,18,0,18
dichloromethane,18,0,18
α-lactalbumin,18,0,18
methocel,18,0,18
epiglottis,18,0,18
zygomycosis,18,0,18
pegifn-α,18,0,18
ascoli,18,0,18
epac,18,0,18
mtor,18,0,18
dracunculifolia,18,0,18
baccharis,18,0,18
fire,18,0,18
pz,18,0,18
hg,18,0,18
berry,18,0,18
ors,18,0,18
atractylodin,18,0,18
vgg-16,18,0,18
mir-200c-3p,18,0,18
förster,18,0,18
metchnikoff,18,0,18
packrat,18,0,18
ophiopogonis,18,0,18
n-desmethylclozapine,18,0,18
gypsumfibrosum,18,0,18
aneurin,18,0,18
ifn-alfa,18,0,18
gelatinase,18,0,18
herodotus,18,0,18
amb.,18,0,18
palytoxin,18,0,18
iud,18,0,18
hypnosis,18,0,18
xylanolytic,18,0,18
monin,18,0,18
trimethoprim/sulfadiazine,18,0,18
nebuliser,18,0,18
nais,18,0,18
lanseria,18,0,18
insar,18,0,18
biv,18,0,18
xylanases,18,0,18
vegas,18,0,18
gru,18,0,18
l-glucose,18,0,18
amnion,18,0,18
li11,18,0,18
t.asiatica,18,0,18
brundtland,18,0,18
un,18,0,18
meskin,18,0,18
gasparin,18,0,18
rights,18,0,18
g4-sirna,18,0,18
telegraph,18,0,18
xdr-tb,18,0,18
hpv-51,18,0,18
heraclitus,18,0,18
β-defensin-1,18,0,18
cladribin,18,0,18
tino,18,0,18
warum,18,0,18
gsdmd,18,0,18
perin,18,0,18
macer,18,0,18
gonorrhea,18,0,18
mir-212,18,0,18
pedv-3clpro,18,0,18
cyclophilina,18,0,18
sb203580,18,0,18
n-diisopropylethylamine,18,0,18
nfp-1,18,0,18
metastin,18,0,18
prolia,18,0,18
anti-mir-21,18,0,18
cytosorb,18,0,18
nic,18,0,18
mir-615-3p,18,0,18
fraxinus,18,0,18
sdpp-4,18,0,18
cerenkov,18,0,18
polycystin-2,18,0,18
thiolates,18,0,18
zorn,18,0,18
chloralose,18,0,18
o-acetylated,18,0,18
amphioxus,18,0,18
hsa-mir-1307,18,0,18
h.perforatum,18,0,18
halofuginonelactate,18,0,18
leximin,18,0,18
mir-486,18,0,18
cvvh,18,0,18
flurbiprofeno,18,0,18
atg16l1,18,0,18
odessa,18,0,18
sars-cov,18,0,18
hneil1,18,0,18
dotarem,18,0,18
sunscreens,18,0,18
pagallo,18,0,18
mirabamide,18,0,18
ndi,18,0,18
ifn/ribavirin,18,0,18
entropion,18,0,18
vp6,18,0,18
lbpro,18,0,18
ang2,18,0,18
ssn,18,0,18
dmr,18,0,18
adtra,18,0,18
anti-il1,18,0,18
cefto,18,0,18
peroxone,18,0,18
ara,18,0,18
antimicrob,18,0,18
lempel-ziv,18,0,18
oolonghomobisflavan-a,18,0,18
-oxygen,18,0,18
mpr,18,0,18
woven,18,0,18
hc-pro,18,0,18
dabei,18,0,18
nein,18,0,18
ficolins,18,0,18
ipb02,18,0,18
slovenia,18,0,18
hesperomyces,18,0,18
sodalis,18,0,18
il-38,18,0,18
knl,18,0,18
glp-2,18,0,18
ageratum,18,0,18
zinc000003831594,18,0,18
darunavir/r,18,0,18
gluteus,18,0,18
ncdo,18,0,18
emodi,18,0,18
hpv-vlp,18,0,18
deflazacort,18,0,18
mir126,18,0,18
sbe-13,18,0,18
phosphoramidates,18,0,18
ceesat,18,0,18
tinnitus,18,0,18
dapi,18,0,18
rfeifn‐ω,18,0,18
diotascalpellum,18,0,18
pterin,18,0,18
pk11195,18,0,18
pboc,18,0,18
esculin,18,0,18
alp,18,0,18
p-i-p,18,0,18
mdma,18,0,18
bax/bak,18,0,18
endostapler,18,0,18
hsvr,18,0,18
fgdf,18,0,18
mbkm,18,0,18
danpi,18,0,18
avns,18,0,18
rhinogard,18,0,18
amirna_b,18,0,18
ldt,18,0,18
rcrt,18,0,18
graal,18,0,18
cupridyneiodine,18,0,18
thiomarinol,18,0,18
mpro-sauchinone,18,0,18
agellin,18,0,18
introduction,18,0,18
b-glucan,18,0,18
peg-ifna-2a,18,0,18
bzd,18,0,18
ium,18,0,18
radial,18,0,18
portapres,18,0,18
chartocerus,18,0,18
bu-cy,18,0,18
fortifi,18,0,18
etheroll,18,0,18
tc-levofloxacin,18,0,18
ro31,18,0,18
peit,18,0,18
vetoer,18,0,18
cide,17,1,18
nurofen,17,1,18
samt,17,1,18
leuprorelin,17,1,18
fibulin,17,1,18
valtrex,17,1,18
flomoxef,17,1,18
gal-3,17,1,18
oligonucleotide,16,2,18
selenide,16,2,18
guerin,16,2,18
tricaine,16,2,18
rine,16,2,18
bromobenzene,15,3,18
dexpanthenol,15,3,18
meptazinol,15,3,18
tetrazine,15,3,18
aloenin,15,3,18
digoxygenin,14,4,18
amfetamine,14,4,18
nimocin,14,4,18
acetanilide,14,4,18
-remdesivir,14,4,18
teprotide,13,5,18
antrafenine,13,5,18
immanuel,13,5,18
vasostatin,13,5,18
kardex,13,5,18
fosfomycine,12,6,18
mocetinostat,12,6,18
sitoxin,12,6,18
cyclaradine,12,6,18
tirapazamine,12,6,18
oliceridine,12,6,18
oxiconazole,11,7,18
nitrazine,11,7,18
prumnopitys,11,7,18
meridine,11,7,18
piperacilline,11,7,18
adriamycine,11,7,18
bromadiolone,11,7,18
nafarelin,11,7,18
fluridone,11,7,18
cyclophosfamide,11,7,18
avanafil,10,8,18
montanastatin,10,8,18
yutin,10,8,18
cariprazine,10,8,18
amisulpride,10,8,18
fucosterol,10,8,18
atovaquoneeproguanil,10,8,18
sulfachloropyridiazine,9,9,18
tioconazole,9,9,18
ribofuranoside,9,9,18
pentoxiphylline,9,9,18
sangivamycin,9,9,18
genistin,9,9,18
methylcytosine,9,9,18
buparvaquone,9,9,18
peramavir,9,9,18
dacetuzumab,9,9,18
naftazone,9,9,18
carfilozomib,9,9,18
zole,9,9,18
cryptocin,8,10,18
saxitoxin,8,10,18
genmab,8,10,18
halicin,8,10,18
mycobactin,8,10,18
neurocrine,8,10,18
azulfidine,8,10,18
norfluoxetine,8,10,18
chloramidine,8,10,18
isoliensinine,8,10,18
alvespimycin,8,10,18
cenerimod,8,10,18
thymopoietin,8,10,18
polyprenol,8,10,18
tetrofosmin,8,10,18
tranquilizer,7,11,18
rolitetracycline,7,11,18
cixutumumab,7,11,18
stromelysin,7,11,18
tribendimidine,7,11,18
captodiamine,7,11,18
rohou,6,12,18
ritonovir,6,12,18
phenole,6,12,18
benzoquinone,6,12,18
asenapine,6,12,18
polydopamine,5,13,18
thiaminase,5,13,18
chlorpropamide,5,13,18
cefalotin,4,14,18
isosorbide,4,14,18
wellbutrin,4,14,18
crinamine,4,14,18
protoapigenone,4,14,18
oestrone,4,14,18
sulfathiazole,3,15,18
benzimidazolone,3,15,18
remdsivir,3,15,18
maresine,3,15,18
evone,3,15,18
tiagabine,3,15,18
pyrogen,3,15,18
somniferine,2,16,18
fatigue,2,16,18
oligoarginine,2,16,18
phenanthroline,2,16,18
rubusoside,2,16,18
benzodioxole,1,17,18
novantrone,1,17,18
pyserini,1,17,18
maitotoxin,1,17,18
benzoxazine,0,18,18
feinstone,0,18,18
paramyosin,0,18,18
nonimmune,0,18,18
fenichel,0,18,18
bongiorno,0,18,18
tetradecapeptide,0,18,18
cubilin,0,18,18
michalak,0,18,18
avestin,0,18,18
effectene,0,18,18
ortin,0,18,18
galione,0,18,18
angehörigen,0,18,18
tangeretin,0,18,18
anura,0,18,18
keratohyaline,0,18,18
terizidone,0,18,18
cardíacos,0,18,18
lymphomata,0,18,18
suel,0,18,18
intramuscular,0,18,18
invivogen,0,18,18
palatin,0,18,18
cyclobutane,0,18,18
imidazoquinoline,0,18,18
deoxycylindrospermopsin,0,18,18
〈x,0,18,18
figueiredo,0,18,18
fanzo,0,18,18
lungworm,0,18,18
rnf146,0,18,18
gpr120,0,18,18
dihydrorhodamine,0,18,18
combinazione,0,18,18
npc1-c,0,18,18
osservazione,0,18,18
ͻ0.05,0,18,18
vasodilatazione,0,18,18
leonard,17,0,17
spinosyn,17,0,17
speaker,17,0,17
alkyl,17,0,17
dash,17,0,17
amblyomma,17,0,17
bandelin,17,0,17
vastus,17,0,17
nigricans,17,0,17
interferon-α-2b,17,0,17
quadrivalentvaccine,17,0,17
cgb,17,0,17
drd,17,0,17
[3h]pitavastatin,17,0,17
racemate,17,0,17
dinaciclib,17,0,17
stearate,17,0,17
apom,17,0,17
ceramidase,17,0,17
msh,17,0,17
citric,17,0,17
7-propargyltheophylline,17,0,17
nacystelyn,17,0,17
saikosaponind,17,0,17
hgf,17,0,17
anfinsen,17,0,17
salicylic,17,0,17
ds,17,0,17
bntx,17,0,17
aranesp,17,0,17
thiosulphate,17,0,17
slip,17,0,17
lemtrada,17,0,17
mir-494,17,0,17
alnifolia,17,0,17
plasticizers,17,0,17
avidin-biotin,17,0,17
hypochloride,17,0,17
ivan,17,0,17
erin,17,0,17
topv,17,0,17
nhc,17,0,17
smallpoxvaccine,17,0,17
ovule,17,0,17
palin,17,0,17
asma,17,0,17
picea,17,0,17
polyomaviruses,17,0,17
acoh,17,0,17
bruce,17,0,17
rubitecan,17,0,17
isoprostane,17,0,17
stigmasterol,17,0,17
epidermidis,17,0,17
halt,17,0,17
penicillum,17,0,17
periplanetaamericana,17,0,17
gga-mir-155,17,0,17
bazin,17,0,17
antipneumocystis,17,0,17
nesterov,17,0,17
rcc1,17,0,17
cua,17,0,17
zinc-finger,17,0,17
a.membranaceus,17,0,17
ici,17,0,17
clobetasol,17,0,17
tlr5,17,0,17
panaxnotoginseng,17,0,17
epicatechins,17,0,17
trigonella,17,0,17
milton,17,0,17
radioisotope,17,0,17
d274,17,0,17
novichok,17,0,17
advocacy,17,0,17
siraj,17,0,17
ruskin,17,0,17
porcupine,17,0,17
mayer,17,0,17
fmk,17,0,17
micronutrients,17,0,17
spl,17,0,17
orchidaceae,17,0,17
bulbophyllum,17,0,17
peep,17,0,17
bisphosphate,17,0,17
quinina,17,0,17
trail-r,17,0,17
zanella,17,0,17
anti-alcohol,17,0,17
lister,17,0,17
mandelbrot,17,0,17
gallachinensis,17,0,17
4-pba,17,0,17
incidin,17,0,17
ra,17,0,17
gemcitabine/cisplatin,17,0,17
vis,17,0,17
eg,17,0,17
glycyrrhetinic,17,0,17
mecp2,17,0,17
glandulifera,17,0,17
h3k4,17,0,17
monero,17,0,17
ragin,17,0,17
gowns,17,0,17
urodilatin,17,0,17
muhammadiyah,17,0,17
metin,17,0,17
vsl2,17,0,17
vl3,17,0,17
alcohol-zpt,17,0,17
hpβcd,17,0,17
salmeterolxinafoate,17,0,17
wirksam,17,0,17
petrus,17,0,17
fhte,17,0,17
pseudogymnoascus,17,0,17
il-21,17,0,17
ifosfamid,17,0,17
chondrocyte,17,0,17
phenamil,17,0,17
rhodesain,17,0,17
f.chinensis,17,0,17
hydroxytamoxifen,17,0,17
agua,17,0,17
benito,17,0,17
magnesiumstearate,17,0,17
mir-451,17,0,17
tungstate,17,0,17
s-nitroso-n-acetylpenicillamine,17,0,17
penicillia,17,0,17
nabr,17,0,17
dazomet,17,0,17
arthroscopy,17,0,17
ccda,17,0,17
biliverdin,17,0,17
ep,17,0,17
dtra,17,0,17
beclometasona,17,0,17
glutamines,17,0,17
emla,17,0,17
mir-23a,17,0,17
flavescens,17,0,17
inotropica,17,0,17
vp2,17,0,17
vice-president,17,0,17
hepatica,17,0,17
yl,17,0,17
sbt/abpc,17,0,17
omega-6,17,0,17
end-tidal,17,0,17
brewster,17,0,17
sox,17,0,17
suprelorin,17,0,17
chlorhexidine-impregnated,17,0,17
sglt,17,0,17
fisch,17,0,17
endoderm,17,0,17
trem-1,17,0,17
macronutrient,17,0,17
pyrethroid,17,0,17
zbp1,17,0,17
covzxc21,17,0,17
quinicacid,17,0,17
antiemetics,17,0,17
oxylog,17,0,17
resnet-152,17,0,17
andrographis,17,0,17
syndecan,17,0,17
cumhur,17,0,17
e3,17,0,17
uronium,17,0,17
hydrocarbons,17,0,17
sanitisers,17,0,17
dhx29,17,0,17
α2b,17,0,17
nr3c1,17,0,17
tobramicina,17,0,17
coxsackieviruses,17,0,17
fpg,17,0,17
glycinebetaine,17,0,17
itf,17,0,17
glottidis,17,0,17
nocardia,17,0,17
riccardo,17,0,17
enogen,17,0,17
hrifn-α2a,17,0,17
mpro-darunavir,17,0,17
mfg,17,0,17
glycyrrhizaepreparata,17,0,17
smv,17,0,17
south,17,0,17
cantril,17,0,17
cpc,17,0,17
aggrecanase,17,0,17
h3k36,17,0,17
cervia,17,0,17
trichogin,17,0,17
ado-trastuzumab,17,0,17
cetrorelix,17,0,17
scfas,17,0,17
rosacea,17,0,17
ilaria,17,0,17
tetanus-diphtheria,17,0,17
k7,17,0,17
adipocyte,17,0,17
reba,17,0,17
maxingshigan-yinqiaosan,17,0,17
cpg.,17,0,17
pulmicort,17,0,17
nitrosated,17,0,17
backtr,17,0,17
evandro,17,0,17
metavelvet,17,0,17
ott,17,0,17
liquiritiae,17,0,17
arbutus,17,0,17
mirna-122,17,0,17
rhuifn-α,17,0,17
brazil,17,0,17
diät,17,0,17
xiaoyao,17,0,17
alma,17,0,17
chinolones,17,0,17
peginterferon/ribavirin,17,0,17
—c6,17,0,17
malectin,17,0,17
onasemnogene,17,0,17
ads-j1,17,0,17
epigoitrin,17,0,17
eda,17,0,17
cys38,17,0,17
vaccae,17,0,17
bht,17,0,17
tfic,17,0,17
arg1,17,0,17
l-glutamate,17,0,17
glp-1r,17,0,17
dav,17,0,17
vitamin-c,17,0,17
tetrazoles,17,0,17
d1466,17,0,17
jao,17,0,17
acesulfame-k,17,0,17
inp,17,0,17
cimicifuga,17,0,17
forsythosidea,17,0,17
girard,17,0,17
thymeeo,17,0,17
dfo,17,0,17
thallium-201,17,0,17
picornain,17,0,17
darunavir/r-cart,17,0,17
thymosin-α1,17,0,17
t-1249,17,0,17
fit,17,0,17
theaflavindigallate,17,0,17
pantin,17,0,17
nitrospirae,17,0,17
cefuroxima,17,0,17
aminophen,17,0,17
bolsonarism,17,0,17
hrc1,17,0,17
polycystin-1,17,0,17
ipratropiumbromid,17,0,17
pegifn‐α/ribavirin,17,0,17
napyr,17,0,17
icdt-npi,17,0,17
lactamase,17,0,17
oreganooil,17,0,17
tpo-ra,17,0,17
agnoprotein,17,0,17
peroxydisulfate,17,0,17
qw,17,0,17
silmitasertib,17,0,17
-estradiol,17,0,17
densenet121,17,0,17
peg-filgrastim,17,0,17
brevifolia,17,0,17
temora,17,0,17
cvah,17,0,17
ldv/sof,17,0,17
r788,17,0,17
sbccc,17,0,17
bird,17,0,17
pum,17,0,17
agnhp,17,0,17
roca,17,0,17
heparin/lmwh,17,0,17
uorouracil,17,0,17
busulfan-cyclophosphamide,17,0,17
peg-ifn-,17,0,17
fzhy,17,0,17
fraxiparin,17,0,17
hemofi,17,0,17
fol,17,0,17
gonophor,17,0,17
ivacaftor/lumacaftor,17,0,17
nitrofurantoïne,17,0,17
cerclage,17,0,17
pentylenetetrazol,16,1,17
varicellavaccine,16,1,17
pentaglycine,16,1,17
laetrile,15,2,17
carbidopa,15,2,17
debatin,15,2,17
talimogene,15,2,17
norepinephrin,14,3,17
eriodictyol,14,3,17
sulfoximine,14,3,17
glycinin,14,3,17
terbutalin,14,3,17
kinine,13,4,17
kanamycine,13,4,17
robine,13,4,17
glatirameracetat,13,4,17
tevagrastim,13,4,17
chloroguanine,12,5,17
chlorexidine,12,5,17
minocyclin,12,5,17
ifosphamide,12,5,17
katacalcin,11,6,17
rivavirin,11,6,17
hetacillin,11,6,17
paramomycin,11,6,17
sosin,11,6,17
jasmine,11,6,17
dianisidine,11,6,17
repine,11,6,17
echinoside,11,6,17
gabazine,10,7,17
gracillin,10,7,17
ipronidazole,10,7,17
ampreloxetine,10,7,17
dynemicin,9,8,17
alstine,9,8,17
sulfomucin,9,8,17
listerin,9,8,17
guggulsterone,9,8,17
ceftriazone,9,8,17
gentocin,9,8,17
apoferritin,9,8,17
pyridoxin,9,8,17
lapaquistat,9,8,17
tyrocidine,8,9,17
isoboldine,8,9,17
nitazoxamide,8,9,17
negamycin,8,9,17
viomycin,8,9,17
cherylline,8,9,17
choloquine,8,9,17
resilin,8,9,17
dibutyltin,8,9,17
clostripain,8,9,17
carbenoxelone,8,9,17
carbamylcholine,8,9,17
thiazolidone,8,9,17
roxindol,8,9,17
ametantrone,7,10,17
ethopropazine,7,10,17
dithizone,7,10,17
remedisivir,7,10,17
calophyllolide,7,10,17
remidesivir,7,10,17
tolicizumab,7,10,17
tyrothricin,6,11,17
dibutylamine,6,11,17
selpercatinib,6,11,17
sulesomab,6,11,17
reolysin,6,11,17
aogen,5,12,17
zosyn,5,12,17
fijianolide,5,12,17
saralasin,5,12,17
trichloroethane,5,12,17
angiomotin,5,12,17
lactitol,4,13,17
deoxyinosine,4,13,17
diphacinone,4,13,17
nantenine,3,14,17
gasparini,3,14,17
dilysine,3,14,17
chloroeremomycin,3,14,17
piperonylamine,3,14,17
prunasin,3,14,17
formamidine,3,14,17
junin,3,14,17
navelbine,3,14,17
diastole,2,15,17
phosphoethanolamine,2,15,17
insektizide,2,15,17
bavachinin,2,15,17
protopine,2,15,17
madeleine,2,15,17
recomodulin,2,15,17
psoriasin,1,16,17
angiotensine,1,16,17
betaactin,1,16,17
akihiko,0,17,17
utérine,0,17,17
longissimus,0,17,17
abgewogen,0,17,17
komplikationsrisiko,0,17,17
trnava,0,17,17
poinar,0,17,17
d'andrea,0,17,17
second‐line,0,17,17
rhabdomyolysis,0,17,17
sec−1,0,17,17
tätigen,0,17,17
galeno,0,17,17
writebol,0,17,17
prover,0,17,17
nmole,0,17,17
zurückgegangen,0,17,17
oberflächenproteine,0,17,17
chandipura,0,17,17
kranken,0,17,17
garcin,0,17,17
wrairi,0,17,17
geräten,0,17,17
lymphotoxin,0,17,17
silver sulfadiazine,0,17,17
trimethoprim sulfamethoxazole,0,17,17
zugeordnet,0,17,17
neurolysin,0,17,17
gentilini,0,17,17
kontaminationsrisiko,0,17,17
butowt,0,17,17
sodium iodide,0,17,17
döhle,0,17,17
potassium bromide,0,17,17
obvelata,0,17,17
rodwin,0,17,17
linfáticos,0,17,17
lorraine,0,17,17
norpluviine,0,17,17
carandai,0,17,17
thematisiert,0,17,17
l'adesione,0,17,17
f]fluoride,0,17,17
l'organizzazione,0,17,17
d1,16,0,16
humidity,16,0,16
fumarase,16,0,16
a779,16,0,16
rényi,16,0,16
alv,16,0,16
dongguan,16,0,16
hydrochlorides,16,0,16
taliban,16,0,16
ernst,16,0,16
aquarius,16,0,16
dd3,16,0,16
protα,16,0,16
bite,16,0,16
t.cordifolia,16,0,16
it3,16,0,16
hypomagnesemia,16,0,16
corticoides,16,0,16
alfaxan,16,0,16
palmitoleate,16,0,16
fxr,16,0,16
swaziland,16,0,16
n-diethyl-m-toluamide,16,0,16
procyanidin,16,0,16
hexamethylenetetramine,16,0,16
flavagline,16,0,16
erinaceus,16,0,16
riak,16,0,16
arsenicumalbum,16,0,16
landiolol,16,0,16
ub-vme,16,0,16
dimethicone,16,0,16
octubre,16,0,16
stma,16,0,16
azadirachtaindica,16,0,16
peknn,16,0,16
frank,16,0,16
methotrexaat,16,0,16
hpv-6,16,0,16
qg,16,0,16
m826,16,0,16
coxibs,16,0,16
mir-378,16,0,16
laryngoscopy,16,0,16
hypercarb,16,0,16
l-cis-diltiazem,16,0,16
crt,16,0,16
carnosol,16,0,16
twitter,16,0,16
sodiumhydride,16,0,16
linguatula,16,0,16
hydrochloric,16,0,16
pentosan,16,0,16
mccain,16,0,16
indolocarbazoles,16,0,16
vitamincsupplementation,16,0,16
zingiberis,16,0,16
pacer,16,0,16
bisphenol-a,16,0,16
eubacterium,16,0,16
tamarix,16,0,16
thymeoil,16,0,16
medica,16,0,16
mir-203,16,0,16
eif5b,16,0,16
rapin,16,0,16
renally,16,0,16
rb150,16,0,16
c5a,16,0,16
/ritonavir,16,0,16
indolicidin,16,0,16
cardioviruses,16,0,16
norcantharidin,16,0,16
hypervitaminosis,16,0,16
anisamide,16,0,16
ranbpm,16,0,16
academia,16,0,16
bifidobacteriaceae,16,0,16
suharto,16,0,16
t.forsythia,16,0,16
muciniphila,16,0,16
eleutherococcus,16,0,16
poloxalene,16,0,16
smallpox,16,0,16
lumb,16,0,16
ara-atp,16,0,16
aconite,16,0,16
naf,16,0,16
psoraleacorylifolia,16,0,16
groel,16,0,16
phene,16,0,16
srb,16,0,16
hexane,16,0,16
trehalase,16,0,16
vitaminsd,16,0,16
flip,16,0,16
pyrus,16,0,16
pyrethrum,16,0,16
sedative,16,0,16
hypotensive,16,0,16
culex,16,0,16
csn,16,0,16
frb,16,0,16
trypanocide,16,0,16
esteroides,16,0,16
guanidinehydrochloride,16,0,16
d-desthiobiotin,16,0,16
rapach,16,0,16
va-ecmo,16,0,16
nanoparticles,16,0,16
alemania,16,0,16
cxcl,16,0,16
sosa,16,0,16
msc-cm,16,0,16
(r)-goitrin,16,0,16
lavandula,16,0,16
gymnosperm,16,0,16
umbilicalis,16,0,16
oxfam,16,0,16
mir-4331,16,0,16
protalix,16,0,16
mirin,16,0,16
quarfloxin,16,0,16
cedar,16,0,16
drosophila,16,0,16
antipyretica,16,0,16
doh,16,0,16
colonel,16,0,16
abl1,16,0,16
schischk,16,0,16
serrata,16,0,16
lenalidomide-dexamethasone,16,0,16
asct1,16,0,16
braidotti,16,0,16
a22,16,0,16
chauvin,16,0,16
pe2,16,0,16
sufi,16,0,16
lucifer,16,0,16
qfpdt,16,0,16
vac,16,0,16
mir-144,16,0,16
l-glutamin,16,0,16
laminb1,16,0,16
n-glycosidase,16,0,16
serrulatus,16,0,16
dsp1,16,0,16
batam,16,0,16
ps9,16,0,16
palmiter,16,0,16
sialicacids,16,0,16
fossil,16,0,16
neemcake,16,0,16
asmq,16,0,16
parpi,16,0,16
marcellus,16,0,16
azithromycin/hydroxychloroquine,16,0,16
caffe,16,0,16
miranda,16,0,16
torii,16,0,16
hemiacetal,16,0,16
salp,16,0,16
hho,16,0,16
orf5a,16,0,16
pneumococcalpolysaccharides,16,0,16
brac,16,0,16
clef,16,0,16
zs,16,0,16
bzip60,16,0,16
pheromone,16,0,16
fuzzicide,16,0,16
5-methylcytosine,16,0,16
damodaran,16,0,16
atg8,16,0,16
antitussives,16,0,16
saginata,16,0,16
pegram,16,0,16
advagraf,16,0,16
rhifn-α,16,0,16
aet,16,0,16
holder,16,0,16
quercetin7-rhamnoside,16,0,16
hcvns3,16,0,16
acerodon,16,0,16
tzp,16,0,16
humilis,16,0,16
25-hydroxy-vitamind,16,0,16
rov-asp-1adjuvant,16,0,16
debt,16,0,16
bcl-2/bax,16,0,16
swarna,16,0,16
cand5,16,0,16
yxm-110,16,0,16
pyrimethamine-sulfadoxine,16,0,16
kristalloide,16,0,16
quinopristin/dalfopristin,16,0,16
0.it,16,0,16
igkv1,16,0,16
e-beam,16,0,16
ceas,16,0,16
esterase,16,0,16
resochin,16,0,16
ijv,16,0,16
protac,16,0,16
cinnamomumcassia,16,0,16
procyanidinb2,16,0,16
iit,16,0,16
webex,16,0,16
dpp-iv,16,0,16
neomycine,16,0,16
gardeniae,16,0,16
coxsackievirusa21,16,0,16
wj-mscs,16,0,16
shenhuang,16,0,16
protamin,16,0,16
artin,16,0,16
zf,16,0,16
mir-574,16,0,16
phytocystatins,16,0,16
cystatine,16,0,16
toptan,16,0,16
hpv-e7,16,0,16
gnf,16,0,16
kristin,16,0,16
oxymeter,16,0,16
alkylate,16,0,16
nae,16,0,16
pelecanoides,16,0,16
ifn-κ,16,0,16
cal,16,0,16
dene,16,0,16
tx19,16,0,16
2′-fdc,16,0,16
ethanol-based,16,0,16
xopd,16,0,16
cyclind3,16,0,16
dapson,16,0,16
c052,16,0,16
holrr,16,0,16
menthapiperita,16,0,16
dick,16,0,16
iso-propanol,16,0,16
smip004,16,0,16
otto,16,0,16
spiriman,16,0,16
wtap,16,0,16
ferasin,16,0,16
arc,16,0,16
stomoxys,16,0,16
fad,16,0,16
pt-gliadin,16,0,16
bianchini,16,0,16
antiseptikum,16,0,16
dermcidin,16,0,16
vitamind3supplementation,16,0,16
resolvine1,16,0,16
jp-iv,16,0,16
bachtold,16,0,16
xiao-chai-hu-tang,16,0,16
taverna,16,0,16
methomyl,16,0,16
pe-kaa-2,16,0,16
cva21,16,0,16
nrir,16,0,16
nvidia,16,0,16
provet,16,0,16
plasty,16,0,16
glucosinolates,16,0,16
penduletin,16,0,16
rio,16,0,16
rabbi,16,0,16
dim,16,0,16
pericyst,16,0,16
pepsurf,16,0,16
plutarch,16,0,16
c16,16,0,16
rs-batcovhku32,16,0,16
hpv41,16,0,16
y93h,16,0,16
tecarfarin,16,0,16
vamos,16,0,16
l-ornithine,16,0,16
mesilate,16,0,16
α-terpineol,16,0,16
pterostichus,16,0,16
sulfo-siab,16,0,16
aca,16,0,16
hegel,16,0,16
afib,16,0,16
mir-100,16,0,16
radiatio,16,0,16
parathyroid,16,0,16
silene,16,0,16
spx,16,0,16
saccharinajaponica,16,0,16
rse,16,0,16
mk-571,16,0,16
"2,6-lutidine",16,0,16
ace2-sirna,16,0,16
vhl,16,0,16
p85,16,0,16
curis,16,0,16
ad-sirna,16,0,16
simcl1,16,0,16
asparagus,16,0,16
dhg,16,0,16
agelas,16,0,16
zera,16,0,16
3-drug,16,0,16
indigodole,16,0,16
quinquestriatus,16,0,16
ilizarov,16,0,16
writing-original,16,0,16
andro,16,0,16
daisy,16,0,16
hd-mtx,16,0,16
rini,16,0,16
hasta,16,0,16
xanthan,16,0,16
icv-testosterone,16,0,16
podocarpus,16,0,16
dx-890,16,0,16
α-carotene,16,0,16
bont-a,16,0,16
bambuterol,16,0,16
pianist,16,0,16
max-smt,16,0,16
ptpc,16,0,16
alnus,16,0,16
trioxaferroquines,16,0,16
ddne,16,0,16
rosmaricine_14,16,0,16
g.senegalensis,16,0,16
vapreotida,16,0,16
fullerenol,16,0,16
beclometason,16,0,16
fluticason,16,0,16
thiadiazoloneisomers,16,0,16
moin,16,0,16
mb4,16,0,16
jip1,16,0,16
monolaurin,16,0,16
ssdna,16,0,16
gga-mir-454,16,0,16
gga-mir-16,16,0,16
glo-pgnn,16,0,16
opt-80,16,0,16
d3r,16,0,16
hiv-pos,16,0,16
heberon,16,0,16
a-carotene,16,0,16
b-estradiol,16,0,16
pam3c,16,0,16
nintendo-wii®,16,0,16
solidarietà,16,0,16
b-hexosaminidase,16,0,16
.curcumin,16,0,16
troll,16,0,16
.heparin,16,0,16
glucarpidase,16,0,16
dxylose,16,0,16
ozin,16,0,16
antidepressivum,16,0,16
y-globulin,16,0,16
mett,16,0,16
resovist,16,0,16
vx-770,16,0,16
vib,16,0,16
canonica,16,0,16
taeniaesporites,16,0,16
3-hp-,16,0,16
chlorzoxazone,15,1,16
cannabidiol,15,1,16
cyclopium,15,1,16
rhamnoside,15,1,16
monoterpene,15,1,16
arsenicum,15,1,16
cephapirin,15,1,16
sarasinoside,15,1,16
prolastin,15,1,16
aporphine,14,2,16
ctriporin,14,2,16
.cyclophosphamide,14,2,16
bardoxolone,14,2,16
wiskostatin,14,2,16
trentin,14,2,16
glycophorin,14,2,16
dimitri,14,2,16
primaxin,14,2,16
peruvoside,14,2,16
antin,14,2,16
adamax,13,3,16
metlin,13,3,16
deoxypodophyllotoxin,13,3,16
zeatin,13,3,16
xanthii,13,3,16
acivicin,13,3,16
lamotrigin,13,3,16
poxin,13,3,16
fosinoprilat,12,4,16
bisdemethoxycurcumin,12,4,16
hydroxycholoquine,12,4,16
oxivir,12,4,16
pefloxacine,12,4,16
ropivacain,12,4,16
spastin,12,4,16
depreotide,12,4,16
isoacteoside,11,5,16
arsphenamine,11,5,16
aclacinomycin,11,5,16
chlorproguanil,11,5,16
liparis,11,5,16
gluzincin,11,5,16
-oseltamivir,11,5,16
tezosentan,10,6,16
kaposin,10,6,16
dacinostat,10,6,16
nalmefene,10,6,16
cathepsine,10,6,16
procysteine,10,6,16
amatadine,10,6,16
cepharaanthine,10,6,16
methoctramine,10,6,16
dithranol,10,6,16
tygecycline,10,6,16
alkamide,10,6,16
selemectin,10,6,16
reprokine,10,6,16
seanol,10,6,16
flunitrazepam,9,7,16
dermaseptin,9,7,16
procine,9,7,16
dercitamine,9,7,16
romiplostin,9,7,16
leupetin,9,7,16
ascomycin,9,7,16
ritodrine,9,7,16
drosocin,9,7,16
clobutinol,9,7,16
ceftazidine,9,7,16
l'aciclovir,9,7,16
trapidil,9,7,16
hypericine,9,7,16
detorubicin,8,8,16
carubicin,8,8,16
cathelicidine,8,8,16
avifavir,8,8,16
artemitin,8,8,16
chlorcyclizine,8,8,16
umefenovir,8,8,16
ashwagandhanolide,8,8,16
binimetinib,8,8,16
rebastinib,8,8,16
neamphamide,8,8,16
marbofloxacine,8,8,16
alimemazine,8,8,16
clofazamine,8,8,16
osletamivir,8,8,16
nitroaniline,8,8,16
favipinavir,8,8,16
bromouridine,8,8,16
amuvatinib,8,8,16
azacitadine,8,8,16
redaciclovir,8,8,16
methylenedioxymethamphetamine,8,8,16
triomab,8,8,16
valomaciclovir,8,8,16
gellin,8,8,16
bromoethylamine,8,8,16
hemocytin,8,8,16
festinavir,8,8,16
hydroxychlroquine,8,8,16
yondelis,8,8,16
lofexidine,8,8,16
jakotinib,8,8,16
gramoxone,8,8,16
trizivir,8,8,16
levoxacin,8,8,16
daclastasvir,8,8,16
cambendazole,8,8,16
telaprivir,8,8,16
apolizumab,8,8,16
fisinin,8,8,16
remantadine,8,8,16
tylophrinidine,8,8,16
fapiravir,8,8,16
bremazocine,8,8,16
trimethoprimesulfamethoxazole,8,8,16
hyperin,8,8,16
.tofacitinib,8,8,16
azoprocarbazine,8,8,16
rivastatin,8,8,16
pencyclovir,7,9,16
hydroxyquinoline,7,9,16
ecallantide,7,9,16
oseltamvir,7,9,16
chloromycetin,7,9,16
triglycine,7,9,16
flixotide,7,9,16
losoxantrone,6,10,16
momilactone,6,10,16
morusin,6,10,16
xanthinin,6,10,16
streptothricin,6,10,16
imidazoline,6,10,16
enterolobin,6,10,16
chlooramfenicol,6,10,16
pinacidil,6,10,16
gossypetin,5,11,16
atabrine,5,11,16
hemidesmus,5,11,16
proligestone,5,11,16
phosphoserine,5,11,16
claritromicin,5,11,16
dihydroxychromone,5,11,16
sulfametoxazole,5,11,16
rnf5,5,11,16
vicodin,5,11,16
jesterone,4,12,16
kyprolis,4,12,16
sacsin,4,12,16
antichymotrypsin,4,12,16
linderone,3,13,16
pestacin,3,13,16
debromohymenialdisine,3,13,16
terameprocol,3,13,16
diaminopurine,2,14,16
caranine,2,14,16
hippeastrine,2,14,16
nigrosin,2,14,16
fusin,2,14,16
nucleolin,2,14,16
cenobamate,2,14,16
phen,2,14,16
telecare,2,14,16
regucalcin,2,14,16
amitryptiline,2,14,16
xenin,2,14,16
diamorphine,2,14,16
defensine,1,15,16
bisindole,1,15,16
porphobilinogen,1,15,16
margesin,0,16,16
delta-9-tetrahydrocannabinol,0,16,16
dosed,0,16,16
phytohormone,0,16,16
prolaktin,0,16,16
neurontin,0,16,16
apennine,0,16,16
plemper,0,16,16
galactosylceramide,0,16,16
glypican,0,16,16
troponine,0,16,16
saltelli,0,16,16
lavrov,0,16,16
mannac,0,16,16
quercitin,0,16,16
splenium,0,16,16
tshwane,0,16,16
nervine,0,16,16
triatomine,0,16,16
enteropathy,0,16,16
überlegen,0,16,16
beaucourt,0,16,16
ärzten,0,16,16
ttsuv1,0,16,16
biogasoline,0,16,16
spathulenol,0,16,16
sandholm,0,16,16
nonroutine,0,16,16
lysholm,0,16,16
kdu731,0,16,16
prolin,0,16,16
pyridoacridine,0,16,16
größe,0,16,16
khellactone,0,16,16
gprotein,0,16,16
neurologen,0,16,16
isoorientin,0,16,16
pepluanone,0,16,16
biostat,0,16,16
tsnc11,0,16,16
newfectan,0,16,16
bijwerkingen,0,16,16
lincosamine,0,16,16
eca411,0,16,16
riorganizzazione,0,16,16
lectine,0,16,16
l'intubazione,0,16,16
l'educazione,0,16,16
l'individuazione,0,16,16
l'interleukine,0,16,16
hematoxylineosin,0,16,16
ossigeno,0,16,16
lampenbürstenschleifen,0,16,16
trascrizione,0,16,16
adrenalina,15,0,15
sodiumperiodate,15,0,15
muricata,15,0,15
ferulicacid,15,0,15
deleuze,15,0,15
tom,15,0,15
malan,15,0,15
can-m,15,0,15
g.echinata,15,0,15
enterovirusd68,15,0,15
ccb,15,0,15
soaks,15,0,15
ka,15,0,15
3′-biotin,15,0,15
ethanols,15,0,15
massimo,15,0,15
chondrophila,15,0,15
sabas,15,0,15
cq-,15,0,15
retinoidacid,15,0,15
galanin,15,0,15
il6,15,0,15
amylin,15,0,15
nit,15,0,15
bupleurum,15,0,15
sabinpolio,15,0,15
kortum,15,0,15
acetylsalicylate,15,0,15
4_4,15,0,15
menacwy,15,0,15
meningococcal,15,0,15
prna,15,0,15
urea-page,15,0,15
monensinsodium,15,0,15
chloroquine/,15,0,15
nap,15,0,15
clitocypin,15,0,15
halyard,15,0,15
justin,15,0,15
glycyrrhizaradix,15,0,15
artesunaat,15,0,15
l-alanine,15,0,15
mir-320a,15,0,15
peg-interferon,15,0,15
dx,15,0,15
hpv-66,15,0,15
emerin,15,0,15
ul36usp,15,0,15
narcotrend,15,0,15
calcined,15,0,15
nanocantilevers,15,0,15
sil-6r,15,0,15
tatiana,15,0,15
buccinator,15,0,15
ifn‐λ,15,0,15
junín,15,0,15
anti-hyaluronidase,15,0,15
inha,15,0,15
islam,15,0,15
afd,15,0,15
hibiscussabdariffa,15,0,15
cyamid,15,0,15
beta-estradiol,15,0,15
ggf,15,0,15
dpp4,15,0,15
sodiumselenite,15,0,15
acetylsalicylzuur,15,0,15
epicurus,15,0,15
euk-189,15,0,15
rino,15,0,15
carbamide,15,0,15
kin,15,0,15
lenti-mirna-21,15,0,15
carrageenin,15,0,15
ifi16,15,0,15
tetris,15,0,15
coxsackievirusa4,15,0,15
n-ethyl-n-nitrosourea,15,0,15
trichloraceticacid,15,0,15
ertugliflozin,15,0,15
ifn-λ2,15,0,15
lentinan,15,0,15
sanguinarine,15,0,15
maculatum,15,0,15
valerianaofficinalis,15,0,15
passiflora,15,0,15
biloba,15,0,15
banlec,15,0,15
ace-i,15,0,15
p50,15,0,15
trichostatin-a,15,0,15
metals,15,0,15
fluticasone/salmeterol,15,0,15
antifibrinolytic,15,0,15
bailin,15,0,15
venom,15,0,15
phthirus,15,0,15
penicillin‐streptomycin,15,0,15
aminocaproic,15,0,15
azi,15,0,15
karl,15,0,15
b-pmo,15,0,15
α2-adrenergic,15,0,15
anisocoria,15,0,15
cationiclipid,15,0,15
antidigoxigenin,15,0,15
pivoxil,15,0,15
low-fat,15,0,15
nsclc,15,0,15
burberry,15,0,15
methot,15,0,15
s)-goitrin,15,0,15
parapsilosis,15,0,15
pm2.5,15,0,15
insecticidal,15,0,15
angelicakeiskei,15,0,15
1′-oh-mdz,15,0,15
arznei,15,0,15
taxifolia,15,0,15
sin,15,0,15
mushrooms,15,0,15
vos,15,0,15
nafamostatmesylate,15,0,15
gpc-n114,15,0,15
6-mer,15,0,15
nanotechnology,15,0,15
pupillometry,15,0,15
permafrost,15,0,15
gliflozins,15,0,15
alcon,15,0,15
paulista,15,0,15
aizer,15,0,15
orf8,15,0,15
vasta,15,0,15
wei,15,0,15
hfnco,15,0,15
diphenidol,15,0,15
atractylodes,15,0,15
pacr,15,0,15
drogen,15,0,15
floss,15,0,15
chlorhexidine-alcohol,15,0,15
telangana,15,0,15
ssd-2,15,0,15
dystonia,15,0,15
nepa,15,0,15
toni,15,0,15
z-ietd-fmk,15,0,15
jhqgg,15,0,15
potassiumferricyanide,15,0,15
blade,15,0,15
alastrim,15,0,15
hpv-52,15,0,15
procyanidinb1,15,0,15
hyaluronidases,15,0,15
sulfurous,15,0,15
pax,15,0,15
3cl-pro,15,0,15
mesalazin,15,0,15
epstein,15,0,15
drug-loaded,15,0,15
hop,15,0,15
md,15,0,15
halistanol,15,0,15
3-hp-albumin,15,0,15
iodine-131,15,0,15
leighton,15,0,15
amphan,15,0,15
cinnamyl,15,0,15
uganda,15,0,15
langin,15,0,15
angelis,15,0,15
luteinizing,15,0,15
rapeseed,15,0,15
glucanase,15,0,15
hydrogel,15,0,15
nicin,15,0,15
antihyaluronidase,15,0,15
bx-795,15,0,15
yinqiaosan,15,0,15
shock,15,0,15
diphtheria-tetanus,15,0,15
caldas,15,0,15
clavibacter,15,0,15
sann,15,0,15
neridronate,15,0,15
gemin5,15,0,15
fluviral,15,0,15
ozonetherapy,15,0,15
htm,15,0,15
vgg-19,15,0,15
anticholinergica,15,0,15
4-drug,15,0,15
pentoxifyllin,15,0,15
thaler,15,0,15
golf,15,0,15
vanco,15,0,15
mongol,15,0,15
pinky,15,0,15
pitot,15,0,15
chmp,15,0,15
glottis,15,0,15
feticide,15,0,15
fenitrothion,15,0,15
aurantio-obtusin,15,0,15
trillin,15,0,15
salviaemiltiorrhizae,15,0,15
anti-hcv,15,0,15
sterk,15,0,15
albopictus,15,0,15
striatal,15,0,15
ksr,15,0,15
init,15,0,15
mir-148a,15,0,15
hydronephrosis,15,0,15
curacao,15,0,15
denim,15,0,15
petra,15,0,15
cs/dna,15,0,15
myron,15,0,15
antithymocyteglobulin,15,0,15
nigellasativa,15,0,15
antithymocyte,15,0,15
mir-21-5p,15,0,15
dnv,15,0,15
acd,15,0,15
cs-modified,15,0,15
bronchodilatatoren,15,0,15
remi,15,0,15
mgo,15,0,15
choleravaccine,15,0,15
l-fucose,15,0,15
mohammad,15,0,15
papyrus,15,0,15
penems,15,0,15
toon,15,0,15
ci-1040,15,0,15
smetana,15,0,15
cholestyramin,15,0,15
busulfan/cyclophosphamide,15,0,15
bsg,15,0,15
faecalis,15,0,15
perindoprilat,15,0,15
eczema,15,0,15
polihexanid,15,0,15
jamil,15,0,15
taraxacumofficinale,15,0,15
cantrell,15,0,15
azan,15,0,15
1826,15,0,15
deglycyrrhizinated,15,0,15
apoe,15,0,15
adagen,15,0,15
antibacterial,15,0,15
rey,15,0,15
corey,15,0,15
gardeniaefructus,15,0,15
zolgensma,15,0,15
scalene,15,0,15
25hydroxyvitamind,15,0,15
cp1,15,0,15
maimonides,15,0,15
amo,15,0,15
talis,15,0,15
vito,15,0,15
calcium-phosphorus,15,0,15
nosema,15,0,15
ondanks,15,0,15
lk21,15,0,15
chpv,15,0,15
pluristem,15,0,15
rosmarin,15,0,15
ani,15,0,15
me-β-cd,15,0,15
[dic10][cl,15,0,15
zito,15,0,15
alg2,15,0,15
daap,15,0,15
piperacillin/,15,0,15
rebel,15,0,15
shadda,15,0,15
apple,15,0,15
isoflavonoids,15,0,15
artepillin,15,0,15
harlem,15,0,15
chifn-λ,15,0,15
agonum,15,0,15
p.japonica,15,0,15
pleurotus,15,0,15
pulchellus,15,0,15
kisspeptin,15,0,15
lubbe,15,0,15
platanus,15,0,15
strategic,15,0,15
latb,15,0,15
ethylester,15,0,15
albuminoid,15,0,15
streptopain,15,0,15
porphyromonas,15,0,15
ecb,15,0,15
ett,15,0,15
bms-806,15,0,15
epoetins,15,0,15
butylbromide,15,0,15
alta,15,0,15
oxalis,15,0,15
dio2,15,0,15
drv/rtv,15,0,15
iva,15,0,15
rubellae1,15,0,15
8-nitroguanosine,15,0,15
immunobiotics,15,0,15
naci,15,0,15
striolatum,15,0,15
s-goitrin,15,0,15
il-28ra,15,0,15
guluronate,15,0,15
sumo1,15,0,15
pegifnα-2b,15,0,15
tramadol/dexketoprofen,15,0,15
csnp,15,0,15
hepc,15,0,15
peg-ifn-λ1,15,0,15
mirabilis,15,0,15
schisandrin,15,0,15
tmv,15,0,15
acht,15,0,15
jarka,15,0,15
mettl16,15,0,15
sacyp,15,0,15
biotinidase,15,0,15
pdpt,15,0,15
bohb,15,0,15
piperamides,15,0,15
ampiclox,15,0,15
ark-dpi,15,0,15
abacavir/lamivudine/dolutegravir,15,0,15
zeuzem,15,0,15
mir-544,15,0,15
niter,15,0,15
ens-pgnn,15,0,15
fp24,15,0,15
psychol,15,0,15
biperiden,15,0,15
gbt,15,0,15
mir-1247-3p,15,0,15
mir-1247,15,0,15
provitamind,15,0,15
na-k,15,0,15
propulsid,15,0,15
meblu,15,0,15
landin,15,0,15
g-globulin,15,0,15
genasm-dc,15,0,15
gspe,15,0,15
peg-asparaginase,15,0,15
dium,15,0,15
discussion,15,0,15
.baricitinib,15,0,15
5ht,15,0,15
vancomycin/ser-287,15,0,15
budesonide/,15,0,15
l-nma,15,0,15
lumacaftor-ivacaftor,15,0,15
penicillin-gamidase,15,0,15
^^^,15,0,15
iipal1,15,0,15
peganum,14,1,15
lispro,14,1,15
methylcholanthrene,14,1,15
zyxin,14,1,15
progestagen,14,1,15
.metformin,14,1,15
pemax,13,2,15
arenicin,13,2,15
fluorometholone,13,2,15
rivabirin,13,2,15
ciguatoxin,13,2,15
aspartate,13,2,15
aspargine,13,2,15
fiocruz,13,2,15
desametasone,13,2,15
cefotaxima,13,2,15
.quercetin,13,2,15
phenoxazine,13,2,15
talinolol,13,2,15
claritromycin,12,3,15
immunoglobuline,12,3,15
phenylethylamine,12,3,15
ramoplanin,12,3,15
gluconapin,12,3,15
imcroporin,11,4,15
uromodulin,11,4,15
prokineticin,11,4,15
obidoxime,11,4,15
keppra,11,4,15
colomycin,11,4,15
avdoralimab,10,5,15
enrofloxacine,10,5,15
bacillibactin,10,5,15
amoxacillin,10,5,15
apabetalone,10,5,15
thionamide,10,5,15
cefditoreno,10,5,15
nortopsentin,10,5,15
vidarabin,10,5,15
pteridine,10,5,15
lzomib,10,5,15
ractopamine,9,6,15
tallimustine,9,6,15
mequitazine,9,6,15
oligosaccharide,9,6,15
hydroxycamptothecin,9,6,15
somatostatine,9,6,15
hidroxychloroquine,9,6,15
orcein,9,6,15
inosin,9,6,15
netilmycin,8,7,15
flouroquinolone,8,7,15
cannabisin,8,7,15
gimatecan,8,7,15
glycinamide,8,7,15
tribestan,8,7,15
tsg101,8,7,15
poziotinib,8,7,15
cyclophophamide,8,7,15
levocetrizine,8,7,15
desethychloroquine,8,7,15
orfenicol,8,7,15
.umifenovir,8,7,15
trimethoprimsulfa,8,7,15
robinetin,7,8,15
thioguanosine,7,8,15
cethromycin,7,8,15
tris/hcl,7,8,15
olvanil,7,8,15
trumenba,7,8,15
tefibazumab,7,8,15
formycin,7,8,15
pentoxyfiline,7,8,15
veltuzumab,7,8,15
zalutumumab,7,8,15
sulfasoxazole,7,8,15
antracycline,7,8,15
triethylenemelamine,6,9,15
diphenol,6,9,15
toxaphene,6,9,15
pyritinol,6,9,15
quinazoline,6,9,15
valacylovir,6,9,15
phenylmethylsulfonylfluoride,6,9,15
remedsivir,6,9,15
benzo,6,9,15
ligatin,6,9,15
denotivir,6,9,15
orphenadrine,6,9,15
albebetin,6,9,15
dihydrocodeine,4,11,15
corydalmine,4,11,15
cleocin,4,11,15
pretazettine,4,11,15
aucubin,4,11,15
nigellone,4,11,15
etiocholanolone,4,11,15
toripalimab,4,11,15
aminoglykoside,4,11,15
glucoevatromonoside,3,12,15
streptogramine,3,12,15
sigmovir,3,12,15
silvaticol,3,12,15
tatham,2,13,15
arginin,2,13,15
sultopride,2,13,15
βmercaptoethanol,2,13,15
tropolone,2,13,15
methoxyamine,1,14,15
norethindrone,1,14,15
myomesin,1,14,15
tapentadol,1,14,15
bromovinyldeoxyuridine,1,14,15
inotropic,1,14,15
monesin,1,14,15
fervidolysin,0,15,15
febbraio,0,15,15
fadini,0,15,15
nanocrystalline,0,15,15
ferretone,0,15,15
quinolizidine,0,15,15
azido,0,15,15
pgt151,0,15,15
bavachalcone,0,15,15
trichosporon,0,15,15
pearlin,0,15,15
protistan,0,15,15
tabs,0,15,15
kitagawa,0,15,15
vorgeschlagen,0,15,15
varmus,0,15,15
equipotent,0,15,15
dalgarno,0,15,15
adhäsine,0,15,15
streptolysin,0,15,15
cyclohexenone,0,15,15
octadecylamine,0,15,15
kapitalismus,0,15,15
protelis,0,15,15
plasmocin,0,15,15
verletzungen,0,15,15
j3666,0,15,15
celmembraan,0,15,15
y1280,0,15,15
rweyemamu,0,15,15
methylnorbelladine,0,15,15
benzylisoquinoline,0,15,15
angine,0,15,15
plyss,0,15,15
martelli,0,15,15
raccah,0,15,15
bromopyrrole,0,15,15
thromboembolic,0,15,15
nierenerkrankungen,0,15,15
triazolopyrimidine,0,15,15
humanem,0,15,15
enterohemolysin,0,15,15
spondylarthropathy,0,15,15
specializzazione,0,15,15
decontaminazione,0,15,15
l'evoluzione,0,15,15
d'azione,0,15,15
eccezione,0,15,15
l'introduzione,0,15,15
salm,14,0,14
emphysema,14,0,14
quetelet,14,0,14
antibioticus,14,0,14
cel-mir-39,14,0,14
microsporum,14,0,14
euthanasia,14,0,14
gliricola,14,0,14
pumas,14,0,14
aurum,14,0,14
porins,14,0,14
pimax,14,0,14
e-test,14,0,14
fumarates,14,0,14
etcm,14,0,14
quin-c1,14,0,14
cranberries,14,0,14
p300,14,0,14
acc1,14,0,14
glasdegib,14,0,14
osiris,14,0,14
longman,14,0,14
acaricides,14,0,14
orale,14,0,14
gv,14,0,14
lifitegrast,14,0,14
enterostatin,14,0,14
hcca,14,0,14
technegas,14,0,14
b.falcatum,14,0,14
salkpolio,14,0,14
amidase,14,0,14
moraes,14,0,14
neutravidin,14,0,14
platycodon,14,0,14
chlorophyllin,14,0,14
sirna/2a,14,0,14
torreyanucifera,14,0,14
as2o3,14,0,14
crh,14,0,14
alesina,14,0,14
pacemaker,14,0,14
influenzae,14,0,14
elastomer,14,0,14
amoxicilline/clavulaanzuur,14,0,14
carbimazol,14,0,14
sayer,14,0,14
mesodiplostomum,14,0,14
archaeodiplostomum,14,0,14
veetil,14,0,14
allerdings,14,0,14
lemonbalm,14,0,14
gelatins,14,0,14
lomb,14,0,14
writing-,14,0,14
arteannuin,14,0,14
s-carboxymethylcysteine,14,0,14
butein,14,0,14
dhodh,14,0,14
tfv-dp,14,0,14
phmon,14,0,14
carboplatin-paclitaxel,14,0,14
murrin,14,0,14
anti-androgen,14,0,14
norin,14,0,14
ti3,14,0,14
echinocandinen,14,0,14
asteroiden,14,0,14
air-oxygen,14,0,14
omsk,14,0,14
pentavalentvaccine,14,0,14
cyst,14,0,14
hhv6,14,0,14
hpg,14,0,14
±ribavirin,14,0,14
omega-3pufa,14,0,14
lycopus,14,0,14
tribulus,14,0,14
trikafta,14,0,14
catechingallate,14,0,14
ifn-α/ribavirin,14,0,14
billgates,14,0,14
yokukansan,14,0,14
n4-hydroxycytidine,14,0,14
curcuminoid,14,0,14
l-dna,14,0,14
n36,14,0,14
a,14,0,14
daria,14,0,14
keggin,14,0,14
ribeiro,14,0,14
anthony,14,0,14
d-fmk,14,0,14
trypanosomiasis,14,0,14
eudistomin,14,0,14
toonasinensisroem,14,0,14
lipoic,14,0,14
cargill,14,0,14
max/k,14,0,14
dhp-pmx,14,0,14
txl,14,0,14
tricalcium,14,0,14
pinosylvin,14,0,14
selenoprotein,14,0,14
erythema,14,0,14
rei,14,0,14
cpg1826,14,0,14
decoct,14,0,14
mansonia,14,0,14
mir-4289,14,0,14
astragali,14,0,14
empiricus,14,0,14
proteinp7,14,0,14
imo,14,0,14
nuti,14,0,14
xiaogan,14,0,14
bipartisan,14,0,14
oxycedrus,14,0,14
α-pinene,14,0,14
trim5α,14,0,14
bor,14,0,14
paulina,14,0,14
vocalis,14,0,14
albumax,14,0,14
nag,14,0,14
zincsupplementation,14,0,14
pmo-peptide,14,0,14
lenox,14,0,14
thio,14,0,14
trichomonas,14,0,14
azam,14,0,14
tubercidin,14,0,14
hbvvaccine,14,0,14
sirin,14,0,14
scg,14,0,14
prep,14,0,14
fansidar,14,0,14
bmov,14,0,14
adv,14,0,14
trim14,14,0,14
trim44,14,0,14
trim38,14,0,14
baizhu,14,0,14
a.lancea,14,0,14
bcl2,14,0,14
sadako,14,0,14
mir-141-3p,14,0,14
il1β,14,0,14
xv,14,0,14
herb-herb,14,0,14
ruthenium,14,0,14
santana,14,0,14
thiazolides,14,0,14
fk2,14,0,14
amazonas,14,0,14
aquilinum,14,0,14
tethys,14,0,14
usp10,14,0,14
jinhuaqinggan,14,0,14
alg,14,0,14
bkk,14,0,14
begomovirus,14,0,14
tarjan,14,0,14
phenylbutyrate,14,0,14
trim33,14,0,14
hpv-58,14,0,14
hydroxyprolinol,14,0,14
kozin,14,0,14
thiolated,14,0,14
betatetravirus,14,0,14
rhea,14,0,14
zidovudine/lamivudine,14,0,14
nsp16,14,0,14
limonoids,14,0,14
gemma,14,0,14
togavirus,14,0,14
nitrox,14,0,14
peracetic,14,0,14
anoctamin,14,0,14
cd63,14,0,14
berberidaceae,14,0,14
4-aminoquinolones,14,0,14
pembrolizumab/axitinib,14,0,14
fcaphilosophy,14,0,14
teratogen,14,0,14
poeticus,14,0,14
spinabifida,14,0,14
1879,14,0,14
raman,14,0,14
uspstf,14,0,14
hpv16e7,14,0,14
mir-423,14,0,14
hcwes,14,0,14
bpg,14,0,14
β-caryophyllene,14,0,14
bronopol,14,0,14
biosurfactants,14,0,14
cubist,14,0,14
hydroxycobalamin,14,0,14
paba,14,0,14
enrico,14,0,14
paulin,14,0,14
pomona,14,0,14
exoglycosidase,14,0,14
palmitoylation,14,0,14
kristalina,14,0,14
rhapc,14,0,14
b-vitamin,14,0,14
alpha-ketoamide,14,0,14
fungus,14,0,14
amantadines,14,0,14
low-dose,14,0,14
anti-mir-23a,14,0,14
argas,14,0,14
cinereus,14,0,14
lactams,14,0,14
togavirin,14,0,14
mauricio,14,0,14
gesneria,14,0,14
remdesivir-mpro,14,0,14
fin,14,0,14
sodiumcarbonate,14,0,14
lnas,14,0,14
vitaminb6,14,0,14
finapres,14,0,14
aia,14,0,14
defra,14,0,14
feira,14,0,14
",",14,0,14
β‐glucuronidase,14,0,14
penta-,14,0,14
gladia,14,0,14
ggt,14,0,14
iridis,14,0,14
gist,14,0,14
cpmo1v,14,0,14
procter,14,0,14
lumpkin,14,0,14
putnam,14,0,14
kaempherol,14,0,14
catechu,14,0,14
videx,14,0,14
taribavirin,14,0,14
muhammad,14,0,14
b19v,14,0,14
i.,14,0,14
croton,14,0,14
neil,14,0,14
wj-msc,14,0,14
hbv/e,14,0,14
hsp105,14,0,14
march8,14,0,14
canina,14,0,14
nobel,14,0,14
yd,14,0,14
gbv-c,14,0,14
hivc,14,0,14
monica,14,0,14
ringrose,14,0,14
haemoperfusion,14,0,14
philo,14,0,14
retinoblastoma,14,0,14
cationiclipids,14,0,14
gliadin,14,0,14
elvin,14,0,14
kril,14,0,14
amoxiclav,14,0,14
chondroitinsulphate,14,0,14
rambo,14,0,14
sana,14,0,14
rsv-b,14,0,14
polymer-drug,14,0,14
cretan,14,0,14
mntx,14,0,14
odv-e66,14,0,14
cosurfactant,14,0,14
caseinase,14,0,14
dkm,14,0,14
gerhard,14,0,14
granulin,14,0,14
buphthalmia,14,0,14
rheumpalmatum,14,0,14
htcc,14,0,14
n-methylpiperazine,14,0,14
boticaria,14,0,14
grapefruits,14,0,14
rpl11,14,0,14
radula,14,0,14
n-acetylated,14,0,14
kaad-cyclopamine,14,0,14
gita,14,0,14
donovani,14,0,14
srt2104,14,0,14
17-aag,14,0,14
ene,14,0,14
phenolphthalein,14,0,14
icao,14,0,14
cochrane,14,0,14
crr,14,0,14
mir-198,14,0,14
chlopro,14,0,14
(±)-lariciresinol,14,0,14
celcius,14,0,14
ev70,14,0,14
fic,14,0,14
rsvb1,14,0,14
azerbaijan,14,0,14
ttfields,14,0,14
pfs,14,0,14
potassiumsorbate,14,0,14
nanoshells,14,0,14
peg-ifnα-2a,14,0,14
txa127,14,0,14
nicotinicacetylcholine,14,0,14
adamw,14,0,14
physcion,14,0,14
mir-503-5p,14,0,14
gnrh-agonist,14,0,14
svcv,14,0,14
chr-peptide,14,0,14
colchicina,14,0,14
mir-150,14,0,14
s.officinalis,14,0,14
zine,14,0,14
il-28,14,0,14
kernel,14,0,14
mentor,14,0,14
gw5074,14,0,14
icaridin,14,0,14
turoctocog,14,0,14
naturalis,14,0,14
brevinin,14,0,14
hexobarbital,14,0,14
pio,14,0,14
betatetraviruses,14,0,14
twilio,14,0,14
antibiofilm,14,0,14
vocera,14,0,14
pna,14,0,14
let-7,14,0,14
bromothymol,14,0,14
analgetikum,14,0,14
gracilis,14,0,14
vp90,14,0,14
elena,14,0,14
ebn,14,0,14
etomidat,14,0,14
endophilinb2,14,0,14
g12,14,0,14
cpp-pna,14,0,14
mucoadhesion,14,0,14
.ozone,14,0,14
relebactam,14,0,14
cpue5-,14,0,14
levothyroxin,14,0,14
herc2,14,0,14
cotg,14,0,14
nsp1,14,0,14
tomf,14,0,14
cyp2c8,14,0,14
omar,14,0,14
jsi,14,0,14
gazella,14,0,14
ibandronate,14,0,14
antila,14,0,14
burnin,14,0,14
xiao-yao-san,14,0,14
antihistaminica,14,0,14
cmx521,14,0,14
r-2,14,0,14
taraxacum,14,0,14
lemmata,14,0,14
boricacid,14,0,14
ac-leu-enk,14,0,14
teico,14,0,14
carcinogens,14,0,14
bcl-2i,14,0,14
methamidophos,14,0,14
polyphosphate,14,0,14
5-flucytosin,14,0,14
arcuatoscalpellum,14,0,14
.sirna,14,0,14
shale,14,0,14
mir-8066,14,0,14
suvorexant,14,0,14
ace-inhibitor,14,0,14
strophanthin,14,0,14
-adrenoceptor,14,0,14
calicivirus,14,0,14
hcv-4a,14,0,14
radixsophoraeflavescentis,14,0,14
buyback,14,0,14
myricetin-mpro,14,0,14
latvia,14,0,14
gude,14,0,14
cmvig,14,0,14
sarna,14,0,14
pam3csk,14,0,14
montelukastsodium,14,0,14
merke,14,0,14
ureteroneocystostomy,14,0,14
sclerotherapy,14,0,14
jensenone,14,0,14
ghit,14,0,14
hhv2,14,0,14
chattanooga,14,0,14
thiolester,14,0,14
sfjdc,14,0,14
cl-inhibitor,14,0,14
arxa,14,0,14
z-fa-fmk,14,0,14
mir-3607,14,0,14
azul,14,0,14
pet2,14,0,14
osteonecrosis,14,0,14
eda-peptide,14,0,14
femb,14,0,14
resnet-1001,14,0,14
thiadiazolthioneisomers,14,0,14
mir-15a,14,0,14
cqt,14,0,14
h-coelenterazine,14,0,14
hydroxymethylation,14,0,14
nsc668394,14,0,14
adressa,14,0,14
mir-95,14,0,14
vgcn-bert,14,0,14
coppix,14,0,14
gga-mir-454-3p,14,0,14
anti-fanc,14,0,14
siamp,14,0,14
lcta-949,14,0,14
mir-1249,14,0,14
gema,14,0,14
dextranicum,14,0,14
prego,14,0,14
gallolyticus,14,0,14
ironoxide,14,0,14
sillax,14,0,14
fetus,14,0,14
5-aza-2'-deoxycytidine,14,0,14
.alcohol,14,0,14
atg-fresenius,14,0,14
grama,14,0,14
~-adrenergic,14,0,14
rfeifn-x,14,0,14
erd,14,0,14
sulfi,14,0,14
s-cysteine,14,0,14
olesoxime,14,0,14
leukotrieneb,14,0,14
biotine,14,0,14
ureterolithotomy,14,0,14
isopropanol-1,14,0,14
flumel,14,0,14
flag-ida,14,0,14
βsitosterol,14,0,14
-halamine,14,0,14
tfm-celecoxib,14,0,14
his-pro,14,0,14
nagin,13,1,14
flibanserin,13,1,14
methamine,13,1,14
nitrousoxide,13,1,14
α2-macroglobulin,13,1,14
necrostatin,13,1,14
buprenorphin,13,1,14
neuropsychopharmacol,13,1,14
furfurman,13,1,14
ceft,13,1,14
.amantadine,13,1,14
.nitazoxanide,13,1,14
crocetin,13,1,14
thiamazole,12,2,14
ndcg,12,2,14
chlorogen,12,2,14
lamine,12,2,14
petetin,12,2,14
liquiritinapioside,12,2,14
alx-0171,12,2,14
metrifudil,12,2,14
smethionine,12,2,14
treosulphan,12,2,14
hemoptoë,11,3,14
glycol,11,3,14
makaluvamine,11,3,14
colicin,11,3,14
vaxine,11,3,14
azathiaprine,11,3,14
levodropropizine,11,3,14
methylazoxymethanol,11,3,14
gliotoxin,11,3,14
oxyntomodulin,10,4,14
ribostamycin,10,4,14
nigexine,10,4,14
polyalanine,10,4,14
toonafolin,10,4,14
norfenephrine,10,4,14
vilazodone,10,4,14
myristicin,10,4,14
candidine,10,4,14
tezepelumab,9,5,14
norgalanthamine,9,5,14
costunolide,9,5,14
doxicycline,9,5,14
umbelliprenin,9,5,14
hydroalcohol,9,5,14
triostin,9,5,14
etimicin,8,6,14
thioacetazone,8,6,14
fleroxacin,8,6,14
sulperazone,8,6,14
rutoside,8,6,14
atractylodinol,8,6,14
medrol,8,6,14
subtilosin,8,6,14
levorphanol,8,6,14
pyrrolidone,8,6,14
cottin,8,6,14
lactocin,8,6,14
nordiazepam,8,6,14
pyridomycin,8,6,14
diptericin,8,6,14
evobrutinib,8,6,14
rovamycine,8,6,14
zintevir,8,6,14
chlorimipramine,8,6,14
.ganciclovir,8,6,14
hydroxyferroquine,8,6,14
zofenoprilat,8,6,14
cidofivir,7,7,14
tolmetin,7,7,14
thiacetarsamide,7,7,14
sulfamethizole,7,7,14
tocolizumab,7,7,14
ruloxitinib,7,7,14
alispovir,7,7,14
neprilisin,7,7,14
osetalmivir,7,7,14
chlorphenoxamine,7,7,14
thromboplatin,7,7,14
finafloxacin,7,7,14
garlicin,7,7,14
uminefovir,7,7,14
viloxazine,7,7,14
cinoxacin,7,7,14
kitasato,7,7,14
fluorochinolone,7,7,14
emdesivir,7,7,14
rafivirumab,7,7,14
notexin,7,7,14
macknin,7,7,14
candevir,7,7,14
erithromycin,7,7,14
lactisole,7,7,14
luteoline,7,7,14
bacillamide,7,7,14
evofosfamide,7,7,14
sekvifenadine,7,7,14
holostei,6,8,14
vallesiachotamine,6,8,14
rovalpituzumab,6,8,14
iodoquinol,6,8,14
flotillin,6,8,14
ramdesivir,6,8,14
hydroxyclroquine,6,8,14
yervoy,6,8,14
figitumumab,6,8,14
bhanin,6,8,14
azapropazone,6,8,14
linopirdine,6,8,14
nimodipin,6,8,14
mirtazapin,6,8,14
miriplatin,6,8,14
nmab,6,8,14
balhimycin,6,8,14
myricanone,5,9,14
α1-antitrypsin,5,9,14
mercaptoethylamine,5,9,14
sulfaguanidine,5,9,14
geftinib,5,9,14
azalide,5,9,14
argemexicaine,5,9,14
iressa,5,9,14
synguanol,5,9,14
carbinolamine,5,9,14
hemoglobine,5,9,14
amorolfine,4,10,14
plicamycin,4,10,14
rhampholeon,4,10,14
besilesomab,4,10,14
narcissin,4,10,14
calenduloside,4,10,14
taurin,4,10,14
junctin,4,10,14
arglabin,4,10,14
tannase,4,10,14
phyllaemblicin,3,11,14
trisglycine,3,11,14
rauwolscine,3,11,14
ferrocyanide,2,12,14
casticin,2,12,14
flocoumafen,2,12,14
queosine,2,12,14
oxadiazolethione,2,12,14
irisolidone,2,12,14
benzosuberone,2,12,14
sinomenine,2,12,14
rhodocytin,2,12,14
ferritine,2,12,14
custodiol,2,12,14
ergonovine,2,12,14
tripelennamine,2,12,14
lproline,2,12,14
montanine,1,13,14
oxindole,1,13,14
glycylglycine,1,13,14
ribolactone,1,13,14
trisaccharide,1,13,14
carbofuran,1,13,14
phosphorylcholine,1,13,14
∼104,0,14,14
methyldiplacone,0,14,14
thioanisole,0,14,14
age.6,0,14,14
autocrine,0,14,14
schlafstörungen,0,14,14
lumsdaine,0,14,14
captisol,0,14,14
thachil,0,14,14
zearelanone,0,14,14
rubropunctatin,0,14,14
secrezione,0,14,14
fleckenstein,0,14,14
ambrosini,0,14,14
grigorieff,0,14,14
weswegen,0,14,14
hajjar,0,14,14
kanzonol,0,14,14
potassium hydroxide,0,14,14
ferricyanide,0,14,14
chavicol,0,14,14
pragmatismus,0,14,14
napsin,0,14,14
dynactin,0,14,14
contradictorios,0,14,14
benzoboroxole,0,14,14
phänotyp,0,14,14
diacetylmorphine,0,14,14
muscarine,0,14,14
a)-(d,0,14,14
perforin,0,14,14
augentropfen,0,14,14
gruessner,0,14,14
fortyone,0,14,14
halorhodopsin,0,14,14
ubiquinol,0,14,14
configurazione,0,14,14
f-410,0,14,14
raccomandazione,0,14,14
l'adozione,0,14,14
l'indagine,0,14,14
adar1,13,0,13
b56,13,0,13
urol,13,0,13
iu/day,13,0,13
cysteins,13,0,13
sidi,13,0,13
picco2,13,0,13
lvr,13,0,13
para,13,0,13
d-aminoacids,13,0,13
rwanda,13,0,13
radioiodinated,13,0,13
levamisol,13,0,13
pueyo,13,0,13
andreas,13,0,13
varv,13,0,13
il-1β,13,0,13
kobuvirus,13,0,13
chasin,13,0,13
radim,13,0,13
terbutalina,13,0,13
butylated,13,0,13
drost,13,0,13
ceramides,13,0,13
prosomatostatin,13,0,13
"1,8‐cineole",13,0,13
kutlu,13,0,13
methylol,13,0,13
furfurylalcohol,13,0,13
fibrate,13,0,13
biflavonoids,13,0,13
eau,13,0,13
genome,13,0,13
3clp,13,0,13
violet,13,0,13
cnn-lstm,13,0,13
5).it,13,0,13
xiyanping,13,0,13
thromboxanea2,13,0,13
castalin,13,0,13
nigeria,13,0,13
surfactantlipids,13,0,13
pegylated-interferon,13,0,13
prdx4,13,0,13
gan,13,0,13
unani,13,0,13
map,13,0,13
genin,13,0,13
ifnα-2a,13,0,13
bpso,13,0,13
maxingshigan,13,0,13
sirna-loaded,13,0,13
vena,13,0,13
palladium,13,0,13
phenolate,13,0,13
bacillecalmette-guerin,13,0,13
mobius,13,0,13
ethaselen,13,0,13
ifn-alpha-2b,13,0,13
ecteinascidin-743,13,0,13
5-flurouracil,13,0,13
ao,13,0,13
oxolinicacid,13,0,13
freeman,13,0,13
p21,13,0,13
antonin,13,0,13
trudel,13,0,13
hematoidin,13,0,13
mir-130,13,0,13
urealyticum,13,0,13
parvifolia,13,0,13
kellogg,13,0,13
orientalis,13,0,13
aro,13,0,13
celebrity,13,0,13
antithrombiniii,13,0,13
ecg-0,13,0,13
ß-carotene,13,0,13
tfr,13,0,13
phenylketonuria,13,0,13
2018).it,13,0,13
embryo,13,0,13
interferon-beta-1b,13,0,13
flecainid,13,0,13
anti-furin,13,0,13
nanogels,13,0,13
n‐acetylcysteine,13,0,13
bovet,13,0,13
angiopoietin-1,13,0,13
oxytetracyclines,13,0,13
embelin,13,0,13
mangifera,13,0,13
danio,13,0,13
chop-21,13,0,13
ampelovirus,13,0,13
isofraxidin,13,0,13
ligusticum,13,0,13
artinm,13,0,13
alginolyticus,13,0,13
tetravalentdenguevaccine,13,0,13
pvp-iodine,13,0,13
anti-biotin,13,0,13
apsa,13,0,13
stomoxids,13,0,13
antiinfluenza,13,0,13
hapten,13,0,13
dgemm,13,0,13
cytochalasins,13,0,13
lpv,13,0,13
curevac,13,0,13
piperazines,13,0,13
carcinoma,13,0,13
caulerpin,13,0,13
oseltamivir-azithromycin,13,0,13
hcq-azithromycin,13,0,13
"1α,25-dihydroxyvitamind3",13,0,13
mk-1,13,0,13
acanthospermum,13,0,13
θ-defensin,13,0,13
ceres,13,0,13
gram-,13,0,13
leukotrienea4,13,0,13
nanocurcumin,13,0,13
methoxylated,13,0,13
hendel,13,0,13
binkley,13,0,13
candid,13,0,13
peginesatide,13,0,13
yqhyjd,13,0,13
trin,13,0,13
klotho,13,0,13
jonassalk,13,0,13
dewormer,13,0,13
bene,13,0,13
ncsc-cm,13,0,13
selaginella,13,0,13
cladophora,13,0,13
europium,13,0,13
cyp3a2,13,0,13
nan,13,0,13
prost,13,0,13
photothermal,13,0,13
dio,13,0,13
lantana,13,0,13
dbso,13,0,13
bortezomib-dexamethasone,13,0,13
pierre,13,0,13
warren,13,0,13
caspase-3,13,0,13
vb1,13,0,13
indirubin-l,13,0,13
hartree,13,0,13
β-secretase,13,0,13
bryothamnion,13,0,13
thymosinalpha-1,13,0,13
borax,13,0,13
s.japonica,13,0,13
atractyloside,13,0,13
paclitaxel-coated,13,0,13
avi-7537,13,0,13
beta-blocking,13,0,13
ixazomib-rd,13,0,13
cysteine-rich,13,0,13
kremmer,13,0,13
oxycodon,13,0,13
succinicacid,13,0,13
cva10,13,0,13
n-term,13,0,13
sauna,13,0,13
ephedrin,13,0,13
wolverine,13,0,13
lipophilicity,13,0,13
(+)‐catechin,13,0,13
hc2,13,0,13
vitaminesupplementation,13,0,13
kolata,13,0,13
youth,13,0,13
vertrel,13,0,13
beetle,13,0,13
angus,13,0,13
kdc,13,0,13
deoxyspergualin,13,0,13
hippo,13,0,13
tetrahydrocannabinol,13,0,13
cephalantha,13,0,13
vinyl,13,0,13
eps®,13,0,13
flute,13,0,13
srtaw04,13,0,13
illich,13,0,13
mango,13,0,13
rve1,13,0,13
rennin,13,0,13
champion,13,0,13
pufferfish,13,0,13
denvns4a,13,0,13
β-cyclodextrin,13,0,13
adh,13,0,13
felipe,13,0,13
dapase,13,0,13
huoxiangzhengqi,13,0,13
karius,13,0,13
cito,13,0,13
leptospermum,13,0,13
uhc,13,0,13
nicotinamideriboside,13,0,13
cedrus,13,0,13
trypsin/,13,0,13
simona,13,0,13
rbi,13,0,13
β2-agonisten,13,0,13
anticholinergicum,13,0,13
mafenide,13,0,13
ma-xing-gan-shi-tang,13,0,13
antirrhinum,13,0,13
raltegravir-mpro,13,0,13
lactaid,13,0,13
natalia,13,0,13
pentina,13,0,13
lindera,13,0,13
nik,13,0,13
ligase,13,0,13
lel,13,0,13
sypro,13,0,13
bayesnet,13,0,13
abril,13,0,13
licochalconea,13,0,13
sars-cov-1,13,0,13
matrin,13,0,13
us-epa,13,0,13
cefepima,13,0,13
afl,13,0,13
ns3/ns4a,13,0,13
antiretrovirals,13,0,13
sandrine,13,0,13
tropica,13,0,13
gfatm,13,0,13
copi,13,0,13
free-oxygen,13,0,13
ceftazidime/clavulanic,13,0,13
lupus,13,0,13
rb51,13,0,13
aminopenicillins,13,0,13
hpv-77,13,0,13
gap,13,0,13
ceramist,13,0,13
dopaminergic,13,0,13
protoporphyrin,13,0,13
cardenolides,13,0,13
piramal,13,0,13
clindamycinhydrochloride,13,0,13
eudistoma,13,0,13
bcg-moreau,13,0,13
sorghum,13,0,13
sulphanilamide,13,0,13
cd209,13,0,13
mk571,13,0,13
author,13,0,13
sweeteners,13,0,13
duvelisib,13,0,13
scc-4,13,0,13
futuro,13,0,13
heidegger,13,0,13
mendel,13,0,13
snp,13,0,13
si-ni-san,13,0,13
halkos,13,0,13
lecithinase,13,0,13
cortison,13,0,13
prosurfactant,13,0,13
antigua,13,0,13
stilbenes,13,0,13
ang(1,13,0,13
sjs,13,0,13
trolox,13,0,13
nexin,13,0,13
penicillin-g,13,0,13
mir-296,13,0,13
ifit1,13,0,13
ogt,13,0,13
erp57,13,0,13
win,13,0,13
etox,13,0,13
siu,13,0,13
focetria,13,0,13
christianity,13,0,13
al1,13,0,13
ferula,13,0,13
gpr,13,0,13
ozonated,13,0,13
purines,13,0,13
r15,13,0,13
mitochondrial,13,0,13
hpv-35,13,0,13
nitrofen,13,0,13
pristine,13,0,13
nanowires,13,0,13
grol,13,0,13
microsomal,13,0,13
β-glycyrrhizin,13,0,13
l-hdag,13,0,13
biosurfactant,13,0,13
dmba-melatonin,13,0,13
cetylpyridiniumchloride,13,0,13
pmm,13,0,13
mf59adjuvant,13,0,13
lsd1,13,0,13
mir-126-3p,13,0,13
br1,13,0,13
fk-506,13,0,13
szene,13,0,13
ets1,13,0,13
biflorus,13,0,13
maoto,13,0,13
eucast,13,0,13
talmud,13,0,13
5q,13,0,13
kxs,13,0,13
ageliferin,13,0,13
aurilide,13,0,13
peg-inf,13,0,13
m.piperita,13,0,13
pentobarbitalsodium,13,0,13
amidei′,13,0,13
juncker,13,0,13
b-bin,13,0,13
ceranae,13,0,13
zfn,13,0,13
crea,13,0,13
dhgs,13,0,13
hycanthone,13,0,13
lanosterol,13,0,13
wse,13,0,13
cuisine,13,0,13
rvd,13,0,13
leventis,13,0,13
zikvns1,13,0,13
manacorda,13,0,13
sheng,13,0,13
α-galcer,13,0,13
lipophil,13,0,13
c3d,13,0,13
iges,13,0,13
cepharantha,13,0,13
gorilla,13,0,13
zoll,13,0,13
e.pallida,13,0,13
restarts,13,0,13
ac1,13,0,13
tak-242,13,0,13
pdvac,13,0,13
mtgl,13,0,13
β-keratin,13,0,13
abt,13,0,13
c95,13,0,13
non,13,0,13
optotherm,13,0,13
digraph,13,0,13
jitk,13,0,13
pegifnα2a,13,0,13
demethoxycurcumin,13,0,13
doxylamin,13,0,13
hts,13,0,13
orel,13,0,13
erode,13,0,13
bmf,13,0,13
backpulse,13,0,13
mir-122isomers,13,0,13
amborella,13,0,13
odn39,13,0,13
cefixima,13,0,13
cdd,13,0,13
nanobody,13,0,13
sabinpoliovirus,13,0,13
o.vulgare,13,0,13
freire,13,0,13
cet,13,0,13
ficz,13,0,13
halachic,13,0,13
fluadquadrivalent,13,0,13
pneumococcalconjugatevaccine,13,0,13
cretiscalpellum,13,0,13
roberta,13,0,13
nlrx1,13,0,13
rugosa,13,0,13
pro-hyp,13,0,13
marafivirus,13,0,13
azd1480,13,0,13
hooker,13,0,13
dknv,13,0,13
nhcc,13,0,13
tramadol/paracetamol,13,0,13
concanamycin-a,13,0,13
caspase-4,13,0,13
a.lavenia,13,0,13
colobreathe,13,0,13
shr-n307,13,0,13
15d-pgj2,13,0,13
dia,13,0,13
remimazolam,13,0,13
mk-0457,13,0,13
quinaprilat,13,0,13
2′-omtase-dolutegravir,13,0,13
atz,13,0,13
thiohemiacetal,13,0,13
5up2,13,0,13
3-galloylcatechin,13,0,13
d-amphetamine,13,0,13
mir-26,13,0,13
cvc4sy,13,0,13
pretm,13,0,13
niae,13,0,13
indacaterol/glycopyrronium,13,0,13
xylopine_2,13,0,13
hspa8,13,0,13
provitamind3,13,0,13
estradiolvalerate,13,0,13
alcalase,13,0,13
chloroquine-d4,13,0,13
carfi,13,0,13
i942,13,0,13
vcg,13,0,13
oxadiazoloneisomers,13,0,13
rag-if,13,0,13
kalman,13,0,13
hco,13,0,13
mipafox,13,0,13
dec,13,0,13
pelc/cpg,13,0,13
turicella,13,0,13
caerin1.1,13,0,13
spinosad,13,0,13
cboe,13,0,13
e2-p7,13,0,13
gga-mir-9,13,0,13
gga-mir-16-5p,13,0,13
ginsan,13,0,13
andro-nbd,13,0,13
gimli-hash,13,0,13
christman,13,0,13
hr2-anti-p,13,0,13
hmw-kininogen,13,0,13
androgene,13,0,13
symbol,13,0,13
narthecium,13,0,13
a-adrenergic,13,0,13
ifna-2b,13,0,13
oncotarget,13,0,13
s]methionine/cysteine,13,0,13
17-ohpc,13,0,13
-omtase-dolutegravir,13,0,13
hla-b*46:01,13,0,13
a-ketoamide,13,0,13
vtd,13,0,13
taranabant,13,0,13
fil,13,0,13
ecu,13,0,13
heparin-bsa,13,0,13
lornoxicam,13,0,13
pro-a,13,0,13
/a-ketoamide,13,0,13
plinabulin,12,1,13
clomifene,12,1,13
metofane,12,1,13
naphazoline,12,1,13
bradykinine,12,1,13
carina,12,1,13
fremanezumab,12,1,13
cephalosporium,12,1,13
stibogluconate,12,1,13
pil,12,1,13
botrocetin,12,1,13
liga,12,1,13
fusicoccin,11,2,13
azitromycin,11,2,13
lorestan,11,2,13
rabisin,11,2,13
pentoxyfylline,11,2,13
enoxaprin,11,2,13
pyronin,11,2,13
chimerolectin,11,2,13
monoethylglycinexylidide,11,2,13
cefi,11,2,13
vinorelbin,11,2,13
iodobananin,10,3,13
edatrexate,10,3,13
orotidine,10,3,13
hydrazone,10,3,13
propionamide,10,3,13
autotaxin,10,3,13
fentanil,10,3,13
dibekacin,10,3,13
squalamine,10,3,13
proxymetacaine,10,3,13
lodoxamide,9,4,13
leflunamide,9,4,13
misonidazole,9,4,13
dimethylamiloride,9,4,13
cilazapril,9,4,13
carboxyl,9,4,13
hervir,9,4,13
ketokonazole,9,4,13
rifabutine,9,4,13
foravirumab,9,4,13
phytochelatin,9,4,13
niaprazine,9,4,13
unomide,9,4,13
antibiotikatherapie,9,4,13
esperamicin,8,5,13
papuamide,8,5,13
eupatorium,8,5,13
maleimide,8,5,13
carboxytetramethylrhodamine,8,5,13
alamine,8,5,13
catestatin,8,5,13
acetylpromazine,8,5,13
cafestol,8,5,13
avicenna,8,5,13
pralmorelin,8,5,13
deoxyhemoglobin,8,5,13
amodiquine,8,5,13
callipeltin,8,5,13
pridopidine,8,5,13
triplaxtinin,8,5,13
orciprenalin,8,5,13
sulphadoxine,7,6,13
matuzumab,7,6,13
cefradine,7,6,13
ethanamine,7,6,13
furane,7,6,13
groudine,7,6,13
pogostone,7,6,13
laricitrin,7,6,13
piritramide,7,6,13
ibopamine,7,6,13
odone,7,6,13
sulphamethizole,7,6,13
cromakalim,7,6,13
streptamine,7,6,13
fluconasole,7,6,13
bifenthrin,7,6,13
lathosterol,7,6,13
ucytosine,7,6,13
.acyclovir,7,6,13
deutetrabenazine,7,6,13
tosufloxacin,6,7,13
temafloxacin,6,7,13
flavanol,6,7,13
acrosin,6,7,13
sequinavir,6,7,13
motesanib,6,7,13
cirazoline,6,7,13
butyramide,6,7,13
mebeverine,6,7,13
oligodeoxynucleotide,6,7,13
mycamine,6,7,13
pitocin,6,7,13
gypenoside,6,7,13
phosphoaspirin,6,7,13
basilmab,6,7,13
nipocalimab,5,8,13
trichloromethane,5,8,13
atractylone,5,8,13
betahistine,5,8,13
surfacine,5,8,13
tigecyline,5,8,13
cefazedone,5,8,13
lisdexamfetamine,5,8,13
imperato,5,8,13
favlplravir,5,8,13
saussine,5,8,13
didanosin,5,8,13
pallidipin,5,8,13
thioinosine,4,9,13
orilanolimab,4,9,13
opinavir,4,9,13
nitrosoglutathione,4,9,13
meronem,4,9,13
taraxerone,4,9,13
balanol,4,9,13
tolazamide,4,9,13
eculizimab,4,9,13
aspamide,3,10,13
alpisarin,3,10,13
sukarno,3,10,13
prysby,3,10,13
lycoramine,3,10,13
aerolysin,3,10,13
methanethiol,3,10,13
glychionide,3,10,13
montanide,3,10,13
golestan,3,10,13
dioxolenone,3,10,13
loliolide,3,10,13
marilone,3,10,13
octanorm,3,10,13
gulonolactone,2,11,13
talabostat,2,11,13
licuraside,2,11,13
sterberisiko,2,11,13
thulin,2,11,13
semicarbazone,2,11,13
bmy-27709,2,11,13
vakzine,2,11,13
anagrelide,2,11,13
h]uridine,2,11,13
sulphomucin,2,11,13
triabin,2,11,13
baglole,1,12,13
propyphenazone,1,12,13
piperacilina,1,12,13
tomatine,1,12,13
aerogen,1,12,13
sterole,1,12,13
draxxin,1,12,13
seroprävalenz,1,12,13
cholic,1,12,13
daejeon,0,13,13
jubanine,0,13,13
silanol,0,13,13
achaogen,0,13,13
empyem,0,13,13
varnam,0,13,13
microemboli,0,13,13
cystinosin,0,13,13
hydroxybenzotriazole,0,13,13
timone,0,13,13
sörensen,0,13,13
phosphothreonine,0,13,13
phycoerythrin,0,13,13
filippone,0,13,13
benzathine penicillin,0,13,13
membranproteine,0,13,13
zerumbone,0,13,13
cadherin,0,13,13
röntgen,0,13,13
tripsin,0,13,13
disziplin,0,13,13
sodium borohydride,0,13,13
time.9,0,13,13
fubini,0,13,13
polypropyleneimine,0,13,13
collidine,0,13,13
mowiol,0,13,13
transplanté,0,13,13
iminothiazolidinone,0,13,13
tinosponone,0,13,13
dihydroxyacetone,0,13,13
n1-methyladenosine,0,13,13
nukleotide,0,13,13
trimannoside,0,13,13
kilifi,0,13,13
micrograms,0,13,13
strictinin,0,13,13
l'épine,0,13,13
tolerogen,0,13,13
bornem,0,13,13
mahanine,0,13,13
matairesinol,0,13,13
thiorhodanine,0,13,13
omniscan,0,13,13
xylazin,0,13,13
paracrine,0,13,13
oxepeucedanin,0,13,13
benzylguanidine,0,13,13
prilosec,0,13,13
hwacheon,0,13,13
enteropathogen,0,13,13
compazine,0,13,13
leuenkephalin,0,13,13
delgarno,0,13,13
eosinophils,0,13,13
dazhou,0,13,13
remdesivir-,0,13,13
multipole,0,13,13
friedline,0,13,13
tunicamycine,0,13,13
aeroallergen,0,13,13
trastornos,0,13,13
rosato,0,13,13
daganzo,0,13,13
disfunzione,0,13,13
misurazione,0,13,13
isolophirachalcone,0,13,13
levine,0,13,13
lselectin,0,13,13
sativex,0,13,13
spherule,0,13,13
prophlebotomus,0,13,13
avone,0,13,13
dynam,0,13,13
completato,0,13,13
sulfoxide,12,0,12
glycylcyclines,12,0,12
ammoniumnitrate,12,0,12
nelson,12,0,12
oesophagus,12,0,12
cardioplegic,12,0,12
hpv-l1,12,0,12
p2y2r,12,0,12
methylophilus,12,0,12
rap,12,0,12
pomacea,12,0,12
n-acetylpenicillamine,12,0,12
cytarabine/daunorubicin,12,0,12
lucentis,12,0,12
amylose,12,0,12
pierce,12,0,12
d68,12,0,12
carbo,12,0,12
acetat,12,0,12
platyphylla,12,0,12
hhv-5,12,0,12
ketamine/medetomidine,12,0,12
nsm,12,0,12
intraplatelet,12,0,12
il13,12,0,12
omentin-1,12,0,12
levosalbutamol,12,0,12
hcv-1a,12,0,12
amantadine-,12,0,12
bma,12,0,12
urethanes,12,0,12
sood,12,0,12
bufavirus,12,0,12
retinamide,12,0,12
ev71,12,0,12
2-me,12,0,12
pelotas,12,0,12
interferon-β1b,12,0,12
tuina,12,0,12
bdp,12,0,12
gs-i,12,0,12
rnf,12,0,12
ur-uvgi,12,0,12
mangiferaindica,12,0,12
sumo2/3,12,0,12
tyrosines,12,0,12
carbomers,12,0,12
tpc,12,0,12
kenalog,12,0,12
acetobacter,12,0,12
papanicolaou,12,0,12
introgen,12,0,12
maquinaria,12,0,12
sessa,12,0,12
pseudoneodiplostomoides,12,0,12
clover,12,0,12
orf64,12,0,12
nitrazepam,12,0,12
kainate,12,0,12
α2-agonists,12,0,12
warthin,12,0,12
scrapie,12,0,12
spo2,12,0,12
erythromycinestolate,12,0,12
antimoniate,12,0,12
polygiene,12,0,12
avdeev,12,0,12
cobalamins,12,0,12
aceis,12,0,12
immunoglobins,12,0,12
lrr,12,0,12
tr1,12,0,12
pellucidum,12,0,12
high-dosage,12,0,12
pentacene,12,0,12
euk-207,12,0,12
mk-2206,12,0,12
getv,12,0,12
linyi,12,0,12
mir-214,12,0,12
mir-147,12,0,12
fluorines,12,0,12
retrocyclin-1,12,0,12
blue,12,0,12
interleukin-1,12,0,12
slack,12,0,12
monastrol,12,0,12
scb,12,0,12
pessoal,12,0,12
dragmacidin,12,0,12
il33,12,0,12
vasopressoren,12,0,12
labetolol,12,0,12
muskelrelaxanzien,12,0,12
2′-deoxyuridine,12,0,12
pld2,12,0,12
ifn-λ,12,0,12
oseltamivir-,12,0,12
guérin,12,0,12
pantochelis,12,0,12
livoneca,12,0,12
maldi,12,0,12
vane,12,0,12
kininase,12,0,12
rifn-α2a,12,0,12
elecampane,12,0,12
cardiotonic,12,0,12
smilax,12,0,12
actr,12,0,12
cycloserin,12,0,12
3-chymotrypsin,12,0,12
γ‐globulin,12,0,12
polymorphisms,12,0,12
magill,12,0,12
haptens,12,0,12
mir-181c-5p,12,0,12
inact/k,12,0,12
at2r,12,0,12
zaprinast,12,0,12
atul,12,0,12
cidc,12,0,12
"1,25(oh)2vd3",12,0,12
mev.,12,0,12
acetylene,12,0,12
tf2b,12,0,12
e64d,12,0,12
ciaglia,12,0,12
apobec3,12,0,12
qaeda,12,0,12
zuma,12,0,12
nitin,12,0,12
moisture,12,0,12
sga,12,0,12
salsola,12,0,12
persicae,12,0,12
ethyl-alcohol,12,0,12
bhg,12,0,12
veras,12,0,12
westat,12,0,12
menthae,12,0,12
lcdv,12,0,12
ohf,12,0,12
pd-1/pd-l1,12,0,12
h2a,12,0,12
aerogene,12,0,12
mir-326,12,0,12
vitruvius,12,0,12
hcq-az,12,0,12
armeniacamume,12,0,12
haris,12,0,12
cymbopogon,12,0,12
mgp,12,0,12
exelixis,12,0,12
cpgodn1826,12,0,12
juniperus,12,0,12
nsp2,12,0,12
atg2,12,0,12
konstanz,12,0,12
antitoxins,12,0,12
fallopiajaponica,12,0,12
spicatum,12,0,12
marcin,12,0,12
sodiumascorbate,12,0,12
orf,12,0,12
engerix,12,0,12
pirbuterol,12,0,12
sistema,12,0,12
cecropins,12,0,12
schizophrenia,12,0,12
plantago,12,0,12
pvp‐i,12,0,12
hemacolor,12,0,12
peroxides,12,0,12
zoom,12,0,12
echter,12,0,12
sulphation,12,0,12
hypnea,12,0,12
rj,12,0,12
rts,12,0,12
george,12,0,12
furnas,12,0,12
voltage-gated,12,0,12
osteocytes,12,0,12
calamine,12,0,12
soil,12,0,12
lamivudine/zidovudine,12,0,12
co‐trimoxazole,12,0,12
anti-thymoglobulin,12,0,12
ataxin,12,0,12
ceacam1,12,0,12
sophorae,12,0,12
sigd,12,0,12
amoxil,12,0,12
four-cysteine,12,0,12
guex,12,0,12
fixatives,12,0,12
scythe,12,0,12
sabinene,12,0,12
cvp,12,0,12
sonar,12,0,12
trifluoromethanesulfonate,12,0,12
fortuitum,12,0,12
cyclam,12,0,12
bonds,12,0,12
cyclophylin,12,0,12
senps,12,0,12
pp1a,12,0,12
oxyrrhis,12,0,12
posel,12,0,12
aak1,12,0,12
tobii,12,0,12
schering-plough,12,0,12
brequinarsodium,12,0,12
cyl,12,0,12
maritime,12,0,12
ghsa,12,0,12
hella,12,0,12
p-aminophenol,12,0,12
napalm,12,0,12
umckaloabo,12,0,12
anaconda,12,0,12
lagerstroemia,12,0,12
deoxyribozymes,12,0,12
sirtris,12,0,12
asos,12,0,12
ferricchloride,12,0,12
paclitaxel-carboplatin,12,0,12
chimpanzee,12,0,12
vareniclin,12,0,12
aosd,12,0,12
rue,12,0,12
clindamycin-primaquine,12,0,12
tagline,12,0,12
nsf,12,0,12
vagal,12,0,12
arabinoxylan,12,0,12
2‐propanol,12,0,12
euvichol,12,0,12
aminoalcohols,12,0,12
hassel,12,0,12
huangqin-tang,12,0,12
long-acting,12,0,12
matt,12,0,12
ifit2,12,0,12
fagus,12,0,12
suoranta,12,0,12
amoebicide,12,0,12
violaxanthin,12,0,12
tidy,12,0,12
peroxinectin,12,0,12
hydrogens,12,0,12
pincus,12,0,12
heilongjiang-syxk-2006,12,0,12
leach,12,0,12
yin-qiao-san,12,0,12
anti-anthrax,12,0,12
campath-1,12,0,12
populism,12,0,12
pd-l1,12,0,12
minos,12,0,12
trimetoprim,12,0,12
isoborneol,12,0,12
grandin,12,0,12
haploreg,12,0,12
5-asa/sulfasalazine,12,0,12
eafpg,12,0,12
nie,12,0,12
leandro,12,0,12
benzothiazine,12,0,12
propachlor,12,0,12
sema,12,0,12
x.,12,0,12
cefuroximaxetil,12,0,12
sulfametoxazol,12,0,12
amikacina,12,0,12
coin,12,0,12
valovirus,12,0,12
diclofenaco,12,0,12
teladoc,12,0,12
leguminosae,12,0,12
coulin,12,0,12
drubin,12,0,12
coxsackieb3,12,0,12
magnolia,12,0,12
fanci,12,0,12
halobacterium,12,0,12
α-agonist,12,0,12
lesotho,12,0,12
napthol,12,0,12
stim,12,0,12
flublok,12,0,12
agassi,12,0,12
clemastanin,12,0,12
prochaska,12,0,12
hericium,12,0,12
antitubulin,12,0,12
roh,12,0,12
ifitm,12,0,12
arthrography,12,0,12
tweetrank,12,0,12
polysterene,12,0,12
tustin,12,0,12
mir-197,12,0,12
satratoxin,12,0,12
cisplatin/pemetrexed,12,0,12
daya,12,0,12
plex,12,0,12
cupressaceae,12,0,12
schinus,12,0,12
lucille,12,0,12
gfiv,12,0,12
adiposity,12,0,12
orp4,12,0,12
25oh,12,0,12
gymnosperms,12,0,12
curricula,12,0,12
α-keratin,12,0,12
killin,12,0,12
artichoke,12,0,12
mdl,12,0,12
iodochlorhydroxyquin,12,0,12
interferon‐α,12,0,12
oac,12,0,12
gadolinium-based,12,0,12
palmitylation,12,0,12
nu,12,0,12
finkel,12,0,12
vx-497,12,0,12
copperoxide,12,0,12
asca-pso,12,0,12
amoxycillin/clavulanate,12,0,12
acmt,12,0,12
ligustrazine,12,0,12
µ-agonist,12,0,12
indomethicin,12,0,12
3bnc117,12,0,12
gyrase,12,0,12
onychomycosis,12,0,12
xanthiifructus,12,0,12
zim,12,0,12
pconvkb,12,0,12
millenium,12,0,12
armin,12,0,12
tris-hci,12,0,12
stallergenes,12,0,12
tellurite,12,0,12
b-peptide,12,0,12
(s)-chloroquine,12,0,12
biblioteca,12,0,12
roxas,12,0,12
beta-pinene,12,0,12
valeriana,12,0,12
glycosidase,12,0,12
antiinfektiva,12,0,12
iftaa,12,0,12
previtamind3,12,0,12
domantis,12,0,12
agastache,12,0,12
eucalyptuseo,12,0,12
gelomyrtol,12,0,12
ini,12,0,12
phloroglucinol-hcl,12,0,12
bta,12,0,12
vitaminb5,12,0,12
remestemcel-l,12,0,12
furin,12,0,12
meds,12,0,12
bayerag,12,0,12
hlh-94,12,0,12
naktide,12,0,12
adil,12,0,12
flammulina,12,0,12
botella,12,0,12
salicylaldehyde,12,0,12
gutgard,12,0,12
upjohn,12,0,12
eswatini,12,0,12
miramistin,12,0,12
fortus,12,0,12
echols,12,0,12
ethinylestradiol,12,0,12
e804,12,0,12
sodiumnitrate,12,0,12
hdc-sign,12,0,12
amphotericinb.,12,0,12
hbd,12,0,12
usp29,12,0,12
fibulin-1,12,0,12
cob,12,0,12
luton,12,0,12
sunstein,12,0,12
spongin,12,0,12
interferon-ribavirin,12,0,12
houttuyfonate,12,0,12
teaflavonoids,12,0,12
filariasis,12,0,12
francesco,12,0,12
chemoradiotherapy,12,0,12
fk565,12,0,12
respimat,12,0,12
bicaval,12,0,12
osteoblast,12,0,12
piramide,12,0,12
leguminosarumbv,12,0,12
d-penicillamin,12,0,12
bolam,12,0,12
pemapivirus,12,0,12
bastin,12,0,12
stabilin-2,12,0,12
hydroxyproline/proline,12,0,12
zaraa,12,0,12
citrated,12,0,12
etn,12,0,12
meq,12,0,12
c.inophyllum,12,0,12
calanolides,12,0,12
thyroid,12,0,12
shattock,12,0,12
prudente,12,0,12
sfjd,12,0,12
xuanfei,12,0,12
diphtheria-pertussis-tetanus,12,0,12
euph,12,0,12
baduanjin,12,0,12
mcneil,12,0,12
5-fluorouridine,12,0,12
gym,12,0,12
jao-urbanik,12,0,12
clopidol,12,0,12
γ-globulin,12,0,12
cpg-a,12,0,12
middelhoek,12,0,12
sphaericus,12,0,12
sugar-sweetened,12,0,12
histatins,12,0,12
msc-exos,12,0,12
vincie,12,0,12
trichothecium,12,0,12
am2,12,0,12
isin,12,0,12
l-glycine,12,0,12
koreanum,12,0,12
stent,12,0,12
nostrin,12,0,12
artemether/lumefantrin,12,0,12
alex,12,0,12
zinc-methionine,12,0,12
tacrolimus/sirolimus,12,0,12
yopj,12,0,12
1903,12,0,12
christ,12,0,12
hydroxyvitamind,12,0,12
nivalis,12,0,12
tai,12,0,12
cpg-np,12,0,12
imipenem/edta,12,0,12
phlorofucofuroeckol-a,12,0,12
alkylamide,12,0,12
gadovist,12,0,12
bimatoprost,12,0,12
sema6c,12,0,12
ferrin,12,0,12
siegfried,12,0,12
cbx,12,0,12
ub-vs,12,0,12
cta1-ddadjuvant,12,0,12
mir-33,12,0,12
tacloban,12,0,12
basv,12,0,12
pifn-γ,12,0,12
gospel,12,0,12
ac-,12,0,12
palmiticacids,12,0,12
christina,12,0,12
hsp60,12,0,12
ngr-tnf,12,0,12
seema,12,0,12
dimitrios,12,0,12
ac-met-enk,12,0,12
meftah,12,0,12
curosurf,12,0,12
riba,12,0,12
flucide,12,0,12
p21s10,12,0,12
coumestrol,12,0,12
gastineau,12,0,12
valgcv,12,0,12
taolujia,12,0,12
lupeol,12,0,12
def201,12,0,12
anti-rubella,12,0,12
macozinone,12,0,12
hwjc,12,0,12
5-hydroxymethylcytosine,12,0,12
nagelamides,12,0,12
arabiensis,12,0,12
f-vir,12,0,12
bis-pom,12,0,12
vk4,12,0,12
iromycin,12,0,12
mir-1307-3p,12,0,12
prm-e,12,0,12
allergan,12,0,12
brevinin-2,12,0,12
sumo2,12,0,12
pegylated-ifn-λ1,12,0,12
oncotypedx,12,0,12
ltl2tgba,12,0,12
rnadjuvant,12,0,12
calcipotriene,12,0,12
glucocorticoides,12,0,12
solanesol,12,0,12
ampicillin/amoxicillin,12,0,12
advia,12,0,12
spumarius,12,0,12
tgn38,12,0,12
loperamide-,12,0,12
tradd,12,0,12
haenke,12,0,12
benzavir-1,12,0,12
agol,12,0,12
ibr-7,12,0,12
endu-2,12,0,12
hms-1,12,0,12
ifn-l,12,0,12
salivariusm2,12,0,12
mir-204,12,0,12
karenia,12,0,12
rosmaricine_15,12,0,12
pillin,12,0,12
neuroligin3,12,0,12
gol,12,0,12
klipfontein,12,0,12
rfbr,12,0,12
romo1,12,0,12
cocaine-ud,12,0,12
camaldulensis,12,0,12
psychopy,12,0,12
moxa3,12,0,12
butaprost,12,0,12
kaia,12,0,12
b-plot,12,0,12
rzv,12,0,12
phbv,12,0,12
sbl,12,0,12
adarotene,12,0,12
spink1,12,0,12
rhu,12,0,12
iapv,12,0,12
syndna,12,0,12
isotopic,12,0,12
fluorosurfactants,12,0,12
rhs,12,0,12
ifn-beta-1a,12,0,12
bak4,12,0,12
uzbekistan,12,0,12
m.cordata,12,0,12
makanin,12,0,12
cillin,12,0,12
prazoles,12,0,12
a-lactalbumin,12,0,12
praxistipp,12,0,12
z-drug,12,0,12
.dexamethasone,12,0,12
ifn-b1a,12,0,12
s-hcq,12,0,12
.ivermectin,12,0,12
2-agonist,12,0,12
-carotene,12,0,12
p-mercaptoethanol,12,0,12
nlrp12,12,0,12
s-methionine/cysteine,12,0,12
prozinc,12,0,12
dna-drug,12,0,12
clomifen,12,0,12
hydroxychloroquine+azithromycin,12,0,12
b-adrenoceptor,12,0,12
scam,12,0,12
ge,12,0,12
rhizomapolygonati,12,0,12
zuclopenthixol,12,0,12
stula,12,0,12
rpl12,12,0,12
calcifi,12,0,12
.niclosamide,12,0,12
iv-pam,12,0,12
indol,12,0,12
se-cys,12,0,12
l-toxin,12,0,12
thec,12,0,12
dimethylfumarate,12,0,12
casrx,12,0,12
dienogest,12,0,12
renorrhaphy,12,0,12
lachnellula,12,0,12
enfuvirtida,12,0,12
leviteracetam,11,1,12
fenobarbital,11,1,12
razoxane,11,1,12
magnesiumsulfat,11,1,12
acremonium,11,1,12
thrombospondin,11,1,12
tristetraprolin,11,1,12
aviram,11,1,12
formivirsen,11,1,12
janine,11,1,12
bodine,11,1,12
ciproxin,11,1,12
cantin,11,1,12
puborectalis,11,1,12
emivirine,10,2,12
diglycine,10,2,12
aldophosphamide,10,2,12
fospropofol,10,2,12
paronomycin,10,2,12
desotamide,10,2,12
alkali,10,2,12
anastrazole,10,2,12
simtuzumab,10,2,12
moxonidine,10,2,12
delazomib,10,2,12
cefsulodine,9,3,12
reproterol,9,3,12
raclopride,9,3,12
spinophilin,9,3,12
spirapril,9,3,12
antithymoglobulin,9,3,12
kounis,9,3,12
larifan,9,3,12
sulfamethoxazoletrimethoprim,9,3,12
tetramethylpyrazine,8,4,12
trilete,8,4,12
pentamethylmelamine,8,4,12
ertiprotafib,8,4,12
tetracosactide,8,4,12
tuberculin,8,4,12
rootletin,8,4,12
importazole,8,4,12
benazapril,8,4,12
diphenydramine,8,4,12
catepsin,8,4,12
dihydroartemisininpiperaquine,8,4,12
pleuromutilin,8,4,12
virokinin,8,4,12
benzodithiazine,8,4,12
homolanthionine,8,4,12
schabas,8,4,12
.sofosbuvir,8,4,12
zidebactam,8,4,12
strontium,8,4,12
gigantol,8,4,12
carboxyprimaquine,8,4,12
doxercalciferol,8,4,12
limus,8,4,12
redemsivir,7,5,12
pyramethamine,7,5,12
complestatin,7,5,12
cucurbitacin,7,5,12
mycolactone,7,5,12
gitoxin,7,5,12
butriptyline,7,5,12
paluvizumab,7,5,12
norfloxacine,7,5,12
alfadolone,7,5,12
.cidofovir,7,5,12
halipeptin,7,5,12
flavomycin,7,5,12
echistatin,7,5,12
uticasone,7,5,12
bethanecol,7,5,12
rentiapril,7,5,12
sulfachloropyridazine,6,6,12
mitraphylline,6,6,12
demexiptiline,6,6,12
colestyramine,6,6,12
spiromustine,6,6,12
picoplatin,6,6,12
transplatin,6,6,12
esorubicin,6,6,12
marcellomycin,6,6,12
fazarabine,6,6,12
pelitinib,6,6,12
besifloxacin,6,6,12
isotetrandrine,6,6,12
gliteritinib,6,6,12
guaiphenesin,6,6,12
fosfluconazole,6,6,12
fostemsavir,6,6,12
gandotinib,6,6,12
lanimavir,6,6,12
dercitamide,6,6,12
beloranib,6,6,12
thiostreptin,6,6,12
allisartan,6,6,12
sekukinumab,6,6,12
melanostatin,6,6,12
sevirumab,6,6,12
chlorquine,6,6,12
balipiravir,6,6,12
alfaprostol,6,6,12
alizine,6,6,12
levopromazine,6,6,12
otlertuzumab,6,6,12
ciprofloxasin,6,6,12
bunazosin,6,6,12
ovalacin,6,6,12
methoxazole,6,6,12
mataquine,6,6,12
mitoguazone,6,6,12
nifenazone,6,6,12
selamectine,6,6,12
thermoquinone,6,6,12
etamycin,6,6,12
felvizumab,6,6,12
aprotinine,6,6,12
roxythromycin,6,6,12
cinitapride,6,6,12
spebrutinib,6,6,12
dexlansoprazole,6,6,12
penicillixanthone,6,6,12
dutogliptin,6,6,12
cepharanoline,6,6,12
radotinib,6,6,12
homatropine,6,6,12
galocitabine,6,6,12
emricitabine,6,6,12
letrazole,6,6,12
trelagliptin,6,6,12
linderaspirone,6,6,12
feglymycin,6,6,12
isophakellistatin,6,6,12
isotocin,6,6,12
palivuzimab,6,6,12
levonordefrin,6,6,12
favapiravir,6,6,12
branimycin,6,6,12
osone,6,6,12
clavatadine,6,6,12
flavilavir,6,6,12
evenzo,6,6,12
talacotuzumab,6,6,12
omtriptolide,6,6,12
nacartocin,6,6,12
gatys,6,6,12
cyclophospamide,6,6,12
valgangciclovir,6,6,12
kalihinol,6,6,12
idebenone,6,6,12
musclin,6,6,12
pyridinoline,6,6,12
dpenicillamine,6,6,12
benzindamine,6,6,12
desmethylimipramine,6,6,12
tadine,6,6,12
citarabine,6,6,12
oseltamivirperamivir,6,6,12
mitoxanthrone,5,7,12
fostriecin,5,7,12
hydroxylchloroquine,5,7,12
antiestrogen,5,7,12
andrea,5,7,12
choriogenin,5,7,12
azithromicin,5,7,12
phidianidine,5,7,12
tunieamycin,5,7,12
sabrine,5,7,12
protonectin,5,7,12
hitachimycin,4,8,12
feprazone,4,8,12
garcidepsidone,4,8,12
dichloroacetylene,4,8,12
isaindigotone,4,8,12
cyclopropylamine,4,8,12
ciproxifan,4,8,12
mutanolysin,4,8,12
glepidotin,4,8,12
chloropeptin,3,9,12
paramivir,3,9,12
hesperitin,3,9,12
thiostrepton,3,9,12
furoxone,3,9,12
phosphocholine,3,9,12
solanine,3,9,12
tetramisole,3,9,12
spiperone,3,9,12
sulfinpyrazone,2,10,12
gwangju,2,10,12
phenylpropenamide,2,10,12
licoricone,2,10,12
perimidine,2,10,12
polyphemusin,2,10,12
platyphyllenone,2,10,12
phagicin,2,10,12
dejerine,2,10,12
decanol,2,10,12
cuprizone,2,10,12
naprosyn,2,10,12
tessin,2,10,12
cpeptide,1,11,12
orthophenylenediamine,1,11,12
iberiotoxin,1,11,12
sterigmatocystin,1,11,12
sclerotin,1,11,12
peptidoglycan,0,12,12
franceschini,0,12,12
chhetri,0,12,12
hematochezia,0,12,12
flughäfen,0,12,12
trp1084,0,12,12
polat,0,12,12
nourseothricin,0,12,12
pathomechanismus,0,12,12
asacol,0,12,12
triamine,0,12,12
rothlin,0,12,12
methylmorpholine,0,12,12
globule,0,12,12
phytohemagglutinin,0,12,12
buddleoside,0,12,12
butyrolactone,0,12,12
dimitriou,0,12,12
licoflavonol,0,12,12
bioterrorismus,0,12,12
falcilysin,0,12,12
semicarbazide,0,12,12
alkyne,0,12,12
ckd602,0,12,12
teweegbrengen,0,12,12
semiquinone,0,12,12
dienone,0,12,12
glabroisoflavanone,0,12,12
shinpterocarpin,0,12,12
worline,0,12,12
dioctyltin,0,12,12
dicyclohexyltin,0,12,12
l'hypothalamus,0,12,12
technoclone,0,12,12
myofibril,0,12,12
rns1,0,12,12
spaan,0,12,12
μg/,0,12,12
scullin,0,12,12
nigellimine,0,12,12
connectin,0,12,12
hämagglutinin,0,12,12
terpyridine,0,12,12
neyts,0,12,12
tateno,0,12,12
methylguanosine,0,12,12
benzylpiperazine,0,12,12
toone,0,12,12
procko,0,12,12
sphenopalatine,0,12,12
alhajjar,0,12,12
difethialone,0,12,12
plantone,0,12,12
garriga,0,12,12
tixel,0,12,12
xanthomicrol,0,12,12
proenkephalin,0,12,12
channelopathy,0,12,12
dihydropyridine calcium,0,12,12
zunimmt,0,12,12
cryoglobuline,0,12,12
tripsine,0,12,12
thalli,0,12,12
duvoisin,0,12,12
culicine,0,12,12
verstoß,0,12,12
lancione,0,12,12
grunderkrankungen,0,12,12
neoflavone,0,12,12
fundoscopic,0,12,12
p8-rhodamine,0,12,12
isorientin,0,12,12
methylcoclaurine,0,12,12
mcov,0,12,12
pro1224,0,12,12
p-182,0,12,12
vasocostrizione,0,12,12
l'interazione,0,12,12
citochine,0,12,12
objectifs,0,12,12
predonisolone,0,12,12
nacetylglucosamine,0,12,12
somministrato,0,12,12
lipoproteine,0,12,12
colirios,0,12,12
fibdnogen,0,12,12
transferrine,0,12,12
hémoglobine,0,12,12
polcalcin,0,12,12
dysadherin,0,12,12
smartline,0,12,12
valutato,0,12,12
tampone,0,12,12
sostituzione,0,12,12
progressione,0,12,12
analizzato,0,12,12
kdd,11,0,11
cci-779,11,0,11
iodine-125,11,0,11
collegium,11,0,11
zhi,11,0,11
clrt,11,0,11
ucb,11,0,11
nitazoxanid,11,0,11
pvpi,11,0,11
rotavirusa,11,0,11
rictor,11,0,11
bencao,11,0,11
cort,11,0,11
erasmus,11,0,11
vesalius,11,0,11
epiglottitis,11,0,11
flouroquinolones,11,0,11
spm12,11,0,11
ferroxidase,11,0,11
japonica,11,0,11
abirateroneacetate,11,0,11
flax,11,0,11
lipidated,11,0,11
salicylanilides,11,0,11
long-chain,11,0,11
taci,11,0,11
feb,11,0,11
nahezu,11,0,11
rfa,11,0,11
ligusticumchuanxiong,11,0,11
m.alba,11,0,11
hieran,11,0,11
β‐carotene,11,0,11
oprelvekin,11,0,11
bispo,11,0,11
tailandia,11,0,11
rut,11,0,11
loniceraeflos,11,0,11
optaflu,11,0,11
cysc,11,0,11
stil,11,0,11
uck,11,0,11
vitaminddeficiency,11,0,11
quininesulfate,11,0,11
crocodilarum,11,0,11
paradiplostomum,11,0,11
actichlor,11,0,11
dl-α-tocopherol,11,0,11
p-cresol,11,0,11
bitc,11,0,11
engin,11,0,11
coxib,11,0,11
candia,11,0,11
isopropanol-based,11,0,11
frp,11,0,11
talipes,11,0,11
mimox,11,0,11
anti-histaminic,11,0,11
trichlorfon,11,0,11
jpeg,11,0,11
bromides,11,0,11
linguatulaserrata,11,0,11
revista,11,0,11
tvr,11,0,11
hugger,11,0,11
arteannuinb,11,0,11
u13,11,0,11
triazenes,11,0,11
mgmt,11,0,11
edotecarin,11,0,11
lometrexol,11,0,11
sanlu,11,0,11
sevofluran,11,0,11
hiv/hbv,11,0,11
zinc-,11,0,11
chlorhexidinemouthwash,11,0,11
ardl,11,0,11
mir-375,11,0,11
propionibacterium,11,0,11
silvia,11,0,11
oximetazolina,11,0,11
pardo,11,0,11
β‐strand,11,0,11
ospg,11,0,11
ketene,11,0,11
heterocyclic,11,0,11
5α-dihydrotestosterone,11,0,11
pulsar,11,0,11
den,11,0,11
sodium-hydrogen,11,0,11
tob,11,0,11
α‐msh,11,0,11
microspinosamide,11,0,11
dragmacidind,11,0,11
alpha-2a,11,0,11
bisin,11,0,11
arterial,11,0,11
nymphen,11,0,11
schutz,11,0,11
hypophysectomy,11,0,11
hypovitaminosisa,11,0,11
kullback,11,0,11
lufenuron,11,0,11
5-methylcytidine,11,0,11
saccharomyces,11,0,11
gy/15,11,0,11
vitaminsupplements,11,0,11
pinellia,11,0,11
batavia,11,0,11
jokowi,11,0,11
rifn-α2b,11,0,11
milkthistle,11,0,11
huang,11,0,11
gymnema,11,0,11
cramp,11,0,11
pulsatilla,11,0,11
crataeva,11,0,11
oenothera,11,0,11
blandine,11,0,11
ethacrynicacid,11,0,11
gga-mir-21,11,0,11
lentigo,11,0,11
tinc,11,0,11
flavanols,11,0,11
dragline,11,0,11
antidiphtheria,11,0,11
that,11,0,11
bir,11,0,11
amartya,11,0,11
svr12,11,0,11
rs368234815,11,0,11
sympathomimetics,11,0,11
moclobemide,11,0,11
potassiumbromide,11,0,11
adesina,11,0,11
hispidum,11,0,11
tendi,11,0,11
stermirna,11,0,11
cefsulodin,11,0,11
bavencio,11,0,11
moxetumomab,11,0,11
talpa,11,0,11
methylphenidat,11,0,11
tikhonov,11,0,11
hcv-1,11,0,11
aluminiumhydroxide,11,0,11
ifn‐β,11,0,11
lamivudina,11,0,11
mendeleev,11,0,11
progastrin,11,0,11
caucus,11,0,11
agr,11,0,11
quinic,11,0,11
sp-d.,11,0,11
ifn-β,11,0,11
lula,11,0,11
lamoth,11,0,11
botrytis,11,0,11
inhalator,11,0,11
merthiolate,11,0,11
t.regelii,11,0,11
β1b,11,0,11
totarol,11,0,11
xinhua,11,0,11
sarcopenia,11,0,11
block,11,0,11
kdm6a,11,0,11
peptoniphilus,11,0,11
aldehydes,11,0,11
diana,11,0,11
sitosterol,11,0,11
zaveri,11,0,11
aptamer,11,0,11
glycyrrhizinate,11,0,11
icodextrin,11,0,11
ignaz,11,0,11
potassiumnitrate,11,0,11
d-enantiomer,11,0,11
buzan,11,0,11
mcv4,11,0,11
ngi-1,11,0,11
amppd,11,0,11
anti-rsv,11,0,11
alvac,11,0,11
coca-cola,11,0,11
tvt,11,0,11
avir,11,0,11
gadd34,11,0,11
zinc-chelating,11,0,11
hcv-ns3,11,0,11
sodiumnitrite,11,0,11
co-amoxyclav,11,0,11
cp-690550,11,0,11
noradrenergic,11,0,11
meadowweeds,11,0,11
varivax,11,0,11
bcg-danish,11,0,11
gallocatechin,11,0,11
alnusjaponica,11,0,11
curodont,11,0,11
beta-agonists,11,0,11
nobilisib,11,0,11
sip,11,0,11
2′-oxygen,11,0,11
amepv,11,0,11
cineol,11,0,11
fistein,11,0,11
ophiostoma,11,0,11
hcap18,11,0,11
p.sidoides,11,0,11
aldrin,11,0,11
esophagus,11,0,11
hku4-hr2p2,11,0,11
shosaikoto,11,0,11
1-dose,11,0,11
hydroxyethylstarch,11,0,11
as-1,11,0,11
flic,11,0,11
conmed,11,0,11
eschar,11,0,11
rotaxanes,11,0,11
umbravirus,11,0,11
diabetic,11,0,11
as1/rs1,11,0,11
toludine,11,0,11
az-27,11,0,11
3-hp-α-lactalbumin,11,0,11
reductase,11,0,11
decamethonium,11,0,11
s1p,11,0,11
landsteiner,11,0,11
guaico,11,0,11
cholesterin,11,0,11
interferon-beta-1a,11,0,11
herpesb,11,0,11
stol,11,0,11
sirt1,11,0,11
capm,11,0,11
h19,11,0,11
hydrazide,11,0,11
cucumis,11,0,11
mycosis,11,0,11
avert,11,0,11
mil,11,0,11
immerhin,11,0,11
trichophyton,11,0,11
penicillus,11,0,11
sulfamate,11,0,11
hololens,11,0,11
antisedan,11,0,11
butyricacid,11,0,11
heparanase,11,0,11
rings,11,0,11
aspmn,11,0,11
bertrand,11,0,11
quartan,11,0,11
pegleg,11,0,11
enid,11,0,11
ror,11,0,11
sodiumdodecylsulfate,11,0,11
saliphe,11,0,11
ns7a,11,0,11
herc,11,0,11
po,11,0,11
remifentanilo,11,0,11
e14,11,0,11
erica,11,0,11
bicanic,11,0,11
anticarcinogen,11,0,11
anti,11,0,11
blattellagermanica,11,0,11
cohesion,11,0,11
ecohealth,11,0,11
itim,11,0,11
chloracetate,11,0,11
qybv,11,0,11
clo,11,0,11
niobium,11,0,11
vitek,11,0,11
mythimna,11,0,11
5-aminosalicylate,11,0,11
bvdu,11,0,11
lex,11,0,11
laptop,11,0,11
afghanistan,11,0,11
beta-blockade,11,0,11
etknn,11,0,11
ad-mscs,11,0,11
giraph,11,0,11
vrcz,11,0,11
kawasaki,11,0,11
almeria,11,0,11
cranberryproanthocyanidins,11,0,11
selo,11,0,11
davos,11,0,11
vpr,11,0,11
penin,11,0,11
kotin,11,0,11
carbonic,11,0,11
nickase,11,0,11
gonadotropin-releasing,11,0,11
suprofen,11,0,11
gy/5,11,0,11
ssw,11,0,11
chinidin,11,0,11
bundibugyo,11,0,11
lmwhs,11,0,11
hippocraticum,11,0,11
fordii,11,0,11
polyphenol-rich,11,0,11
phyllanthin,11,0,11
crotamiton,11,0,11
mcrp,11,0,11
karp,11,0,11
ximelagatran,11,0,11
haemophilum,11,0,11
indigoticoside,11,0,11
dhap,11,0,11
pr,11,0,11
pope,11,0,11
walter,11,0,11
colobine,11,0,11
hazel,11,0,11
6-thioguanosine,11,0,11
tv3,11,0,11
cc-pvdz,11,0,11
condron,11,0,11
palmitin,11,0,11
samc,11,0,11
pyrifolia,11,0,11
lii,11,0,11
saltin,11,0,11
chipron,11,0,11
peg-biotin,11,0,11
cao,11,0,11
trbp,11,0,11
bcg-tice,11,0,11
bcg-glaxo,11,0,11
polydeoxyinosine,11,0,11
rimantadines,11,0,11
siddhartha,11,0,11
ifn-α2,11,0,11
kevlar,11,0,11
aoaa,11,0,11
aer,11,0,11
kymriah,11,0,11
mehr,11,0,11
geraniumoil,11,0,11
robl,11,0,11
vinga,11,0,11
iron-chelating,11,0,11
fetalalcohol,11,0,11
hcq/azithromycin,11,0,11
drews,11,0,11
t.officinale,11,0,11
atg14,11,0,11
aidsvax,11,0,11
celeba,11,0,11
gramineae,11,0,11
crustin,11,0,11
hbd-3,11,0,11
vaudenay,11,0,11
(−)-oseltamivir,11,0,11
punicea,11,0,11
toxina,11,0,11
atovaquon-proguanil,11,0,11
bc-3205,11,0,11
ifnβ-1b,11,0,11
tetravalentvaccine,11,0,11
r-td,11,0,11
leverkusen,11,0,11
litecoin,11,0,11
dactolisib,11,0,11
triparanol,11,0,11
mineralocorticoids,11,0,11
faecalibacterium,11,0,11
hol,11,0,11
diol,11,0,11
adcetris,11,0,11
mabcampath,11,0,11
β-hpv,11,0,11
dei,11,0,11
mozambican,11,0,11
atoxyl,11,0,11
diamidines,11,0,11
antimonate,11,0,11
(r)-chloroquine,11,0,11
gsk126,11,0,11
phyllantus,11,0,11
meglitinides,11,0,11
fdaaa,11,0,11
mitotracker,11,0,11
ephedrasinica,11,0,11
brunei,11,0,11
sta,11,0,11
iiplr1,11,0,11
handan,11,0,11
s-pyridylethylated,11,0,11
v.cava,11,0,11
alkylator,11,0,11
chloroamphenicol,11,0,11
kaempferol-3-o-glucoside,11,0,11
imidazole-hcl,11,0,11
nec-1,11,0,11
rigel,11,0,11
varna,11,0,11
justinianic,11,0,11
ce,11,0,11
si-n#16,11,0,11
mu,11,0,11
atg8/lc3,11,0,11
prunin,11,0,11
yfv17d,11,0,11
diouf,11,0,11
pro-vitamin,11,0,11
sanaria,11,0,11
il25,11,0,11
ambd,11,0,11
citrofresh,11,0,11
bimosiamose,11,0,11
alicaforsen,11,0,11
capnostat,11,0,11
theaflavin-3-o-gallate,11,0,11
erythromycins,11,0,11
leonardi,11,0,11
dhodhi,11,0,11
ringel,11,0,11
calciumcarbonate,11,0,11
tsl-1,11,0,11
mineral,11,0,11
glutamicacids,11,0,11
solv,11,0,11
cmisg15,11,0,11
hydrocolloid,11,0,11
stachys,11,0,11
dic10,11,0,11
interferon-α2,11,0,11
temoporfin,11,0,11
meprednisone,11,0,11
tav,11,0,11
mir-9,11,0,11
cirsium,11,0,11
oxamide,11,0,11
hclq,11,0,11
kroger,11,0,11
chirurg,11,0,11
met49,11,0,11
antitrypsin,11,0,11
impetigo,11,0,11
17β-oestradiol,11,0,11
analgesics,11,0,11
cortisoneacetate,11,0,11
chloropyridine,11,0,11
hemofilter,11,0,11
dppiv,11,0,11
pubescens,11,0,11
rhachomyces,11,0,11
motorola,11,0,11
atg9,11,0,11
vitalis,11,0,11
low,11,0,11
gutin,11,0,11
99mtc-levofloxacin,11,0,11
illicium,11,0,11
jitsynth,11,0,11
lewontin,11,0,11
procainamid,11,0,11
topiramat,11,0,11
pepperminteo,11,0,11
cinnamoneo,11,0,11
trimethoprime/sulfamethoxazole,11,0,11
any-dose,11,0,11
alhol,11,0,11
veronesi,11,0,11
angelic,11,0,11
mir-671,11,0,11
hbv-hcv,11,0,11
cephus,11,0,11
elaspol,11,0,11
ara-ctp,11,0,11
guggulsterones,11,0,11
ah-cut,11,0,11
ritonavir/darunavir,11,0,11
gluoc,11,0,11
vivax,11,0,11
imipenem/relebactam,11,0,11
rvx,11,0,11
ceff,11,0,11
origanum,11,0,11
iggam,11,0,11
mol-5,11,0,11
kenall,11,0,11
dimethylcarbamate,11,0,11
fen,11,0,11
sakwa,11,0,11
rock2,11,0,11
thorium,11,0,11
i.tectorum,11,0,11
gentherapie,11,0,11
leucoefdin,11,0,11
cromer,11,0,11
cladocerans,11,0,11
eudistomins,11,0,11
maltophilia,11,0,11
ampho,11,0,11
phosphoramidate,11,0,11
eformoterol,11,0,11
amigdaloscalpellum,11,0,11
rasv,11,0,11
gih,11,0,11
gastroschisis,11,0,11
osmolytes,11,0,11
b3,11,0,11
clarithromycin-based,11,0,11
cingulata,11,0,11
dmb,11,0,11
amph,11,0,11
beta-adrenoceptor,11,0,11
6β-oht,11,0,11
dillin,11,0,11
kaempferol-3-o-glucuronide,11,0,11
koala,11,0,11
octaplaslg,11,0,11
fhpcl1,11,0,11
mnz,11,0,11
thiaminehydrochloride,11,0,11
il21,11,0,11
il27,11,0,11
hos.,11,0,11
mast,11,0,11
paro,11,0,11
milasen,11,0,11
sigur,11,0,11
vinclozolin,11,0,11
kv7,11,0,11
gt4,11,0,11
clorhexidina,11,0,11
s.terebinthifolius,11,0,11
aeg,11,0,11
dheas,11,0,11
c-grp-c,11,0,11
vzv,11,0,11
macranthoidin,11,0,11
mir-3664,11,0,11
haematin,11,0,11
propidiumiodine,11,0,11
advaxcpg,11,0,11
tryptophans,11,0,11
hmscs,11,0,11
succindiamides,11,0,11
pyl,11,0,11
dhl,11,0,11
surfactantlipid,11,0,11
pcb,11,0,11
mir-21a-5pantagomir,11,0,11
nantel,11,0,11
veratrifolia,11,0,11
alpha-1,11,0,11
big,11,0,11
[3h]glucosamine,11,0,11
resnet-110,11,0,11
ontak,11,0,11
bkm,11,0,11
itx,11,0,11
ribozyme,11,0,11
acbd3,11,0,11
batangas,11,0,11
fortilin,11,0,11
triptonide,11,0,11
βga,11,0,11
thymosins,11,0,11
metotrexate,11,0,11
ag-7088,11,0,11
tdz,11,0,11
abt-530,11,0,11
cryptocandin,11,0,11
nonionic,11,0,11
intellij,11,0,11
gga-mir-21-5p,11,0,11
tigit,11,0,11
fb1,11,0,11
pata,11,0,11
mart-10,11,0,11
igsc,11,0,11
"α2,3-sialidase",11,0,11
duchin,11,0,11
haptene,11,0,11
iltt-dt,11,0,11
darunavir/rtv,11,0,11
htg,11,0,11
hemolysis,11,0,11
previtamind,11,0,11
plandowski,11,0,11
chidamide,11,0,11
.anakinra,11,0,11
a-interferon,11,0,11
ts-can,11,0,11
a-chymotrypsin,11,0,11
tafamidis,11,0,11
.artesunate,11,0,11
zarifa,11,0,11
111in-octreotide,11,0,11
sanguinis,11,0,11
coelenteramide,11,0,11
lefl,11,0,11
metho,11,0,11
microcatheter,11,0,11
brozil,11,0,11
idursulfase,11,0,11
cladoceran,11,0,11
mibi,11,0,11
ml1000,11,0,11
phytochem,11,0,11
deb-tace,11,0,11
pegfil,11,0,11
isosulfan,11,0,11
corticotrophin,11,0,11
dehydrate,11,0,11
peg-ifna,11,0,11
-doxycycline,11,0,11
ctp-656,11,0,11
cortexin,11,0,11
drebrin,11,0,11
ncrt,11,0,11
thyroseq,11,0,11
avonoid,11,0,11
damgo,11,0,11
icatc,11,0,11
gd-cm,11,0,11
azaa,11,0,11
p-tyramine,11,0,11
temozolomid,11,0,11
core-kaiju,11,0,11
fluorosurfactant,11,0,11
maphosphamide,11,0,11
hengelo,11,0,11
gasoil,11,0,11
ace-083,11,0,11
argo,11,0,11
taxit,11,0,11
24-epibrassinolide,11,0,11
tamifluh,11,0,11
ps-10-,11,0,11
isorhamnetin-3-o-b-d,11,0,11
med-tex,11,0,11
atl14,11,0,11
vash,11,0,11
epogen,10,1,11
7-methoxycryptopleurine,10,1,11
canicola,10,1,11
worin,10,1,11
conium,10,1,11
simethicone,10,1,11
chrysosporium,10,1,11
beryllium,10,1,11
miticide,10,1,11
melanogenin,10,1,11
-chloroquine,10,1,11
oder,10,1,11
anomalin,10,1,11
métoclopramide,10,1,11
cyclophosphomide,10,1,11
amphoteracin,9,2,11
dimeo,9,2,11
onconase,9,2,11
geraniin,9,2,11
pepsine,9,2,11
caudatin,9,2,11
elongin,9,2,11
tafasitamab,9,2,11
aaptamine,9,2,11
prme,9,2,11
flutimide,9,2,11
atranorin,9,2,11
suptavumab,9,2,11
aminomethylcycline,9,2,11
cefpodoximproxetil,9,2,11
amatoxin,9,2,11
daunorubicine,9,2,11
lanthanide,9,2,11
pyroglutamine,9,2,11
stopa,9,2,11
obelin,9,2,11
iminocyclitol,9,2,11
glutamylcysteine,9,2,11
antiactin,9,2,11
slmethionine,9,2,11
isomitraphylline,8,3,11
sutezolid,8,3,11
nevirapin,8,3,11
epirubicine,8,3,11
ikarugamycin,8,3,11
lincomycine,8,3,11
doxcycline,8,3,11
dimethylhydrazine,8,3,11
adorno,8,3,11
virucide,8,3,11
delaverdine,8,3,11
pilin,8,3,11
becatamide,8,3,11
bromocriptin,8,3,11
netilmicine,8,3,11
acylaminopenicilline,8,3,11
oxytetracyclin,8,3,11
xtp3-b,8,3,11
salvinolone,8,3,11
bicillin,8,3,11
.dexmedetomidine,8,3,11
ciclophosphamide,8,3,11
doxofylline,7,4,11
benzathinepenicilline,7,4,11
diaziquone,7,4,11
streptonigrin,7,4,11
lepine,7,4,11
hexetidine,7,4,11
cytokinin,7,4,11
anril,7,4,11
arzerra,7,4,11
nilvadipine,7,4,11
deguelin,7,4,11
a.prednisone,7,4,11
veratrole,7,4,11
.fluconazole,7,4,11
fluprofylline,7,4,11
.glutamine,7,4,11
reboxetin,7,4,11
preptin,7,4,11
calsporin,7,4,11
penstemide,7,4,11
piccin,6,5,11
laromustine,6,5,11
doxocycline,6,5,11
phosphatidylserine,6,5,11
clemizole,6,5,11
deltarasin,6,5,11
gamide,6,5,11
cavidine,6,5,11
acetonitril,6,5,11
chlorprothixene,6,5,11
prolamine,6,5,11
rilmenidine,6,5,11
keramamide,6,5,11
amphotenside,6,5,11
frovatriptan,6,5,11
ristomycin,6,5,11
merosin,6,5,11
dexamethosone,6,5,11
artemetin,6,5,11
cyromazine,6,5,11
lycopodine,6,5,11
doxirubicin,6,5,11
bromhexin,6,5,11
calcarine,6,5,11
-vancomycin,6,5,11
teva,6,5,11
echodobutamine,6,5,11
-peramivir,6,5,11
.raltegravir,6,5,11
omptin,6,5,11
dypiridamole,5,6,11
penfluridol,5,6,11
neurexin,5,6,11
calliactine,5,6,11
bucillamine,5,6,11
spectinomycine,5,6,11
nothapodytine,5,6,11
eckstolonol,5,6,11
frataxin,5,6,11
sphingomab,5,6,11
npropanol,5,6,11
waixenicin,5,6,11
lopinavireritonavir,5,6,11
enkephalin,5,6,11
nalorphine,5,6,11
menatetrenone,5,6,11
anthrapyrazole,4,7,11
alpinetin,4,7,11
phenoxide,4,7,11
imipinem,4,7,11
leucolaemus,4,7,11
bagrosin,4,7,11
polycitone,4,7,11
toculizumab,4,7,11
neoglucobrassicin,4,7,11
alfuzosin,4,7,11
diprenorphine,4,7,11
aracytine,4,7,11
dermorphin,4,7,11
lemierre,3,8,11
oroxyloside,3,8,11
charybdotoxin,3,8,11
ilimaquinone,3,8,11
fluorenone,3,8,11
lipinavir,3,8,11
integron,3,8,11
pentafluorophenol,3,8,11
rotinavir,3,8,11
fluindione,3,8,11
iminoquinone,3,8,11
joachim,3,8,11
pselectin,3,8,11
lornithine,3,8,11
naftifine,2,9,11
trazadone,2,9,11
zein,2,9,11
naphthylamine,2,9,11
phenylalkylamine,2,9,11
prianosin,2,9,11
syringetin,2,9,11
zopolrestat,2,9,11
cephalotaxinone,2,9,11
avilamycin,2,9,11
tiliroside,2,9,11
oxytocine,2,9,11
tegacyclin,2,9,11
gosuranemab,2,9,11
papaine,2,9,11
valcyclopropavir,2,9,11
penizillin,2,9,11
primocin,2,9,11
palauolide,2,9,11
trocade,1,10,11
glycitin,1,10,11
menarini,1,10,11
fagopyrin,1,10,11
sérotonine,1,10,11
phenylamine,1,10,11
cryptolepine,1,10,11
butenolide,1,10,11
nacetyllactosamine,1,10,11
hymenialdisine,1,10,11
asaad,0,11,11
guomindang,0,11,11
tardif,0,11,11
triterpene,0,11,11
methylbavachalcone,0,11,11
optimismus,0,11,11
kandolf,0,11,11
transportproteine,0,11,11
gallensteine,0,11,11
arg188,0,11,11
roossinck,0,11,11
propenone,0,11,11
furanone,0,11,11
phenylglycine,0,11,11
vivaspin,0,11,11
sarno,0,11,11
maitra,0,11,11
kaighn,0,11,11
monohydrochloride,0,11,11
rossignol,0,11,11
tris–hcl,0,11,11
arylamine,0,11,11
tyr1349,0,11,11
stigmast-4-en-3-one,0,11,11
sudafed,0,11,11
iannaccone,0,11,11
anthrazykline,0,11,11
asp623,0,11,11
amacrine,0,11,11
rnd046,0,11,11
maidstone,0,11,11
wambier,0,11,11
motoneurone,0,11,11
aviragen,0,11,11
adenosylhomocysteine,0,11,11
indolizidine,0,11,11
polydeoxyribonucleotide,0,11,11
nordeuropa,0,11,11
tellimagrandin,0,11,11
telangiectasias,0,11,11
lozupone,0,11,11
omanis,0,11,11
diaminopyrimidine,0,11,11
lambris,0,11,11
proteom,0,11,11
begreifen,0,11,11
g806r,0,11,11
claritin,0,11,11
dextran sodium,0,11,11
casuarinin,0,11,11
fialuridine,0,11,11
foord,0,11,11
macaflavanone,0,11,11
maresin,0,11,11
neudorfl,0,11,11
movva,0,11,11
morfine,0,11,11
biochim,0,11,11
thromboserisiko,0,11,11
tpaic,0,11,11
definitionem,0,11,11
death.•,0,11,11
zustande,0,11,11
ultrasonogram,0,11,11
entonox,0,11,11
felmingham,0,11,11
muropeptide,0,11,11
transportin,0,11,11
friedrichsen,0,11,11
hephaestin,0,11,11
geomedicine,0,11,11
dictyostelium,0,11,11
ascorbic acid,0,11,11
phe812,0,11,11
afebril,0,11,11
zoloft,0,11,11
ontvangt,0,11,11
chlorphentermine,0,11,11
cyclobutyl,0,11,11
nahemow,0,11,11
urothelium,0,11,11
methanediimine,0,11,11
methanocarbathymidine,0,11,11
katherine,0,11,11
course.•,0,11,11
dihydrotriazine,0,11,11
mappicine,0,11,11
diagnósticos,0,11,11
phyml,0,11,11
oxanthrone,0,11,11
zonadhesin,0,11,11
tetradepsipeptide,0,11,11
cruzain,0,11,11
beschleunigen,0,11,11
gattungen,0,11,11
highgrade,0,11,11
cerebrolysin,0,11,11
noxide,0,11,11
transplantat,0,11,11
cestode,0,11,11
esecuzione,0,11,11
adiponectine,0,11,11
stoffwechselstörungen,0,11,11
l'hémoglobine,0,11,11
anismus,0,11,11
l'espressione,0,11,11
condensin,0,11,11
immunizzazione,0,11,11
hemiacetals,10,0,10
hsa-mir-16,10,0,10
hypovitaminosisc,10,0,10
pineoblastoma,10,0,10
phthalazine,10,0,10
hexylresorcinol,10,0,10
retinanet,10,0,10
retinopathy,10,0,10
angii/ang-(1,10,0,10
nandy,10,0,10
cavin,10,0,10
jq1,10,0,10
anti-digoxigenin,10,0,10
flexner,10,0,10
zhanjiang,10,0,10
liprin,10,0,10
sugeno,10,0,10
barril,10,0,10
chaetomium,10,0,10
kaolin-pectin,10,0,10
pmsg,10,0,10
civica,10,0,10
claudia,10,0,10
chlorhexidine-silver,10,0,10
hydroxypropyl,10,0,10
pamir,10,0,10
artemisiaasiatica,10,0,10
duve,10,0,10
bile,10,0,10
danilo,10,0,10
maxime,10,0,10
analis,10,0,10
hrv87,10,0,10
salkvaccine,10,0,10
methylcoumarin,10,0,10
amethocaine,10,0,10
dmitry,10,0,10
bmp-7,10,0,10
fluoroquinolonas,10,0,10
tripterygiumwilfordii,10,0,10
nabh4,10,0,10
chrysene,10,0,10
centocor,10,0,10
hhv-8,10,0,10
natus,10,0,10
pro-am,10,0,10
chenodeoxycholate,10,0,10
ervin,10,0,10
lcn2,10,0,10
ophiodiplostomum,10,0,10
psyttalia,10,0,10
atriva,10,0,10
ef,10,0,10
hibiscrub,10,0,10
torchilin,10,0,10
c3s,10,0,10
c.phellodendri,10,0,10
pghs-1,10,0,10
tenoxicam,10,0,10
nitrocatechol,10,0,10
butylscopolamine,10,0,10
vaprio,10,0,10
thr,10,0,10
antichrist,10,0,10
monobactams,10,0,10
niti,10,0,10
deoxycholicacid,10,0,10
hhv8,10,0,10
jpeg2000,10,0,10
benzaldehyde,10,0,10
levophed,10,0,10
alicia,10,0,10
dnasei,10,0,10
hydroxylation,10,0,10
phosphoramide,10,0,10
hydroxymethyl,10,0,10
dna-protein,10,0,10
c-abl,10,0,10
anti-folates,10,0,10
pellerin,10,0,10
nonrebreather,10,0,10
tariq,10,0,10
marius,10,0,10
btk,10,0,10
plasmodium,10,0,10
adamantine,10,0,10
kocuria,10,0,10
betazoid,10,0,10
grl-0820,10,0,10
sjeng,10,0,10
halamines,10,0,10
elad,10,0,10
cytostatic,10,0,10
kaiser,10,0,10
gf-17,10,0,10
aasm,10,0,10
mir-140-3p,10,0,10
mir-130b,10,0,10
mir-429,10,0,10
tris(2-carboxyethyl)phosphine,10,0,10
laurus,10,0,10
paraíba,10,0,10
tiabendazol,10,0,10
16-amino-acid,10,0,10
ubch5,10,0,10
bsaa,10,0,10
nystatine,10,0,10
celera,10,0,10
dst,10,0,10
mch,10,0,10
charrin,10,0,10
cardamom,10,0,10
artenimol,10,0,10
twinkle,10,0,10
methoprene,10,0,10
aminophyllin,10,0,10
spinach,10,0,10
rad50,10,0,10
glp-1ra,10,0,10
konstantinidis,10,0,10
cefinase,10,0,10
anti-mrsa,10,0,10
g6pd,10,0,10
phytopharm,10,0,10
filipendula,10,0,10
scutellarialateriflora,10,0,10
rhynchophylla,10,0,10
phet,10,0,10
sprycel,10,0,10
magnesiumoxide,10,0,10
dblp,10,0,10
nitra,10,0,10
heavy,10,0,10
kandil,10,0,10
tamibarotene,10,0,10
ochratoxina,10,0,10
stralin,10,0,10
lenti-mir-181c-5p,10,0,10
κ-casein,10,0,10
aminoluciferin,10,0,10
α7,10,0,10
encapsulin,10,0,10
pharmakotherapie,10,0,10
salvatore,10,0,10
pinta,10,0,10
sulforhodamineb,10,0,10
jnj-q2,10,0,10
glycine-,10,0,10
jenner,10,0,10
sargassum,10,0,10
tsp-1,10,0,10
β-lactam/β-lactamase,10,0,10
nnfi,10,0,10
peg-ifn-α2b,10,0,10
β-d-glucan,10,0,10
idax,10,0,10
ys,10,0,10
henan,10,0,10
poly-glutamine,10,0,10
pam3cys,10,0,10
arena,10,0,10
fluco,10,0,10
anti-malarial,10,0,10
etanol,10,0,10
jca,10,0,10
ruxin,10,0,10
albuterol/salbutamol,10,0,10
hydromorphon,10,0,10
tim,10,0,10
thunberg,10,0,10
methamphetamines,10,0,10
erns,10,0,10
pace,10,0,10
mir-98-5p,10,0,10
derrida,10,0,10
ifi6,10,0,10
enfortumab,10,0,10
lartruvo,10,0,10
salemi,10,0,10
enantiomers,10,0,10
tachypnoe,10,0,10
mycorrhizae,10,0,10
monocerin,10,0,10
tithonia,10,0,10
cardamine,10,0,10
alumadjuvanted,10,0,10
prostigmin,10,0,10
silicides,10,0,10
eurotium,10,0,10
aureobasidin,10,0,10
calciumhypochlorite,10,0,10
ursine,10,0,10
addax,10,0,10
rlp2,10,0,10
gore-tex,10,0,10
chalcones,10,0,10
hcq+azm,10,0,10
magnesiumisoglycyrrhizinate,10,0,10
colecalciferol,10,0,10
zavaleta,10,0,10
ashkenazi,10,0,10
p.notoginseng,10,0,10
capnometry,10,0,10
ribavirin/oseltamivir,10,0,10
rotavac,10,0,10
alastair,10,0,10
arata,10,0,10
shoshana,10,0,10
tinosporacordifolia,10,0,10
fumigatus,10,0,10
hcvvaccine,10,0,10
verastem,10,0,10
id3,10,0,10
borba,10,0,10
albertsabin,10,0,10
ventimask,10,0,10
tavares,10,0,10
bolide,10,0,10
[3h]uridine,10,0,10
beta-glucan,10,0,10
tarjih,10,0,10
marabou,10,0,10
ifnα2a,10,0,10
antimonial,10,0,10
flupentixol,10,0,10
ortho-xylene,10,0,10
cimex,10,0,10
viroporin,10,0,10
rif1,10,0,10
virox,10,0,10
pieris,10,0,10
na-asp-2,10,0,10
ethiopia,10,0,10
ribavin,10,0,10
rank,10,0,10
difluoromethylornithine,10,0,10
marcello,10,0,10
ribavirin/interferon,10,0,10
ben,10,0,10
anti-a,10,0,10
pae,10,0,10
nimenrix,10,0,10
pep42,10,0,10
bimetallic,10,0,10
cro4,10,0,10
minhash,10,0,10
glutaminolysis,10,0,10
sedan,10,0,10
viscount,10,0,10
lumiflavin,10,0,10
uchl5,10,0,10
platycodi,10,0,10
zolang,10,0,10
l-cys,10,0,10
interferon-α-2a,10,0,10
cefuroximesodium,10,0,10
knife,10,0,10
armadillo,10,0,10
leopardus,10,0,10
woodrow,10,0,10
trim4,10,0,10
trim9s,10,0,10
verrucomicrobia,10,0,10
mercaptoethanesulfonate,10,0,10
penicillinases,10,0,10
endou-idarubicin,10,0,10
cona.,10,0,10
regeneron,10,0,10
chlorobium,10,0,10
atgen,10,0,10
sivelestatsodium,10,0,10
phillipines,10,0,10
patent,10,0,10
azadirachtins,10,0,10
m.azedarach,10,0,10
25(oh)d.,10,0,10
varicella-zoster,10,0,10
carboxymethylated,10,0,10
sle,10,0,10
cryopyrin,10,0,10
α-thrombin,10,0,10
mitch,10,0,10
poincaré,10,0,10
hydrophobic,10,0,10
o-glycosidase,10,0,10
xylans,10,0,10
hemicellulose,10,0,10
poliovirus2bc,10,0,10
d-mannitol,10,0,10
pithecellobium,10,0,10
k2p,10,0,10
anti-cd40,10,0,10
n-methylhistamine,10,0,10
bryner,10,0,10
junta,10,0,10
azd2014,10,0,10
kcnq,10,0,10
p22077,10,0,10
park,10,0,10
alexis,10,0,10
aeroginosa,10,0,10
trp,10,0,10
atticus,10,0,10
bta-mir-144,10,0,10
collagenased,10,0,10
galactin,10,0,10
5-bromo-2′-deoxyuridine,10,0,10
angelix,10,0,10
knol,10,0,10
viviana,10,0,10
racemosus,10,0,10
presto,10,0,10
magee,10,0,10
walrycinb,10,0,10
bimogard,10,0,10
sulfosuccinate,10,0,10
hhi,10,0,10
gregor,10,0,10
plenum,10,0,10
ketamil,10,0,10
hpvvaccine,10,0,10
helium-neon,10,0,10
sulphonated,10,0,10
alphen,10,0,10
ethylcarbazole,10,0,10
ebv,10,0,10
morfin,10,0,10
abbott,10,0,10
sesamin,10,0,10
handa,10,0,10
igβ,10,0,10
pcpα,10,0,10
prol,10,0,10
ars,10,0,10
vitamine-selenium,10,0,10
budesonida,10,0,10
ellagic,10,0,10
pellagra,10,0,10
merus,10,0,10
phenylpropanoids,10,0,10
dgfw,10,0,10
d.genkwa,10,0,10
puerarialobata,10,0,10
ceri,10,0,10
opp,10,0,10
s31,10,0,10
hu,10,0,10
pipiens,10,0,10
xiaofeng,10,0,10
ceftriaxonesodium,10,0,10
patchoulol,10,0,10
education,10,0,10
prednisone/prednisolone,10,0,10
raltegravir-rdrp,10,0,10
simeprevir-mpro,10,0,10
stylosanthes,10,0,10
chloris,10,0,10
rubivirus,10,0,10
gp10,10,0,10
lium,10,0,10
butyrates,10,0,10
inotropika,10,0,10
rhil-6,10,0,10
flcz,10,0,10
hemox,10,0,10
karel,10,0,10
pre-penicillin,10,0,10
a16,10,0,10
trimethaphan,10,0,10
corea,10,0,10
braf/mek,10,0,10
torque,10,0,10
solpro,10,0,10
psalm,10,0,10
burkinafaso,10,0,10
berber,10,0,10
dtt,10,0,10
mir-338,10,0,10
sulfamides,10,0,10
let-7a,10,0,10
xelox,10,0,10
artemisitene,10,0,10
anti-fiber,10,0,10
pkc412,10,0,10
kit,10,0,10
chlorides,10,0,10
adar,10,0,10
e.festucae,10,0,10
α-globin,10,0,10
grmek,10,0,10
mansoni,10,0,10
sulbactamsodium,10,0,10
beemon,10,0,10
antibody-conjugated,10,0,10
"8,8′-bieckol",10,0,10
peginterferonα-2a,10,0,10
costus,10,0,10
hcc,10,0,10
h1-antihistamine,10,0,10
rubellavaccine,10,0,10
zara,10,0,10
purpose,10,0,10
mg/2,10,0,10
mcl1,10,0,10
sct,10,0,10
mab-sctconjugate,10,0,10
photosensitizer,10,0,10
solenopsis,10,0,10
pallium,10,0,10
mckinsey,10,0,10
pezizomycotina,10,0,10
pyrone-side,10,0,10
amartyasen,10,0,10
lithiumhydroxide,10,0,10
lidocaïne,10,0,10
tul,10,0,10
hydroxamic,10,0,10
infantis,10,0,10
deangelo,10,0,10
mir-615-5p,10,0,10
fenugreek,10,0,10
lipophilic,10,0,10
erythromycin/clindamycin,10,0,10
actinidin,10,0,10
korea,10,0,10
h.cordatathunb,10,0,10
arica,10,0,10
conestat,10,0,10
cinahl,10,0,10
r99,10,0,10
trk,10,0,10
annas,10,0,10
dalazatide,10,0,10
cinnamomumzeylanicum,10,0,10
hbv-hcc,10,0,10
neu5ac,10,0,10
inuit,10,0,10
arlene,10,0,10
dib,10,0,10
bill&melinda,10,0,10
cutibacterium,10,0,10
diprose,10,0,10
vitamin/mineral,10,0,10
artemisinin-family,10,0,10
quebracho,10,0,10
dellagostin,10,0,10
pteronotus,10,0,10
high-glucose,10,0,10
hyaluron,10,0,10
pipericillin-tazobactam,10,0,10
gluteraldehyde,10,0,10
dtp3,10,0,10
denv2,10,0,10
etambutol,10,0,10
boletus,10,0,10
dioscorin,10,0,10
linder,10,0,10
tarnai,10,0,10
4-hydroxy-zuclomiphene,10,0,10
judin,10,0,10
nativa,10,0,10
zink,10,0,10
tx16,10,0,10
gramicidins,10,0,10
zoloth,10,0,10
oliver,10,0,10
cvxtz,10,0,10
barbacid,10,0,10
kofi,10,0,10
trimethoprim/sulfonamide,10,0,10
biln,10,0,10
dotknot,10,0,10
pegged,10,0,10
aptt,10,0,10
merindol,10,0,10
ceftiofursodium,10,0,10
triolein,10,0,10
zipin,10,0,10
luteovirus,10,0,10
m&a,10,0,10
methadon,10,0,10
sardar,10,0,10
18β-ga,10,0,10
s377-,10,0,10
ic31,10,0,10
wc5,10,0,10
penicilliumglaucum,10,0,10
xoliswa,10,0,10
hippophae,10,0,10
tafoxiparin,10,0,10
benzonase,10,0,10
adrm1,10,0,10
cyp2d6,10,0,10
radiometer,10,0,10
hiatus,10,0,10
galileo,10,0,10
metarhizium,10,0,10
cyclophilin-a,10,0,10
lotfi,10,0,10
cp-2,10,0,10
afrika,10,0,10
procapra,10,0,10
device,10,0,10
levac,10,0,10
tsf,10,0,10
zbmd‐1,10,0,10
s-pmea,10,0,10
quinines,10,0,10
25-ohvitamind,10,0,10
pcv23,10,0,10
phthalates,10,0,10
scn5a,10,0,10
tlr6,10,0,10
rodin,10,0,10
sambucusformosana,10,0,10
lilrb,10,0,10
tattoo,10,0,10
kri,10,0,10
rtz,10,0,10
grin,10,0,10
bs,10,0,10
billionaire,10,0,10
l-carnosine,10,0,10
norepinephrine-dobutamine,10,0,10
molybdate,10,0,10
esbm,10,0,10
hydroxy-vitamind,10,0,10
logan,10,0,10
bcd,10,0,10
chemotherapeutika,10,0,10
rp-camps,10,0,10
pegylated-ifn,10,0,10
pethidin,10,0,10
famotidin,10,0,10
amphetamin,10,0,10
combes,10,0,10
pais,10,0,10
17α-estradiol,10,0,10
s-albuterol,10,0,10
antihyperalgesic,10,0,10
smn,10,0,10
darius,10,0,10
aplin,10,0,10
desfluran,10,0,10
melissa,10,0,10
mir-31-3p,10,0,10
octagam,10,0,10
metzincin,10,0,10
herrin,10,0,10
dcv,10,0,10
pramipexol,10,0,10
gilis,10,0,10
vite,10,0,10
mtz,10,0,10
ammigan,10,0,10
pakistani,10,0,10
zenin,10,0,10
parvovirusb19,10,0,10
kaerophyllin,10,0,10
atopy,10,0,10
abt-494,10,0,10
clomiphenecitrate,10,0,10
lpsa,10,0,10
brachyury,10,0,10
θ‐defensin,10,0,10
dinap,10,0,10
ovulator,10,0,10
vitamina.,10,0,10
calciferol,10,0,10
pbov3c,10,0,10
(val)aciclovir,10,0,10
mbta,10,0,10
rezolsta,10,0,10
fu,10,0,10
curium,10,0,10
scholium,10,0,10
angiotensini,10,0,10
cinanserinhydrochloride,10,0,10
bendigo,10,0,10
royalty,10,0,10
escuela,10,0,10
diaspora,10,0,10
"6,6′-bieckol",10,0,10
schwabe,10,0,10
morice,10,0,10
arzneim,10,0,10
plectranthiiamboinicii,10,0,10
foliumplectranthiiamboinicii,10,0,10
artemia,10,0,10
aq,10,0,10
sterilisator,10,0,10
lianhuaqingwencapsule,10,0,10
wmo,10,0,10
ribavirin/ifn,10,0,10
digallate,10,0,10
mxene,10,0,10
h.longicornis,10,0,10
vecoxan,10,0,10
cq-hcq,10,0,10
yf17d,10,0,10
potamogeton,10,0,10
rc-101,10,0,10
ranker,10,0,10
beatriz,10,0,10
ranh,10,0,10
lsh,10,0,10
imlygic,10,0,10
lehman,10,0,10
nitrofurazone-impregnated,10,0,10
rifampicin-based,10,0,10
recalcati,10,0,10
advax/blp,10,0,10
tetraclosan,10,0,10
trimethoprim-sulphametoxazole,10,0,10
aab,10,0,10
mds16,10,0,10
thaksin,10,0,10
sporicides,10,0,10
nocardioides,10,0,10
tetrahydrocurcumin,10,0,10
polyprotein1a,10,0,10
pdx,10,0,10
fat10,10,0,10
curcumin-inhibited,10,0,10
meclozin,10,0,10
methimazol,10,0,10
leflunomid,10,0,10
tric,10,0,10
m2e,10,0,10
sn38,10,0,10
dextrocardia,10,0,10
coth,10,0,10
arbovirus,10,0,10
glycated,10,0,10
cystoscopy,10,0,10
plantagoasiatica,10,0,10
sodiumhyaluronate,10,0,10
torilisfructus,10,0,10
mountin,10,0,10
bladelet,10,0,10
ari1,10,0,10
silsosfemme,10,0,10
beta-sitosterol,10,0,10
lilrb1,10,0,10
procaterol,10,0,10
boyce,10,0,10
cephalezomine,10,0,10
cephalancetine,10,0,10
liaison,10,0,10
hpv13,10,0,10
zinc000000601283,10,0,10
mk-3682,10,0,10
ombitasvir/paritaprevir/ritonavir,10,0,10
alpha-interferon,10,0,10
pegylatedifnα-2a,10,0,10
plexina2,10,0,10
lipidperoxidation,10,0,10
rifnα-2b,10,0,10
theorem10.1007/978-,10,0,10
2g4,10,0,10
peg-ifn-α-2b,10,0,10
biodiplomacy,10,0,10
bag3,10,0,10
bmkn2,10,0,10
kn2-,10,0,10
sofosbuvir/daclatasvir/ribavirin,10,0,10
dimrc,10,0,10
pp3,10,0,10
laszlo,10,0,10
mir155,10,0,10
anak,10,0,10
bro,10,0,10
ribavirin-steroid,10,0,10
kinsa,10,0,10
kannur,10,0,10
advax-sm,10,0,10
dihydroxy,10,0,10
zn-methionine,10,0,10
sk-moefs,10,0,10
kenya,10,0,10
c-intein,10,0,10
asclepius,10,0,10
ethidium,10,0,10
dvl,10,0,10
dopram,10,0,10
gayer,10,0,10
nycboh,10,0,10
prophet,10,0,10
nys,10,0,10
cpg-sirna,10,0,10
cpg-luc,10,0,10
antibiotics-antimycotics,10,0,10
indigodoleb,10,0,10
hdm2-sirna,10,0,10
riv4,10,0,10
zidovudine-lamivudine,10,0,10
taurine-conjugated,10,0,10
hpv3,10,0,10
appδapxiδapxiic,10,0,10
ergotism,10,0,10
siglec-1,10,0,10
schist,10,0,10
a&f,10,0,10
crk5,10,0,10
scutellum,10,0,10
vk,10,0,10
mdc,10,0,10
bone,10,0,10
acetylsalicylsäure,10,0,10
ifn-ribavirin,10,0,10
aspp2,10,0,10
stazolin,10,0,10
eristalis,10,0,10
nsp6,10,0,10
oxycodone/paracetamol,10,0,10
li2co3,10,0,10
acetylcysteïne,10,0,10
asv,10,0,10
politician,10,0,10
alv-j,10,0,10
shermanii,10,0,10
pulmaquin,10,0,10
rusinol,10,0,10
pyr,10,0,10
carinol-mpro,10,0,10
photoantimicrobial,10,0,10
betalactams,10,0,10
lactiflora,10,0,10
suetonius,10,0,10
biguanides,10,0,10
ulmus,10,0,10
ipo,10,0,10
anti-tag,10,0,10
lucene,10,0,10
mk-2461,10,0,10
pontin,10,0,10
spadix,10,0,10
plk2,10,0,10
labrum,10,0,10
hymenidin,10,0,10
mullan,10,0,10
snb,10,0,10
esn+lstm,10,0,10
lipari,10,0,10
sepp,10,0,10
rosacanina,10,0,10
gordonii,10,0,10
a.chevrieri,10,0,10
mir-423-5p,10,0,10
nipa,10,0,10
cil,10,0,10
trim55,10,0,10
sicilia,10,0,10
5-aza-deoxycytidine,10,0,10
carnosus,10,0,10
cmg2‐fc,10,0,10
opiorphin,10,0,10
penicillin-streptomycin-amphotericin,10,0,10
tca-agnp-pi,10,0,10
cinn,10,0,10
p88,10,0,10
glucopeptide,10,0,10
cesirna,10,0,10
camaldulensiseos,10,0,10
stichopus,10,0,10
bassiacridin,10,0,10
echis,10,0,10
grnn,10,0,10
δsodium,10,0,10
cp-690,10,0,10
nsct,10,0,10
oralair,10,0,10
phenoxathiin,10,0,10
incept,10,0,10
-cysteine,10,0,10
nl13,10,0,10
abt-493,10,0,10
gs-6620,10,0,10
reinitz,10,0,10
gga-mir-142-5p,10,0,10
gga-mir-142,10,0,10
longin,10,0,10
optivax,10,0,10
ruminis,10,0,10
lactate,10,0,10
citricum,10,0,10
adenin,10,0,10
srti,10,0,10
circassia,10,0,10
ectocarpus,10,0,10
quercetin-7-rhamnoside,10,0,10
terbinafina,10,0,10
cap37,10,0,10
all-transretinylester,10,0,10
maquiladora,10,0,10
rhamnosuscrl1505,10,0,10
mir-222-5p,10,0,10
epilobium,10,0,10
emova,10,0,10
baetis,10,0,10
jmtv,10,0,10
b-blocker,10,0,10
caytaxin,10,0,10
.penicillin,10,0,10
trifl,10,0,10
vega,10,0,10
satb2,10,0,10
balticum,10,0,10
medikamente,10,0,10
rerlp,10,0,10
otide,10,0,10
-deoxycytidine,10,0,10
sphygmocor,10,0,10
xime,10,0,10
penicillina,10,0,10
physostigmin,10,0,10
cinalis,10,0,10
quatre,10,0,10
thatr,10,0,10
dbf,10,0,10
sympathomimetika,10,0,10
diamox,10,0,10
tigerair,10,0,10
chalcidoidea,10,0,10
rhizotomy,10,0,10
b-pinene,10,0,10
25hydroxyvitamin,10,0,10
s-sulfocysteine,10,0,10
seprafilm,10,0,10
ml-8,10,0,10
radio-iodine,10,0,10
parum,10,0,10
5-it,10,0,10
ct-bert,10,0,10
raia,10,0,10
n-acetyl-lcysteine,10,0,10
palmitated,10,0,10
disulfi,10,0,10
modigraf,10,0,10
senicide,10,0,10
-boceprevir,10,0,10
spica,10,0,10
feifn-v,10,0,10
hfjv,10,0,10
r-verapamil,10,0,10
livin,10,0,10
b3-,10,0,10
imodä,10,0,10
sage-547,10,0,10
quinelorane,10,0,10
safa,10,0,10
tadalafi,10,0,10
adozelesin,9,1,10
neocarzinostatin,9,1,10
vincamine,9,1,10
tanvir,9,1,10
lactoside,9,1,10
sunshine,9,1,10
cutin,9,1,10
benzofuran,9,1,10
protamex,9,1,10
myticin,9,1,10
fluorocycline,9,1,10
platin,9,1,10
megalin,9,1,10
cortrosyn,9,1,10
tienam,8,2,10
gaudine,8,2,10
povidone‑iodine,8,2,10
monocycline,8,2,10
rigosertib,8,2,10
atipamazole,8,2,10
oestriol,8,2,10
oprea,8,2,10
firibrastat,8,2,10
carvediol,8,2,10
sulfenamide,8,2,10
efungumab,8,2,10
trandolaprilat,8,2,10
androsterone,8,2,10
tedanolide,8,2,10
antipuromycin,8,2,10
tasocitinib,8,2,10
celiprolol,8,2,10
.testosterone,8,2,10
l'itraconazole,8,2,10
mobocertinib,8,2,10
valgan,8,2,10
piericidine,7,3,10
paranitrophenol,7,3,10
choroquine,7,3,10
enthanolamine,7,3,10
dichloramine,7,3,10
ergocryptine,7,3,10
glucoprotamine,7,3,10
rocilinostat,7,3,10
eilatin,7,3,10
teduglutide,7,3,10
nimbolin,7,3,10
urobilinogen,7,3,10
advair,7,3,10
oxocarbazate,7,3,10
camazepam,7,3,10
antiserotonin,7,3,10
roxifiban,7,3,10
mitomycine,7,3,10
cycloferon,7,3,10
suprarenin,7,3,10
.ketamine,7,3,10
.vancomycin,7,3,10
burstin,7,3,10
.darunavir,7,3,10
flezelastine,7,3,10
methylergometrine,6,4,10
warfarine,6,4,10
zofenopril,6,4,10
oxymethazoline,6,4,10
prasinezumab,6,4,10
flumatinib,6,4,10
sifalimumab,6,4,10
dipropylamine,6,4,10
clotiapine,6,4,10
glucca04,6,4,10
steud,6,4,10
bashkortostan,6,4,10
pitressin,6,4,10
scoporanolide,6,4,10
coramine,6,4,10
ritonavir+lopinavir,6,4,10
gepotidacin,6,4,10
lfampin,6,4,10
nateglinide,6,4,10
fronine,6,4,10
semenogelin,6,4,10
framycetin,6,4,10
antisapril,6,4,10
atevirdine,6,4,10
tetandrine,6,4,10
hinokiflavone,6,4,10
rimcazole,6,4,10
hydorxychloroquine,6,4,10
agrocin,6,4,10
pibocin,6,4,10
methanamine,6,4,10
oxoisoaporphine,6,4,10
acylpenicilline,6,4,10
atiprimod,6,4,10
cyclopurine,6,4,10
reevesioside,6,4,10
.ruxolitinib,6,4,10
trimethoprimsulfonamide,6,4,10
.emetine,6,4,10
2'-deoxycytidine,6,4,10
kvifenadine,6,4,10
pinoline,6,4,10
calciparin,6,4,10
brotezomib,6,4,10
jemisin,6,4,10
blisibimod,5,5,10
enzaplatovir,5,5,10
satraplatin,5,5,10
acervuline,5,5,10
apolone,5,5,10
lumotone,5,5,10
alamifovir,5,5,10
hepavir,5,5,10
lactacin,5,5,10
paromycin,5,5,10
nitrosocimetidine,5,5,10
favirapivir,5,5,10
cavozantinib,5,5,10
infostat,5,5,10
pinin,5,5,10
piperacetazine,5,5,10
trifolirhizin,5,5,10
maduramicin,5,5,10
doxazocin,5,5,10
eticlopride,5,5,10
curacin,5,5,10
eritromycin,5,5,10
coryfolin,5,5,10
i.prednisone,5,5,10
ganitumab,5,5,10
mapatumumab,5,5,10
hydroxychloroqine,5,5,10
tozilizumab,5,5,10
remedesevir,5,5,10
metipranolol,5,5,10
lomibuvir,5,5,10
nesbuvir,5,5,10
tehthromycin,5,5,10
fosfomicin,5,5,10
nitazole,5,5,10
famiciclovir,5,5,10
erythomycin,5,5,10
imantinib,5,5,10
sorivudine,5,5,10
desatinib,5,5,10
avipiravir,5,5,10
sofobuvir,5,5,10
xestostreptin,5,5,10
neaumycin,5,5,10
galiximab,5,5,10
baricitnib,5,5,10
ferrovir,5,5,10
fluorescamine,5,5,10
moenomycin,5,5,10
picrocrocin,5,5,10
asukamycin,5,5,10
vinerolbine,5,5,10
chloroformemethanol,5,5,10
nhalamine,5,5,10
6thioguanine,5,5,10
singulair,5,5,10
pralisetinib,5,5,10
cylophosphamide,5,5,10
βestradiol,5,5,10
bharangin,5,5,10
porfiromycin,5,5,10
dimoxystrobin,5,5,10
ketanserine,5,5,10
dotarizine,5,5,10
saviprazole,5,5,10
azathiopurine,5,5,10
alomide,5,5,10
flunarazine,5,5,10
hemopressin,5,5,10
acetabulata,4,6,10
thymectacin,4,6,10
cinepazide,4,6,10
duramycin,4,6,10
hexachlorobutadiene,4,6,10
belapectin,4,6,10
senegenin,4,6,10
iopinavir,4,6,10
zagotenemab,4,6,10
renoliths,4,6,10
fingernet,4,6,10
pyrrole,4,6,10
cysmethynil,4,6,10
ansa,4,6,10
flavohemoglobin,4,6,10
kaempferide,4,6,10
codrituzumab,4,6,10
incyclinide,4,6,10
nigellicine,4,6,10
artemisnin,4,6,10
lincocin,4,6,10
trysin,4,6,10
renieramycin,4,6,10
itraconozole,4,6,10
sofosbovir,4,6,10
visilizumab,4,6,10
tetradrine,4,6,10
phosvitin,4,6,10
glysine,4,6,10
septicine,4,6,10
gizzerosine,4,6,10
bupivicaine,4,6,10
iomazenil,4,6,10
azyklovir,4,6,10
atrasentan,4,6,10
forene,3,7,10
laminarin,3,7,10
bootscan,3,7,10
phosduscin,3,7,10
crotone,3,7,10
deserpidine,3,7,10
triphenylmethane,3,7,10
monoethanolamine,3,7,10
zoliflodacin,3,7,10
pritelivir,3,7,10
lipoplatin,3,7,10
risdiplam,3,7,10
superwarfarin,3,7,10
neudesin,3,7,10
denvir,3,7,10
dieldrin,3,7,10
tesalin,3,7,10
methyleugenol,2,8,10
buflavine,2,8,10
acylhydrazone,2,8,10
dopaquinone,2,8,10
gallagyldilactone,2,8,10
enterolactone,2,8,10
acronycine,2,8,10
putinar,2,8,10
mevacor,2,8,10
licuroside,2,8,10
lysenin,2,8,10
puupehenone,2,8,10
amicacin,2,8,10
tributyltin,2,8,10
diaminopyridine,2,8,10
vallesamine,2,8,10
tjipanazole,2,8,10
convallatoxin,2,8,10
kwamang,2,8,10
glukagon,2,8,10
circumcincta,2,8,10
sulphatide,2,8,10
trimebutine,2,8,10
cyclizine,2,8,10
lycoctonine,2,8,10
lucidone,2,8,10
streptactin,2,8,10
propiolactone,1,9,10
crassirhizomoside,1,9,10
benzothiadiazine,1,9,10
diisopropylamide,1,9,10
furfine,1,9,10
levocarnitine,1,9,10
profilaggrin,1,9,10
myosin,1,9,10
norbuprenorphine,1,9,10
isopestacin,1,9,10
icariside,1,9,10
modeccin,1,9,10
corine,1,9,10
bjerrum,1,9,10
lawsone,1,9,10
umbellulone,1,9,10
medullasin,1,9,10
deeks,0,10,10
flüchtlingen,0,10,10
yunqi,0,10,10
ateline,0,10,10
vederas,0,10,10
abwägungen,0,10,10
meilensteine,0,10,10
guadalquivir,0,10,10
kifunensin,0,10,10
spongothymidine,0,10,10
jingzhou,0,10,10
licata,0,10,10
synaptojanin,0,10,10
arbaeen,0,10,10
lpv)/ritonavir,0,10,10
similanamide,0,10,10
nonasaccharide,0,10,10
umfassen,0,10,10
coniine,0,10,10
fascicularis,0,10,10
ardizzone,0,10,10
thiomorpholine,0,10,10
bactopeptone,0,10,10
lysylbradykinin,0,10,10
g-100,0,10,10
elektrolytentgleisungen,0,10,10
profilnine,0,10,10
adhärenz,0,10,10
verikine,0,10,10
sphingosin,0,10,10
carbonyldiimidazole,0,10,10
lactoylglutathione,0,10,10
clavulanique,0,10,10
prothombin,0,10,10
einblicke,0,10,10
naphthylmethylamine,0,10,10
glyzarin,0,10,10
omental,0,10,10
asthmarisiko,0,10,10
sodium nitrite,0,10,10
schulert,0,10,10
immobiline,0,10,10
guanosin,0,10,10
penam,0,10,10
dione,0,10,10
narketan,0,10,10
titeranstieg,0,10,10
threonin,0,10,10
slezkine,0,10,10
kulesza,0,10,10
thiopyranothiazole,0,10,10
thermus,0,10,10
lyles,0,10,10
monensin sodium,0,10,10
méthylprednisolone,0,10,10
vitamin b12,0,10,10
cylindrospermopsin,0,10,10
otopathogen,0,10,10
oxaborole,0,10,10
kutzelnigg,0,10,10
galactomannaan,0,10,10
grone,0,10,10
cryptone,0,10,10
valerate,0,10,10
rondonin,0,10,10
ethanone,0,10,10
vole,0,10,10
prussin,0,10,10
polyamidoamine,0,10,10
phadke,0,10,10
epoxyazadiradione,0,10,10
polypyrimidine,0,10,10
mostashari,0,10,10
radioimmunoassays,0,10,10
francke,0,10,10
mucolipin,0,10,10
keflex,0,10,10
pentobarbital sodium,0,10,10
benzyl penicillin,0,10,10
winnonlin,0,10,10
protektin,0,10,10
onvermogen,0,10,10
huidafwijkingen,0,10,10
chlorophacinone,0,10,10
shinflavanone,0,10,10
diacetoxyscirpenol,0,10,10
benzfendizone,0,10,10
transcortin,0,10,10
oragen,0,10,10
medicarpin,0,10,10
impfempfehlungen,0,10,10
annonaine,0,10,10
annonioside,0,10,10
hautausschlag,0,10,10
johanan,0,10,10
sospensione,0,10,10
compilato,0,10,10
reinfusione,0,10,10
l'attuazione,0,10,10
à0.32,0,10,10
fibrynogen,0,10,10
rappresentato,0,10,10
l'alimentazione,0,10,10
proliferazione,0,10,10
jaspine,0,10,10
l'attivazione,0,10,10
l'area,0,10,10
xpo7,0,10,10
fegato,0,10,10
attivazione,0,10,10
crassin,0,10,10
sanificazione,0,10,10
l'offerta,0,10,10
guinet,0,10,10
mucolytica,9,0,9
alachlor,9,0,9
anti-ricin,9,0,9
moxifloxacinhydrochloride,9,0,9
eudaimonia,9,0,9
np-drug,9,0,9
metrizamide,9,0,9
chloroquine/primaquine,9,0,9
hashem,9,0,9
cortisone-cortisol,9,0,9
acinetobacter,9,0,9
aopp,9,0,9
corticus,9,0,9
pil-12,9,0,9
doosan,9,0,9
ac50,9,0,9
cardin,9,0,9
mouthrinse,9,0,9
vail,9,0,9
cysteine-,9,0,9
glypta,9,0,9
cystorelin,9,0,9
cd24,9,0,9
shrine,9,0,9
legatum,9,0,9
ganz,9,0,9
it2,9,0,9
nitrosomonas,9,0,9
e16,9,0,9
mk-3207,9,0,9
tnfsf1,9,0,9
fucidin,9,0,9
fuc,9,0,9
chaim,9,0,9
anti-heparin,9,0,9
verin,9,0,9
lenalidomide-based,9,0,9
b.kaoi,9,0,9
pres1,9,0,9
fuenzalida,9,0,9
luxturna,9,0,9
pir,9,0,9
rid,9,0,9
zincsalts,9,0,9
calcite,9,0,9
taxillus,9,0,9
narendra,9,0,9
seleniomethionine,9,0,9
degarelix,9,0,9
mir-195,9,0,9
mir-708,9,0,9
radiochemotherapy,9,0,9
tazemetostat,9,0,9
helveticus,9,0,9
usp36,9,0,9
konstantin,9,0,9
rhizomaatractylodis,9,0,9
yingqi,9,0,9
phytotherapie,9,0,9
nbmi,9,0,9
5-bromo-2-deoxyuridine,9,0,9
anxa1,9,0,9
emollients,9,0,9
pseudogene,9,0,9
loew,9,0,9
aef,9,0,9
5-fluorocytidine,9,0,9
boven,9,0,9
polymorphism,9,0,9
elgin,9,0,9
myrtle,9,0,9
dabcyl-ktsavlqsgfrkme-edans,9,0,9
flavivirusns1,9,0,9
oleuropein,9,0,9
b-ap15,9,0,9
menthapulegium,9,0,9
icb,9,0,9
lumiracoxib,9,0,9
bromfenac,9,0,9
embryotoxon,9,0,9
habilis,9,0,9
dermicidin,9,0,9
triple-drug,9,0,9
lynn,9,0,9
voisin,9,0,9
piperaceae,9,0,9
al-qaeda,9,0,9
lega,9,0,9
35s-cysteine,9,0,9
balaenophilus,9,0,9
gravy,9,0,9
ang1–7,9,0,9
chopin,9,0,9
sel,9,0,9
hepsulfam,9,0,9
platinum-dna,9,0,9
anthracyclins,9,0,9
esperamicins,9,0,9
9-nitrocamptothecin,9,0,9
folates,9,0,9
.gemcitabine,9,0,9
zola,9,0,9
lithospermum,9,0,9
selenides,9,0,9
halothan,9,0,9
succinylcholin,9,0,9
bknephropathy,9,0,9
mazid,9,0,9
leff,9,0,9
hellin,9,0,9
zikvprme,9,0,9
yi,9,0,9
anti-drug,9,0,9
uparse,9,0,9
oxygenotherapy,9,0,9
daniele,9,0,9
p-nitrophenylphosphate,9,0,9
immucillin-a,9,0,9
kadam,9,0,9
pmoplus,9,0,9
multiepitope,9,0,9
pg,9,0,9
spp,9,0,9
nor-epinephrine,9,0,9
quil,9,0,9
hyl,9,0,9
primus,9,0,9
rυ,9,0,9
oparil,9,0,9
rb150/firibastat,9,0,9
ketosteroid,9,0,9
"neu5,9ac2",9,0,9
p14arf,9,0,9
mir-351,9,0,9
siadenovirus,9,0,9
assurance,9,0,9
toyota,9,0,9
b-hcg,9,0,9
omega-3lc-pufas,9,0,9
formosa,9,0,9
ergin,9,0,9
anti-xa,9,0,9
kardiamobile,9,0,9
ginsengsaponin,9,0,9
hydrastine,9,0,9
apium,9,0,9
rbt,9,0,9
arifa,9,0,9
haplogroup,9,0,9
hcy,9,0,9
marboxil,9,0,9
benzine,9,0,9
morelia,9,0,9
etoposides,9,0,9
damascus,9,0,9
ceteris,9,0,9
sars‐cov,9,0,9
quadrio,9,0,9
tamar,9,0,9
carboxamides,9,0,9
acyclovir/valacyclovir,9,0,9
tomas,9,0,9
ifnλ4,9,0,9
leonine,9,0,9
goudsmit,9,0,9
boc-asp(ome)-fmk,9,0,9
t-fmk,9,0,9
mir-377,9,0,9
mir-483,9,0,9
mir-18a,9,0,9
ap2,9,0,9
sitophilus,9,0,9
kistamicins,9,0,9
sterofundin,9,0,9
sodiumformate,9,0,9
cd9,9,0,9
wc,9,0,9
pam2cys,9,0,9
osalmid,9,0,9
grapefruitjuice,9,0,9
mrsa,9,0,9
caspase-1,9,0,9
glycosylator,9,0,9
astragaluspolysaccharides,9,0,9
rutala,9,0,9
gluconato,9,0,9
pranayama,9,0,9
arecae,9,0,9
hrv2,9,0,9
cefcapene,9,0,9
fructusforsythia,9,0,9
naxitamab,9,0,9
vgg16,9,0,9
paeoniaeradix,9,0,9
postbronchodilator,9,0,9
dma,9,0,9
cd20,9,0,9
lacticacid,9,0,9
pom,9,0,9
orchard,9,0,9
tavakol,9,0,9
β1-adrenergic,9,0,9
gambella,9,0,9
9-valent,9,0,9
esperanza,9,0,9
patin,9,0,9
a.officinarum,9,0,9
silybin,9,0,9
stridor,9,0,9
δ-viniferin,9,0,9
maculatus,9,0,9
hexamethylbenzene,9,0,9
apellis,9,0,9
director,9,0,9
basole,9,0,9
hydropericardium,9,0,9
cyto,9,0,9
dioxetanes,9,0,9
beta,9,0,9
anna,9,0,9
stiglitz,9,0,9
chrysler,9,0,9
mungin,9,0,9
as-u,9,0,9
nstdc,9,0,9
syngenta,9,0,9
bran,9,0,9
mir1,9,0,9
hk,9,0,9
multiepitopevaccine,9,0,9
agouron,9,0,9
nlm,9,0,9
wilshaw,9,0,9
ccbs,9,0,9
nanogold,9,0,9
damin,9,0,9
araliaceae,9,0,9
16-,9,0,9
6-hydroxydopamine,9,0,9
istradefylline,9,0,9
reductant,9,0,9
lncrna-155,9,0,9
trimethoprim/sulfa,9,0,9
walloon,9,0,9
til,9,0,9
elafin,9,0,9
pul25,9,0,9
trigocherrierin,9,0,9
nsc,9,0,9
phellodendronphosphor,9,0,9
acetal,9,0,9
manea,9,0,9
pcsk9,9,0,9
barda,9,0,9
levothyroxinesodium,9,0,9
rogosin,9,0,9
xbp-1s,9,0,9
hav,9,0,9
luminata,9,0,9
ang-1,9,0,9
ketones,9,0,9
ntd,9,0,9
dicho,9,0,9
tampon,9,0,9
cefalosporin,9,0,9
selexipag,9,0,9
spisomer,9,0,9
iteravirus,9,0,9
ecdysteroids,9,0,9
cha,9,0,9
atum,9,0,9
anestesia,9,0,9
co-pi,9,0,9
alkane,9,0,9
vtrrt-13,9,0,9
pgf2a,9,0,9
paclitaxel/carboplatin,9,0,9
imidazolium,9,0,9
7-aminoactinomycind,9,0,9
susruta,9,0,9
gingerols,9,0,9
rotaxane,9,0,9
chrysogenum,9,0,9
mitomap,9,0,9
cortiula,9,0,9
egi,9,0,9
ker,9,0,9
cymbidium,9,0,9
thalia,9,0,9
visor,9,0,9
l-histidine,9,0,9
ni,9,0,9
dal,9,0,9
fenet,9,0,9
dna-ep,9,0,9
dorota,9,0,9
undine,9,0,9
harel,9,0,9
oas,9,0,9
alaplasty,9,0,9
met-enk,9,0,9
frost,9,0,9
rail,9,0,9
17ß-estradiol,9,0,9
tillich,9,0,9
penicillidia,9,0,9
gingivitis,9,0,9
deoxyribozyme,9,0,9
colfoscerilpalmitate,9,0,9
fluoroscein,9,0,9
mbeki,9,0,9
neomycinb,9,0,9
64-,9,0,9
p-aminobenzamidine,9,0,9
aflatoxinm1,9,0,9
jorge,9,0,9
cqd,9,0,9
fgf-9,9,0,9
hr-1,9,0,9
theaflavin-3,9,0,9
kristalloiden,9,0,9
deoxycholine,9,0,9
tulin,9,0,9
nephropathia,9,0,9
o-sulfate,9,0,9
sst0001,9,0,9
aprea,9,0,9
astex,9,0,9
deodorizer,9,0,9
phlebovirus,9,0,9
amarum,9,0,9
polyphosphazenes,9,0,9
isoflurane/oxygen,9,0,9
cbp,9,0,9
salman,9,0,9
bleomycin-,9,0,9
reino,9,0,9
peel,9,0,9
p-nitrophenylacetate,9,0,9
euryajaponica,9,0,9
lata,9,0,9
lapachol,9,0,9
enn,9,0,9
nsp1a,9,0,9
tinuvin,9,0,9
aquilina,9,0,9
neanderthal,9,0,9
cccdna,9,0,9
electrocautery,9,0,9
β-lysin,9,0,9
practolol,9,0,9
tlkv,9,0,9
11-deoxycorticosterone,9,0,9
lcz,9,0,9
ortho-phthalaldehyde,9,0,9
resnet-34,9,0,9
itra,9,0,9
behring,9,0,9
urochloa,9,0,9
resnet-densenet_darknet-53,9,0,9
rheiradix,9,0,9
broussonetiapapyrifera,9,0,9
hyd,9,0,9
fibu,9,0,9
ukrainian,9,0,9
pharmaka,9,0,9
girolamo,9,0,9
mcfg,9,0,9
ev-a71,9,0,9
pediococcus,9,0,9
boccaccio,9,0,9
chlorogenicacids,9,0,9
k-carrageenan,9,0,9
adtree,9,0,9
ascophyllumnodosum,9,0,9
pinocembrin,9,0,9
bortezomid,9,0,9
rel,9,0,9
its1,9,0,9
s-phenylcysteine,9,0,9
cys-,9,0,9
ubiquitin-aldehyde,9,0,9
ilium,9,0,9
ilya,9,0,9
gabapentinoids,9,0,9
ggv,9,0,9
ursula,9,0,9
methyl-lysine,9,0,9
angiotensin-ii,9,0,9
gc1,9,0,9
us3,9,0,9
pentane,9,0,9
l-nna,9,0,9
abcpred,9,0,9
polymatin,9,0,9
mir-509,9,0,9
naila,9,0,9
rhamnazin,9,0,9
d4,9,0,9
hiv-rt,9,0,9
npif,9,0,9
dialdehydestarch,9,0,9
methenamine-silver,9,0,9
coplin,9,0,9
phloxine-tartrazine,9,0,9
nitriles,9,0,9
histones,9,0,9
joebiden,9,0,9
anti-vitamin,9,0,9
beclin,9,0,9
eu-15,9,0,9
prrsv,9,0,9
halogenated,9,0,9
cefotaxime/clavulanic,9,0,9
n-butyrate,9,0,9
havrix,9,0,9
centruroides,9,0,9
adriana,9,0,9
tfc,9,0,9
asiana,9,0,9
e64,9,0,9
paco,9,0,9
resnets,9,0,9
hbv.l,9,0,9
erdj4,9,0,9
ligustrumlucidum,9,0,9
nayib,9,0,9
curator,9,0,9
rainone,9,0,9
lumefantrin,9,0,9
mb-003,9,0,9
slavutych,9,0,9
vassilis,9,0,9
farey,9,0,9
leguminosarum,9,0,9
zingiberaceae,9,0,9
haritaki,9,0,9
doxorubicin-loaded,9,0,9
mazzucato,9,0,9
kamil,9,0,9
us,9,0,9
two-dose,9,0,9
markowitz,9,0,9
potash,9,0,9
gemin3,9,0,9
anti-rhd,9,0,9
1-butanol,9,0,9
winephenolics,9,0,9
quercetin-3-o-rutinoside,9,0,9
toxovax,9,0,9
mir-335,9,0,9
sugar-vanilla,9,0,9
magnesiumhydroxide,9,0,9
tribavirin,9,0,9
bruno,9,0,9
diazide,9,0,9
γ-ray,9,0,9
patriot,9,0,9
epicatechingallate,9,0,9
bit,9,0,9
orf1a,9,0,9
guindon,9,0,9
planar,9,0,9
diuretika,9,0,9
b-actin,9,0,9
6-aminoquinolone,9,0,9
cbz-avlq-cn,9,0,9
methylprednisoloneacetate,9,0,9
ac150,9,0,9
pessoa,9,0,9
brachytherapy,9,0,9
dexin,9,0,9
coc,9,0,9
diazapyrene,9,0,9
anti-mimicyp,9,0,9
opdivo,9,0,9
e.sinensis,9,0,9
cystatin-c,9,0,9
nebulin,9,0,9
calcium/magnesium,9,0,9
eren,9,0,9
hfold-pkonly,9,0,9
hifn-α,9,0,9
syzygium,9,0,9
thromboelastometry,9,0,9
ns4a-2k-ns4b,9,0,9
eunicea,9,0,9
apt8,9,0,9
ferrostatin-1,9,0,9
alan,9,0,9
hatami,9,0,9
laxatone,9,0,9
circsfl,9,0,9
chancroid,9,0,9
spo,9,0,9
rifampicin-loaded,9,0,9
oximes,9,0,9
gossypium,9,0,9
wipo,9,0,9
hpv-2,9,0,9
philanthropy,9,0,9
thrombosis,9,0,9
pumarola,9,0,9
glycyrrhizan,9,0,9
glycyrol,9,0,9
mycophenylate,9,0,9
nephropathy,9,0,9
macranthoidinb,9,0,9
vitaminsb,9,0,9
alkylation,9,0,9
lipoid,9,0,9
caf01,9,0,9
rcp8.5,9,0,9
malang,9,0,9
xiao,9,0,9
coco,9,0,9
net,9,0,9
tachypnoeic,9,0,9
neostigmin,9,0,9
aminophenol,9,0,9
bissettii,9,0,9
xylocain,9,0,9
diz,9,0,9
sry,9,0,9
hrv1b,9,0,9
butin,9,0,9
deepti,9,0,9
hemoperitoneum,9,0,9
privigen,9,0,9
cyclophilind,9,0,9
avidin/biotin,9,0,9
h.pylori,9,0,9
pegf,9,0,9
vitb12,9,0,9
flavaglines,9,0,9
snh,9,0,9
pinkwart,9,0,9
atg12-atg5-atg16,9,0,9
christopher,9,0,9
t-1106-mp,9,0,9
rsva2,9,0,9
l-alanyl-l-glutamine,9,0,9
pomovirus,9,0,9
aleuria,9,0,9
cpgodn-685,9,0,9
pendulum,9,0,9
ranula,9,0,9
dilmapimod,9,0,9
furst,9,0,9
wirksame,9,0,9
kazin,9,0,9
zucchini,9,0,9
juris,9,0,9
ddx21,9,0,9
toch,9,0,9
di-ethylcarbamazine,9,0,9
bcca,9,0,9
her2,9,0,9
phos-tag,9,0,9
prometheus,9,0,9
txnip,9,0,9
ammoniumsulphate,9,0,9
il23r,9,0,9
selinexor,9,0,9
gpc1,9,0,9
hbsab,9,0,9
flu‐a,9,0,9
5-aminosalicylates,9,0,9
lnp-sirna,9,0,9
xiaoi,9,0,9
potassium-edta,9,0,9
florey,9,0,9
buthus,9,0,9
leish-110f,9,0,9
gy/16,9,0,9
bms-378806,9,0,9
uvulopalatopharyngoplasty,9,0,9
hpv16e5,9,0,9
gip,9,0,9
plethysmograph,9,0,9
kombucha,9,0,9
ac-apc2,9,0,9
smart-420,9,0,9
aristoteles,9,0,9
bimetal,9,0,9
hydroxycoumarins,9,0,9
schizophyllan,9,0,9
rpi369,9,0,9
clonorchissinensis,9,0,9
grl-001,9,0,9
all-transretinol,9,0,9
nieto,9,0,9
hydrokortison,9,0,9
qing-fei-pai-du-tang,9,0,9
berardi,9,0,9
syntomus,9,0,9
trechus,9,0,9
auto-peep,9,0,9
gottlob,9,0,9
allosamidin,9,0,9
erythritol,9,0,9
mimosa,9,0,9
ifnα/ribavirin,9,0,9
marcescens,9,0,9
hpmpc,9,0,9
bcl2l13,9,0,9
nlcr,9,0,9
bram,9,0,9
chenodeoxycholicacid,9,0,9
vtk-m/dpp,9,0,9
histochem,9,0,9
wilson,9,0,9
jamieson,9,0,9
elo,9,0,9
onj,9,0,9
imipenem-edta,9,0,9
nuphar,9,0,9
s/as01,9,0,9
pf-543,9,0,9
top1,9,0,9
antiemetikum,9,0,9
renale,9,0,9
antihypertensiva,9,0,9
lavendereo,9,0,9
mesin,9,0,9
anafi,9,0,9
phytochelatins,9,0,9
grassi,9,0,9
ifn-alpha-2a,9,0,9
ecarin,9,0,9
isatidisradix,9,0,9
c/o,9,0,9
parathyroidectomy,9,0,9
achrysocharoides,9,0,9
apol1,9,0,9
penicillicacid,9,0,9
roland,9,0,9
pentetreotide,9,0,9
nsck,9,0,9
rakamantha,9,0,9
isrib,9,0,9
qbf,9,0,9
ni-0101,9,0,9
mir22-5p,9,0,9
verigene,9,0,9
diphlorethohydroxycarmalol,9,0,9
tip41,9,0,9
genia,9,0,9
sosei,9,0,9
r-848,9,0,9
vp4,9,0,9
youyou,9,0,9
ycht,9,0,9
hydroxyvitamin,9,0,9
intercalated,9,0,9
echinocandines,9,0,9
ipd-ma,9,0,9
dazao,9,0,9
vasa,9,0,9
salim,9,0,9
mir221,9,0,9
artemisa,9,0,9
afro,9,0,9
swarnabhasma,9,0,9
prss3,9,0,9
p15,9,0,9
per-dose,9,0,9
proseal,9,0,9
7-chloroquinoline,9,0,9
ag7,9,0,9
menin,9,0,9
erythrosin,9,0,9
u/d,9,0,9
zikvns3,9,0,9
helenine,9,0,9
kabi,9,0,9
tlf,9,0,9
sporicidal,9,0,9
humidex,9,0,9
amx,9,0,9
melinta,9,0,9
chenodeoxycholic,9,0,9
a.annua,9,0,9
tip,9,0,9
sulphonate,9,0,9
deb025/alisporivir,9,0,9
caspofungina,9,0,9
dinosine,9,0,9
transdermal,9,0,9
[11c]donepezil,9,0,9
americana,9,0,9
mefloquine-artesunate,9,0,9
hd-iiv4,9,0,9
rc-ga,9,0,9
glycycoumarin,9,0,9
scutal,9,0,9
sfj,9,0,9
trichosomoides,9,0,9
mitofilin,9,0,9
atipamezol,9,0,9
edp-420,9,0,9
7-hydroxystaurosporine,9,0,9
naseri,9,0,9
mir-5197,9,0,9
ace-2,9,0,9
d-gl,9,0,9
metacortex,9,0,9
varum,9,0,9
pycnogenol,9,0,9
hxc,9,0,9
vasodilatator,9,0,9
cgp,9,0,9
aspp,9,0,9
doca,9,0,9
bifet,9,0,9
sexuality,9,0,9
ubp43,9,0,9
era,9,0,9
pegintron,9,0,9
mir-324-3p,9,0,9
cod,9,0,9
potassiumcyanide,9,0,9
phenyx,9,0,9
dacc,9,0,9
levodopa/carbidopa,9,0,9
5-fluoruracil,9,0,9
dempsey,9,0,9
zt3,9,0,9
halovirs,9,0,9
lukács,9,0,9
ega,9,0,9
fitusiran,9,0,9
fucoidin,9,0,9
tcps/curcumin,9,0,9
jarvik,9,0,9
kalata,9,0,9
volanesorsen,9,0,9
icg-001,9,0,9
nullbasic,9,0,9
anticoccidial,9,0,9
ec,9,0,9
partnership,9,0,9
gasol,9,0,9
dantrolenesodium,9,0,9
cavinafungin,9,0,9
bi-dose,9,0,9
pm27,9,0,9
hrg,9,0,9
aua,9,0,9
gumboots,9,0,9
pavonii,9,0,9
cremastra,9,0,9
nothofagin,9,0,9
mycofenolate,9,0,9
a.sinensis,9,0,9
pradhan,9,0,9
galunisertib,9,0,9
milstein,9,0,9
emax,9,0,9
wp1,9,0,9
hydrocodone/acetaminophen,9,0,9
anti-pseudomonas,9,0,9
echinokokkose,9,0,9
hemiazygos,9,0,9
amanita,9,0,9
ribavirin-interferon,9,0,9
taskranker,9,0,9
hfot,9,0,9
farrar,9,0,9
hcv-cv,9,0,9
10-hydroxycamptothecin,9,0,9
ahmedabad,9,0,9
tbo,9,0,9
pangolin-cov,9,0,9
hemopure,9,0,9
tibeticum,9,0,9
guindos,9,0,9
mesylated,9,0,9
drugdex,9,0,9
dominic,9,0,9
annual,9,0,9
medicum,9,0,9
cartan,9,0,9
dichlorphenamide,9,0,9
vorapaxar,9,0,9
patella,9,0,9
ciofi,9,0,9
aleo,9,0,9
magnesiumsulphate,9,0,9
hypar-flow,9,0,9
mumtaz,9,0,9
desmopressinacetate,9,0,9
dlo-mir172a,9,0,9
yolov3,9,0,9
grfs,9,0,9
bms-986205,9,0,9
c.barometz,9,0,9
alloderm,9,0,9
venofer,9,0,9
pantoamide,9,0,9
sovaldi,9,0,9
lentil,9,0,9
3clpro-squanavir,9,0,9
tat-conjugated,9,0,9
microcephaly,9,0,9
actinide,9,0,9
niapro,9,0,9
amphinase,9,0,9
vbi,9,0,9
bmr,9,0,9
intercalators,9,0,9
7-amino-4-methylcoumarin,9,0,9
mir-410-3p,9,0,9
artralgia,9,0,9
endoxylanase,9,0,9
ellyn,9,0,9
punta,9,0,9
s-nitrosoglutathione,9,0,9
ttfs,9,0,9
doxycycline/tetracycline,9,0,9
gallatin,9,0,9
anti-ciri,9,0,9
mt-dti,9,0,9
swarnaprashana,9,0,9
vin,9,0,9
monoub-abp,9,0,9
diublys48,9,0,9
1-hydroxymidazolam,9,0,9
chirurgia,9,0,9
kikwete,9,0,9
keratanase,9,0,9
metanotum,9,0,9
tptc-laam,9,0,9
ifn-k,9,0,9
.glycyrrhizin,9,0,9
64-slice,9,0,9
.surfactant,9,0,9
aloxistatin,9,0,9
fnac,9,0,9
guduchighan,9,0,9
-lopinavir,9,0,9
[%]methionine,9,0,9
literatuur,9,0,9
fare,9,0,9
p23,9,0,9
aminoside,9,0,9
hemedex,9,0,9
.sunil,9,0,9
bmt-ctn,9,0,9
(-)-epigallocatechin-3-gallate,9,0,9
telogen,9,0,9
corium,9,0,9
nbutanol,9,0,9
pegifn-a2a,9,0,9
.ultraviolet,9,0,9
pfas,9,0,9
cium,9,0,9
josamycine,9,0,9
-lactam,9,0,9
mfolfox6,9,0,9
puff,9,0,9
acetazolamid,9,0,9
cardosin,9,0,9
apomorphin,9,0,9
atv/rtv,9,0,9
vitamindvitamind,9,0,9
penod,9,0,9
ultrio,9,0,9
antid,9,0,9
debiri,9,0,9
b-rto,9,0,9
pectus,9,0,9
.rituximab,9,0,9
pegvaliase,9,0,9
piperacillinetazobactam,9,0,9
fenofi,9,0,9
.cyclosporine,9,0,9
ceftazidime/,9,0,9
ifn-α-ribavirin,9,0,9
phoxilium,9,0,9
a-msh,9,0,9
ns3/,9,0,9
cada-vae,9,0,9
nsd249,9,0,9
r-dhap,9,0,9
5-fl,9,0,9
nla,9,0,9
zy,9,0,9
rickettsiosen,9,0,9
17-b-estradiol,9,0,9
morel,9,0,9
virin,9,0,9
keguan-1,9,0,9
ifn-fl,9,0,9
dengueviren,9,0,9
peglasta,9,0,9
mtap,9,0,9
paracetamole,9,0,9
l-plastin,9,0,9
lunatisporites,9,0,9
thys,9,0,9
pegylated-gcsf,9,0,9
hymenium,9,0,9
lathyrus,9,0,9
butachlor,9,0,9
kushenin,9,0,9
trace-mineral,9,0,9
mtx/miso,9,0,9
aerosil,9,0,9
campath1h,9,0,9
ezetimiba,9,0,9
cobicistat-m,9,0,9
colimycine,8,1,9
disintegrin,8,1,9
stilbene,8,1,9
chloroquinoline,8,1,9
limestone,8,1,9
rodamine,8,1,9
zonulin,8,1,9
marinol,8,1,9
zincin,8,1,9
fucosidase,8,1,9
ziram,8,1,9
chla,8,1,9
oroxylin,8,1,9
azd2563,8,1,9
cyclophoshamide,8,1,9
plavix,8,1,9
napin,8,1,9
iodoacetamine,8,1,9
cyclosphosphamide,8,1,9
cleotide,8,1,9
hexachlorophen,8,1,9
7aminoactinomycin,8,1,9
olodaterol,8,1,9
iobitridol,8,1,9
kakadumycin,8,1,9
eflapegrastim,8,1,9
farglitazar,7,2,9
immiticide,7,2,9
vasopressine,7,2,9
idarubicinol,7,2,9
pesticin,7,2,9
bilobalide,7,2,9
loncastuximab,7,2,9
imetelstat,7,2,9
sonin,7,2,9
apstatin,7,2,9
ceprotin,7,2,9
picibanil,7,2,9
opioid,7,2,9
glucocerebroside,7,2,9
aminotriazole,7,2,9
piperazinone,7,2,9
terpene,7,2,9
sceptrin,7,2,9
azosemide,7,2,9
9-aminoacridine,7,2,9
lianhua,7,2,9
dunstan,7,2,9
carpelimus,7,2,9
forskoline,7,2,9
dexfenfluramine,7,2,9
phenylalanin,7,2,9
théophylline,7,2,9
betacarotene,7,2,9
simvastatine,6,3,9
nimustine,6,3,9
neocarcinostatin,6,3,9
hexobarbitone,6,3,9
argenine,6,3,9
staramine,6,3,9
galactoside,6,3,9
trioctylamine,6,3,9
genotropin,6,3,9
lividomycin,6,3,9
arsine,6,3,9
norgine,6,3,9
mollemycin,6,3,9
adamus,6,3,9
adlumidine,6,3,9
quinol,6,3,9
gstat,6,3,9
dexamethsone,6,3,9
oxyphenbutazone,6,3,9
foscan,6,3,9
nisoxetine,6,3,9
mycocidine,6,3,9
plantazolicin,6,3,9
diniprofylline,6,3,9
nadroparine,6,3,9
.mefloquine,6,3,9
pseudoephedrin,6,3,9
trimethoprimsulphonamide,6,3,9
mycophenolatemofetil,6,3,9
trimethoprimsulfadiazine,6,3,9
teboroxime,6,3,9
corazonin,6,3,9
hydroxychroloquine,5,4,9
gevokizumab,5,4,9
ectodysplasin,5,4,9
chlorotetracycline,5,4,9
adamumab,5,4,9
isoprinosin,5,4,9
pentoxyfilline,5,4,9
nitidine,5,4,9
fidaxomycin,5,4,9
propiconazole,5,4,9
neurogen,5,4,9
contezolid,5,4,9
sincalide,5,4,9
remedesvir,5,4,9
methylpredisolone,5,4,9
geodiamolide,5,4,9
arterenol,5,4,9
chloriquine,5,4,9
scabicide,5,4,9
panaxynol,5,4,9
imipenemcilastatin,5,4,9
métavir,5,4,9
/-azithromycin,5,4,9
arnoxicillin,5,4,9
fluosol,5,4,9
lophine,5,4,9
udrocortisone,5,4,9
sulphachloropyridazine,5,4,9
amivantamab,5,4,9
copegus,5,4,9
perflubron,5,4,9
c]cetrozole,5,4,9
plakinidine,5,4,9
pirolid,5,4,9
tirolone,4,5,9
schizontocide,4,5,9
carbepenem,4,5,9
hemopericardium,4,5,9
methasone,4,5,9
ismine,4,5,9
valciclovir,4,5,9
trimethoxiflavone,4,5,9
rufloxacin,4,5,9
corylifolinin,4,5,9
peucedanum,4,5,9
ceruletide,4,5,9
benzopyrone,4,5,9
aurothioglucose,4,5,9
saframycin,4,5,9
chole,4,5,9
keratin,4,5,9
infergen,4,5,9
actoxumab,4,5,9
oxonium,4,5,9
desloratidine,4,5,9
adeforvir,4,5,9
dacogen,4,5,9
linsitinib,4,5,9
dserine,4,5,9
taurolin,4,5,9
lomycin,4,5,9
tetrazepam,4,5,9
florenicol,4,5,9
ixabepilone,3,6,9
fanolesomab,3,6,9
plumericin,3,6,9
triisopropanolamine,3,6,9
kinesin,3,6,9
verteporin,3,6,9
pencillamine,3,6,9
ivernectin,3,6,9
doxycicline,3,6,9
chondropsin,3,6,9
ritanavir,3,6,9
exopharm,3,6,9
paleocene,3,6,9
perforenol,3,6,9
povadone,3,6,9
carbinol,3,6,9
demcizumab,3,6,9
gemcitibine,3,6,9
orciprenaline,3,6,9
metamucil,3,6,9
radioiodide,3,6,9
chymopapain,3,6,9
viscosin,3,6,9
rubigine,3,6,9
cyanmethemoglobin,3,6,9
prochymosin,3,6,9
glicentin,2,7,9
diiodohydroxylquinoline,2,7,9
columbamine,2,7,9
xanthone,2,7,9
tonavir,2,7,9
ungiminorine,2,7,9
lopinivir,2,7,9
saccharin,2,7,9
txa709,2,7,9
nisolone,2,7,9
glucomannan,2,7,9
araraquara,2,7,9
asolectin,2,7,9
sznol,2,7,9
dihydroergotoxine,2,7,9
manitol,2,7,9
dimetindene,2,7,9
peyret,2,7,9
myocilin,2,7,9
myosmine,2,7,9
enteroglucagon,2,7,9
antithrombine,2,7,9
sertindole,2,7,9
invasin,2,7,9
carboxyeremomycin,2,7,9
phytosterole,2,7,9
antiquitin,2,7,9
enlimomab,2,7,9
triglycoside,1,8,9
falzarano,1,8,9
haldol,1,8,9
sulfisoxazole,1,8,9
chlorofusin,1,8,9
tabernanthine,1,8,9
diethanolamine,1,8,9
methysergide,1,8,9
tetrahydhydrocoptisine,1,8,9
acylsemicarbazide,1,8,9
tigan,1,8,9
endectocide,1,8,9
blactam,1,8,9
lopinovir,1,8,9
vaccin,1,8,9
mucine,1,8,9
tropisetron,1,8,9
dihydromethysticin,1,8,9
chelerythrine,1,8,9
attractene,0,9,9
acetylgalactosamine,0,9,9
microcrystalline,0,9,9
terrestrimine,0,9,9
rosmariquinone,0,9,9
charfeddine,0,9,9
tritonis,0,9,9
raine,0,9,9
caldesmon,0,9,9
strukturproteine,0,9,9
gallensäuren,0,9,9
vernachlässigen,0,9,9
colantone,0,9,9
yasara,0,9,9
nishiura,0,9,9
usa600,0,9,9
dilaudid,0,9,9
gambacorta,0,9,9
methylimidazole,0,9,9
algorithmus,0,9,9
durchlaufen,0,9,9
dispersin,0,9,9
galactosylsphingosine,0,9,9
braine,0,9,9
bromhexine hydrochloride,0,9,9
pneumopericardium,0,9,9
decasaccharide,0,9,9
ssrnan,0,9,9
kuhle,0,9,9
calcium hydroxide,0,9,9
tagitinin,0,9,9
napthine,0,9,9
rosenfeld,0,9,9
xanomeline,0,9,9
bekämpfen,0,9,9
intubating,0,9,9
papiine,0,9,9
raviglione,0,9,9
bromosuccinimide,0,9,9
geschmacksstörungen,0,9,9
ashmole,0,9,9
pityrosporum,0,9,9
betragen,0,9,9
adenoclone,0,9,9
presentan,0,9,9
atemwege,0,9,9
beamline,0,9,9
lichaamsoppervlak,0,9,9
epothilone,0,9,9
macrolactone,0,9,9
neoisoliquiritin,0,9,9
licoisoflavanone,0,9,9
heraclenol,0,9,9
hinterfragen,0,9,9
isoxazolone,0,9,9
lamictal,0,9,9
ungeremine,0,9,9
knapka,0,9,9
rappole,0,9,9
ratiopharm,0,9,9
freshney,0,9,9
dicyclomine,0,9,9
safriel,0,9,9
takada,0,9,9
saimiri,0,9,9
bromotyrosine,0,9,9
radionuclide,0,9,9
lipovitellin,0,9,9
pristinamycine,0,9,9
rx)8−pmo,0,9,9
cephaeline,0,9,9
homoserine,0,9,9
halenaquinone,0,9,9
benecke,0,9,9
bufadienolide,0,9,9
femara,0,9,9
vertragen,0,9,9
preez,0,9,9
gefolgt,0,9,9
ensembl,0,9,9
mapmachine,0,9,9
cronopios,0,9,9
piippo,0,9,9
carbohydrazide,0,9,9
stypoldione,0,9,9
isatan,0,9,9
dioxindole,0,9,9
arylamide,0,9,9
thujone,0,9,9
perno,0,9,9
präferenz,0,9,9
netropsin,0,9,9
enterotoxin,0,9,9
buoyem,0,9,9
homotyrosine,0,9,9
verhandlungen,0,9,9
uralsaponin,0,9,9
pagibaximab,0,9,9
athogen,0,9,9
gerontopole,0,9,9
listeriolysin,0,9,9
semiperfoliata,0,9,9
e3-cr1β,0,9,9
ponzo,0,9,9
inzone,0,9,9
stieg,0,9,9
snu398,0,9,9
polyproteine,0,9,9
acetylserine,0,9,9
pyrazolophthalazine,0,9,9
begünstigen,0,9,9
kinasen,0,9,9
l'acquisizione,0,9,9
localizzazione,0,9,9
transplantation(hsct,0,9,9
sorror,0,9,9
thiiranium,0,9,9
p-086,0,9,9
acylcarnitine,0,9,9
chloramphénicol,0,9,9
ostrea,0,9,9
coagulazione,0,9,9
femurfrakturen,0,9,9
enterade,0,9,9
kutan,0,9,9
prionerkrankungen,0,9,9
symplectin,0,9,9
groupl,0,9,9
neuroimagen,0,9,9
déjerine,0,9,9
caratterizzato,0,9,9
ostruzione,0,9,9
d'azithromycine,0,9,9
prototheca,0,9,9
thermopsin,0,9,9
destinazione,0,9,9
direzione,0,9,9
spinosyns,8,0,8
hadith,8,0,8
sweetness,8,0,8
ll‐37,8,0,8
ropivacaine/fentanyl,8,0,8
hutchinson,8,0,8
4-nitroquinoline,8,0,8
n-nitrosodiethylamine,8,0,8
β-lg,8,0,8
paeonia,8,0,8
cdm,8,0,8
mir-323,8,0,8
eleanor,8,0,8
cyclosporines,8,0,8
anti-flu,8,0,8
glycine-proline,8,0,8
ritanserin,8,0,8
serpine,8,0,8
ak-47,8,0,8
pt1,8,0,8
gnetum,8,0,8
doxa,8,0,8
nsd,8,0,8
landslide,8,0,8
marcelo,8,0,8
propionat,8,0,8
pogosta,8,0,8
wagida,8,0,8
sulfolane,8,0,8
climet,8,0,8
diphtheriatoxoids,8,0,8
apoe4,8,0,8
succinylated,8,0,8
interleukin-6,8,0,8
aciclovir/valaciclovir,8,0,8
psycho,8,0,8
aldol,8,0,8
santiago,8,0,8
longobardi,8,0,8
nanoceria,8,0,8
teacatechins,8,0,8
proteinuria,8,0,8
fpa,8,0,8
anthracycline+ifosfamide,8,0,8
neptune,8,0,8
humectant,8,0,8
schisandrinb,8,0,8
tpc1,8,0,8
burundi,8,0,8
nicd,8,0,8
raineri,8,0,8
g3139,8,0,8
speknn,8,0,8
pri-mirna,8,0,8
dioscorides,8,0,8
hydroxyl-chloroquine,8,0,8
paraprostate,8,0,8
spinelli,8,0,8
bendib,8,0,8
rtb,8,0,8
guterres,8,0,8
ago2,8,0,8
crelin,8,0,8
oats,8,0,8
wolanin,8,0,8
deol,8,0,8
xo,8,0,8
holttum,8,0,8
vcmax,8,0,8
lancisi,8,0,8
odin,8,0,8
gcgtaaaa,8,0,8
hibiscustea,8,0,8
alloxazine,8,0,8
nebula,8,0,8
greenwood,8,0,8
wagin,8,0,8
rhizocephalans,8,0,8
auriculata,8,0,8
m48usp,8,0,8
galα1,8,0,8
polyprotein1ab,8,0,8
grafen,8,0,8
cisplatin-dna,8,0,8
indolocarbazole,8,0,8
amethopterin,8,0,8
dimethoxymethane,8,0,8
pituitary,8,0,8
quinolines,8,0,8
calcium-phosphate,8,0,8
syringin,8,0,8
vatanen,8,0,8
mir-10a-3p,8,0,8
apl,8,0,8
methylobacterium,8,0,8
brefeldina,8,0,8
lmp,8,0,8
rashtriya,8,0,8
genocide,8,0,8
carboplatin-based,8,0,8
chloroquine-,8,0,8
mirandola,8,0,8
deoxycytidines,8,0,8
mir-103,8,0,8
silveracetate,8,0,8
ofin,8,0,8
symlet,8,0,8
sudol,8,0,8
potassiumfluoride,8,0,8
echinaceaangustifolia,8,0,8
6-amino-acid,8,0,8
ddqn-cvae,8,0,8
omega-3fattyacid,8,0,8
s-glutathionylation,8,0,8
atazanavirsulfate,8,0,8
gs-5,8,0,8
isavirus,8,0,8
cholin,8,0,8
jene,8,0,8
alphaxalone,8,0,8
ruconest,8,0,8
chorionic,8,0,8
alvarezii,8,0,8
klf4,8,0,8
sayood,8,0,8
ventil,8,0,8
vigil,8,0,8
nuclear,8,0,8
amd,8,0,8
mladineo,8,0,8
meena,8,0,8
omre,8,0,8
ythdc2,8,0,8
haart,8,0,8
erdös,8,0,8
nistatina,8,0,8
southwest,8,0,8
viscum,8,0,8
helixor,8,0,8
β2-adrenergic,8,0,8
valerian,8,0,8
withania,8,0,8
quinaldine,8,0,8
cebus,8,0,8
copper-to-molybdenum,8,0,8
hemoglobinemia,8,0,8
hydragel,8,0,8
rvsv-zebov,8,0,8
copovidone,8,0,8
f13,8,0,8
coate,8,0,8
nada,8,0,8
cys48,8,0,8
chusid,8,0,8
biflavoneamentoflavone,8,0,8
dyslipidemia,8,0,8
nl63,8,0,8
isotopomer,8,0,8
navitoclax,8,0,8
kilis,8,0,8
profenofos,8,0,8
satinsky,8,0,8
cyanoacrylates,8,0,8
astin,8,0,8
diethylaminoethyl-dextran,8,0,8
sander,8,0,8
biesta,8,0,8
kaolinite,8,0,8
peg-interferon/ribavirin,8,0,8
jaap,8,0,8
z-phe-ala-fmk,8,0,8
eudistomidin,8,0,8
sandin,8,0,8
goeringii,8,0,8
pyridoxal,8,0,8
mir396,8,0,8
ribavirn,8,0,8
heterometrus,8,0,8
pl1,8,0,8
girvan,8,0,8
osunsan,8,0,8
carberry,8,0,8
stanberry,8,0,8
γ-glutamylcysteine,8,0,8
cdrh3,8,0,8
folfiri,8,0,8
oseltamivir/tamiflu,8,0,8
penicillioides,8,0,8
apiacea,8,0,8
milbemycins,8,0,8
1810,8,0,8
gr-su,8,0,8
flora,8,0,8
hydrophila,8,0,8
kerin,8,0,8
veronica,8,0,8
cortesi,8,0,8
hr1,8,0,8
chv1,8,0,8
hispidulin,8,0,8
alhydrogel,8,0,8
cholesteryl,8,0,8
7).it,8,0,8
mtb,8,0,8
dus,8,0,8
l-valine,8,0,8
wirksamer,8,0,8
neogene,8,0,8
bisporus,8,0,8
mathys,8,0,8
antibody-drug,8,0,8
ronit,8,0,8
etidronate,8,0,8
trim41,8,0,8
qi,8,0,8
parthenium,8,0,8
nebulized,8,0,8
20-aminoacid,8,0,8
andré,8,0,8
breakfast,8,0,8
autor,8,0,8
berenice,8,0,8
baccharisdracunculifolia,8,0,8
girolamofracastoro,8,0,8
theodor,8,0,8
vancomycin-,8,0,8
corticosteroïden,8,0,8
cloxacilline,8,0,8
euprosterna,8,0,8
fcγriia,8,0,8
rsad2,8,0,8
rni,8,0,8
piperacilline/tazobactam,8,0,8
arbidol/ifn-α2b,8,0,8
aci-80,8,0,8
trxr,8,0,8
s1-ntd,8,0,8
t.saginata,8,0,8
arteriosclerosis,8,0,8
lpv/ritonavir,8,0,8
glyoxalated,8,0,8
mbds,8,0,8
cumhuriyet,8,0,8
morele,8,0,8
saposhnikovia,8,0,8
coitus,8,0,8
filippo,8,0,8
phellodendri,8,0,8
outlooks,8,0,8
boveri,8,0,8
eubananin,8,0,8
anti-b,8,0,8
tuba,8,0,8
prosaii,8,0,8
anaerobes,8,0,8
hookworm,8,0,8
lqt,8,0,8
acapella,8,0,8
ethylpyruvate,8,0,8
β2-adrenoceptors,8,0,8
rhadinovirus,8,0,8
na2s,8,0,8
sabena,8,0,8
cholesterol-binding,8,0,8
cyclodextrins,8,0,8
mir-16-5p,8,0,8
morteza,8,0,8
spla2-iie,8,0,8
atractylodis,8,0,8
qi-,8,0,8
dioscoreae,8,0,8
berghei,8,0,8
hve,8,0,8
barbitone,8,0,8
pima,8,0,8
fluoroketolide,8,0,8
trimethoprim-sulfametoxazole,8,0,8
acorns,8,0,8
rainer,8,0,8
turnitin,8,0,8
21-kda,8,0,8
scorpion,8,0,8
il16,8,0,8
anophelessinensis,8,0,8
voso4,8,0,8
vitaminsd2,8,0,8
wirksamkeit,8,0,8
stephensi,8,0,8
prolinol,8,0,8
fraudfox,8,0,8
shxt‐frc,8,0,8
heparinum,8,0,8
norv,8,0,8
cajuput,8,0,8
acuminatus,8,0,8
mir-125,8,0,8
aliberti,8,0,8
antonius,8,0,8
liprandi,8,0,8
isoform,8,0,8
p94,8,0,8
vp34,8,0,8
neulasta,8,0,8
dichlorodiphenyltrichloroethane,8,0,8
deoxycorticosteroneacetate,8,0,8
2vir,8,0,8
myristate,8,0,8
hydantoin,8,0,8
octoxynol,8,0,8
ubl2,8,0,8
anti-tnfα,8,0,8
allogene,8,0,8
p90rsk,8,0,8
negevensis,8,0,8
deltares,8,0,8
tyrone,8,0,8
diskin,8,0,8
kraepelin,8,0,8
tamara,8,0,8
pavonica,8,0,8
malachite,8,0,8
koidz,8,0,8
anti-ulcer,8,0,8
4-hydroxyderricin,8,0,8
ha0,8,0,8
p51,8,0,8
cnbr,8,0,8
chlamydomonas,8,0,8
diesel,8,0,8
kevin,8,0,8
abt-100,8,0,8
epu,8,0,8
fenet-glove,8,0,8
voki,8,0,8
lind,8,0,8
endovascular,8,0,8
β3-adrenoceptor,8,0,8
pr55,8,0,8
symbia,8,0,8
funestus,8,0,8
berbera,8,0,8
camoni,8,0,8
rc101,8,0,8
ototoxicity,8,0,8
medi8897,8,0,8
n-acetyl,8,0,8
iiv4,8,0,8
maxpool,8,0,8
oea,8,0,8
doacs,8,0,8
cyd-tdvvaccine,8,0,8
rhog,8,0,8
oseltamivir-resistant,8,0,8
combretum,8,0,8
carbonyls,8,0,8
peg-ifnl1a,8,0,8
selena,8,0,8
aurelio,8,0,8
tch,8,0,8
castanea,8,0,8
hotair,8,0,8
incep-eegnet,8,0,8
b9,8,0,8
cfp-10,8,0,8
chlorazol,8,0,8
coxsackieb-4,8,0,8
bacaer,8,0,8
qii,8,0,8
suraminsodium,8,0,8
coconutoil,8,0,8
brmeh,8,0,8
proxitane,8,0,8
gsk‐3,8,0,8
myrothecium,8,0,8
yolo,8,0,8
vitaminaester,8,0,8
colchis,8,0,8
cepi,8,0,8
haavir,8,0,8
ahmet,8,0,8
palladin,8,0,8
cgp42112,8,0,8
rama,8,0,8
quebrachotannins,8,0,8
hpv-,8,0,8
antietam,8,0,8
hippocampal,8,0,8
sodium-chloride,8,0,8
ro,8,0,8
cxcl12,8,0,8
pish,8,0,8
vit-d,8,0,8
mesentericin,8,0,8
mk-p10,8,0,8
aha,8,0,8
chanel,8,0,8
argonet,8,0,8
musa,8,0,8
mangin,8,0,8
southwood,8,0,8
medms,8,0,8
punica,8,0,8
pomegranatepolyphenols,8,0,8
mustardoil,8,0,8
cpgadjuvant,8,0,8
mir-506,8,0,8
symbiosis,8,0,8
loprazolam,8,0,8
sigmastat,8,0,8
nonoxidized,8,0,8
eugenia,8,0,8
5-fluorodeoxyuridine,8,0,8
measlesvaccine,8,0,8
fertil,8,0,8
eugenio,8,0,8
piet,8,0,8
β-defensin-2,8,0,8
xin-yi-qing-fei-tang,8,0,8
amoxicillin‐clavulanate,8,0,8
meropenem/vaborbactam,8,0,8
pyoverdin,8,0,8
tiz,8,0,8
piricola,8,0,8
pyrithiobac,8,0,8
lamar,8,0,8
tariquidar,8,0,8
rhytidophyllum,8,0,8
codonanthe,8,0,8
tail-cuff,8,0,8
simeprevir-rdrp,8,0,8
il1ra,8,0,8
anti-dpp4,8,0,8
ferroptosis,8,0,8
alstm,8,0,8
iacumin,8,0,8
shonin,8,0,8
fibl,8,0,8
rushen,8,0,8
roscoe,8,0,8
coxsackiea16,8,0,8
kalaazar,8,0,8
kocot,8,0,8
anti-tetanus,8,0,8
nucelotide,8,0,8
ossgt1,8,0,8
labya1,8,0,8
fenbendazol,8,0,8
ringle,8,0,8
au,8,0,8
justintrudeau,8,0,8
α2‐macroglobulin,8,0,8
duba,8,0,8
colloidal,8,0,8
antituberculin,8,0,8
pow,8,0,8
geum,8,0,8
ms.,8,0,8
kool,8,0,8
allitridin,8,0,8
novel_3-3p,8,0,8
mir212,8,0,8
isg15-,8,0,8
hsp90α,8,0,8
matava,8,0,8
vitaminasupplementation,8,0,8
garlicoil,8,0,8
5-,8,0,8
taplin,8,0,8
keppler,8,0,8
methylthiolactate,8,0,8
gottlieb,8,0,8
ambler,8,0,8
schiene,8,0,8
heparansulphate,8,0,8
synacthen,8,0,8
bthbvs,8,0,8
alexion,8,0,8
kd2,8,0,8
safari,8,0,8
hyde,8,0,8
calciumacetate,8,0,8
psoraleae,8,0,8
viramune,8,0,8
l-arg,8,0,8
lubricant,8,0,8
cerenovus,8,0,8
markus,8,0,8
colibactin,8,0,8
ginkgotoxin,8,0,8
gdt,8,0,8
metanil,8,0,8
kartopu,8,0,8
bafilomycina,8,0,8
scam-v,8,0,8
cvar,8,0,8
antirubella,8,0,8
elkin,8,0,8
hypusine,8,0,8
venodilator,8,0,8
sorrento,8,0,8
henri,8,0,8
ginsenosidere,8,0,8
20(s)-protopanaxtriol,8,0,8
physarum,8,0,8
malmodin,8,0,8
na-vlp,8,0,8
cayratia,8,0,8
teleflex,8,0,8
sulfurs,8,0,8
syncytin-2,8,0,8
wordnet,8,0,8
shenal,8,0,8
pnirs,8,0,8
mir-361-3p,8,0,8
ferron,8,0,8
calcis,8,0,8
shigao,8,0,8
hood,8,0,8
pavone,8,0,8
carbamidomethylated,8,0,8
mir-3906,8,0,8
said,8,0,8
archaeosomes,8,0,8
matheus,8,0,8
hbv.s,8,0,8
treiber,8,0,8
h-cq,8,0,8
lncrnadb,8,0,8
cisplatin/etoposide,8,0,8
ribavirin/,8,0,8
sfv-hpv,8,0,8
simpson,8,0,8
hypericumperforatum,8,0,8
penghu,8,0,8
sui,8,0,8
opsin,8,0,8
non-paracetamol,8,0,8
2-chloroethanol,8,0,8
synflorix,8,0,8
paracel,8,0,8
angustata,8,0,8
spirostomum,8,0,8
septrin,8,0,8
jansen,8,0,8
brevibacterium,8,0,8
thiomers,8,0,8
(5z)-7-oxozeaenol,8,0,8
rhamnus,8,0,8
nnu,8,0,8
saikosaponina,8,0,8
quats,8,0,8
interferon-β,8,0,8
boa,8,0,8
tgm,8,0,8
mupirocina,8,0,8
silas,8,0,8
diazophenols,8,0,8
ontazolast,8,0,8
tlr9,8,0,8
d.zingiberensis,8,0,8
ve607,8,0,8
beta-lactam/macrolide,8,0,8
audi,8,0,8
ramus,8,0,8
seq1,8,0,8
pickering,8,0,8
mir-3940,8,0,8
carnidazole,8,0,8
peroxin,8,0,8
nana,8,0,8
ahcc,8,0,8
1950,8,0,8
silvernitrate,8,0,8
lugoliodine,8,0,8
loftin,8,0,8
artemisinin-resistant,8,0,8
brandeis,8,0,8
d-orn,8,0,8
bhh,8,0,8
mapril,8,0,8
mat,8,0,8
copernicus,8,0,8
rnf26,8,0,8
bmp-2,8,0,8
aminocandin,8,0,8
usp37,8,0,8
safespark-sgx,8,0,8
gadopentetate,8,0,8
melagatran,8,0,8
il1b,8,0,8
lewisii,8,0,8
cea,8,0,8
aphis,8,0,8
cebula,8,0,8
penicilliumstoloniferum,8,0,8
gluconicacid,8,0,8
lc3b-ii,8,0,8
bhonco,8,0,8
bergold,8,0,8
odv,8,0,8
piper,8,0,8
dip-lip,8,0,8
l.rhamnosusgg,8,0,8
serm,8,0,8
cdrh,8,0,8
ethanoanthracene,8,0,8
etonogestrel,8,0,8
pmsf,8,0,8
broniarczyk,8,0,8
h.sinensis,8,0,8
salary,8,0,8
ethidiumbromide,8,0,8
albuterol/ipratropium,8,0,8
erev,8,0,8
beni,8,0,8
hepaticae,8,0,8
bambi,8,0,8
bellicum,8,0,8
butylatedhydroxytoluene,8,0,8
europa,8,0,8
helichrysum,8,0,8
srg,8,0,8
altea,8,0,8
betham,8,0,8
hpe,8,0,8
crispatus,8,0,8
hemi,8,0,8
cobicistat-mpro,8,0,8
imrecoxib,8,0,8
glycyrrizin,8,0,8
α-glucosidase,8,0,8
planeta,8,0,8
piscine,8,0,8
su,8,0,8
inguinalis,8,0,8
pvp-iod,8,0,8
dipole,8,0,8
enersen,8,0,8
messias,8,0,8
glide,8,0,8
wur,8,0,8
bat-sl-covzc45,8,0,8
dosulepin,8,0,8
o-xylene,8,0,8
vaxchora,8,0,8
rickettsiosis,8,0,8
5-dose,8,0,8
cp-idl,8,0,8
segal,8,0,8
crx-527,8,0,8
pyridylethylated,8,0,8
hepaticus,8,0,8
vsl,8,0,8
pirin,8,0,8
holý,8,0,8
hispaglabridin,8,0,8
β-ga,8,0,8
β-glycyrrhetinicacid,8,0,8
α-glycyrrhizin,8,0,8
quercetin-3-o-glucuronide,8,0,8
atropa,8,0,8
poliovirussabin,8,0,8
emma,8,0,8
bruijn,8,0,8
elard,8,0,8
mallon,8,0,8
s&w,8,0,8
labium,8,0,8
epiprogoitrin/progoitrin,8,0,8
hcv-4,8,0,8
paracetamols,8,0,8
tram,8,0,8
diltiazem-oseltamivir,8,0,8
25-hydroxyvitamin-d,8,0,8
abdel,8,0,8
microphthalmia,8,0,8
iho,8,0,8
madame,8,0,8
alx,8,0,8
duraplasty,8,0,8
hornerin,8,0,8
pro,8,0,8
hispaglabridineb,8,0,8
tantalus,8,0,8
mariobunge,8,0,8
luciana,8,0,8
rugman,8,0,8
cn3d,8,0,8
plantamajoside,8,0,8
carotenogensis,8,0,8
hydroxicloroquine,8,0,8
usp24,8,0,8
southern,8,0,8
splints,8,0,8
actinobacillus,8,0,8
ceftazidime-r,8,0,8
α-galactosidase,8,0,8
ro-heparin,8,0,8
dmd,8,0,8
acanthella,8,0,8
progesteron,8,0,8
brilacidin,8,0,8
tyloxapol,8,0,8
non-tigecycline,8,0,8
ergoline,8,0,8
cg-2,8,0,8
enedis,8,0,8
fca,8,0,8
amphora,8,0,8
pex,8,0,8
carteolol,8,0,8
egfr-tk,8,0,8
m-t,8,0,8
mao-a,8,0,8
mech,8,0,8
atropina,8,0,8
al-damazin,8,0,8
uridin,8,0,8
spasmogen,8,0,8
hemangioma,8,0,8
hbv-hdv,8,0,8
elhorst,8,0,8
etx,8,0,8
medi,8,0,8
sprifermin,8,0,8
glt,8,0,8
igg3,8,0,8
tmv-rb19,8,0,8
beauveria,8,0,8
gadzi,8,0,8
usp35,8,0,8
hepaticum,8,0,8
his323,8,0,8
kort,8,0,8
asaq,8,0,8
anti-cetuximab,8,0,8
tnf-α-inhibitor,8,0,8
aurelia,8,0,8
4e10,8,0,8
angelici,8,0,8
hashtag,8,0,8
ek30,8,0,8
anti-pertussis,8,0,8
lugar,8,0,8
corylifolia,8,0,8
dioxane,8,0,8
pneumothorax,8,0,8
methyl-cytosine,8,0,8
btnv-alphacov,8,0,8
cd4-ig,8,0,8
kpt-335,8,0,8
maxine,8,0,8
nutrition,8,0,8
hemilaminectomy,8,0,8
cd4-igg2,8,0,8
devd-fmk,8,0,8
cosmetics,8,0,8
vutrisiran,8,0,8
propyleneglycol,8,0,8
mesosphaerum,8,0,8
cantinoa,8,0,8
octanoate,8,0,8
avaren,8,0,8
ku70/80,8,0,8
plinius,8,0,8
cpt-camp,8,0,8
mirg,8,0,8
asor,8,0,8
nagelamide,8,0,8
ozon,8,0,8
antibiotikaanwendung,8,0,8
penicillinallergie,8,0,8
cpg2006,8,0,8
chelleri,8,0,8
600th,8,0,8
cysa,8,0,8
autoradiography,8,0,8
pouchitis,8,0,8
csa/cyp,8,0,8
prokineticins,8,0,8
prokineticin-2,8,0,8
lriscan,8,0,8
f.hepatica,8,0,8
pos,8,0,8
pinaverium,8,0,8
stabilin-1,8,0,8
l-ascorbicacid,8,0,8
suhoor,8,0,8
stot,8,0,8
esr1,8,0,8
sambuc,8,0,8
.myricetin,8,0,8
altmv,8,0,8
arcilla,8,0,8
mirko,8,0,8
4-methylbenzenesulfonate,8,0,8
i.tinctoria,8,0,8
shade,8,0,8
diazines,8,0,8
fautin,8,0,8
lutra,8,0,8
tungiasis,8,0,8
osmolyte,8,0,8
peyr,8,0,8
vanin-1,8,0,8
blida,8,0,8
atiii,8,0,8
erika,8,0,8
2maa,8,0,8
hydrosart,8,0,8
ginsengsupplementation,8,0,8
ameroid,8,0,8
bitolterol,8,0,8
asthmaticus,8,0,8
augustine,8,0,8
savin,8,0,8
papageno,8,0,8
cyperus,8,0,8
hepatitisc,8,0,8
malinol,8,0,8
eilat,8,0,8
laribacter,8,0,8
neanderthalensis,8,0,8
telbivudin,8,0,8
neosporin,8,0,8
steno,8,0,8
tetraphase,8,0,8
amethystea,8,0,8
lopinavir/ritonavir/ribavirin,8,0,8
cotz,8,0,8
athila,8,0,8
d27,8,0,8
sonalis,8,0,8
sasa,8,0,8
quelpaertensis,8,0,8
surf,8,0,8
klugman,8,0,8
climate,8,0,8
debio-064,8,0,8
anastasios,8,0,8
prosopsis,8,0,8
revacept,8,0,8
methanesulfonamide,8,0,8
idazoxan,8,0,8
ostap,8,0,8
villamil,8,0,8
trivandrum,8,0,8
braidwood,8,0,8
peroxidized,8,0,8
pactamycin,8,0,8
smrt,8,0,8
toonasinenine,8,0,8
borrelidin,8,0,8
dhe,8,0,8
chenofalk,8,0,8
grazoprevir/elbasvir,8,0,8
vitaminsc,8,0,8
2dlt,8,0,8
oe-mie,8,0,8
norstat,8,0,8
macv,8,0,8
heptachlor,8,0,8
vp1-sirna517,8,0,8
tarsorrhaphy,8,0,8
pasha,8,0,8
sodiumthiosulfate,8,0,8
14c,8,0,8
nitzschia,8,0,8
hmbl,8,0,8
orf16,8,0,8
bcg-alone,8,0,8
enf,8,0,8
chorioamnionitis,8,0,8
helliwell,8,0,8
targacept,8,0,8
mir133,8,0,8
mir29,8,0,8
mir126-3p,8,0,8
phyllanthusurinaria,8,0,8
seca,8,0,8
worm,8,0,8
kvp,8,0,8
depo-provera,8,0,8
remazol,8,0,8
transana,8,0,8
streptomycin-penicillin,8,0,8
sartans,8,0,8
mir-506-3p,8,0,8
phenylbutazon,8,0,8
wem,8,0,8
dbg,8,0,8
radixglycyrrhizae,8,0,8
rhizomazingiberis,8,0,8
syntrophin,8,0,8
alofisel,8,0,8
ß-lactamase,8,0,8
osei,8,0,8
coformer,8,0,8
antivitamine,8,0,8
lactobacillusrhamnosus,8,0,8
alacoils,8,0,8
lip-a2,8,0,8
ultrasound,8,0,8
cefotaxime/ceftriaxone,8,0,8
abt-773,8,0,8
ambis,8,0,8
committee,8,0,8
sphingobium,8,0,8
hexachloride,8,0,8
l-citrulline,8,0,8
pm-17,8,0,8
baiyao,8,0,8
rubiginosa,8,0,8
turun,8,0,8
dustin,8,0,8
solcitinib,8,0,8
asmase,8,0,8
silane,8,0,8
(−)-norepinephrine,8,0,8
seiqra,8,0,8
zikvvaccine,8,0,8
braess,8,0,8
thiocarbazate,8,0,8
niclosamid,8,0,8
rostrolatus,8,0,8
eriobotryajaponica,8,0,8
mt-bayesc,8,0,8
folfirinox,8,0,8
thionamides,8,0,8
alphabet,8,0,8
peg-ifn/ribavirin,8,0,8
jaspamides,8,0,8
agelasine,8,0,8
app,8,0,8
chlorella,8,0,8
flu,8,0,8
znf,8,0,8
lb/ampicillin,8,0,8
mir-1468,8,0,8
clausewitz,8,0,8
eod-gt2,8,0,8
dudleya,8,0,8
solo,8,0,8
metap,8,0,8
dragonair,8,0,8
2-adrenoceptor,8,0,8
3h-nitrendipine,8,0,8
aripiprazol,8,0,8
antipsychotika,8,0,8
castanospermum,8,0,8
wortman,8,0,8
mortierella,8,0,8
copp,8,0,8
hmga,8,0,8
yttrium,8,0,8
psychodrama,8,0,8
w=[1,8,0,8
ascot,8,0,8
spandex,8,0,8
el-sayed,8,0,8
torilidisfructus,8,0,8
savonius,8,0,8
lfk,8,0,8
asm,8,0,8
dknvorf2a,8,0,8
oncotype,8,0,8
bishr,8,0,8
gbp-2,8,0,8
entecavir-tp,8,0,8
azol,8,0,8
cazin,8,0,8
nitidum,8,0,8
newport,8,0,8
apec,8,0,8
mitra,8,0,8
ttr,8,0,8
advarra,8,0,8
ivigs,8,0,8
lydia,8,0,8
angiotensin-(1,8,0,8
pro-surfactant,8,0,8
utami,8,0,8
α-chloralose,8,0,8
tosca,8,0,8
ul23,8,0,8
skot20,8,0,8
synadenol,8,0,8
corrin,8,0,8
lr06,8,0,8
wahlin,8,0,8
rhizomaanemarrhenae,8,0,8
gollum,8,0,8
cyp60,8,0,8
hcq/azm,8,0,8
aminobenzosuberone,8,0,8
brassinosteroid,8,0,8
deepfm,8,0,8
danusertib,8,0,8
cfo,8,0,8
hbcg,8,0,8
bitartrate,8,0,8
hsa-mir-155,8,0,8
privy,8,0,8
2′-omtase-bictegravir,8,0,8
vargas,8,0,8
phe-cn,8,0,8
lisinopril-dose,8,0,8
p.pseudophyllantha,8,0,8
opiz,8,0,8
gidron,8,0,8
lantheus,8,0,8
qingshui,8,0,8
bronchodilatator,8,0,8
agi-10,8,0,8
así,8,0,8
agnogene,8,0,8
tpf,8,0,8
cimzia,8,0,8
vx-787,8,0,8
pmea,8,0,8
celvapan,8,0,8
flt3l/rapa,8,0,8
ppmo6p1,8,0,8
proanthocyanidinb1,8,0,8
gracina,8,0,8
ovadia,8,0,8
lys-bk,8,0,8
hasan,8,0,8
sapanisertib,8,0,8
antidepresivos,8,0,8
mir-30c,8,0,8
decreto,8,0,8
oromo,8,0,8
ubch6,8,0,8
achrol,8,0,8
mir-26b,8,0,8
"progoitrin,epigoitrinandgoitrin",8,0,8
nitrosonium,8,0,8
theaflavingallate,8,0,8
gallicester,8,0,8
cholate,8,0,8
strimvelis,8,0,8
feifn-ω,8,0,8
pega,8,0,8
isr2,8,0,8
tanguticumnanoparticles,8,0,8
sudoterb,8,0,8
doctrine,8,0,8
ekb,8,0,8
thioflavin,8,0,8
indigoid,8,0,8
brutus,8,0,8
rosamultiflora,8,0,8
mir-21a-5p,8,0,8
lrb,8,0,8
hypanthium,8,0,8
cisaprid,8,0,8
navarro,8,0,8
eria,8,0,8
nitrilase,8,0,8
nup88,8,0,8
délicedanone,8,0,8
vcp/p97,8,0,8
vesphene,8,0,8
macimorelin,8,0,8
d-tip,8,0,8
bioject,8,0,8
fluorography,8,0,8
amantadinesulphate,8,0,8
hr-n,8,0,8
uruguayan,8,0,8
hcv-a,8,0,8
ecgc,8,0,8
morro,8,0,8
cd150,8,0,8
resnet-5000,8,0,8
pleurocidin,8,0,8
peli1,8,0,8
igr,8,0,8
sambunigrin,8,0,8
mk-0752,8,0,8
tavegyl,8,0,8
plastin,8,0,8
kasper,8,0,8
acetamidine,8,0,8
qigong,8,0,8
ilo,8,0,8
iozk,8,0,8
vincenzo,8,0,8
lid,8,0,8
topo,8,0,8
meh.,8,0,8
dicatechin,8,0,8
cassiaside,8,0,8
antrodia,8,0,8
bailouts,8,0,8
valvuloplasty,8,0,8
an7973,8,0,8
rugby,8,0,8
a.ilex,8,0,8
hapivirins,8,0,8
liponavir/ritonavir,8,0,8
cryoballoon,8,0,8
-methionine,8,0,8
metrodin,8,0,8
prss1,8,0,8
lt-msc,8,0,8
oro-a,8,0,8
spy,8,0,8
vanilla-vgcn-bert,8,0,8
ghx01,8,0,8
bifidobacterial,8,0,8
nuss,8,0,8
kramar,8,0,8
gga-mir-2127,8,0,8
gga-mir-155-5p,8,0,8
nitrocaphane,8,0,8
polyfagin,8,0,8
obpf,8,0,8
anvirzel,8,0,8
poz,8,0,8
lacvax,8,0,8
sodiummontmorillonite,8,0,8
capitatum,8,0,8
behrampore,8,0,8
carduus,8,0,8
dihydrocurcumin,8,0,8
ethacrynic,8,0,8
lycodine,8,0,8
s100a8,8,0,8
desmarestia,8,0,8
ansprechraten,8,0,8
linkehr,8,0,8
arbocel,8,0,8
beta-lysin,8,0,8
agomir,8,0,8
hiv-hr2p,8,0,8
gypenosides,8,0,8
sbpa,8,0,8
uranus,8,0,8
indigopaste,8,0,8
dxca,8,0,8
delorme,8,0,8
icg-r15,8,0,8
zeb,8,0,8
certoparin,8,0,8
normativa,8,0,8
gadophrin-3,8,0,8
antimyc,8,0,8
huifn,8,0,8
c49,8,0,8
galsulfase,8,0,8
ophthalmologe,8,0,8
fumonisinb,8,0,8
canp,8,0,8
citomegalovirus,8,0,8
genaco,8,0,8
cysteinerich,8,0,8
terol,8,0,8
docp,8,0,8
palladia,8,0,8
tamifl,8,0,8
5-bromo-2'-deoxyuridine,8,0,8
dermatitis,8,0,8
nasteride,8,0,8
corticosteroidi,8,0,8
psylla,8,0,8
.cyclosporin,8,0,8
ea-230,8,0,8
joulin,8,0,8
saroglitazar,8,0,8
toi-776,8,0,8
sulfamethoxazole/,8,0,8
p34,8,0,8
cp7,8,0,8
ugt,8,0,8
dechra,8,0,8
cytostatics,8,0,8
ifn-13,8,0,8
codein,8,0,8
clomipramin,8,0,8
pleuroxus,8,0,8
hepcv,8,0,8
suc,8,0,8
dcbt,8,0,8
.magnesium,8,0,8
mazzarella,8,0,8
sxj,8,0,8
chalcidoids,8,0,8
adiaphora,8,0,8
p-413,8,0,8
p839,8,0,8
p30,8,0,8
oseltamivir-and,8,0,8
2me,8,0,8
glubran,8,0,8
jp4,8,0,8
cpmp,8,0,8
bol,8,0,8
pcp-1,8,0,8
vitamind25-oh,8,0,8
heps,8,0,8
.rsv,8,0,8
biotin-heparin,8,0,8
adinopsis,8,0,8
cypa-cyclosporine,8,0,8
aerobika,8,0,8
dextrorphan,8,0,8
busilvex,8,0,8
ureae,8,0,8
holmium,8,0,8
nephrolithotomy,8,0,8
oxyproline,8,0,8
dmna,8,0,8
haarnet,8,0,8
hesc,8,0,8
db-camp,8,0,8
asgk,8,0,8
s]sulfate,8,0,8
unio,8,0,8
ferumoxides,8,0,8
fenestra,8,0,8
sella,8,0,8
amantadinesulfate,8,0,8
pp07,8,0,8
pp09,8,0,8
cycl0sporin,8,0,8
suprathel,8,0,8
sgti,8,0,8
leptostemonum,8,0,8
acanthophora,8,0,8
.artemisinin,8,0,8
h]pitavastatin,8,0,8
kayexalate,8,0,8
echinae,8,0,8
osteoblastoma,8,0,8
tat(44,8,0,8
am80,8,0,8
dangdang,8,0,8
raf-db,8,0,8
dspcc,8,0,8
diphoterine,8,0,8
metaneb,8,0,8
dlip,8,0,8
tolterodine/pilocarpine,8,0,8
ergosan,8,0,8
peg-ifn-k,8,0,8
trollii,8,0,8
gimap5,8,0,8
chlorhexadine,7,1,8
bromosulfophthalein,7,1,8
methoxylamine,7,1,8
triaziquone,7,1,8
sepiapterin,7,1,8
bacterin,7,1,8
zolendronate,7,1,8
dityrosine,7,1,8
thioguanin,7,1,8
nistatin,7,1,8
afonine,7,1,8
depelestat,7,1,8
alkine,7,1,8
saposin,7,1,8
thearubigin,7,1,8
picogreen,7,1,8
pik3ca,7,1,8
fluvoxamin,7,1,8
arenastatin,7,1,8
inomycin,7,1,8
brassinolide,7,1,8
prevenar,7,1,8
nanoparticle,7,1,8
ketoamine,7,1,8
melker,7,1,8
isoproteronol,7,1,8
lateron,7,1,8
ureidopenicillin,7,1,8
kétoconazole,7,1,8
quinupristindalfopristin,7,1,8
ripasudil,6,2,8
genipine,6,2,8
vaspin,6,2,8
nedaplatin,6,2,8
pepcid,6,2,8
alafosfalin,6,2,8
ioxoribine,6,2,8
sarsasapogenin,6,2,8
oxepine,6,2,8
kushen,6,2,8
özdil,6,2,8
florphenicol,6,2,8
mubritinib,6,2,8
periostat,6,2,8
swinholide,6,2,8
zilucoplan,6,2,8
gedunin,6,2,8
regumate,6,2,8
delaprilat,6,2,8
scyllatoxin,6,2,8
ceftezole,6,2,8
imperatoxin,6,2,8
isopeptide,6,2,8
ascochlorin,6,2,8
hydrindenone,6,2,8
fremaezumab,6,2,8
spiropiperidine,6,2,8
psorban,6,2,8
meclonazepam,6,2,8
lycosinine,6,2,8
agelasphin,6,2,8
dimeticone,6,2,8
tocainide,6,2,8
muñoz,6,2,8
fumardiamide,6,2,8
alvelestat,6,2,8
paradaxin,6,2,8
vetflurane,6,2,8
spirofylline,6,2,8
pamiparib,6,2,8
.methylprednisolone,6,2,8
prolactine,6,2,8
acrinol,6,2,8
.bleomycin,6,2,8
travenol,6,2,8
phenylephrin,6,2,8
olanzapin,6,2,8
colyte,6,2,8
eaptopril,6,2,8
spantide,5,3,8
nadifloxacin,5,3,8
sapacitabine,5,3,8
berberin,5,3,8
asiaticoside,5,3,8
naftopidil,5,3,8
cobratoxin,5,3,8
benfotiamine,5,3,8
brevican,5,3,8
menthone,5,3,8
cefmenoxime,5,3,8
elaiomycin,5,3,8
benoxprofen,5,3,8
acetoside,5,3,8
erythromicin,5,3,8
forsythiaside,5,3,8
corynoline,5,3,8
aribidol,5,3,8
terlipressine,5,3,8
tecophilin,5,3,8
epinefrine,5,3,8
echinatin,5,3,8
dropropizine,5,3,8
eutypellazine,5,3,8
kirromycin,5,3,8
jorumycin,5,3,8
cyclophosphamine,5,3,8
fenoxymethylpenicilline,5,3,8
antinone,5,3,8
isorhynchophylline,5,3,8
progestrone,5,3,8
actinin,5,3,8
armavir,5,3,8
atorvastin,5,3,8
voriconasole,5,3,8
doxorubisin,5,3,8
sulphadimethoxine,5,3,8
aggretin,5,3,8
panoxyvir,5,3,8
lopinavir−ritonavir,5,3,8
tetraglycine,5,3,8
isoptaquiloside,5,3,8
tuberalis,5,3,8
bantin,5,3,8
-zanamivir,5,3,8
.colistin,5,3,8
silaproline,5,3,8
rnin,5,3,8
propylamycin,5,3,8
anthramycin,5,3,8
betametasone,5,3,8
arabin,5,3,8
biphalin,5,3,8
emtritabine,4,4,8
oleate,4,4,8
enfluvir,4,4,8
carpapenem,4,4,8
mirabavir,4,4,8
ferrosanol,4,4,8
yangonin,4,4,8
dimepranol,4,4,8
colbicistat,4,4,8
grauzone,4,4,8
duocarmycin,4,4,8
piroxantrone,4,4,8
musettamycin,4,4,8
diflomotecan,4,4,8
lurtotecan,4,4,8
metoprine,4,4,8
leustatin,4,4,8
alatrofloxacin,4,4,8
silastin,4,4,8
perfloxacin,4,4,8
toremifen,4,4,8
arabinocytidine,4,4,8
xyalazine,4,4,8
zalamivir,4,4,8
corydalamine,4,4,8
bolazine,4,4,8
endoxifen,4,4,8
pisin,4,4,8
rapamycine,4,4,8
morelloflavone,4,4,8
pexelizumab,4,4,8
quercetine,4,4,8
methylcobalamine,4,4,8
volociximab,4,4,8
mepoluzimab,4,4,8
oselatamivir,4,4,8
oxfenbendazole,4,4,8
dramamine,4,4,8
nangustine,4,4,8
chlidanthine,4,4,8
hippadine,4,4,8
pratosine,4,4,8
papyramine,4,4,8
amivudine,4,4,8
laminamivir,4,4,8
symadine,4,4,8
alfuzosine,4,4,8
cyanoacetamide,4,4,8
loxitidine,4,4,8
arabinosazone,4,4,8
bezlotoxuzumab,4,4,8
siltixumab,4,4,8
anilazine,4,4,8
nitroguanine,4,4,8
simustine,4,4,8
doxurubicin,4,4,8
avapritinib,4,4,8
aprenavir,4,4,8
remdesavir,4,4,8
nocodozole,4,4,8
chaloramphenicol,4,4,8
hydroxycamptothecine,4,4,8
exocin,4,4,8
dactimicin,4,4,8
famodine,4,4,8
nephrovir,4,4,8
clarithomycin,4,4,8
mupriocin,4,4,8
tosilizumab,4,4,8
acheomycin,4,4,8
sarafloxicin,4,4,8
chrysotoxine,4,4,8
rifadine,4,4,8
elemicin,4,4,8
pitodimod,4,4,8
ambruticin,4,4,8
pyrotinib,4,4,8
acetaminophenone,4,4,8
melfoquine,4,4,8
oxcarbamazepine,4,4,8
pamapimod,4,4,8
perhilitan,4,4,8
ralimetinib,4,4,8
tetrandrin,4,4,8
-ozogamicin,4,4,8
panitumab,4,4,8
telatrevir,4,4,8
cetazolin,4,4,8
sulfamethodoxazole,4,4,8
sulfaquinozaline,4,4,8
keramamine,4,4,8
zileutin,4,4,8
thiacremonone,4,4,8
ibesartan,4,4,8
benactyzine,4,4,8
premavir,4,4,8
aizthromycin,4,4,8
pavalizumab,4,4,8
dapiprazole,4,4,8
gamendazole,4,4,8
conatumumab,4,4,8
fapivir,4,4,8
amoxycycline,4,4,8
methoxyprogesterone,4,4,8
isopropylhydroxylamine,4,4,8
dizocilpine,4,4,8
previr,4,4,8
codonopsinine,4,4,8
ramantadine,4,4,8
brimapitide,4,4,8
flucytocine,4,4,8
pesin,4,4,8
durvulumab,4,4,8
nazumamide,4,4,8
levonadifloxacin,4,4,8
fluorothyazinone,4,4,8
medemycin,4,4,8
leucascandrolide,4,4,8
capreomycine,4,4,8
azytromycine,4,4,8
nitroguanosine,4,4,8
fonsartan,4,4,8
hydroxymefloquine,4,4,8
dihydromonooxofarnesylacetone,4,4,8
tebipenem,4,4,8
alzumab,4,4,8
doxacyclin,4,4,8
doxorubin,4,4,8
uprifosbuvir,4,4,8
balaprevir,4,4,8
cardanol,4,4,8
proricin,4,4,8
ebulin,4,4,8
butaconazole,4,4,8
splitomicin,4,4,8
perifosine,4,4,8
rilotumumab,4,4,8
farletuzumab,4,4,8
flosin,4,4,8
cladrabine,4,4,8
chorhexidine,4,4,8
carslaw,4,4,8
ozenoxacin,4,4,8
streptoseomycin,4,4,8
methylprednislone,4,4,8
ritonvir,4,4,8
trepolisin,4,4,8
rosmaricine,4,4,8
grandiflorine,4,4,8
benzatropine,4,4,8
lavendustin,4,4,8
rokitamicin,4,4,8
parasiticide,4,4,8
phosphonomycin,4,4,8
macarbomycin,4,4,8
trinol,4,4,8
faviparavir,4,4,8
desthylchloroquine,4,4,8
alaternin,4,4,8
hydroxyclorquine,4,4,8
fasamycin,4,4,8
as1411-doxorubicin,4,4,8
epiproguotrin,4,4,8
amiselimod,4,4,8
kheiri,4,4,8
biocidofovir,4,4,8
evocarpine,4,4,8
benzoylquinine,4,4,8
norfenfluramine,4,4,8
lanzoprazole,4,4,8
cerdulatinib,4,4,8
darcin,4,4,8
dimetriazole,4,4,8
rivotril,4,4,8
ehloroquine,4,4,8
ticarcilline,4,4,8
cistatin,4,4,8
antithymoglobuline,4,4,8
.clindamycin,4,4,8
teophylline,4,4,8
cromone,4,4,8
.ritonavir,4,4,8
milnacipran,4,4,8
retin,4,4,8
clocortolone,4,4,8
alflutinib,4,4,8
mexidol,4,4,8
eskazole,4,4,8
didesmethylvenlafaxine,4,4,8
2undecanone,4,4,8
ovocystatin,4,4,8
ymidine,4,4,8
ycin,4,4,8
inuline,4,4,8
coformycin,4,4,8
gannciclovir,4,4,8
fenylephrine,4,4,8
diumycin,4,4,8
acretocin,4,4,8
rupatidine,4,4,8
vaticanol,3,5,8
medivir,3,5,8
chlorozotocin,3,5,8
amonafide,3,5,8
hazledine,3,5,8
senecionine,3,5,8
l’oseltamivir,3,5,8
bullata,3,5,8
sanguinine,3,5,8
indoloquinoline,3,5,8
salazosulfapyridine,3,5,8
chloramphenicole,3,5,8
romycin,3,5,8
probenacid,3,5,8
brincidovir,3,5,8
ruprintivir,3,5,8
fructoselysine,3,5,8
ageladine,3,5,8
erythrocin,3,5,8
yasmin,3,5,8
bronchospasmus,3,5,8
triethyltin,3,5,8
simeprivir,3,5,8
fontolizumab,3,5,8
rupintivir,3,5,8
oxadiazolthione,3,5,8
examorelin,3,5,8
ruzasvir,3,5,8
dasatanib,3,5,8
xanthosine,3,5,8
indolmycin,3,5,8
rituxumab,3,5,8
tetracyline,3,5,8
eunicin,3,5,8
.adenosine,3,5,8
tiragolumab,3,5,8
bleomycine,3,5,8
salicylglycine,3,5,8
riboprine,3,5,8
baloxivir,3,5,8
saikochromone,2,6,8
xylaxine,2,6,8
nonberberine,2,6,8
tylophoridicine,2,6,8
berberrubine,2,6,8
benzoflavone,2,6,8
fanchinoline,2,6,8
galit,2,6,8
tuberostemonine,2,6,8
cannabinoids,2,6,8
osthenol,2,6,8
boldine,2,6,8
pentatermus,2,6,8
ciccarone,2,6,8
guaiacol,2,6,8
deoxypyridinoline,2,6,8
obinepitide,2,6,8
deserno,2,6,8
thienopyrroledione,2,6,8
benzoisoselenazolone,2,6,8
tmc125,2,6,8
tanine,2,6,8
alkylpiperazine,2,6,8
pheophorbide,2,6,8
tioguanine,2,6,8
nigellicimine,2,6,8
benzothiadiazole,2,6,8
adiphenine,2,6,8
fennebricin,2,6,8
lapstatin,2,6,8
trequinsin,2,6,8
pyridinone,2,6,8
quinadoline,2,6,8
narirutin,2,6,8
retaspimycin,2,6,8
benzdyamine,2,6,8
mangostin,2,6,8
niloctane,2,6,8
topazolin,2,6,8
isotylocrebrine,2,6,8
javanicin,2,6,8
dihydrochalcone,2,6,8
naphthoflavone,2,6,8
thalassodendrone,2,6,8
nigritanine,2,6,8
cryptospirolepine,2,6,8
amorphastilbol,2,6,8
erythropoetin,2,6,8
leucinamide,2,6,8
apomucin,2,6,8
lupin,2,6,8
geminin,2,6,8
caproate,2,6,8
ademetionine,2,6,8
nonylphenol,2,6,8
towbin,2,6,8
gatsby,2,6,8
thymocartin,2,6,8
synephrine,1,7,8
dzununcanone,1,7,8
euphornin,1,7,8
abortrisiko,1,7,8
allocryptopine,1,7,8
cupressuflavone,1,7,8
pgd2,1,7,8
disaccharide,1,7,8
xana,1,7,8
gamt,1,7,8
methilprednisolone,1,7,8
metenkephalin,1,7,8
bromotopsentin,1,7,8
myoferlin,1,7,8
hexammine,1,7,8
mammaglobin,1,7,8
anhydramnios,1,7,8
agathisflavone,1,7,8
petrosamine,1,7,8
microalbumin,1,7,8
calcineurine,1,7,8
fabbrocini,1,7,8
oligodeoxythymidine,1,7,8
genstat,0,8,8
bruzzone,0,8,8
pscan,0,8,8
gnidicin,0,8,8
t\ge,0,8,8
giacalone,0,8,8
tublin,0,8,8
fectin,0,8,8
teratogenic,0,8,8
zanamvir,0,8,8
grosjean,0,8,8
pilyugin,0,8,8
th2-,0,8,8
armyworm,0,8,8
topspin,0,8,8
gerlak,0,8,8
retrochalcone,0,8,8
lcz969,0,8,8
smaqnr,0,8,8
aic246,0,8,8
endrin,0,8,8
virno,0,8,8
arawole,0,8,8
aquaporin,0,8,8
ärztin,0,8,8
häufigen,0,8,8
acyloxymethylketone,0,8,8
anilinoquinazoline,0,8,8
nsec,0,8,8
doublecortin,0,8,8
argon,0,8,8
singlenucleotide,0,8,8
ponesimod,0,8,8
nitrobenzoxadiazole,0,8,8
penicillin streptomycin,0,8,8
ibritumomab tiuxetan,0,8,8
koole,0,8,8
thujaplicin,0,8,8
theonellasterone,0,8,8
clínicos,0,8,8
nitroarginine,0,8,8
kompetenz,0,8,8
taiwanhomoflavone,0,8,8
giorda,0,8,8
orbitalphlegmone,0,8,8
suncheon,0,8,8
kunzel,0,8,8
ld50,0,8,8
sirt-1,0,8,8
laurylamine,0,8,8
octadecyltrichlorosilane,0,8,8
seigneurin,0,8,8
chancen,0,8,8
silayoi,0,8,8
trifluoroacetyladriamycin,0,8,8
gemtuzumab ozogamicin,0,8,8
sputolysin,0,8,8
s)-antofine,0,8,8
knoop,0,8,8
sodium pentobarbital,0,8,8
kelapa,0,8,8
fehlleistung,0,8,8
tussilagone,0,8,8
∼170,0,8,8
gurjar,0,8,8
diurno,0,8,8
hafeez,0,8,8
globotriaosylsphingosine,0,8,8
rastrelli,0,8,8
enaminone,0,8,8
yqgfc,0,8,8
thromboplastine,0,8,8
"indol-3-yl)-2’,4’-dihydrospiro(indoline-3,3’-pyrazol)-2-one",0,8,8
ovalbumine,0,8,8
tigermücke,0,8,8
hydroxydaunomycin,0,8,8
ozurdex,0,8,8
sodium azide,0,8,8
toplak,0,8,8
lysophosphatidylserine,0,8,8
harmine,0,8,8
takahata,0,8,8
leuhistin,0,8,8
scopolin,0,8,8
courvalin,0,8,8
demenz,0,8,8
corylin,0,8,8
rinaudo,0,8,8
eucapsitrione,0,8,8
acetophenazine,0,8,8
nalfurafine,0,8,8
gastroenterologen,0,8,8
dilactone,0,8,8
gastricsin,0,8,8
controle,0,8,8
carbamazépine,0,8,8
kapakahine,0,8,8
fibrosierungen,0,8,8
diclofenac sodium,0,8,8
piperno,0,8,8
toulmé,0,8,8
tourniquet,0,8,8
tetrabromobenzotriazole,0,8,8
bathyptilone,0,8,8
yemini,0,8,8
polyethylimine,0,8,8
fereuungulata,0,8,8
cybermedicine,0,8,8
tlr3-l,0,8,8
accutane,0,8,8
genexine,0,8,8
fettstoffwechselstörungen,0,8,8
tomasini,0,8,8
latiuscula,0,8,8
butylphenol,0,8,8
picrinine,0,8,8
ml)-streptomycin,0,8,8
coelonin,0,8,8
tele‐medicine,0,8,8
associazione,0,8,8
polypeptide,0,8,8
chagasin,0,8,8
persad,0,8,8
brignole,0,8,8
tcc411,0,8,8
endokarditisrisiko,0,8,8
erstreckt,0,8,8
tsitsikammamine,0,8,8
ozturk,0,8,8
ovalicin,0,8,8
nonbenzodiazepine,0,8,8
3hz,0,8,8
nikotin,0,8,8
hexanol,0,8,8
autoantigens,0,8,8
enophthalmus,0,8,8
takadera,0,8,8
thiocarboxanilide,0,8,8
nothepodytine,0,8,8
arabinogalactan,0,8,8
gbahou,0,8,8
steffen,0,8,8
janin,0,8,8
gutiérrez,0,8,8
maesopsin,0,8,8
thiamine hydrochloride,0,8,8
floribundiquinone,0,8,8
nonendocrine,0,8,8
maret,0,8,8
cieslak,0,8,8
facione,0,8,8
lactol,0,8,8
malariarisiko,0,8,8
doedens,0,8,8
licoarylcoumarin,0,8,8
neolicuroside,0,8,8
wighteone,0,8,8
soyasaponin,0,8,8
lipopolysaccaride,0,8,8
zwingen,0,8,8
barcellini,0,8,8
caflanone,0,8,8
trans-4-hydroxyproline,0,8,8
mga012,0,8,8
omburtamab,0,8,8
valorizzazione,0,8,8
antitone,0,8,8
galloyl,0,8,8
polyacetylenetriol,0,8,8
directigen,0,8,8
tsimane,0,8,8
selectine,0,8,8
dglucosamine,0,8,8
myoglobine,0,8,8
cafruny,0,8,8
magnitudine,0,8,8
asegurar,0,8,8
carperitide,0,8,8
d'ivermectine,0,8,8
vaccine.•,0,8,8
potassium ferrocyanide,0,8,8
frühgeburt,0,8,8
pglycoprotein,0,8,8
ventilazione,0,8,8
infusione,0,8,8
sovrainfezione,0,8,8
bewältigen,0,8,8
liegen,0,8,8
rmp12-nssr173a,0,8,8
gesamtfehlbildungsrisiko,0,8,8
herzfehlbildungen,0,8,8
cessazione,0,8,8
katabolismus,0,8,8
xenoestrogen,0,8,8
line.•,0,8,8
factin,0,8,8
golgl,0,8,8
uoride,0,8,8
triterpensaponine,0,8,8
esposizione,0,8,8
betacoronavir,0,8,8
cholyglycine,0,8,8
adipocytokine,0,8,8
bmvec,0,8,8
erogazione,0,8,8
implementazione,0,8,8
l'innovazione,0,8,8
l'istituzione,0,8,8
disinfezione,0,8,8
tirocinio,0,8,8
insurer,7,0,7
gocheck,7,0,7
oecd,7,0,7
penicillin-streptomycin-glutamine,7,0,7
phenylthiohydantoin,7,0,7
hydrator,7,0,7
jeff,7,0,7
vitamin‐c,7,0,7
fluconozole,7,0,7
mitomycins,7,0,7
adverb,7,0,7
bacilluscalmette-guerin,7,0,7
soliris,7,0,7
tobramycin-conjugated,7,0,7
ironoleate,7,0,7
comovirus,7,0,7
meidan,7,0,7
sanguisorbaofficinalis,7,0,7
myoglobin,7,0,7
sofosbuvir/ribavirin,7,0,7
surfactantapoprotein,7,0,7
rde,7,0,7
maurizio,7,0,7
pknots,7,0,7
vaccinium,7,0,7
elf,7,0,7
consumer,7,0,7
mir-200b,7,0,7
diprotina,7,0,7
enteric-coated,7,0,7
tiene,7,0,7
bryn,7,0,7
marcella,7,0,7
dipotassium,7,0,7
stilbenoids,7,0,7
vitis,7,0,7
clomid,7,0,7
pterygium,7,0,7
raina,7,0,7
bta-798,7,0,7
misprostal,7,0,7
apob,7,0,7
mir181b,7,0,7
seipin,7,0,7
pyy,7,0,7
din,7,0,7
2′-deoxyzebularine,7,0,7
gelatinsponge,7,0,7
marie,7,0,7
proton,7,0,7
052,7,0,7
dptvaccine,7,0,7
medenine,7,0,7
che-fcd,7,0,7
turtle,7,0,7
dbn,7,0,7
barach,7,0,7
water,7,0,7
prothena,7,0,7
rapamycin/sirolimus,7,0,7
denguevirus,7,0,7
rluc,7,0,7
mir-144-3p,7,0,7
sienna,7,0,7
alginicacid,7,0,7
bartolomeo,7,0,7
baduan,7,0,7
arsenicacid,7,0,7
solvent/detergent,7,0,7
enoxaparin-sodium,7,0,7
quinquenervia,7,0,7
p72,7,0,7
lucilia,7,0,7
mycophenolatesodium,7,0,7
n-methylnitrosourea,7,0,7
guaranteescheme,7,0,7
pro-rata,7,0,7
nanorods,7,0,7
nigra,7,0,7
azt-tp,7,0,7
biliran,7,0,7
renata,7,0,7
nucleos(t)ide,7,0,7
capsulodiplostomum,7,0,7
oryn,7,0,7
pericarpium,7,0,7
debido,7,0,7
peracid,7,0,7
pa20,7,0,7
nita,7,0,7
co-surfactants,7,0,7
galen,7,0,7
pg-1,7,0,7
cpp-drug,7,0,7
anti-pd-1/pd-l1,7,0,7
symphalangus,7,0,7
bristol-myers,7,0,7
cog,7,0,7
dryopteris,7,0,7
namib,7,0,7
streptogramins,7,0,7
rhizolepas,7,0,7
curtus,7,0,7
zikvprm,7,0,7
•50,7,0,7
rifn-α,7,0,7
dig,7,0,7
selene,7,0,7
irofulven,7,0,7
sn-38,7,0,7
dihydrofolate,7,0,7
aminosalicylate,7,0,7
des-arg9-bradykinin,7,0,7
uc-msc,7,0,7
kac,7,0,7
enfluran,7,0,7
alcuronium,7,0,7
hcve1,7,0,7
sproston,7,0,7
kingella,7,0,7
aliferis,7,0,7
anti-ig,7,0,7
kaptan,7,0,7
sotos,7,0,7
pegan,7,0,7
f2α,7,0,7
mc,7,0,7
bellerophon,7,0,7
phenylmercuricacetate,7,0,7
nikkei,7,0,7
cypb,7,0,7
ender,7,0,7
constantin,7,0,7
leon,7,0,7
ammoniumsalts,7,0,7
mtbe,7,0,7
seem,7,0,7
eif5,7,0,7
prebiotics,7,0,7
ostrava,7,0,7
δ-tocopherol,7,0,7
fdp-lysine,7,0,7
dqn,7,0,7
ddqn,7,0,7
omega-1,7,0,7
5-flourouracil,7,0,7
anti-histamines,7,0,7
flug,7,0,7
philosophen,7,0,7
chlorine-,7,0,7
arni,7,0,7
medine,7,0,7
pyridinium,7,0,7
4-methylaaptamine,7,0,7
bcl2l1,7,0,7
gardisil,7,0,7
orf9b,7,0,7
acetylcholin,7,0,7
nebulisers,7,0,7
citrifolia,7,0,7
private,7,0,7
dexmedetomidin,7,0,7
adamantane-peg,7,0,7
piasy,7,0,7
enterococci,7,0,7
retinal,7,0,7
cefcapene-pivoxil,7,0,7
anti-androgens,7,0,7
choep,7,0,7
dwight,7,0,7
yao,7,0,7
artemisiaherba-alba,7,0,7
phyllanthusamarus,7,0,7
paclitaxel-loaded,7,0,7
hoaglin,7,0,7
sirolimus/everolimus,7,0,7
ipv,7,0,7
anti-tb,7,0,7
smithburn,7,0,7
mir-338-3p,7,0,7
spiros,7,0,7
hydroxychloroquine-only,7,0,7
sandy,7,0,7
film,7,0,7
cqo,7,0,7
anastasia,7,0,7
anti-depressant,7,0,7
koch,7,0,7
hyperinsulinemia,7,0,7
digastricus,7,0,7
sn50,7,0,7
hemilä,7,0,7
amabile,7,0,7
jaapgoudsmit,7,0,7
low-molecular-weight,7,0,7
diastase,7,0,7
theaflavin-3-gallate,7,0,7
butyrylcholinesterase,7,0,7
cytogam,7,0,7
kalashnikov,7,0,7
microscan,7,0,7
mir-28,7,0,7
nucleostemin,7,0,7
handgrip,7,0,7
phosphinic,7,0,7
nabro,7,0,7
intelknl,7,0,7
anti-thymulin,7,0,7
mannose-binding,7,0,7
cocoa,7,0,7
arbowet,7,0,7
ciclofosfamida,7,0,7
imipenem/meropenem,7,0,7
tetanic,7,0,7
adj,7,0,7
plegridy,7,0,7
hivvaccine,7,0,7
kosulin,7,0,7
anti-mirnas,7,0,7
xilingol,7,0,7
cellerix,7,0,7
d-sirna,7,0,7
fritillariae,7,0,7
tkis,7,0,7
osterix,7,0,7
ayushman,7,0,7
matriptase-2,7,0,7
airbnb,7,0,7
vidisca,7,0,7
imojev,7,0,7
rabex5,7,0,7
gsk2,7,0,7
2019-ncov-hr1p,7,0,7
azotobacter,7,0,7
25-hc,7,0,7
1-mt,7,0,7
atropinesulfate,7,0,7
anaferon,7,0,7
atropinase,7,0,7
antibiotic-steroid,7,0,7
miq,7,0,7
β-artemether,7,0,7
taliglucerase,7,0,7
cans,7,0,7
himb,7,0,7
bcaa,7,0,7
mka,7,0,7
2′ome,7,0,7
aja-mirna-2013,7,0,7
halozyme,7,0,7
ab,7,0,7
rutamarin,7,0,7
antifibrinolytics,7,0,7
tetanus-toxoid,7,0,7
pengfei,7,0,7
hydin,7,0,7
guanine+cytosine,7,0,7
boyarin,7,0,7
water-alcohol,7,0,7
l-adrenaline,7,0,7
chemist,7,0,7
p939,7,0,7
vr,7,0,7
fairchild,7,0,7
hd-m,7,0,7
zingiber,7,0,7
monosan,7,0,7
2d3,7,0,7
arsi,7,0,7
ppg,7,0,7
resveratrol-piceatannol,7,0,7
piericidin,7,0,7
para-nitrophenol,7,0,7
souto,7,0,7
emaravirus,7,0,7
abmt,7,0,7
tangminling,7,0,7
hme,7,0,7
β-adrenoreceptor,7,0,7
apotransferrin,7,0,7
tlr-agonists,7,0,7
lindeman,7,0,7
astragalusmongholicus,7,0,7
aipl1,7,0,7
hpv-5,7,0,7
a.chinensis,7,0,7
argyi,7,0,7
rotin,7,0,7
hpve2,7,0,7
hirudomedicinalis,7,0,7
fg,7,0,7
ac-asp-1,7,0,7
stratum,7,0,7
mammaplasty,7,0,7
rambutan,7,0,7
acyclovir-,7,0,7
fertilizer,7,0,7
oxalicacid,7,0,7
feodosia,7,0,7
salentin,7,0,7
waitrose,7,0,7
igiv,7,0,7
p-anisidine,7,0,7
polyurethane,7,0,7
hrv‐c,7,0,7
sp,7,0,7
bitis,7,0,7
gp3,7,0,7
hbz,7,0,7
dd363,7,0,7
papyrifera,7,0,7
m-protein,7,0,7
ssz,7,0,7
valga,7,0,7
mario,7,0,7
procavia,7,0,7
farmaco,7,0,7
7dma,7,0,7
27-kda,7,0,7
d-lactate,7,0,7
coolidge,7,0,7
trim32,7,0,7
asd,7,0,7
amodiaquine-artesunate,7,0,7
humidifier,7,0,7
n25,7,0,7
antidetect,7,0,7
arx,7,0,7
terpineol,7,0,7
ciao,7,0,7
li,7,0,7
lactobacillus-based,7,0,7
dormer,7,0,7
shoseiryuto,7,0,7
closterovirus,7,0,7
parnaparin,7,0,7
limonoid,7,0,7
cis-platinum,7,0,7
hypogonadism,7,0,7
sulfatase,7,0,7
nomex,7,0,7
vbl,7,0,7
pl2pro,7,0,7
echos,7,0,7
carmovirus,7,0,7
glutamyl,7,0,7
tiv,7,0,7
epstein-barr,7,0,7
darolutamide,7,0,7
tokaramide,7,0,7
benzopyrene,7,0,7
α-n-acetylgalactosaminidase,7,0,7
pml-nb,7,0,7
aceto,7,0,7
candidiasis,7,0,7
sdt,7,0,7
sm934,7,0,7
cgrp,7,0,7
dipterocarp,7,0,7
sakhalin,7,0,7
aln-rsv01,7,0,7
d-tubocurarine,7,0,7
elan,7,0,7
natrium,7,0,7
carnitin,7,0,7
remidio,7,0,7
versa,7,0,7
twi,7,0,7
ogx-011,7,0,7
bz,7,0,7
hbv/,7,0,7
alitalia,7,0,7
dina,7,0,7
amyloidosis,7,0,7
spiritual,7,0,7
su11274,7,0,7
rfhsp-a,7,0,7
sulphite,7,0,7
sodiumfluoride,7,0,7
papa,7,0,7
sandia,7,0,7
lemonmyrtle,7,0,7
dbnpa,7,0,7
piribedil,7,0,7
acids,7,0,7
olivier,7,0,7
granulovirus,7,0,7
obamacare,7,0,7
eif5a,7,0,7
maquat,7,0,7
cuda,7,0,7
map30,7,0,7
diazene,7,0,7
yupingfeng,7,0,7
lung-toxin,7,0,7
imipenem/cilastin,7,0,7
dimethylsulphoxide,7,0,7
withaferina,7,0,7
vegetables,7,0,7
wt1,7,0,7
pcpβ,7,0,7
pemirolast,7,0,7
emetin,7,0,7
dna-s,7,0,7
aspirina,7,0,7
cbct,7,0,7
mpg,7,0,7
aristotelia,7,0,7
atrogin,7,0,7
thiele,7,0,7
telecom,7,0,7
verbenalin,7,0,7
veredus,7,0,7
cyrus,7,0,7
angiv,7,0,7
cephems,7,0,7
synercid,7,0,7
capox,7,0,7
mirna-155,7,0,7
bluetongue,7,0,7
kuril,7,0,7
capreolus,7,0,7
hydroxyprogesteronecaproate,7,0,7
mauricehilleman,7,0,7
ce5,7,0,7
peroxynitrate,7,0,7
dab,7,0,7
cas13a,7,0,7
auriculatum,7,0,7
rape,7,0,7
israeli,7,0,7
metra,7,0,7
yasin,7,0,7
cortana,7,0,7
[6]-gingerol,7,0,7
cddd,7,0,7
raj,7,0,7
mozzarella,7,0,7
praat,7,0,7
cilium,7,0,7
zenon,7,0,7
ribamidine,7,0,7
pregel,7,0,7
fa-rp,7,0,7
citronella,7,0,7
vahid,7,0,7
cefalosporins,7,0,7
erythromycin-,7,0,7
bay73–7388,7,0,7
heteroatom,7,0,7
scutum,7,0,7
beethoven,7,0,7
penton,7,0,7
kirp,7,0,7
b-blockers,7,0,7
xit,7,0,7
shufflenet,7,0,7
ang-(1-,7,0,7
licochalconee,7,0,7
mir-132-3p,7,0,7
mir-132-5p,7,0,7
ajoene,7,0,7
asimov,7,0,7
s-methylcysteine,7,0,7
thiomethyl,7,0,7
aspat,7,0,7
pollin,7,0,7
lamivudine-,7,0,7
meralgia,7,0,7
melet,7,0,7
cortez,7,0,7
tcmid,7,0,7
succinylation,7,0,7
cd300a,7,0,7
daniel,7,0,7
satscan,7,0,7
vasostatin-1,7,0,7
mir-208a,7,0,7
usp33,7,0,7
trifolia,7,0,7
resflor,7,0,7
calmetteguerin,7,0,7
senthil,7,0,7
areca,7,0,7
hpa,7,0,7
hema,7,0,7
edem,7,0,7
antioxidantliposomes,7,0,7
cichorium,7,0,7
chemoembolization,7,0,7
5-azac,7,0,7
nicholas,7,0,7
mir-376,7,0,7
carboplatinum,7,0,7
peersen,7,0,7
ns3/4,7,0,7
herpesvirusvaccine,7,0,7
ozonide,7,0,7
25-oh-cholecalciferol,7,0,7
sahm,7,0,7
premack,7,0,7
biflavones,7,0,7
bcg-japan,7,0,7
indirubins,7,0,7
sabrina,7,0,7
intele5,7,0,7
kortisol,7,0,7
gail,7,0,7
interferon-alpha2b,7,0,7
piperacillin+tazobactam,7,0,7
3-methyl-quercetin,7,0,7
sophoraeradix,7,0,7
tetrathionate,7,0,7
valdes,7,0,7
adjuvantmf59,7,0,7
anti-immunoglobulin,7,0,7
aminopenicillinen,7,0,7
ι-carrageenan,7,0,7
saginataasiatica,7,0,7
methylthiouracil,7,0,7
d-xylose/xylitol,7,0,7
wertheimer,7,0,7
muc5ac,7,0,7
largazole,7,0,7
minocycline-rifampin,7,0,7
antisialagogue,7,0,7
parenteral,7,0,7
laws,7,0,7
gangadharan,7,0,7
partnerships,7,0,7
leadership,7,0,7
giustino,7,0,7
"β-1,3-glucan",7,0,7
raulin,7,0,7
vom,7,0,7
tata,7,0,7
p-dimethylaminobenzaldehyde,7,0,7
kga,7,0,7
d-,7,0,7
daan-15h,7,0,7
cosmed,7,0,7
shermilamine,7,0,7
sads,7,0,7
achilleamillefolium,7,0,7
cheryl,7,0,7
topa,7,0,7
amphotericinbdeoxycholate,7,0,7
videolaryngoscopes,7,0,7
sweeter,7,0,7
anti-cd47,7,0,7
2061,7,0,7
chelation,7,0,7
dermacoccus,7,0,7
paracoccus,7,0,7
antithrombin-iii,7,0,7
sebacamide,7,0,7
pasteurizer,7,0,7
e7,7,0,7
caprin1,7,0,7
tularensis,7,0,7
pyramide,7,0,7
carmen,7,0,7
venturia,7,0,7
chocolate,7,0,7
court,7,0,7
il1r,7,0,7
hpv-dna,7,0,7
task,7,0,7
piperacilina/tazobactam,7,0,7
glutamicum,7,0,7
albumin-bound,7,0,7
ifn2,7,0,7
tcml,7,0,7
phyllanthusurinariakoreanis,7,0,7
deputy,7,0,7
braziliensis,7,0,7
votava,7,0,7
kayseri,7,0,7
liberia,7,0,7
orc,7,0,7
amirnas,7,0,7
meel,7,0,7
buterin,7,0,7
med64,7,0,7
nephila,7,0,7
tartary,7,0,7
bernardino,7,0,7
snow,7,0,7
metchnikov,7,0,7
vitamink2,7,0,7
ursodeoxycholate,7,0,7
barium-contrast,7,0,7
motorcycle,7,0,7
rybak,7,0,7
quadrivalentmeningococcal,7,0,7
wollamideb,7,0,7
idi,7,0,7
minophagen,7,0,7
friedrich,7,0,7
uralensisfisch,7,0,7
vad-fmk,7,0,7
1.8-cineole,7,0,7
fgas,7,0,7
nycomed,7,0,7
glyn,7,0,7
β-lactam-macrolide,7,0,7
clavanin,7,0,7
hypophosphatemia,7,0,7
gibberella,7,0,7
isatisindigotica,7,0,7
verena,7,0,7
pp78/83,7,0,7
odv‐e66,7,0,7
fbl,7,0,7
oncoprotein,7,0,7
ruttan,7,0,7
at-mscs,7,0,7
conjugatevaccine,7,0,7
jnnp,7,0,7
blincyto,7,0,7
platinum-,7,0,7
anti-trastuzumab,7,0,7
usp14,7,0,7
gdc,7,0,7
iupred,7,0,7
mir-142-,7,0,7
npi64,7,0,7
9g8,7,0,7
thiacloprid,7,0,7
cereus,7,0,7
ihp,7,0,7
vanier,7,0,7
juliflora,7,0,7
castaneum,7,0,7
enrofloxicin,7,0,7
dnak,7,0,7
camsol,7,0,7
tramiprosate,7,0,7
narendramodi,7,0,7
strawberry,7,0,7
cyp1a1,7,0,7
ec26,7,0,7
nfh,7,0,7
anthracimycin,7,0,7
arthrex,7,0,7
onx,7,0,7
mir-215,7,0,7
jc-1,7,0,7
hemoclips,7,0,7
mulberry,7,0,7
sflrb,7,0,7
guido,7,0,7
xlnet,7,0,7
antimosquito,7,0,7
vermox,7,0,7
thiopurinen,7,0,7
rhbv,7,0,7
(hydroxy-)chloroquine,7,0,7
aceria,7,0,7
thiamethoxam,7,0,7
filizola,7,0,7
indirubin-3′-oxime,7,0,7
tymv,7,0,7
mir-10a-5pagomir,7,0,7
bamboo,7,0,7
equity,7,0,7
mir-27,7,0,7
rax,7,0,7
c.longa,7,0,7
hpv-4,7,0,7
hpv-59,7,0,7
hpv-68,7,0,7
avloclor,7,0,7
cephalosporin/macrolide,7,0,7
j07,7,0,7
psyn,7,0,7
sophorajaponica,7,0,7
ymeti,7,0,7
gcl,7,0,7
microrna-21,7,0,7
laurel,7,0,7
11β-hsd2,7,0,7
tariff,7,0,7
sea,7,0,7
pa28,7,0,7
tpl3,7,0,7
npc1l1,7,0,7
piclamilast,7,0,7
rum,7,0,7
colobinae,7,0,7
heringa,7,0,7
quadrivalentlaiv,7,0,7
als-008176,7,0,7
atl202,7,0,7
cf101,7,0,7
ultraviolet-c,7,0,7
hy4,7,0,7
hypoxanthine-aminopterin-thymidine,7,0,7
lc3c,7,0,7
hpv-33,7,0,7
indolamine,7,0,7
peracetate,7,0,7
vns,7,0,7
arabidopsis,7,0,7
beta-lactam/aminoglycoside,7,0,7
valsartan-sacubitril,7,0,7
n‑acetylcystein,7,0,7
salicyl,7,0,7
sodiumperoxide,7,0,7
7g8,7,0,7
thionium,7,0,7
protandim,7,0,7
polyploidy,7,0,7
colistimethatesodium,7,0,7
hymenistatin,7,0,7
niaz,7,0,7
gramicidin-a,7,0,7
oskar,7,0,7
theasinensin-d,7,0,7
seda,7,0,7
acadia,7,0,7
walden,7,0,7
sophia,7,0,7
olympic,7,0,7
digoxina,7,0,7
tobravirus,7,0,7
lbsapvaccine,7,0,7
longiflorum,7,0,7
satire,7,0,7
chitosanase,7,0,7
endoglucanase,7,0,7
ame,7,0,7
5-sulfosalicylic,7,0,7
fp2,7,0,7
so,7,0,7
igc,7,0,7
augustus,7,0,7
hermalin,7,0,7
chimerix,7,0,7
lagerstroemin,7,0,7
"2,4-dinitrophenol",7,0,7
h-team,7,0,7
portfolio,7,0,7
sodiumdithionite,7,0,7
ilomastat,7,0,7
hc-advs,7,0,7
elastase-1,7,0,7
akosombo,7,0,7
tinospora,7,0,7
valerio,7,0,7
chloroquinebase,7,0,7
psychinfo,7,0,7
uda,7,0,7
pa-oligosaccharide,7,0,7
luh,7,0,7
sesameoil,7,0,7
ufm1,7,0,7
pozelimab,7,0,7
bavachin,7,0,7
u40,7,0,7
hpv33,7,0,7
nnk,7,0,7
echinostoma,7,0,7
americanus,7,0,7
remifentanil-based,7,0,7
isopropanol/water,7,0,7
testo,7,0,7
bovicola,7,0,7
2g12,7,0,7
tc2011,7,0,7
spengler,7,0,7
pvtk,7,0,7
cefuroxim-axetil,7,0,7
epigraph,7,0,7
bisacodyl,7,0,7
glucose-galactose,7,0,7
cor,7,0,7
itaconicacid,7,0,7
repa,7,0,7
laropiprant,7,0,7
alus,7,0,7
pr55gag,7,0,7
mk-0518,7,0,7
brangus,7,0,7
apu,7,0,7
lexan,7,0,7
advax™,7,0,7
radil,7,0,7
darunavir-ritonavir,7,0,7
helium-3,7,0,7
pnac,7,0,7
en,7,0,7
nnp,7,0,7
griseus,7,0,7
mazola,7,0,7
asean+3,7,0,7
etot,7,0,7
cefperazone-sulbactam,7,0,7
fontinalis,7,0,7
phenylalanines,7,0,7
diltiazemhydrochloride,7,0,7
pintel,7,0,7
neomycinsulfate,7,0,7
alisol,7,0,7
glutathione-sepharose,7,0,7
idsp,7,0,7
qrf,7,0,7
5-ad,7,0,7
leukotrienee4,7,0,7
halyziae,7,0,7
perithecium,7,0,7
biguttatum,7,0,7
laccophilus,7,0,7
peyritschiella,7,0,7
airtraq,7,0,7
da/ztmrhd,7,0,7
carotide,7,0,7
eremothecium,7,0,7
nano-94,7,0,7
marx,7,0,7
quercetin3-o-glucoside,7,0,7
veil,7,0,7
indochina,7,0,7
atelier,7,0,7
potassiumtartrate-glycerol,7,0,7
virgin,7,0,7
tiina,7,0,7
nakasone,7,0,7
s-allylcysteine,7,0,7
interferon-α/ribavirin,7,0,7
tyndall,7,0,7
methysticum,7,0,7
maclaurin,7,0,7
isg15vs,7,0,7
allchin,7,0,7
marina,7,0,7
sulphamide,7,0,7
pyronin-b,7,0,7
pegifnλ1a,7,0,7
oxprenolol,7,0,7
fusidicacid,7,0,7
ance,7,0,7
uberon,7,0,7
metran,7,0,7
dolastatin-10,7,0,7
pcna,7,0,7
balm,7,0,7
wallac,7,0,7
bdaa,7,0,7
chirurgen,7,0,7
knaster-tarski,7,0,7
gonadotrophins,7,0,7
viromimetic,7,0,7
kosovo,7,0,7
kerala,7,0,7
l.caseivaccine,7,0,7
salmonella,7,0,7
martini,7,0,7
g33,7,0,7
rsf,7,0,7
ursolic,7,0,7
ardia,7,0,7
malvidin,7,0,7
trichosanthes,7,0,7
aspartyl,7,0,7
alistair,7,0,7
korotnevella,7,0,7
anticholinergen,7,0,7
zawichemi,7,0,7
tb75,7,0,7
silsos,7,0,7
presi,7,0,7
sodiumtungstate,7,0,7
mermaid,7,0,7
uncarboxylated,7,0,7
tella,7,0,7
cephalezomines,7,0,7
vancomycin-r,7,0,7
peginterferon-alfa,7,0,7
crcl,7,0,7
dice,7,0,7
jessop,7,0,7
aztreonam/avibactam,7,0,7
bcg-,7,0,7
fucodiphlorethol,7,0,7
triphlorethol-a,7,0,7
huashi,7,0,7
commando,7,0,7
stratis,7,0,7
rhmbl,7,0,7
2-aminopurine,7,0,7
big-iv,7,0,7
urologen,7,0,7
bug,7,0,7
octaphlorethol,7,0,7
nhr-peptide,7,0,7
ultrasonic,7,0,7
cathepsins,7,0,7
rmin,7,0,7
gy/20,7,0,7
ellipta,7,0,7
6-aza-uridine,7,0,7
il28a,7,0,7
perchloricacid,7,0,7
trimetoprim-sulfametoxazol,7,0,7
toremifenecitrate,7,0,7
buford,7,0,7
cmvl,7,0,7
methylthio,7,0,7
cyay,7,0,7
methylaminetungstate,7,0,7
arecaceae,7,0,7
kosice,7,0,7
mpt,7,0,7
suanzaorendecoction,7,0,7
marianna,7,0,7
gossypii,7,0,7
dusquetide,7,0,7
mir222,7,0,7
mir100,7,0,7
rheumaustrale,7,0,7
znt,7,0,7
gramicidina,7,0,7
cyberknife,7,0,7
tritiated-thymidine,7,0,7
shaele,7,0,7
aplicó,7,0,7
aso,7,0,7
dif,7,0,7
tatu,7,0,7
microchip,7,0,7
jsrv,7,0,7
treasurer,7,0,7
empyema,7,0,7
pyrrolocin,7,0,7
lua,7,0,7
oxaliplatin-based,7,0,7
violaceus,7,0,7
mxsgt,7,0,7
jacobus,7,0,7
3-methylcholanthrene,7,0,7
smart,7,0,7
durethan,7,0,7
virtus,7,0,7
moline,7,0,7
neumosan,7,0,7
wirkstoffe,7,0,7
quintin,7,0,7
zia,7,0,7
sss,7,0,7
stabilis,7,0,7
igamz,7,0,7
gemella,7,0,7
angi,7,0,7
zofran,7,0,7
amsacta,7,0,7
bma-β-cd,7,0,7
bafilomycina-1,7,0,7
elk,7,0,7
tristan,7,0,7
curan,7,0,7
sodium-citrate,7,0,7
micafungina,7,0,7
persico,7,0,7
anvpolysaccharide,7,0,7
bairam,7,0,7
prophenoloxidase,7,0,7
etsi,7,0,7
rhizomania,7,0,7
raf,7,0,7
17-estradiol,7,0,7
shell,7,0,7
ml300,7,0,7
thr2,7,0,7
neuraminidasehemmer,7,0,7
peroxalate,7,0,7
ers,7,0,7
danneels,7,0,7
costcut,7,0,7
igabulin,7,0,7
arima-svms,7,0,7
luciano,7,0,7
chaperone,7,0,7
raisin,7,0,7
f.vesiculosus,7,0,7
pegifn-α2a,7,0,7
prochloron,7,0,7
cpg-odns,7,0,7
weltnerium,7,0,7
taniborbactam,7,0,7
6-o-demethylmenisporphine,7,0,7
adam22,7,0,7
omeprazolesodium,7,0,7
fullerenols,7,0,7
sunseri,7,0,7
haliclonacyclamine,7,0,7
ianthella,7,0,7
p571,7,0,7
saie,7,0,7
clindamycin/aminoglycoside,7,0,7
ay,7,0,7
ampholines,7,0,7
sulbactam/ampicillin,7,0,7
anatoxin,7,0,7
floroquinolones,7,0,7
steering,7,0,7
heliotropium,7,0,7
intein-chitin,7,0,7
caryophylliflos,7,0,7
lansoprazol,7,0,7
coeba,7,0,7
luvoni,7,0,7
soc2,7,0,7
asparagin,7,0,7
panipenem-betamipron,7,0,7
congosto,7,0,7
1-adrenoceptor,7,0,7
sigillata,7,0,7
11β-hsd-2,7,0,7
cacti,7,0,7
methylprednisolone/prednisolone-use,7,0,7
coxsackievirusb5(cvb5,7,0,7
periconia,7,0,7
senticosus,7,0,7
stromectol,7,0,7
retinoic,7,0,7
elks,7,0,7
sulfosalicylicacid,7,0,7
sevil,7,0,7
benzol,7,0,7
hcv-796,7,0,7
guttatum,7,0,7
vitamineb,7,0,7
proflavin,7,0,7
maidan,7,0,7
paracasei,7,0,7
favi,7,0,7
bicyclams,7,0,7
pleconarilo,7,0,7
moasl2,7,0,7
lidocaine-prilocaine,7,0,7
cyclind1,7,0,7
tominersen,7,0,7
tofersen,7,0,7
mamif,7,0,7
hpv-53,7,0,7
tp-pa,7,0,7
himlst,7,0,7
ba,7,0,7
at-2,7,0,7
malariavaccine,7,0,7
noventa,7,0,7
clstm,7,0,7
tonix,7,0,7
fbcpred,7,0,7
fenofibrates,7,0,7
pimozide-,7,0,7
hirsutella,7,0,7
mir-345-5p,7,0,7
uc-mscs,7,0,7
taz,7,0,7
r-roscovitine,7,0,7
mabthera,7,0,7
e-cadherin,7,0,7
crtp,7,0,7
dopamin,7,0,7
gorozidis,7,0,7
kir2ds2,7,0,7
gatu,7,0,7
gad,7,0,7
grl,7,0,7
isatin-4aminoquinoline,7,0,7
antike,7,0,7
cibotium,7,0,7
christoffel,7,0,7
bihar,7,0,7
kcl,7,0,7
nscc,7,0,7
perchloroethylene,7,0,7
heart-lung,7,0,7
hr2,7,0,7
xiamycins,7,0,7
hiv-tat,7,0,7
retosiban,7,0,7
hymeniacidon,7,0,7
aeroplysinin-1,7,0,7
bata,7,0,7
mir-372,7,0,7
β-chitin,7,0,7
fascism,7,0,7
slovak,7,0,7
trichome,7,0,7
morus,7,0,7
piperacillin/sulbactam,7,0,7
halothanehepatitis,7,0,7
huube1,7,0,7
truman,7,0,7
staphostatins,7,0,7
trim56,7,0,7
hlf1,7,0,7
na-heparin,7,0,7
imvamune,7,0,7
dumalis,7,0,7
tricarinata,7,0,7
ensifolium,7,0,7
confucius,7,0,7
cypripedium,7,0,7
francolinus,7,0,7
doxapramhydrochloride,7,0,7
ginsengpolysaccharides,7,0,7
rn,7,0,7
brei,7,0,7
dithiol,7,0,7
bagnoli,7,0,7
10-hydroxyusambarensine,7,0,7
tetra,7,0,7
gho,7,0,7
deiro,7,0,7
coxsackievirusa9,7,0,7
terapéutica,7,0,7
methylalcohol,7,0,7
dubium,7,0,7
amidon,7,0,7
caspase-2,7,0,7
thiadiazolones,7,0,7
hbd3,7,0,7
legislator,7,0,7
cucurbitacind,7,0,7
helium/oxygen,7,0,7
ll-ha1/l/acma,7,0,7
acetylator,7,0,7
lasparaginase,7,0,7
seleninamide,7,0,7
hap,7,0,7
situs,7,0,7
landgraf,7,0,7
sone,7,0,7
porf64,7,0,7
senilis,7,0,7
diethylpropion,7,0,7
rg7667,7,0,7
carboprost,7,0,7
apothecia,7,0,7
g.abietina,7,0,7
heparin-blocked,7,0,7
regimen,7,0,7
oe,7,0,7
protexin,7,0,7
par1,7,0,7
piemonte,7,0,7
(oh)d,7,0,7
p17,7,0,7
fasamycins,7,0,7
3-methyl,7,0,7
anolis,7,0,7
chloé,7,0,7
ribovirin,7,0,7
cristina,7,0,7
7-phloroeckol,7,0,7
dinucleoside,7,0,7
daca,7,0,7
u1,7,0,7
chloroethane,7,0,7
dornier,7,0,7
ldha,7,0,7
reformer,7,0,7
o.gallopava,7,0,7
viekira,7,0,7
miso,7,0,7
peginterferon-alpha,7,0,7
ltd,7,0,7
gsk984,7,0,7
baf180,7,0,7
dicrotendipes,7,0,7
tofa,7,0,7
monod,7,0,7
amirna_a,7,0,7
amirna_d,7,0,7
acrp,7,0,7
rima,7,0,7
chromium,7,0,7
povidine-iodine,7,0,7
quercina,7,0,7
colpan,7,0,7
evalvax,7,0,7
democracy,7,0,7
fama,7,0,7
peg-ifn-2a,7,0,7
alexine,7,0,7
flavivirusrna,7,0,7
l-ala-pna,7,0,7
isopropanolalcohol,7,0,7
hypophyll,7,0,7
naar,7,0,7
hdi,7,0,7
hcq+azithromycin,7,0,7
harmaline,7,0,7
co-nsulfonamide,7,0,7
tomatoes,7,0,7
aa-dna,7,0,7
resminostat,7,0,7
bogel,7,0,7
sr2,7,0,7
atos,7,0,7
aam,7,0,7
r-ltr,7,0,7
selenomethionyl,7,0,7
ophiocordyceps,7,0,7
nanc,7,0,7
t-butanol,7,0,7
teg,7,0,7
rbcc,7,0,7
cellex,7,0,7
vakil,7,0,7
mir-185-3p,7,0,7
plutonium,7,0,7
mir-335-5p,7,0,7
tpi,7,0,7
thrombin-inhibiting,7,0,7
tannicacids,7,0,7
diub-abps,7,0,7
dextransucrase,7,0,7
ppcd,7,0,7
mmda,7,0,7
fluvià,7,0,7
chaisemartin,7,0,7
carbol,7,0,7
segundo,7,0,7
sogin,7,0,7
ctla4ig,7,0,7
.aspirin,7,0,7
e-aminocaproicacid,7,0,7
ketofol,7,0,7
rtlf,7,0,7
15:20,7,0,7
detox,7,0,7
propofol-remifentanil,7,0,7
.imatinib,7,0,7
evi1,7,0,7
epimorphin,7,0,7
crm1,7,0,7
adipositas,7,0,7
adductus,7,0,7
u-13,7,0,7
acenocoumarin,7,0,7
ga]ga-citrate,7,0,7
bicarb,7,0,7
hbv-nat,7,0,7
aflatoxinb,7,0,7
epma,7,0,7
-ampicillin,7,0,7
2'-c-methylcytidine,7,0,7
b-catenin,7,0,7
.amoxicillin,7,0,7
fioricet,7,0,7
brox,7,0,7
bat,7,0,7
asit,7,0,7
parsol,7,0,7
2′deoxycytidine,7,0,7
deferoxamin,7,0,7
hlj/18-,7,0,7
iort,7,0,7
p180,7,0,7
amantix,7,0,7
thaton,7,0,7
ciprofloxacina,7,0,7
erithropoietin,7,0,7
tni,7,0,7
darunavirs,7,0,7
juergen,7,0,7
nomisma,7,0,7
ericsson,7,0,7
etizolam,7,0,7
palmaz,7,0,7
db/db+rosiglitazone,7,0,7
sodiumlactate,7,0,7
crampin,7,0,7
cyclophosphamide/,7,0,7
imipramin,7,0,7
(hydroxy-)chloroquin,7,0,7
pioglitazon,7,0,7
tadalafil-mpro,7,0,7
ser-109,7,0,7
octreoscan,7,0,7
-octreotide,7,0,7
estradiol-17b,7,0,7
mildronate,7,0,7
cladosporol,7,0,7
neothromtin,7,0,7
antikonvulsiva,7,0,7
yroxin,7,0,7
s]-methionine/cysteine,7,0,7
2propanol,7,0,7
iothalamate,7,0,7
vanilla-bert,7,0,7
saphena,7,0,7
mir-570,7,0,7
clytina,7,0,7
matritia,7,0,7
foscamet,7,0,7
vitamin-b,7,0,7
darbepoetin-alpha,7,0,7
verschuer,7,0,7
p-195,7,0,7
p576,7,0,7
p784,7,0,7
p830,7,0,7
p871,7,0,7
hrv,7,0,7
(-)-adrenaline,7,0,7
a-pinene,7,0,7
ximo,7,0,7
urocortin,7,0,7
omipalisib,7,0,7
vitamin-b12,7,0,7
zitrin,7,0,7
.lopinavir-ritonavir,7,0,7
.haemophilus,7,0,7
d-52,7,0,7
3-carotene,7,0,7
ionlast,7,0,7
appdapxidapxiic,7,0,7
lesart,7,0,7
esophagojejunostomy,7,0,7
"2,3-dpg",7,0,7
benzhexol,7,0,7
kaydol,7,0,7
dormia,7,0,7
trimethoprim-sulphadiazine,7,0,7
sfgm-tc,7,0,7
kratom,7,0,7
5-ari,7,0,7
.voriconazole,7,0,7
vx-661,7,0,7
betablockers,7,0,7
5-oxaproline,7,0,7
lnum,7,0,7
tomosyn,7,0,7
verapamile,7,0,7
haplo-sct,7,0,7
tilmanocept,7,0,7
diazepame,7,0,7
inosiplex,7,0,7
daphniphyllum,7,0,7
metothrexate,7,0,7
aamanitin,7,0,7
c-methionine,7,0,7
ligam,7,0,7
.resveratrol,7,0,7
antracyclines,7,0,7
polipropilene,7,0,7
[35s]sulfate,7,0,7
ventnet,7,0,7
chib,7,0,7
131-iodine,7,0,7
rhs-tm,7,0,7
peepe,7,0,7
anti-haa,7,0,7
c]telmisartan,7,0,7
c-acetate,7,0,7
amilorid,7,0,7
deamidase,7,0,7
acthar,7,0,7
aethonium,7,0,7
myramistin,7,0,7
.sirolimus,7,0,7
fk50,7,0,7
aprotinin-g,7,0,7
chlorophylline,7,0,7
pp20,7,0,7
eaflavin,7,0,7
oxytrol,7,0,7
rilmakalim,7,0,7
cann,7,0,7
elaeagnifolium,7,0,7
plasma-theophylline,7,0,7
pravastatina,7,0,7
dip-a,7,0,7
fibula,7,0,7
pozol,7,0,7
candicidin,7,0,7
skandia,7,0,7
danshensu,7,0,7
d-eflornithine,7,0,7
tobramycin/triclosan,7,0,7
z.mucronata,7,0,7
resveratrol-copper,7,0,7
abt-122,7,0,7
gius,7,0,7
ismn,7,0,7
^^,7,0,7
sintonius,7,0,7
tmf-celecoxib,7,0,7
hbvv,7,0,7
ps-16-,7,0,7
hsa-mir-30d,7,0,7
sarsa,7,0,7
peg-ifna-2b,7,0,7
ml1,7,0,7
asprosin,6,1,7
leskovec,6,1,7
xilazine,6,1,7
itopride,6,1,7
pyrithiamine,6,1,7
aktinomycin,6,1,7
darbepoietin,6,1,7
trimethoprim-,6,1,7
érythromycine,6,1,7
ariol,6,1,7
profylaxe,6,1,7
tapazole,6,1,7
reelin,6,1,7
ferone,6,1,7
isolectin,6,1,7
diphenylhydramine,6,1,7
chr-2797,6,1,7
torsin,6,1,7
denbinobin,6,1,7
renan,6,1,7
notoginsenoside,6,1,7
p7794)streptomycin,6,1,7
leetin,6,1,7
.histamine,6,1,7
ozogamycin,6,1,7
teratogene,6,1,7
dammin,6,1,7
.ethanol,6,1,7
tamax,6,1,7
flaviolin,6,1,7
nimorazole,5,2,7
methacycline,5,2,7
cefonicid,5,2,7
dexmedetomedine,5,2,7
naphthol,5,2,7
gordenin,5,2,7
hydroxychloriquine,5,2,7
phosphamide,5,2,7
dimercaptopropanol,5,2,7
omaluzimab,5,2,7
viniferin,5,2,7
oryzacystatin,5,2,7
azine,5,2,7
osteon,5,2,7
diphenylamine,5,2,7
aminophenazone,5,2,7
rebaudioside,5,2,7
sennacherib,5,2,7
margatoxin,5,2,7
blinatumumab,5,2,7
hyroxychloroquine,5,2,7
quercetrin,5,2,7
mertk,5,2,7
kartogenin,5,2,7
opiod,5,2,7
iododoxorubicin,5,2,7
isopropylamine,5,2,7
imatimib,5,2,7
tutin,5,2,7
ecotin,5,2,7
biaxin,5,2,7
roxithromicin,5,2,7
catalposide,5,2,7
methycillin,5,2,7
ammosamide,5,2,7
isonicotinamide,5,2,7
niclocide,5,2,7
amoxycilin,5,2,7
repin,5,2,7
euglobulin,5,2,7
mitroxantrone,5,2,7
telluromethionine,5,2,7
levofloxacina,5,2,7
carbamazine,5,2,7
prostat,5,2,7
sulphadimidine,5,2,7
5azacytidine,5,2,7
dorsomorphin,5,2,7
bacilysin,5,2,7
urodilatine,5,2,7
spiraea,5,2,7
lndomethacin,5,2,7
hydroxycobalamine,5,2,7
dopoxamine,5,2,7
cvir,4,3,7
ranidazole,4,3,7
carzelesin,4,3,7
idamycin,4,3,7
zinostatin,4,3,7
fertilin,4,3,7
mitomicin,4,3,7
terbuthylazine,4,3,7
myrecetin,4,3,7
dexmetetomidine,4,3,7
naproxene,4,3,7
tetrahydropyridine,4,3,7
bicuculine,4,3,7
rapamicin,4,3,7
benzothiazepine,4,3,7
ferin,4,3,7
sitamaquine,4,3,7
aminoglicoside,4,3,7
methacetin,4,3,7
rhinol,4,3,7
fatha,4,3,7
navone,4,3,7
frangufoline,4,3,7
bitriazole,4,3,7
aureolysin,4,3,7
isoneplanocin,4,3,7
oxiphenisatin,4,3,7
trypsinogens,4,3,7
polytyramine,4,3,7
oxapenem,4,3,7
biapigenin,4,3,7
pazufloxacin,4,3,7
rafoxanide,4,3,7
metuximab,4,3,7
cdkrs,4,3,7
.rifampicin,4,3,7
thienopyrrole,4,3,7
norquinadoline,4,3,7
midostaurine,4,3,7
umab,4,3,7
sambucol,4,3,7
prazosine,4,3,7
noone,4,3,7
isoangustone,4,3,7
nitrobenzenesulfonamide,4,3,7
triadin,4,3,7
acetylchloride,4,3,7
stalobacin,4,3,7
roziglitazone,4,3,7
ornitine,4,3,7
pepstatine,4,3,7
hydroxychloroquineazithromycin,4,3,7
.peramivir,4,3,7
.adiponectin,4,3,7
porine,4,3,7
iphosphamide,4,3,7
cistatine,4,3,7
ethylketocyclazocine,4,3,7
aurelin,4,3,7
lmethionine,4,3,7
locandine,4,3,7
tamivir,4,3,7
acotiamide,4,3,7
cefotiamhexetil,4,3,7
.fenbendazole,4,3,7
tarone,4,3,7
gsk281,4,3,7
nadide,4,3,7
pongine,3,4,7
fraxetin,3,4,7
trimethylarsine,3,4,7
xylasine,3,4,7
tris-(2-carboxyethyl)phosphine,3,4,7
golgicide,3,4,7
kistamycin,3,4,7
fuscoside,3,4,7
lopiravir,3,4,7
morone,3,4,7
hederagenin,3,4,7
roxithromycine,3,4,7
mrsa.telavancin,3,4,7
oxazinomycin,3,4,7
bélustine,3,4,7
exotoxin,3,4,7
nicotinamine,3,4,7
marmesin,3,4,7
glyceride,3,4,7
macacine,3,4,7
drupangtonine,3,4,7
theanine,3,4,7
leupeptine,3,4,7
pyrazofurin,3,4,7
oxolamine,3,4,7
isoaaptamine,3,4,7
ethamidindole,3,4,7
abagovomab,3,4,7
atazanvir,3,4,7
lumiliximab,3,4,7
cimiphenol,3,4,7
bassianolone,3,4,7
bufotoxin,3,4,7
isoliquiritinapioside,3,4,7
crine,3,4,7
brazikumab,3,4,7
proviodine,3,4,7
thiotreazolin,3,4,7
chlorobenzene,3,4,7
prelone,3,4,7
nifuroxazide,3,4,7
.atazanavir,3,4,7
nirsevimab,3,4,7
pamrevlumab,3,4,7
.inebilizumab,3,4,7
arecaidine,3,4,7
rhodomyrtone,3,4,7
posaconasole,3,4,7
bevacicumab,3,4,7
methylpredonisolone,3,4,7
udarabin,3,4,7
pyocianin,3,4,7
centrin,3,4,7
hydroxycloriquine,3,4,7
semone,3,4,7
duodopa,3,4,7
arimidex,2,5,7
sulfacetamide,2,5,7
barettin,2,5,7
theopapuamide,2,5,7
phenylethyl,2,5,7
icl012,2,5,7
valtorcitabine,2,5,7
pancracine,2,5,7
syringaresinol,2,5,7
leghemoglobin,2,5,7
vinylsulfone,2,5,7
farghali,2,5,7
n6-methyladenosine,2,5,7
atemschutzmasken,2,5,7
taxiarchi,2,5,7
perone,2,5,7
fibrinolysin,2,5,7
amenamevir,2,5,7
dombakinaxanthone,2,5,7
isoserine,2,5,7
coumarin-3-carboxamide,2,5,7
rogosnitzky,2,5,7
dimethylthiourea,2,5,7
chlorphenesin,2,5,7
blancoxanthone,2,5,7
furopyrimidine,2,5,7
daphnoline,2,5,7
glucamine,2,5,7
ethenone,2,5,7
protonix,2,5,7
cholorquine,2,5,7
farine,2,5,7
domenichini,2,5,7
tobagolide,2,5,7
paraxanthine,2,5,7
carboxymethylcysteine,2,5,7
bilirrubin,2,5,7
centrinone,2,5,7
pemoline,2,5,7
epiphora,2,5,7
tetrofosmine,2,5,7
livetin,2,5,7
phosphotidylcholine,2,5,7
centbucridine,2,5,7
fresubin,2,5,7
pholcodine,2,5,7
pentraxin,2,5,7
butyltin,2,5,7
unoprostone,2,5,7
nazanin,1,6,7
chymoptrypsin,1,6,7
impentamine,1,6,7
dithymoquinone,1,6,7
karamanoli,1,6,7
lorsatan,1,6,7
meibum,1,6,7
relatlimab,1,6,7
fibromodulin,1,6,7
3hlglucosamine,1,6,7
mevalonolactone,1,6,7
fusogen,1,6,7
solenopsin,1,6,7
dscam,1,6,7
fichot,1,6,7
dalacin,1,6,7
isoxsuprine,1,6,7
tetrahydrogestrinone,1,6,7
eslicarbazepine,1,6,7
microvirin,1,6,7
natsudaidain,1,6,7
hamacanthin,1,6,7
immucin,1,6,7
hissin,1,6,7
aminohydroxyguanidine,1,6,7
krankheitshilfen,0,7,7
sciadopitysin,0,7,7
benzoquinoneimine,0,7,7
nexium,0,7,7
f13a1,0,7,7
trisulfide,0,7,7
behandlungsbedürftigen,0,7,7
gerinnungsstörungen,0,7,7
polyetherketoneketone,0,7,7
tosylchloride,0,7,7
brassicasterol,0,7,7
großveranstaltungen,0,7,7
•examine,0,7,7
malinin,0,7,7
dodecylphosphocholine,0,7,7
nicastri,0,7,7
sintilimab,0,7,7
poole,0,7,7
curine,0,7,7
bebrone,0,7,7
benini,0,7,7
gavaldà,0,7,7
tschapka,0,7,7
laudanum,0,7,7
malvoisin,0,7,7
mgone,0,7,7
bspw,0,7,7
waschmaschine,0,7,7
polyethylenglycol,0,7,7
phthalide,0,7,7
rossby,0,7,7
therapieentscheidungen,0,7,7
metalloporphyrin,0,7,7
qukezwa,0,7,7
ie‐1,0,7,7
phenylpiperazine,0,7,7
vaxigrip,0,7,7
donelli,0,7,7
biorobin,0,7,7
melin,0,7,7
protopanaxatriol,0,7,7
matrikine,0,7,7
triamilide,0,7,7
chromanone,0,7,7
phe490,0,7,7
differenzialblutbild,0,7,7
tembetarine,0,7,7
talcott,0,7,7
stelwagen,0,7,7
benzyl bromide,0,7,7
vorzubeugen,0,7,7
reimagine,0,7,7
cefotaxime sodium,0,7,7
benzoxazinone,0,7,7
targretin,0,7,7
gheblawi,0,7,7
hispanophone,0,7,7
polyhexanide,0,7,7
glyinflanin,0,7,7
isoliquiritin apioside,0,7,7
neoliquiritin,0,7,7
octadecasaccharide,0,7,7
prism6,0,7,7
basilicum,0,7,7
überzeugen,0,7,7
anregungen,0,7,7
bignorm,0,7,7
kantine,0,7,7
bisacrylamide,0,7,7
vn1203-haavir,0,7,7
etzel,0,7,7
finsterer,0,7,7
takeuchi,0,7,7
interneuron,0,7,7
gluthatione,0,7,7
myalgias,0,7,7
biomax,0,7,7
uitgebreide,0,7,7
romieu,0,7,7
venet,0,7,7
quaternary ammonium,0,7,7
goldfine,0,7,7
batrachotoxin,0,7,7
harpin,0,7,7
anamnese,0,7,7
magnone,0,7,7
juxtacrine,0,7,7
giambrone,0,7,7
squanavir,0,7,7
dusheiko,0,7,7
pogosianz,0,7,7
fachrichtungen,0,7,7
heraclenin,0,7,7
aspalathin,0,7,7
frattini,0,7,7
janjua,0,7,7
stauroporine,0,7,7
komeno,0,7,7
bevestigen,0,7,7
benzodiazépine,0,7,7
soyasapogenol,0,7,7
dihydrocyclotheonamide,0,7,7
angevine,0,7,7
frone,0,7,7
salsolinol,0,7,7
granule,0,7,7
bcx-1812,0,7,7
aplysinopsin,0,7,7
tetrahydrothiophene,0,7,7
rainham,0,7,7
hexylamine,0,7,7
bijdragen,0,7,7
popik,0,7,7
garwes,0,7,7
matrone,0,7,7
transin,0,7,7
ptc124,0,7,7
nandrolone,0,7,7
propantheline,0,7,7
antiinflamatorios,0,7,7
cyclodercitin,0,7,7
isoswertisin,0,7,7
pmsd−pm^sd,,0,7
threosone,0,7,7
idexx,0,7,7
arylhydrazone,0,7,7
fehniger,0,7,7
leishmanolysin,0,7,7
somatomammotropin,0,7,7
hepatocystin,0,7,7
coeloginin,0,7,7
snu638,0,7,7
ohara,0,7,7
amidrazone,0,7,7
sugillationen,0,7,7
temptime,0,7,7
verschattungen,0,7,7
perfringolysin,0,7,7
pektin,0,7,7
bisbiguanide,0,7,7
regli,0,7,7
glucoerucin,0,7,7
nomilin,0,7,7
leu758,0,7,7
herwartz,0,7,7
oeconomus,0,7,7
blz945,0,7,7
senol,0,7,7
t1214,0,7,7
p2-phenylalanine,0,7,7
ala543,0,7,7
gentiopicroside,0,7,7
metabole,0,7,7
nanovue,0,7,7
flucs,0,7,7
tetrahydroamentoflavone,0,7,7
s)-9-[3-hydroxy-2-(phosphonomethoxy)propyl]adenine,0,7,7
suberosin,0,7,7
arzthelferin,0,7,7
fustin,0,7,7
zeylanone,0,7,7
nonfamotidine,0,7,7
mertin,0,7,7
rsc-3388,0,7,7
acoziborole,0,7,7
girdlestone,0,7,7
neurohormone,0,7,7
fishbone,0,7,7
tetramethylsilane,0,7,7
fgf1,0,7,7
licopyranocoumarin,0,7,7
lupiwighteone,0,7,7
ermittlungen,0,7,7
enterobactin,0,7,7
procalcitonine,0,7,7
anzutreffen,0,7,7
exokrine,0,7,7
revelaed,0,7,7
rappo,0,7,7
organobromine,0,7,7
noctula,0,7,7
hiidenhovi,0,7,7
nesteruk,0,7,7
casadaban,0,7,7
horne,0,7,7
thyrosine,0,7,7
ossigenazione,0,7,7
ottimizzazione,0,7,7
ctermini,0,7,7
fiftyone,0,7,7
nacetylgalactosamine,0,7,7
charide,0,7,7
tetrazyklin,0,7,7
chisquare,0,7,7
avanos,0,7,7
euchromatin,0,7,7
l'azione,0,7,7
betacatenin,0,7,7
d'albumine,0,7,7
butyrophenone,0,7,7
imidazopyrazinone,0,7,7
ioflupane,0,7,7
l'albumine,0,7,7
d'amoxicilline,0,7,7
selektin,0,7,7
ceterizine,0,7,7
l'acyclovir,0,7,7
therapietrouw,0,7,7
cngal,0,7,7
pngal,0,7,7
chitnis,0,7,7
cesarian,0,7,7
ruscogenine,0,7,7
compromissione,0,7,7
l'inibizione,0,7,7
uroguide,0,7,7
chukri,0,7,7
calcitrapa,0,7,7
nucleosídicos,0,7,7
vandiver,0,7,7
albogularis,0,7,7
striatin,0,7,7
transizione,0,7,7
disinformazione,0,7,7
l'erogazione,0,7,7
centri,0,7,7
biennio,0,7,7
prussia,6,0,6
otrivin,6,0,6
α‐tocopherol,6,0,6
filmarray,6,0,6
13d,6,0,6
busco,6,0,6
dieterle,6,0,6
sofosbuvir-daclatasvir,6,0,6
cabrol,6,0,6
reckitt,6,0,6
philip,6,0,6
mk-s,6,0,6
shfv,6,0,6
endo‐porter,6,0,6
3hp-β-lg,6,0,6
resnik,6,0,6
aurantiamide,6,0,6
oxypaeoniflorin,6,0,6
larb,6,0,6
begum,6,0,6
lie,6,0,6
betapapillomavirus,6,0,6
masdar,6,0,6
alma-ata,6,0,6
epac2a,6,0,6
andrographolides,6,0,6
avaccine,6,0,6
mirvana,6,0,6
mirna-125b,6,0,6
comissão,6,0,6
rogin,6,0,6
osler,6,0,6
asi,6,0,6
aluvia,6,0,6
jackfruit,6,0,6
codexalimentarius,6,0,6
cephalosporin-,6,0,6
amoxycillin-clavulanic,6,0,6
butyrat,6,0,6
bengal,6,0,6
nitrosopumilus,6,0,6
tiparp,6,0,6
cis-atracurium,6,0,6
ipratropio,6,0,6
nimbus,6,0,6
grimelius,6,0,6
megacolon,6,0,6
soyflour,6,0,6
impβ1,6,0,6
circumcision,6,0,6
apoc3,6,0,6
apoc2,6,0,6
il6r,6,0,6
adam17,6,0,6
hypocretin-1,6,0,6
vistula,6,0,6
yangtze,6,0,6
1-propargylbenzimidazole,6,0,6
n‐butanol,6,0,6
α‐pinene,6,0,6
bupleuriradix,6,0,6
sodiumphosphotungstate,6,0,6
fc,6,0,6
pinetannin,6,0,6
mir-768,6,0,6
odansetron,6,0,6
pteroid,6,0,6
sdlc,6,0,6
lipids,6,0,6
dtapvaccine,6,0,6
op-1,6,0,6
spaargaren,6,0,6
artemisinina,6,0,6
fat-solublevitamins,6,0,6
s-cnn,6,0,6
folate-amp,6,0,6
alloy,6,0,6
heterodontus,6,0,6
dryopteridis,6,0,6
wahl,6,0,6
cidea,6,0,6
1813,6,0,6
intracardiac,6,0,6
fructusschisandrae,6,0,6
mazin,6,0,6
pegylated-ifn-α,6,0,6
daflon,6,0,6
orchid,6,0,6
aminata,6,0,6
meningococcalvaccine,6,0,6
zincnitrate,6,0,6
ascophyllum,6,0,6
3tc-mp,6,0,6
eptv,6,0,6
q.,6,0,6
mir-574-5p,6,0,6
amtd,6,0,6
oliveoils,6,0,6
arsenicalbum-30,6,0,6
prosoma,6,0,6
massoprostatum,6,0,6
mycobacteriumvaccae,6,0,6
abraxas,6,0,6
otulin,6,0,6
dexamethasome,6,0,6
hhv‐6,6,0,6
bap31,6,0,6
menthofuran,6,0,6
romein,6,0,6
bronze,6,0,6
ignazsemmelweis,6,0,6
cynanchum,6,0,6
emerich,6,0,6
kay,6,0,6
mfolfirinox,6,0,6
tg01/gm-csf,6,0,6
postcontrast,6,0,6
osteoma,6,0,6
babai,6,0,6
erythromycin-estolate,6,0,6
.—,6,0,6
omega-3s,6,0,6
tax/tat,6,0,6
ovi,6,0,6
wssv,6,0,6
vp28,6,0,6
hemophilusinfluenzae,6,0,6
benoît,6,0,6
coxsackieb5,6,0,6
saururus,6,0,6
geraniaceae,6,0,6
agustin,6,0,6
nitroimidazoles,6,0,6
pyrimethamine/sulfadoxine,6,0,6
disulfide-linked,6,0,6
österreichische,6,0,6
economic,6,0,6
ethylformate,6,0,6
paulus,6,0,6
norvatis,6,0,6
organogermanium,6,0,6
ferrocenes,6,0,6
ipcc,6,0,6
3gal,6,0,6
choramphenicol,6,0,6
tacrolimus-based,6,0,6
trimethoprim-sulphamethoxazol,6,0,6
curetis,6,0,6
busulfex,6,0,6
daunorubicinol,6,0,6
talotrexin,6,0,6
2′-deoxycoformycin,6,0,6
l-alanosine,6,0,6
azo,6,0,6
gastrografin,6,0,6
micro-rna,6,0,6
microcantilevers,6,0,6
fia,6,0,6
2016).it,6,0,6
extravidin,6,0,6
enantiomeric,6,0,6
pylori,6,0,6
malariae,6,0,6
tara,6,0,6
timofer,6,0,6
se-isig,6,0,6
rifampicin-blocked,6,0,6
anti-allergy,6,0,6
splint,6,0,6
bombina,6,0,6
metrex,6,0,6
mitragyna,6,0,6
orf1polyprotein,6,0,6
l-tartrate,6,0,6
oxalic,6,0,6
cfdna,6,0,6
vladivostok,6,0,6
17beta-estradiol,6,0,6
adac2,6,0,6
gelukkig,6,0,6
saprospirae,6,0,6
ostrach,6,0,6
alkohol,6,0,6
ece-1,6,0,6
smithkline,6,0,6
dystonin-b,6,0,6
penicillin/streptomycin/amphotericin,6,0,6
canileish,6,0,6
17α-hydroxyprogesterone,6,0,6
hyaluronidase-2,6,0,6
scolymoside,6,0,6
snurportin-1,6,0,6
arvicola,6,0,6
anti-ct,6,0,6
zarin,6,0,6
marsupium,6,0,6
synalpheus,6,0,6
chatito,6,0,6
hpve7,6,0,6
npc,6,0,6
regadenoson,6,0,6
yulin,6,0,6
welfare,6,0,6
pradip,6,0,6
palmital,6,0,6
neosartorya,6,0,6
ogden,6,0,6
racker,6,0,6
glcnac,6,0,6
pak4,6,0,6
katamine,6,0,6
arabis,6,0,6
baptisia,6,0,6
sxl,6,0,6
ginkgolides,6,0,6
gotu,6,0,6
aniseed,6,0,6
hepatoprotective,6,0,6
cloveoil,6,0,6
ursi,6,0,6
phyllostachys,6,0,6
antheraea,6,0,6
orf2a,6,0,6
netphosk,6,0,6
mindanensis,6,0,6
insulasaurus,6,0,6
pinoyscincus,6,0,6
edgar,6,0,6
kraft,6,0,6
karmin,6,0,6
tlr7,6,0,6
dill,6,0,6
sba,6,0,6
cys23,6,0,6
wada,6,0,6
ipatropium,6,0,6
microrna-122,6,0,6
il10r1,6,0,6
broadwell,6,0,6
clx,6,0,6
arif,6,0,6
fat-free,6,0,6
adidas,6,0,6
orphanet,6,0,6
sira,6,0,6
medtronic,6,0,6
hcqsulfate,6,0,6
antihelix,6,0,6
rob,6,0,6
esas,6,0,6
quercetinglycoside,6,0,6
coutinho,6,0,6
sulfonium,6,0,6
n-glycanase,6,0,6
cathelcidin,6,0,6
anti-herpes,6,0,6
trans-resveratrol,6,0,6
kempele,6,0,6
fkbp,6,0,6
mir-135a,6,0,6
antimir-18,6,0,6
antimir-125b,6,0,6
hpm,6,0,6
laxiflora,6,0,6
5‐fluorouracil,6,0,6
sulphoxides,6,0,6
sp.,6,0,6
kagra,6,0,6
leske,6,0,6
aplidin,6,0,6
yf,6,0,6
nad+,6,0,6
polysialic,6,0,6
tremfya,6,0,6
gamifant,6,0,6
citrustristeza,6,0,6
propyl-thiouracil,6,0,6
plotkin,6,0,6
negin,6,0,6
pc-inhibitor,6,0,6
sulfadiazina,6,0,6
cpgadjuvanted,6,0,6
antimony(iii,6,0,6
lithiumsalts,6,0,6
xylazine/ketamine,6,0,6
bloomer,6,0,6
brabin,6,0,6
currin,6,0,6
horqin,6,0,6
ng-016,6,0,6
houttuyniaeherba,6,0,6
bista,6,0,6
halomethyl,6,0,6
fenozol,6,0,6
franz,6,0,6
akcea,6,0,6
burdizzo,6,0,6
micrococcal,6,0,6
bernardo,6,0,6
judith,6,0,6
antifibrotika,6,0,6
phytoalexin,6,0,6
biofungicides,6,0,6
a77,6,0,6
rtol,6,0,6
exilis,6,0,6
pudilan,6,0,6
cyclosporiasis,6,0,6
ndcg@k,6,0,6
jános,6,0,6
arium,6,0,6
perk,6,0,6
puerariaeradix,6,0,6
jirovecii,6,0,6
sluder,6,0,6
apostichopus,6,0,6
aja-mir-2013,6,0,6
aja-mirna-2013-3p,6,0,6
rumania,6,0,6
cs,6,0,6
nep,6,0,6
cyanine,6,0,6
halocins,6,0,6
amphenicols,6,0,6
ampholyte,6,0,6
ampholytes,6,0,6
postsynaptic,6,0,6
deoxynucleoside,6,0,6
harald,6,0,6
tianeptine,6,0,6
ketamine-medetomidine,6,0,6
samara,6,0,6
gp14,6,0,6
2′-c-methylcytidine,6,0,6
35s-methionine/cysteine,6,0,6
methycobal,6,0,6
rotasil,6,0,6
tavoni,6,0,6
bonin,6,0,6
alvin,6,0,6
alpha-agonist,6,0,6
verdine,6,0,6
statin-bortezomib,6,0,6
mechnikov,6,0,6
polynucleotide,6,0,6
isrei,6,0,6
indirubin-h,6,0,6
cefalosporinen,6,0,6
z2,6,0,6
kashmir,6,0,6
vil-17,6,0,6
ics-laba,6,0,6
c-biotin,6,0,6
hypercapnia,6,0,6
radixsophorae,6,0,6
nxtag,6,0,6
tulip,6,0,6
dass,6,0,6
tlr-agonist,6,0,6
amansia,6,0,6
sunitinib/erlotinib,6,0,6
antipyrese,6,0,6
6).it,6,0,6
ulema,6,0,6
phemister,6,0,6
oxyma,6,0,6
erdoğan,6,0,6
yps,6,0,6
rotarix®,6,0,6
p1234,6,0,6
mbla,6,0,6
wazid,6,0,6
copepod,6,0,6
beta-catenin,6,0,6
meta-xylene,6,0,6
psychotherapeuten,6,0,6
filariae,6,0,6
chloroquine/hydroxychloroquine±azithromycin,6,0,6
potv,6,0,6
prednisolone/prednisone,6,0,6
neurokinin,6,0,6
ancylostoma,6,0,6
glutathione-s,6,0,6
petronas,6,0,6
ulvafasciata,6,0,6
antagomirs,6,0,6
gly-pro,6,0,6
baracat,6,0,6
msnbc,6,0,6
oboe,6,0,6
andrus,6,0,6
ruane,6,0,6
indosat,6,0,6
n95/ffp2,6,0,6
benzoin,6,0,6
eunicellol,6,0,6
synoicum,6,0,6
polymastiamide,6,0,6
plip,6,0,6
povidon,6,0,6
lithium-heparin,6,0,6
amoxycillin/clavulanic,6,0,6
anti-leukotriene,6,0,6
triazol,6,0,6
sugammadex·rocuronium,6,0,6
mycophenolsäure,6,0,6
kripo,6,0,6
aristide,6,0,6
pul37,6,0,6
yongin,6,0,6
chaetochromin,6,0,6
spla2-iid,6,0,6
ramulus,6,0,6
buy&sell,6,0,6
hemidactylus,6,0,6
nvprof,6,0,6
medicaid,6,0,6
cqphosphate,6,0,6
torreya,6,0,6
α-hederin,6,0,6
hartree-fock,6,0,6
wic,6,0,6
purastat,6,0,6
rotavapor,6,0,6
tams,6,0,6
3-aminobenzamide,6,0,6
peg-it,6,0,6
pantoea,6,0,6
trim23,6,0,6
h.armigera,6,0,6
amp-pnp,6,0,6
paquin,6,0,6
anti-toxin,6,0,6
ribozol,6,0,6
hbd-1,6,0,6
belamcandaerhizoma,6,0,6
coicis,6,0,6
armeniacaesemen,6,0,6
neumf,6,0,6
maculata,6,0,6
religiosa,6,0,6
hexachloro,6,0,6
hydroxymethylamine,6,0,6
hcvns4b,6,0,6
ernährungstherapie,6,0,6
onabotulinum,6,0,6
allata,6,0,6
clamoxyl,6,0,6
cinnamomicortex,6,0,6
bidin,6,0,6
gam1,6,0,6
vp26,6,0,6
alosetron,6,0,6
ciloxan,6,0,6
cq-r,6,0,6
erythrocyte,6,0,6
neemazal,6,0,6
n-acetyl-l-cysteine-sodium,6,0,6
cqr,6,0,6
fnb,6,0,6
lingua,6,0,6
fanc,6,0,6
polydiscamide,6,0,6
penny,6,0,6
3-nitropropionicacid,6,0,6
gemcitabine/docetaxel,6,0,6
drug-conjugated,6,0,6
minot,6,0,6
cadmiumchloride,6,0,6
astragalosides,6,0,6
massiah,6,0,6
fmk-mea,6,0,6
hemileia,6,0,6
pellegrino,6,0,6
afriroots,6,0,6
p-selectin,6,0,6
claveria,6,0,6
beta-cyclodextrin,6,0,6
veda,6,0,6
ecg-qtc,6,0,6
si-hcv,6,0,6
nak,6,0,6
circezh2,6,0,6
vanberkum,6,0,6
vis410,6,0,6
3-hp-β-lactoglobulin,6,0,6
soman,6,0,6
phalaenopsis,6,0,6
stannin,6,0,6
lig3,6,0,6
urticaria,6,0,6
amphenol,6,0,6
lavendula,6,0,6
aconitinealkaloid,6,0,6
kirin,6,0,6
oau,6,0,6
gamino,6,0,6
melanopsin,6,0,6
pb1-f2,6,0,6
methylococcus,6,0,6
canova,6,0,6
gagpolyprotein,6,0,6
prolylcarboxypeptidase,6,0,6
ambystoma,6,0,6
bop,6,0,6
senta,6,0,6
kaa,6,0,6
niflumicacid,6,0,6
sodo,6,0,6
hydrops,6,0,6
perel,6,0,6
pkr,6,0,6
fontanel,6,0,6
tinea,6,0,6
poplin,6,0,6
plywood,6,0,6
sa11,6,0,6
intercalator,6,0,6
solanum,6,0,6
wilhelmy,6,0,6
tenapanor,6,0,6
rostafuroxin,6,0,6
mpsa,6,0,6
mir-129-5p,6,0,6
ethylpalmitate,6,0,6
locander,6,0,6
high-salicylate,6,0,6
julio,6,0,6
semple,6,0,6
met54,6,0,6
sandro,6,0,6
norepinephrine/epinephrine,6,0,6
dicer-2,6,0,6
amphotericinblipid,6,0,6
sporothrix,6,0,6
pythium,6,0,6
oogonium,6,0,6
nikotinsüchtig,6,0,6
pamilo,6,0,6
zengin,6,0,6
sulfonamid,6,0,6
nasturtium,6,0,6
cvb3vp1,6,0,6
hypochlorousacid,6,0,6
diethanolamide,6,0,6
ctmp,6,0,6
saratoga,6,0,6
oga,6,0,6
navarra,6,0,6
isomaltose,6,0,6
sodiumpentobarbital,6,0,6
pulse-steroid,6,0,6
akdeniz,6,0,6
clene,6,0,6
cdk9,6,0,6
atg5-atg12-atg16,6,0,6
dapsone-trimethoprim,6,0,6
tpr1,6,0,6
bibi,6,0,6
epistat,6,0,6
palermo,6,0,6
surin,6,0,6
senator,6,0,6
chestnuttannins,6,0,6
guevara,6,0,6
gaddafi,6,0,6
plaminogen,6,0,6
sulfomucins,6,0,6
jakafi,6,0,6
aps,6,0,6
brachygnathia,6,0,6
costin,6,0,6
warriner,6,0,6
reata,6,0,6
trifolii,6,0,6
rer1,6,0,6
diminazine,6,0,6
shantha,6,0,6
thuricin,6,0,6
nisaplin,6,0,6
gnf-5,6,0,6
araçatuba,6,0,6
hin-bert,6,0,6
meister,6,0,6
karlis,6,0,6
ormetoprim,6,0,6
kiwis,6,0,6
retinylacetate,6,0,6
kozomara,6,0,6
vegetarianism,6,0,6
noncovalent,6,0,6
linezolid-,6,0,6
curtin,6,0,6
nesta,6,0,6
footbaths,6,0,6
pomegranatepeel,6,0,6
prunus,6,0,6
lucia,6,0,6
mir-182,6,0,6
calcium/vitamind,6,0,6
japonicus,6,0,6
dome,6,0,6
leporine,6,0,6
ulmifolia,6,0,6
nerol,6,0,6
thiosulfinates,6,0,6
rheumemodi,6,0,6
symitsi,6,0,6
sirna-a,6,0,6
sauer,6,0,6
avridine,6,0,6
dab*03,6,0,6
csa-prtc1,6,0,6
qe,6,0,6
enterovirusd,6,0,6
atelerix,6,0,6
anti-il-23,6,0,6
npp,6,0,6
dsclerl,6,0,6
surfactans,6,0,6
palvizumab,6,0,6
herbahouttuyniae,6,0,6
rhodamineb,6,0,6
rogadini,6,0,6
exothecinae,6,0,6
pyrimethamine/sulfadiazine,6,0,6
zadeh,6,0,6
patchoulioil,6,0,6
depolymerised,6,0,6
chlorothalonil,6,0,6
seemannia,6,0,6
remdesivir-rdrp,6,0,6
candiru,6,0,6
tetraline,6,0,6
chlorine-free,6,0,6
sucr,6,0,6
15-,6,0,6
anticoccidials,6,0,6
anti-acetyllysine,6,0,6
salicornia,6,0,6
dilacor,6,0,6
burrough,6,0,6
gasdermind,6,0,6
sulfadimidin,6,0,6
dop,6,0,6
inspiron,6,0,6
nhc/eidd-2801,6,0,6
di-cysteine,6,0,6
dcir,6,0,6
ferro,6,0,6
lipop,6,0,6
gallicus,6,0,6
prosthenorchis,6,0,6
hepaticojejunostomy,6,0,6
malayi,6,0,6
cdc25,6,0,6
rfp-lc3,6,0,6
tetramin,6,0,6
derek,6,0,6
spiramicin,6,0,6
ceske,6,0,6
paratek,6,0,6
vancomycin-s,6,0,6
d005,6,0,6
nare,6,0,6
dianellalongifolia,6,0,6
b18,6,0,6
sonia,6,0,6
jeffrey,6,0,6
yfvaccine,6,0,6
castalagin,6,0,6
σ.,6,0,6
haemophilusinfluenzae,6,0,6
miriam,6,0,6
mcdd,6,0,6
d-amb,6,0,6
doxycylin,6,0,6
shah,6,0,6
fucoidans,6,0,6
anti-mir-34a-5p,6,0,6
licochalconesb,6,0,6
deglycyrrhizinatedliquorice,6,0,6
ot,6,0,6
mir-212-5p,6,0,6
novel_3,6,0,6
mir132,6,0,6
emricasan,6,0,6
sodiumbenzoate,6,0,6
scfa,6,0,6
hydroxycholesterol,6,0,6
mitaspat,6,0,6
thiomethylated,6,0,6
aminophenols,6,0,6
maltoside,6,0,6
icenogle,6,0,6
edp-938,6,0,6
longisporum,6,0,6
gelatinosa,6,0,6
corticium,6,0,6
i.c.v,6,0,6
şenol,6,0,6
trifluoromethyl,6,0,6
glusac,6,0,6
oralpenicillin,6,0,6
-cephalosporin,6,0,6
plktide,6,0,6
hbvs,6,0,6
pgrna,6,0,6
29-amino-acid,6,0,6
agiho,6,0,6
ttv,6,0,6
tips,6,0,6
cav-1,6,0,6
lp1,6,0,6
bfc,6,0,6
phlorofucofuroeckol-b,6,0,6
salviamiltiorrhizabunge,6,0,6
taurocholate,6,0,6
sep15,6,0,6
pre-oxygenated,6,0,6
inula,6,0,6
tanshinoneiia,6,0,6
hydroxysafflor,6,0,6
carazolol,6,0,6
o.chuto,6,0,6
noricaritin,6,0,6
elixir,6,0,6
catherine,6,0,6
chetan,6,0,6
mirna-208a,6,0,6
bayh-dole,6,0,6
elfadil,6,0,6
potassiumiodide,6,0,6
skinner,6,0,6
intracoronary,6,0,6
boat,6,0,6
intradermal,6,0,6
taxis,6,0,6
hydroxychlorochine,6,0,6
stenella,6,0,6
five-herb,6,0,6
acetyl-histone,6,0,6
igm,6,0,6
pelargonidin-3-o-glucoside,6,0,6
maastricht,6,0,6
saikosaponin-a,6,0,6
hepatectomy,6,0,6
cordycepssinensis,6,0,6
sirolimus/tacrolimus,6,0,6
aldag,6,0,6
angelicins,6,0,6
3-valent,6,0,6
sulphamethoxazole/trimethoprim,6,0,6
mk-0893,6,0,6
rifamycin-based,6,0,6
ozolin,6,0,6
raftilose,6,0,6
crenezumab,6,0,6
pognps,6,0,6
d2-dopamine,6,0,6
graminoids,6,0,6
merostachys,6,0,6
.chlorhexidine,6,0,6
valesin,6,0,6
chlorhexidine-ethanol,6,0,6
alerta,6,0,6
greenstein,6,0,6
alcaine,6,0,6
stiga6,6,0,6
chosun,6,0,6
petrol,6,0,6
zil,6,0,6
pan-hdac,6,0,6
greenspan,6,0,6
astragalussaponins,6,0,6
cmc,6,0,6
(val)acyclovir,6,0,6
afluria,6,0,6
thyropins,6,0,6
stefinb,6,0,6
babin,6,0,6
edwards,6,0,6
rhodobacter,6,0,6
clorazepate,6,0,6
schizophyllum,6,0,6
klauder,6,0,6
arc1779,6,0,6
tfi,6,0,6
suralis,6,0,6
candidin,6,0,6
harris,6,0,6
christos,6,0,6
heclo,6,0,6
danone,6,0,6
ero,6,0,6
vision,6,0,6
gingkobiloba,6,0,6
hiv1,6,0,6
laxantia,6,0,6
chr,6,0,6
trifluridine/tipiracil,6,0,6
triptych,6,0,6
hitler,6,0,6
caliper,6,0,6
abt-378,6,0,6
varamines,6,0,6
rutacridone,6,0,6
albiflora,6,0,6
rutagraveolens,6,0,6
sfv-endostatin,6,0,6
gcsap-endostatin,6,0,6
interferon‐β,6,0,6
wildfire,6,0,6
pulse-dose,6,0,6
susilo,6,0,6
rubrolide,6,0,6
hepatitise,6,0,6
potassiumpersulfate,6,0,6
pb70,6,0,6
icare,6,0,6
ala-na,6,0,6
blandin,6,0,6
jacinda,6,0,6
alumtox,6,0,6
iodism,6,0,6
brexit,6,0,6
pyridyl,6,0,6
isoeugenodilol,6,0,6
quadrivalentmeningococcalvaccine,6,0,6
gnathion,6,0,6
quat,6,0,6
tinbergen,6,0,6
hyposoter,6,0,6
pentacam,6,0,6
bronchodilate,6,0,6
ceramium,6,0,6
medetomidin,6,0,6
telebrix,6,0,6
isomap,6,0,6
rené,6,0,6
alcoholic,6,0,6
inky,6,0,6
sputnik,6,0,6
dioscoreaoppositathunb,6,0,6
anti-her2,6,0,6
amoxicillin-clavulanete,6,0,6
actev,6,0,6
lopinavir/ritonavir-ifn-β,6,0,6
gairin,6,0,6
hcl-isopropanol,6,0,6
ibudilast,6,0,6
danuta,6,0,6
thiol/thione,6,0,6
cess,6,0,6
janssen-cilag,6,0,6
surfactant-stabilized,6,0,6
vista,6,0,6
lingus,6,0,6
repellants,6,0,6
dior,6,0,6
(r)-antofine,6,0,6
sirtalis,6,0,6
-tazobactam,6,0,6
noroviren,6,0,6
hqg,6,0,6
valdosta,6,0,6
macrocephalae,6,0,6
sapelovirus,6,0,6
rbd/a+c,6,0,6
sc-560,6,0,6
roman,6,0,6
lomonosov,6,0,6
director-general,6,0,6
pyronaridine-artesunate,6,0,6
glu-plasmin,6,0,6
heutagogy,6,0,6
tyrosine-nitrated,6,0,6
sirna-encapsulated,6,0,6
rajewski,6,0,6
usp13,6,0,6
jgj,6,0,6
pereira,6,0,6
onychodiag,6,0,6
flosmagnoliae,6,0,6
sccd,6,0,6
burin,6,0,6
pericarp,6,0,6
endocan,6,0,6
endo-180,6,0,6
chk2,6,0,6
rug,6,0,6
jaeger,6,0,6
-α2b,6,0,6
cholestin,6,0,6
gemcitabine/carboplatin,6,0,6
β-carotenes,6,0,6
alloferon,6,0,6
citricarpa,6,0,6
20-amino-acid,6,0,6
hippophaesalicifolia,6,0,6
rhodiolaimbricata,6,0,6
eumedica,6,0,6
foeil,6,0,6
dextranase,6,0,6
lipu,6,0,6
cfav,6,0,6
nbf,6,0,6
spirene,6,0,6
rink,6,0,6
vinylchloride,6,0,6
chartron,6,0,6
vidar,6,0,6
fluorophores,6,0,6
ampullosporin,6,0,6
novicidin,6,0,6
penola,6,0,6
deepad,6,0,6
nmb,6,0,6
digoxigenin-labeled,6,0,6
ad8,6,0,6
curcumalonga,6,0,6
arba,6,0,6
mir-183,6,0,6
unituxin,6,0,6
eas,6,0,6
chloroquine-hydroxychloroquine,6,0,6
90-,6,0,6
giasiranis,6,0,6
bithas,6,0,6
lyfe,6,0,6
sergey,6,0,6
kaposica,6,0,6
γ-tocotrienol,6,0,6
allomaltol,6,0,6
ciclopiroxolamine,6,0,6
medazepam,6,0,6
hiv-1vaccine,6,0,6
kairomone,6,0,6
gown,6,0,6
tubastatin,6,0,6
fta,6,0,6
camellia,6,0,6
perforatum,6,0,6
srimad,6,0,6
fgf-21,6,0,6
ansamycins,6,0,6
lysobac,6,0,6
dapiran,6,0,6
tetanus/diphtheria,6,0,6
zator,6,0,6
reglamento,6,0,6
selic,6,0,6
meatus,6,0,6
autologe,6,0,6
steviolglucosides,6,0,6
ngp1,6,0,6
adams,6,0,6
ceranib,6,0,6
enterovirusg,6,0,6
nebulae,6,0,6
zoladex,6,0,6
yogi,6,0,6
ftf-badv-hop,6,0,6
otobius,6,0,6
ada-1,6,0,6
cylap,6,0,6
rviia,6,0,6
berberidis,6,0,6
prob.,6,0,6
drin,6,0,6
vitaminb7,6,0,6
iso-osmolar,6,0,6
kyphoplasty,6,0,6
hydrogensulphide,6,0,6
spgg,6,0,6
parthenon,6,0,6
decennia,6,0,6
cephadroxil,6,0,6
f.vulgare,6,0,6
ssegm,6,0,6
hd-am,6,0,6
hainaut,6,0,6
ya,6,0,6
radiophosphorus,6,0,6
tex,6,0,6
anticocaine,6,0,6
anti-malaria,6,0,6
geographer,6,0,6
corticorelin,6,0,6
gss,6,0,6
isoliquiritigeninglycoside,6,0,6
11-dehydrocorticosterone,6,0,6
gentamicin-killed,6,0,6
coxsackievirusa16(cva16,6,0,6
afirma,6,0,6
flj,6,0,6
coxsackievirusesb3,6,0,6
beta-glucuronidase,6,0,6
licari,6,0,6
bacchus,6,0,6
indicuslinn,6,0,6
α2-agonist,6,0,6
vyntus,6,0,6
gt-1b,6,0,6
a.calcoaceticus,6,0,6
cholestrol,6,0,6
3-haa,6,0,6
a71,6,0,6
dipus,6,0,6
imipenem/,6,0,6
silufol,6,0,6
andó,6,0,6
dd-1,6,0,6
dimov,6,0,6
5-fr,6,0,6
fluorothymidine,6,0,6
bfta,6,0,6
esi-05,6,0,6
s.nigraberry,6,0,6
ipy,6,0,6
reyzin,6,0,6
c31,6,0,6
d.it,6,0,6
owns,6,0,6
caloocan,6,0,6
ivus,6,0,6
bassetto,6,0,6
α-lipoicacid,6,0,6
vamp2,6,0,6
mdc-sign,6,0,6
hanshin,6,0,6
cmx-001,6,0,6
dawar,6,0,6
musca,6,0,6
ecopurin,6,0,6
[14c]ciprofloxacin,6,0,6
elacridar,6,0,6
gudiol,6,0,6
eccmid,6,0,6
guinan,6,0,6
lemonade,6,0,6
salvo,6,0,6
rad18,6,0,6
a.cerana,6,0,6
bbi,6,0,6
a-cq,6,0,6
sircar,6,0,6
muytjensii,6,0,6
niox,6,0,6
agitoxin,6,0,6
sg-fulc,6,0,6
abenavoli,6,0,6
mist,6,0,6
satipatthana,6,0,6
ota-dna,6,0,6
mdmx,6,0,6
lego,6,0,6
carboxylates,6,0,6
yuri,6,0,6
xigua,6,0,6
estradiolbenzoate,6,0,6
givinostat,6,0,6
palitaxel,6,0,6
scrv,6,0,6
siristatidis,6,0,6
fluoquinolones,6,0,6
penicillines,6,0,6
fusb,6,0,6
ceftriaxone/ciprofloxacin,6,0,6
imipenem-,6,0,6
trimethoprim/sulfametoxazole,6,0,6
cip,6,0,6
ecteinascidin,6,0,6
aglaroxin,6,0,6
sulbactam-ampicillin,6,0,6
mir-637,6,0,6
dihydropyridines,6,0,6
cheney,6,0,6
cinchona,6,0,6
recd2,6,0,6
t-1106-tp,6,0,6
pa,6,0,6
dremio,6,0,6
vmirna,6,0,6
mir-k12,6,0,6
seleno-methionine,6,0,6
farsi,6,0,6
amphenicol,6,0,6
fronius,6,0,6
neohesperidin,6,0,6
krapivin,6,0,6
neda,6,0,6
pelecanus,6,0,6
m.officinalis,6,0,6
leflunomide/teriflunomide,6,0,6
xanthate,6,0,6
furong,6,0,6
sofosbuvir/velpatasvir/voxilaprevir,6,0,6
anti-il-1,6,0,6
il-18r1,6,0,6
korol,6,0,6
buffenstein,6,0,6
ga6,6,0,6
lstm,6,0,6
ci2,6,0,6
procopius,6,0,6
cav-apoptin,6,0,6
gulfport,6,0,6
n-acetyllactosamine,6,0,6
pace4,6,0,6
trichlormethane,6,0,6
taraxerol,6,0,6
cyclus,6,0,6
reus,6,0,6
cd91,6,0,6
ashen,6,0,6
sugarbeet,6,0,6
guia,6,0,6
abhr,6,0,6
melis,6,0,6
abietane,6,0,6
peg2,6,0,6
dhx,6,0,6
lipo,6,0,6
mlh,6,0,6
bloomberg,6,0,6
rorc,6,0,6
hegf,6,0,6
moonee,6,0,6
chlamydophila,6,0,6
b.it,6,0,6
bakuchi,6,0,6
nutmeg,6,0,6
najanaja,6,0,6
mir-373,6,0,6
ganciclovir-resistant,6,0,6
vitaminea,6,0,6
6-methylprednisolone,6,0,6
vicki,6,0,6
jing-jin-ji,6,0,6
grusopivirus,6,0,6
anti-cystatin,6,0,6
5-bromouracil,6,0,6
longispora,6,0,6
wellstat,6,0,6
dbo,6,0,6
clfnn,6,0,6
ethisch,6,0,6
esirna,6,0,6
mefenamicacid,6,0,6
tamb,6,0,6
cefpodoxim-proxetil,6,0,6
bryostatin-1,6,0,6
grameen,6,0,6
yatein,6,0,6
primucell,6,0,6
na-montmorillonite,6,0,6
perma-hand,6,0,6
phenox,6,0,6
cueva,6,0,6
prdx1,6,0,6
metamax,6,0,6
sotho,6,0,6
keri,6,0,6
subtilispg,6,0,6
ddx,6,0,6
gs‐5734,6,0,6
idera,6,0,6
13-oxamyr,6,0,6
pa-457,6,0,6
maharashtra,6,0,6
inocalophyllin,6,0,6
lanai,6,0,6
mir-21-3p,6,0,6
fpassa,6,0,6
flo,6,0,6
secoarc,6,0,6
chloramin,6,0,6
enteroviren,6,0,6
propan-1-ol,6,0,6
mahatmagandhi,6,0,6
permethrin-impregnated,6,0,6
entos,6,0,6
algammulin,6,0,6
sativum,6,0,6
menacanthus,6,0,6
oqaq,6,0,6
ifn-alpha2b,6,0,6
linaria,6,0,6
methobromide,6,0,6
vivian,6,0,6
peloponnesian,6,0,6
mir-885,6,0,6
yadh,6,0,6
gomide,6,0,6
ferulago,6,0,6
ethylacetoacetate,6,0,6
4g7,6,0,6
oedogonium,6,0,6
hrhpv52,6,0,6
omr,6,0,6
anti-infliximab,6,0,6
pro20,6,0,6
pentavalentrotavirusvaccine,6,0,6
terracinolide,6,0,6
glutamate-cysteine,6,0,6
hebden,6,0,6
theodosius,6,0,6
chelcea,6,0,6
synagogue,6,0,6
artesunate-lumefantrine,6,0,6
hsa-mir-21-3p,6,0,6
hsa-mir-16-5p/195,6,0,6
benzylpenicillinpotassium,6,0,6
lactancia,6,0,6
warin,6,0,6
cyproteroneacetate,6,0,6
23-valent,6,0,6
chicana,6,0,6
starzl,6,0,6
guar,6,0,6
cortistatin,6,0,6
testosterone/estradiol,6,0,6
altmvcp,6,0,6
serb,6,0,6
eelam,6,0,6
peg-ifnα-2b+tdf,6,0,6
peg-ifnα-2b+etv,6,0,6
rooperol,6,0,6
pyridazines,6,0,6
azd-1480,6,0,6
butafenacil,6,0,6
fluoxastrobin,6,0,6
dadone,6,0,6
il28,6,0,6
coos,6,0,6
estazolam,6,0,6
ache,6,0,6
sulfo-hirudin,6,0,6
desirudin,6,0,6
narum,6,0,6
stefano,6,0,6
acupalpus,6,0,6
houttuyniaherb,6,0,6
bif,6,0,6
sergei,6,0,6
arc-cosine,6,0,6
advaxadjuvanted,6,0,6
hcmv-encodedmir-us25-,6,0,6
dsbc,6,0,6
venture,6,0,6
muc7,6,0,6
maximizer,6,0,6
alloy4fun,6,0,6
chlorpheniraminemaleate,6,0,6
hansenii,6,0,6
arklone,6,0,6
diisopropylether,6,0,6
gcv4,6,0,6
amicoumacin,6,0,6
m55,6,0,6
mscs,6,0,6
francis,6,0,6
cpp-sirna,6,0,6
ceratophyllus,6,0,6
cardiospermum,6,0,6
helicteres,6,0,6
flavonoidaglycones,6,0,6
uac,6,0,6
mir-127-3p,6,0,6
legal,6,0,6
seetaram,6,0,6
escinidin,6,0,6
b-alp,6,0,6
ormetoprim-sulfadimethoxine,6,0,6
polyphyllind,6,0,6
platycodind,6,0,6
hdq,6,0,6
gag-pr,6,0,6
e.o.,6,0,6
oaks,6,0,6
mycogenie,6,0,6
krox,6,0,6
colegio,6,0,6
cpg/alum,6,0,6
cypovirus,6,0,6
hbv-as04,6,0,6
kantoch,6,0,6
11α-hydroxyprogesterone,6,0,6
6β-hydroxyprogesterone,6,0,6
hhv4,6,0,6
cochi,6,0,6
cepa,6,0,6
5-nitroimidazole,6,0,6
microti,6,0,6
levomethadon,6,0,6
monoterpenes,6,0,6
cajuputeo,6,0,6
silicatein,6,0,6
azrin,6,0,6
silvaticus,6,0,6
halorubrum,6,0,6
hydro3,6,0,6
polysine,6,0,6
ee,6,0,6
huelva,6,0,6
fluorine-18,6,0,6
torovirus,6,0,6
bafinivirus,6,0,6
olysio,6,0,6
laparoscopy,6,0,6
brandschutz,6,0,6
tzds,6,0,6
ritonavir/rtv,6,0,6
proanthocyanidina2,6,0,6
tad,6,0,6
ksrp,6,0,6
solar,6,0,6
allovectin-7,6,0,6
ing,6,0,6
hbv/hcv,6,0,6
sen.,6,0,6
opec,6,0,6
phenylethanoid,6,0,6
obeticholicacid,6,0,6
versene,6,0,6
onabotulinumtoxin,6,0,6
darlene,6,0,6
fenthion,6,0,6
macondo,6,0,6
nq,6,0,6
nictitans,6,0,6
sanguisorbaeradix,6,0,6
gelatinaseb,6,0,6
cuspidatum,6,0,6
phenoxyl,6,0,6
nitrones,6,0,6
water-soluble,6,0,6
opricovic,6,0,6
abu,6,0,6
trichomanis,6,0,6
cys-gly,6,0,6
peglar,6,0,6
anticholinerger,6,0,6
shanidar,6,0,6
gs-1,6,0,6
flum,6,0,6
vitamind-3,6,0,6
sutin,6,0,6
trevor,6,0,6
microban,6,0,6
mir-122isomer,6,0,6
pre-mir-122,6,0,6
wdff,6,0,6
atsne-cuda,6,0,6
silveira,6,0,6
mic50/90,6,0,6
chiapas,6,0,6
vidia,6,0,6
c‐myc,6,0,6
riprap,6,0,6
pp-sofosbuvir,6,0,6
zikvns4a,6,0,6
ombitasvir/paritaprevir,6,0,6
cldn1-mab,6,0,6
forceris,6,0,6
clobenpropit,6,0,6
imoproxifan,6,0,6
stichting,6,0,6
pheg,6,0,6
fenbendazole-medicated,6,0,6
-ximab,6,0,6
trogarzo,6,0,6
gc2,6,0,6
scar-fc,6,0,6
lif,6,0,6
ev,6,0,6
serpine1,6,0,6
p78,6,0,6
nitrogens,6,0,6
ramo,6,0,6
l-cystein,6,0,6
kardar,6,0,6
β-defensins,6,0,6
picropodophyllin,6,0,6
rodenticides,6,0,6
bprmf,6,0,6
acethylcholine,6,0,6
fam134b,6,0,6
randy,6,0,6
trovax,6,0,6
alito,6,0,6
atovaquinone,6,0,6
vadodara,6,0,6
antiepileptics,6,0,6
nsm1,6,0,6
adscs,6,0,6
diosmetin-7-o-beta-d-apiofuranoside,6,0,6
aderis,6,0,6
tecadenoson,6,0,6
methylgene,6,0,6
mir24,6,0,6
α-adrenoceptor,6,0,6
negroni,6,0,6
rvsm,6,0,6
metlab,6,0,6
hanil,6,0,6
hdl3,6,0,6
zemin,6,0,6
dasein,6,0,6
handkerchiefs,6,0,6
fentanyl-tt,6,0,6
ifnar2,6,0,6
rds,6,0,6
pd3,6,0,6
psyche,6,0,6
radixpuerariae,6,0,6
rotarixvaccine,6,0,6
knych,6,0,6
d-glu,6,0,6
casopitant,6,0,6
brianna,6,0,6
borussertib,6,0,6
hiv-core,6,0,6
harrop,6,0,6
nog,6,0,6
investment,6,0,6
medip,6,0,6
n-intein,6,0,6
chetomin,6,0,6
sulfolink,6,0,6
vosevi,6,0,6
4-fluorocatechol,6,0,6
citrusfruits,6,0,6
dihydroxyvitamind,6,0,6
horizantalis,6,0,6
cd46,6,0,6
slot,6,0,6
carboplatin/,6,0,6
longumgt15,6,0,6
onabamiroi,6,0,6
chelonin,6,0,6
bocaviren,6,0,6
fetalis,6,0,6
jalan,6,0,6
talactoferrin,6,0,6
"3′,4′b",6,0,6
jingmen,6,0,6
previsto,6,0,6
sahase,6,0,6
rubiaceae,6,0,6
"1,25-dihidroxycalciferol",6,0,6
orpegen,6,0,6
oxapenems,6,0,6
motyl,6,0,6
indinavir/ritonavir,6,0,6
pemf,6,0,6
ian,6,0,6
pumilio,6,0,6
tricare,6,0,6
sodiumpalmitate,6,0,6
anti-tnf-α-mnps,6,0,6
georgia,6,0,6
pavetannin,6,0,6
scholar,6,0,6
halamid-d,6,0,6
omran,6,0,6
cpg-stat3,6,0,6
myorelaxants,6,0,6
monodesmethylpheniramine,6,0,6
modrna,6,0,6
pratensis,6,0,6
saquanavir,6,0,6
bhavachakra,6,0,6
cognitum,6,0,6
urologe,6,0,6
glutathionylation,6,0,6
spongostan,6,0,6
nobilis®ib,6,0,6
akritidis,6,0,6
hcv.it,6,0,6
trypsinzt,6,0,6
psychische,6,0,6
polygonumtinctorium,6,0,6
plx,6,0,6
muvapred,6,0,6
acip,6,0,6
hd-iiv3,6,0,6
safa0,6,0,6
anti-cyst,6,0,6
nlrc3,6,0,6
naca,6,0,6
pegifn-λ,6,0,6
ipti,6,0,6
divamide,6,0,6
potassiumphosphotungstate,6,0,6
receptor,6,0,6
lobatamide,6,0,6
hadrurin,6,0,6
bmk,6,0,6
sulfonamiden,6,0,6
graviscalpellum,6,0,6
ornatoscalpellum,6,0,6
safflor,6,0,6
pretomanid,6,0,6
sailaminoacids,6,0,6
lafwa,6,0,6
francine,6,0,6
p42,6,0,6
lincrna-p21,6,0,6
desethyl-amodiaquine,6,0,6
ganmaoqingre,6,0,6
hsyf,6,0,6
india,6,0,6
hymenamide,6,0,6
p798,6,0,6
hd-cap,6,0,6
zuid,6,0,6
malatya,6,0,6
ampicillin+gentamicin,6,0,6
z-8e,6,0,6
ngmlr,6,0,6
grampräparat,6,0,6
bombyxin,6,0,6
ogoni,6,0,6
adunbi,6,0,6
vcp,6,0,6
mir-3934,6,0,6
.camostat,6,0,6
eod-gt5,6,0,6
nucleosome,6,0,6
atoxin,6,0,6
peg2k-enf,6,0,6
spam,6,0,6
zileuton/montelukast,6,0,6
anti-hiv,6,0,6
triazoles,6,0,6
gellan,6,0,6
ulvan,6,0,6
alprenolol,6,0,6
[3h]-dihydroalprenolol,6,0,6
ramiprilate,6,0,6
albus,6,0,6
cymarin,6,0,6
k-strophanthine-α,6,0,6
k-strophanthin,6,0,6
dempster-shafer,6,0,6
rsvns2,6,0,6
t.indica,6,0,6
polyaniline,6,0,6
deepsnv,6,0,6
caravaggio,6,0,6
marafibox,6,0,6
ganak,6,0,6
pila,6,0,6
2-methoxyestradiol,6,0,6
thc/alcohol,6,0,6
β-esterases,6,0,6
xifaxan,6,0,6
hsp27,6,0,6
ethische,6,0,6
acwe,6,0,6
d.batatas,6,0,6
hyams,6,0,6
chl1,6,0,6
dna-c,6,0,6
glib,6,0,6
fexofenadinehydrochloride,6,0,6
atsmz,6,0,6
prevnar13,6,0,6
cysteine/gsh,6,0,6
ravana,6,0,6
financiamento,6,0,6
stance-bert,6,0,6
mirna-132,6,0,6
lopinavir/ritonavir/umifenovir,6,0,6
zfl,6,0,6
cystourethroscopy,6,0,6
span,6,0,6
nsabp,6,0,6
vza,6,0,6
xpo1,6,0,6
idoxuridin,6,0,6
chemisch,6,0,6
latum,6,0,6
orf8ab,6,0,6
kishoreganj,6,0,6
hawks,6,0,6
bobolinks,6,0,6
btd,6,0,6
heron,6,0,6
mellanox,6,0,6
animus,6,0,6
mepilex,6,0,6
viricide,6,0,6
latrunculin-a,6,0,6
blox,6,0,6
esomeprazol,6,0,6
enhorn,6,0,6
spd-l1,6,0,6
chemmineob,6,0,6
ampicillin-sulbactum,6,0,6
mita,6,0,6
cayston,6,0,6
jatrophan,6,0,6
magl,6,0,6
rifai,6,0,6
e80,6,0,6
propacetamol,6,0,6
-zinc,6,0,6
pact,6,0,6
g.711,6,0,6
tradipitant,6,0,6
cutinase,6,0,6
dse,6,0,6
jaburetox,6,0,6
benzopurpurin,6,0,6
2′-o-me,6,0,6
fexofenadineacetate,6,0,6
hcvires,6,0,6
racon,6,0,6
shogaol,6,0,6
azithromycin/chloroquine,6,0,6
h.bella,6,0,6
tlr13,6,0,6
cellia,6,0,6
minamide,6,0,6
anguinomycin,6,0,6
butterbur,6,0,6
cefalosporines,6,0,6
vancomicina,6,0,6
l-enantiomer,6,0,6
anti-trypsin,6,0,6
chloramphenical,6,0,6
5/isoniazid,6,0,6
irf5,6,0,6
anaphylatoxin,6,0,6
foschini,6,0,6
peril,6,0,6
licochalcone-d,6,0,6
sars-covnsp1,6,0,6
muridarum,6,0,6
safingol,6,0,6
b-raf,6,0,6
c-kit,6,0,6
biophorum,6,0,6
cranium,6,0,6
rezafungin,6,0,6
telaprevir/peginterferon/ribavirin,6,0,6
cvol,6,0,6
honeywell,6,0,6
deprost,6,0,6
mongoose,6,0,6
rem-sp,6,0,6
bailis,6,0,6
volta,6,0,6
hexavalent,6,0,6
rdl,6,0,6
tbt,6,0,6
margulis,6,0,6
pegden,6,0,6
tpo-ras,6,0,6
penicillin-based,6,0,6
hirsuta,6,0,6
a.hirsuta,6,0,6
gastrodia,6,0,6
ulam,6,0,6
sirna-nc,6,0,6
goodrum,6,0,6
side-chain,6,0,6
l-epicatechin,6,0,6
frscvmsu-1,6,0,6
nitrogendioxide,6,0,6
atp-citrate,6,0,6
n-ac-cysteine,6,0,6
pensacola,6,0,6
najahannah,6,0,6
sulbactam-based,6,0,6
fiber-fish,6,0,6
fish,6,0,6
actinosporin,6,0,6
neo-actinomycin,6,0,6
mineral/vitamin,6,0,6
tipa,6,0,6
cast,6,0,6
potassiumperoxydisulfate,6,0,6
oroidin,6,0,6
dispacamide,6,0,6
psammaplin,6,0,6
eviacam,6,0,6
12-,6,0,6
oxygen-nitrogen,6,0,6
luteolin7-galactoside,6,0,6
longiflorus,6,0,6
nomascus,6,0,6
orfila,6,0,6
fritz,6,0,6
zv,6,0,6
trevo,6,0,6
lesk,6,0,6
azithriomycin,6,0,6
actinidia,6,0,6
tcn,6,0,6
csa.,6,0,6
acetaminophenjinyinhua,6,0,6
fpr2/alx,6,0,6
ceti,6,0,6
g2,6,0,6
bromophenols,6,0,6
wol,6,0,6
hpv11e1,6,0,6
bray,6,0,6
salicorniae,6,0,6
capisterones,6,0,6
laurinterol,6,0,6
pirene,6,0,6
gl-alg,6,0,6
l-cv,6,0,6
aa-ai,6,0,6
marenin,6,0,6
anchieta,6,0,6
klm,6,0,6
klmp,6,0,6
omethoate,6,0,6
mk-8591-tp,6,0,6
base-model,6,0,6
madtp-314,6,0,6
endorhamnosidase,6,0,6
isoscoparin,6,0,6
stellarin-2,6,0,6
luteolin-glucuronide,6,0,6
duvol,6,0,6
sahaquines,6,0,6
alzheimer,6,0,6
guidewires,6,0,6
rhcc,6,0,6
aloifolium,6,0,6
mesylates,6,0,6
dictamni,6,0,6
thatby,6,0,6
go-drug,6,0,6
isopomiferin,6,0,6
lnho,6,0,6
d2/d3,6,0,6
lokale,6,0,6
pronin,6,0,6
fosa,6,0,6
rivanol,6,0,6
potassiumperiodate,6,0,6
hcvad,6,0,6
sicont,6,0,6
linomide,6,0,6
vzv-cap,6,0,6
epirus,6,0,6
ffa,6,0,6
hzvsf‐v13,6,0,6
denve,6,0,6
zikvzvbr,6,0,6
hemmer,6,0,6
protein-catechin,6,0,6
ehna,6,0,6
gentacoll,6,0,6
torso,6,0,6
macimorelinacetate,6,0,6
herakleidon,6,0,6
torososide,6,0,6
bariumsulfate,6,0,6
jejuno-jejunostomy,6,0,6
[35s]methionine,6,0,6
leidy,6,0,6
resnet-110-v1,6,0,6
cenocepacia,6,0,6
glutamatergic,6,0,6
davidii,6,0,6
radixdipsaci,6,0,6
radixsalviaemiltiorrhizae,6,0,6
radium,6,0,6
l.radiata,6,0,6
cd-hit-est,6,0,6
topomer,6,0,6
shuanghe,6,0,6
ant-17,6,0,6
dhv-1,6,0,6
adineta,6,0,6
janina,6,0,6
lyoplasn-w,6,0,6
ace2.emodin,6,0,6
itpgs,6,0,6
co-a,6,0,6
glynn,6,0,6
tocp,6,0,6
cephalosporolides,6,0,6
riboflavin/ultraviolet,6,0,6
α=0,6,0,6
p-iii,6,0,6
boifn-ω3,6,0,6
tnf/chpnanoparticles,6,0,6
ci-inh,6,0,6
hicaz,6,0,6
lpvr,6,0,6
oblimersen/dexamethasone,6,0,6
lncrna4,6,0,6
atovastatin,6,0,6
anacetrapib,6,0,6
galuteolin,6,0,6
pregestimil,6,0,6
hochtief,6,0,6
margherita,6,0,6
elwha,6,0,6
lopinavir-mpro,6,0,6
bpnn,6,0,6
hupa,6,0,6
lendex,6,0,6
vitamind.vitamind,6,0,6
veneto,6,0,6
fairrec,6,0,6
pro180,6,0,6
ansan,6,0,6
dagan,6,0,6
a.uralensis,6,0,6
exulans,6,0,6
"1,25(oh)d3",6,0,6
ganciclovir-tp,6,0,6
hydroxyureas,6,0,6
ighv4,6,0,6
trey,6,0,6
lingo,6,0,6
menezes,6,0,6
investor,6,0,6
cwrg,6,0,6
phlorotannin,6,0,6
cyp2c9,6,0,6
hieronim,6,0,6
phomoxanthones,6,0,6
benzoly,6,0,6
azab,6,0,6
antivpp,6,0,6
qi-xu,6,0,6
yang-xu,6,0,6
lobinavir/ritonavir,6,0,6
"mir-410-3p,mir-6720-3p",6,0,6
h&m,6,0,6
ta,6,0,6
potassiumtartrate,6,0,6
simabuco,6,0,6
cyclocryotherapy,6,0,6
gga-mir-9-3p,6,0,6
cytosine-arabinoside,6,0,6
nox-a12,6,0,6
d-520,6,0,6
hpv-56,6,0,6
mir-151-3p,6,0,6
hypr,6,0,6
protein-dna,6,0,6
ticarcillin-clavulanic,6,0,6
cipto,6,0,6
birb796,6,0,6
dimethyltindichloride,6,0,6
triptycene,6,0,6
trib,6,0,6
asiaticus,6,0,6
gsk-744,6,0,6
quinquennium,6,0,6
psoralene,6,0,6
okb105,6,0,6
zenatti,6,0,6
rifabutin-based,6,0,6
thioraviroc,6,0,6
antifolate,6,0,6
nntcnn,6,0,6
chlorine-dioxide,6,0,6
houttuynoids,6,0,6
diflunisal,6,0,6
hydrochlorothiazid,6,0,6
ar5,6,0,6
hieron,6,0,6
miconazole/2,6,0,6
gunkel,6,0,6
nigerdelta,6,0,6
h.cuspidatus,6,0,6
annin,6,0,6
pcdd,6,0,6
latrodectus,6,0,6
lucet,6,0,6
sanguinaria,6,0,6
zinc-formalin,6,0,6
cu-nsulfonamide,6,0,6
popg,6,0,6
iltt-pd1,6,0,6
vesley,6,0,6
chaitin,6,0,6
mir-3538,6,0,6
rhodiolarosea,6,0,6
isocyanates,6,0,6
alvim,6,0,6
kazinga,6,0,6
sumatriptans,6,0,6
himel,6,0,6
betalactamase,6,0,6
enoxaparin-dens,6,0,6
dna-dye,6,0,6
pegi,6,0,6
taipei,6,0,6
carbofree,6,0,6
low-selenium,6,0,6
catosal,6,0,6
yzds,6,0,6
naxalbari,6,0,6
prashana,6,0,6
n36/pegylated,6,0,6
warheads,6,0,6
cutii,6,0,6
lianhuaqinwen,6,0,6
colchicine-tubulin,6,0,6
sd-ffp,6,0,6
dexametasona,6,0,6
mir-322-5p,6,0,6
mirna-1247,6,0,6
cimicid,6,0,6
holomycin,6,0,6
amoxicillin-macrolide,6,0,6
metron,6,0,6
humab,6,0,6
indigoferatinctoria,6,0,6
risperdal,6,0,6
drv/cobi,6,0,6
tp-g,6,0,6
rimabotulinumtoxin,6,0,6
tahoe,6,0,6
anti-aggrecan,6,0,6
bifilac,6,0,6
rosiglitazon,6,0,6
arc13,6,0,6
.‖,6,0,6
ocreotide,6,0,6
4â,6,0,6
.glutathione,6,0,6
gadophrin-2,6,0,6
valcyte,6,0,6
side-toside,6,0,6
arenicins,6,0,6
hirtifolium,6,0,6
rhizoginin-s,6,0,6
resnet15v2,6,0,6
rgcn,6,0,6
rifl,6,0,6
cladonia,6,0,6
hydroxylapatite,6,0,6
anticholinesterases,6,0,6
40-mg,6,0,6
desin,6,0,6
norval,6,0,6
bulin,6,0,6
stinga,6,0,6
a2-antiplasmin,6,0,6
antiasthma,6,0,6
chlorhexidineimpregnated,6,0,6
antiimmunoglobulin,6,0,6
dexmedetomidina,6,0,6
methionin,6,0,6
myrica,6,0,6
p87,6,0,6
p91,6,0,6
thatthus,6,0,6
-hcl,6,0,6
5a-dihydrotestosterone,6,0,6
tanta,6,0,6
periplaneta,6,0,6
methods,6,0,6
nudeotide,6,0,6
ramaphosa,6,0,6
f-fluorocholine,6,0,6
dactilitis,6,0,6
.teicoplanin,6,0,6
dipyridyl,6,0,6
vitaminee,6,0,6
dt-diaphorase,6,0,6
antiinfl,6,0,6
terbinafi,6,0,6
methiocarb,6,0,6
isoflurane/o,6,0,6
tacrolimus/methotrexate,6,0,6
hematotherapy,6,0,6
iotacarrageenan,6,0,6
peg-ifn-1,6,0,6
thiosulfi,6,0,6
tmpyp4,6,0,6
procleix,6,0,6
antimutagenic,6,0,6
stiko,6,0,6
measlesmumps-rubella,6,0,6
tein,6,0,6
bronchodilatantia,6,0,6
palivizumabe,6,0,6
discussão,6,0,6
metanephrines,6,0,6
dictamnus,6,0,6
-ribavirin,6,0,6
diphtheria-tetanuspertussis,6,0,6
grastofil,6,0,6
proteinase,6,0,6
nicotin,6,0,6
hydroxyzin,6,0,6
corticosteroiden,6,0,6
desipramin,6,0,6
duloxetin,6,0,6
mifepriston,6,0,6
adjuvans,6,0,6
hypnodil,6,0,6
semax,6,0,6
indicaxanthin,6,0,6
oxitropium,6,0,6
amoxicillinclavulanic,6,0,6
zid,6,0,6
piastrine,6,0,6
nitwit,6,0,6
awa,6,0,6
hpv-1,6,0,6
pyriproxyfen,6,0,6
thiamylal,6,0,6
post-dexamethasone,6,0,6
-acetylcysteine,6,0,6
puo,6,0,6
b-lactamase-inhibitor,6,0,6
cysteine-cysteine,6,0,6
ibogaine-cocaine,6,0,6
polysialicacid,6,0,6
marino,6,0,6
avidinbiotin,6,0,6
-agonists,6,0,6
therelore,6,0,6
sopron,6,0,6
harboe,6,0,6
achaia,6,0,6
hellas,6,0,6
2-antiplasmin,6,0,6
lösch,6,0,6
n-butyl-cyanoacrylate,6,0,6
p857,6,0,6
thermogel,6,0,6
17βestradiol,6,0,6
acet,6,0,6
noradrenalina,6,0,6
l-na,6,0,6
larixol,6,0,6
getan,6,0,6
intermedin,6,0,6
byit,6,0,6
phostag,6,0,6
colabomycin,6,0,6
βcarotene,6,0,6
refluvac,6,0,6
caba,6,0,6
idursulfase-it,6,0,6
wuv,6,0,6
azelastinehydrochloride,6,0,6
5-aza-cytidine,6,0,6
jacea,6,0,6
guaninecytosine,6,0,6
pre-nisoldipine,6,0,6
borogluconate,6,0,6
@1,6,0,6
cromolyns,6,0,6
scopo,6,0,6
plvp-lopinavir,6,0,6
mg53,6,0,6
maap,6,0,6
aminoindan,6,0,6
ifn$,6,0,6
sodiumchlorid,6,0,6
-oxazole,6,0,6
sb21,6,0,6
bm3d-m,6,0,6
.cytosine,6,0,6
staphostatin,6,0,6
bemiparina,6,0,6
phthalate,6,0,6
/-ribavirin,6,0,6
mpfs,6,0,6
neus,6,0,6
ghb,6,0,6
cricotopus,6,0,6
β1-adrenoceptor,6,0,6
hydroxy-itraconazole,6,0,6
b-lumicolchicine,6,0,6
ns28,6,0,6
ticlopidin,6,0,6
motivo,6,0,6
agcoumarin,6,0,6
oxil,6,0,6
sje,6,0,6
gadoxetatedisodium,6,0,6
haplo-id,6,0,6
cyclosporine/methotrexate,6,0,6
bu/cy,6,0,6
p727,6,0,6
usa,6,0,6
ifn-a/amantadine,6,0,6
alpha-blocker,6,0,6
-amoxicillin,6,0,6
zinc-fi,6,0,6
grapiprant,6,0,6
rhgh,6,0,6
sulfonterol,6,0,6
izilox,6,0,6
fpv/r,6,0,6
atorvastatina,6,0,6
p743,6,0,6
p788,6,0,6
-alcohol,6,0,6
lutheran,6,0,6
nsp6dextromethorphan,6,0,6
tesei,6,0,6
cormexin,6,0,6
peg-ifnalpha-2a,6,0,6
peg-ifn-alpha-2a/rbv,6,0,6
fzhyc,6,0,6
mummifi,6,0,6
subcutane,6,0,6
catio,6,0,6
piano,6,0,6
idrocortisone,6,0,6
creba,6,0,6
hydroxyprogesteroneacetate,6,0,6
hirsutum,6,0,6
p-adrenergic,6,0,6
palomar,6,0,6
picariin,6,0,6
lomefl,6,0,6
meclofenamate,6,0,6
vadalog,6,0,6
irjq,6,0,6
broxil,6,0,6
esrb,6,0,6
βtoxin,6,0,6
170-estradiol,6,0,6
farnesylated,6,0,6
12-drug,6,0,6
flata,6,0,6
l-anti-toxin,6,0,6
β-lysine,6,0,6
bulevirtide,6,0,6
ivit,6,0,6
.rapamycin,6,0,6
phenacaspis,6,0,6
-dithiothalidomide,6,0,6
fludaseé,6,0,6
zam,6,0,6
dartagnan,6,0,6
sulf1,6,0,6
p539,6,0,6
oleocanthal,6,0,6
pp02,6,0,6
gs-7340,6,0,6
131i-rituximab,6,0,6
adac,6,0,6
meth2,6,0,6
cd209l,6,0,6
rgdhirudin,6,0,6
tsgf,6,0,6
abhr/abhs,6,0,6
terapia,6,0,6
shxt-frc,6,0,6
peg-g-csf,6,0,6
ril-1ra,6,0,6
ond,6,0,6
hsca,6,0,6
glycine-95,6,0,6
antimycotica,6,0,6
riastap,6,0,6
25-oh-vitamind,6,0,6
minepump,6,0,6
carboxyesterase,6,0,6
treosulfan-fludarabine,6,0,6
noot,6,0,6
tarbp2,6,0,6
leniolisib,6,0,6
neoclose,6,0,6
ws6,6,0,6
gpl,6,0,6
lgastrim,6,0,6
trichoscyphella,6,0,6
eptifibitide,6,0,6
sparsecount2,6,0,6
vakzinetherapie,6,0,6
idose,6,0,6
c-conglutin,6,0,6
gulin,6,0,6
etd001,6,0,6
mrecist,6,0,6
urnol,6,0,6
gadofosveset-enhanced,6,0,6
ageladine-a,6,0,6
lxd,6,0,6
navina,6,0,6
α-blocker,6,0,6
a2-adrenoceptor,6,0,6
phytaspase,6,0,6
arpin,6,0,6
β2-agonisti,6,0,6
prepidil,6,0,6
1.25(oh)2d3,6,0,6
simv,6,0,6
mcv1,6,0,6
forsythiaefructus-loniceraejaponicaeflos,6,0,6
zd1839,6,0,6
eu-japan,6,0,6
hbv-hivsirna,6,0,6
saireito,6,0,6
copper-tobramycin,6,0,6
mf-1,6,0,6
c-aminopyrine,6,0,6
anilius,6,0,6
17β-diol,6,0,6
sulfuryl,6,0,6
iclosamide,6,0,6
spm1205,6,0,6
spm0211,6,0,6
canabisin,5,1,6
roxarsone,5,1,6
kaverin,5,1,6
cefpodoxim,5,1,6
dimethylacetamide,5,1,6
zaleplon,5,1,6
cimicifugoside,5,1,6
bacoside,5,1,6
cialis,5,1,6
dextrane,5,1,6
aequorea,5,1,6
epoxomycin,5,1,6
mitogillin,5,1,6
mesuprine,5,1,6
indomethecin,5,1,6
margolin,5,1,6
yonamine,5,1,6
piptazobactam,5,1,6
chaperonin,5,1,6
pancreastatin,5,1,6
betanin,5,1,6
duoject,5,1,6
tinkerine,5,1,6
hydroxyprolin,5,1,6
methoxychlor,5,1,6
glinide,5,1,6
poloxamine,5,1,6
tetrachlorvinphos,5,1,6
lutidine,5,1,6
vinpocetine,5,1,6
bikaverin,5,1,6
acetocarmine,5,1,6
jeffamine,5,1,6
mannoprotein,5,1,6
bisguanidine,5,1,6
indometacine,5,1,6
pnitrophenol,5,1,6
.nicotine,5,1,6
epsiprantel,5,1,6
betamercaptoethanol,5,1,6
darunavircobicistat,5,1,6
bronectin,5,1,6
lancovutide,5,1,6
hluridine,5,1,6
nicilline,5,1,6
artemetherlumefantrine,5,1,6
ciclofosfamide,5,1,6
.berberine,5,1,6
pentatreotide,5,1,6
isocodonocarpine,5,1,6
tilbroquinol,4,2,6
romavermectin,4,2,6
uramustine,4,2,6
bisantrene,4,2,6
namenamicin,4,2,6
fluoruracil,4,2,6
noricumazole,4,2,6
thromoplastin,4,2,6
prolacta,4,2,6
propanil,4,2,6
cinnamide,4,2,6
crotapotin,4,2,6
pascolizumab,4,2,6
delaviradine,4,2,6
a.amantadine,4,2,6
amicogen,4,2,6
atractylolide,4,2,6
spyramicin,4,2,6
mycalamine,4,2,6
hydroquinidine,4,2,6
mercaptopyridine,4,2,6
desferoxamine,4,2,6
emtricitibine,4,2,6
francin,4,2,6
pacini,4,2,6
hydroxychloroquinine,4,2,6
selenocystathionine,4,2,6
obesine,4,2,6
maritidine,4,2,6
pinostrobin,4,2,6
hydromorphine,4,2,6
wortamanin,4,2,6
doxicyclin,4,2,6
rhizophora,4,2,6
raloxifen,4,2,6
facenet,4,2,6
ciprofloxacillin,4,2,6
alfaxadone,4,2,6
olafertinib,4,2,6
aldoxorubicin,4,2,6
piprazine,4,2,6
carbamidomethylcysteine,4,2,6
cobistat,4,2,6
deomycin,4,2,6
icariine,4,2,6
alfonsine,4,2,6
ritonavirlopinavir,4,2,6
fijimycin,4,2,6
larcaviximab,4,2,6
pritumumab,4,2,6
buprenorphene,4,2,6
furaciline,4,2,6
larone,4,2,6
asprin,4,2,6
sulfamethopyrazine,4,2,6
candoxatril,4,2,6
xylomethazoline,4,2,6
gametocide,4,2,6
peptostrep,4,2,6
arbitol,4,2,6
isobavachin,4,2,6
aequorin,4,2,6
xiamycin,4,2,6
selgantolimod,4,2,6
akarizide,4,2,6
lipotamine,4,2,6
quinazolone,4,2,6
dalotuzumab,4,2,6
deoxycitidine,4,2,6
thienoquinoline,4,2,6
ritonavirin,4,2,6
ceflatonin,4,2,6
ramedesivir,4,2,6
advexin,4,2,6
dihydroartemesinin,4,2,6
palivzumab,4,2,6
nanoviricide,4,2,6
methylumbelliferone,4,2,6
aedine,4,2,6
ramosetron,4,2,6
partnerin,4,2,6
neopeltolide,4,2,6
nicainoprol,4,2,6
caldecrin,4,2,6
colchicoside,4,2,6
bicylogermecrene,4,2,6
bulaquine,4,2,6
phomoxanthone,4,2,6
erithromicin,4,2,6
iodone,4,2,6
metallothionin,4,2,6
caesin,4,2,6
penicillenone,4,2,6
sonepcizumab,4,2,6
apicidine,4,2,6
rubranoside,4,2,6
cefetaxime,4,2,6
spirobromine,4,2,6
ficol,4,2,6
zabin,4,2,6
oligooxopiperazine,4,2,6
upamostat,4,2,6
pegasys±lamivudine,4,2,6
.maribavir,4,2,6
ctin,4,2,6
sitaxsentan,4,2,6
cilansetron,4,2,6
novalgin,4,2,6
.omalizumab,4,2,6
.stavudine,4,2,6
meropenemvaborbactam,4,2,6
dexametazone,4,2,6
danazole,4,2,6
efrapeptin,4,2,6
.indomethacin,4,2,6
.posaconazole,4,2,6
borodeuteride,4,2,6
epiregulin,4,2,6
rapamicine,4,2,6
pathromtin,4,2,6
eldesine,4,2,6
camycin,4,2,6
fendiline,3,3,6
bacampicillin,3,3,6
fusafungine,3,3,6
triplatin,3,3,6
pharmorubicin,3,3,6
tiazofurin,3,3,6
chroloquine,3,3,6
bidesethylchloroquine,3,3,6
conole,3,3,6
tetramethoxyluteolin,3,3,6
certinib,3,3,6
hemozoline,3,3,6
celadine,3,3,6
gramine,3,3,6
noroxomaritidine,3,3,6
lersivirine,3,3,6
cathecolamine,3,3,6
ombrabuline,3,3,6
rabimab,3,3,6
methysazone,3,3,6
clorpromazine,3,3,6
terpentin,3,3,6
clorpheniramine,3,3,6
tramlodipine,3,3,6
gancoclovir,3,3,6
sulfamonomethoxine,3,3,6
levaquin,3,3,6
cyclacillin,3,3,6
nematocide,3,3,6
bermekimab,3,3,6
thienodiazepine,3,3,6
pallidiflorine,3,3,6
metranidazole,3,3,6
blastomycin,3,3,6
albaconazole,3,3,6
orantinib,3,3,6
tenovir,3,3,6
necuparanib,3,3,6
phenybutazone,3,3,6
antimutagen,3,3,6
ramsedivir,3,3,6
virbagen,3,3,6
cyanoguanidine,3,3,6
ovostatin,3,3,6
osertamivir,3,3,6
azatanavir,3,3,6
levofloxcin,3,3,6
lonomycin,3,3,6
•azithromycin,3,3,6
dynamin,3,3,6
azidovudine,3,3,6
xanthothricin,3,3,6
ceftrixone,3,3,6
thioredoxine,3,3,6
vesencumab,3,3,6
cotrimoxacole,3,3,6
methisoprinol,3,3,6
nocadozole,3,3,6
prazocin,3,3,6
betazole,3,3,6
difenamizole,3,3,6
fezolamide,3,3,6
dibazole,3,3,6
triazavirine,3,3,6
atipamizole,3,3,6
nazole,3,3,6
homotaurine,3,3,6
avermectine,3,3,6
glesatinib,3,3,6
elrotinib,3,3,6
nistatine,3,3,6
kontopantelis,3,3,6
chlroquine,3,3,6
buphthalmos,3,3,6
lexapro,3,3,6
vidrine,3,3,6
cyprofloxacin,3,3,6
phenobarbitol,3,3,6
canstatin,3,3,6
flucanozole,3,3,6
nelvirapine,3,3,6
fosdevirine,3,3,6
tenefovir,3,3,6
carlumab,3,3,6
osthenole,3,3,6
thiodiazole,3,3,6
menem,3,3,6
butacaine,3,3,6
vedenafil,3,3,6
pemigatinib,3,3,6
ritavancin,3,3,6
virantmycin,3,3,6
dioscorine,3,3,6
taipoxin,3,3,6
gaspasin,3,3,6
asvir,3,3,6
buvir,3,3,6
cyclopropravir,3,3,6
toyocomycin,3,3,6
oméprazole,3,3,6
thiolactomycin,3,3,6
omaciclovir,3,3,6
norodine,3,3,6
endotrophin,3,3,6
adonitol,3,3,6
cirpofloxacin,3,3,6
ceftazadime,3,3,6
evogliptin,3,3,6
bromoform,3,3,6
tofacitnib,3,3,6
diazepine,3,3,6
tiacumicin,3,3,6
nafithromycin,3,3,6
timoprazole,3,3,6
moxifoxacin,3,3,6
azytromycin,3,3,6
duanorubicin,3,3,6
perfenidone,3,3,6
moxidectine,3,3,6
moxifloxicin,3,3,6
ureidopenicilline,3,3,6
cephamycine,3,3,6
halovir,3,3,6
corollosporine,3,3,6
dictegravir,3,3,6
chloroquineor,3,3,6
mutamycin,3,3,6
chloroquinone,3,3,6
amycacin,3,3,6
pleconoril,3,3,6
solutegravir,3,3,6
ximab,3,3,6
olivamide,3,3,6
oxaprotiline,3,3,6
sulfaperin,3,3,6
sulfaperine,3,3,6
iratumumab,3,3,6
eythromycin,3,3,6
duranavir,3,3,6
cholchicine,3,3,6
endostreptosin,3,3,6
galdiesivir,3,3,6
telapravir,3,3,6
isoindirubin,3,3,6
metergoline,3,3,6
cyclodextrine,3,3,6
beomycin,3,3,6
meflin,3,3,6
carbostesin,3,3,6
ayclovir,3,3,6
adecatumumab,3,3,6
valcyclovir,3,3,6
hydroxychorloquine,3,3,6
lopanavir,3,3,6
acetopromazine,3,3,6
inostamycin,3,3,6
chloroproguanil,3,3,6
intradiol,3,3,6
pegamotecan,3,3,6
endocine,3,3,6
panretin,3,3,6
mamin,3,3,6
orthotolodine,3,3,6
dexanabinol,3,3,6
hydroflumethiazide,3,3,6
l'amantadine,3,3,6
chartaceone,3,3,6
zolid,3,3,6
valocyclovir,3,3,6
dillistone,3,3,6
jasin,3,3,6
pyrizinamide,3,3,6
benzodiazapine,3,3,6
anthracyclin,3,3,6
oxodipine,3,3,6
benzphetamine,3,3,6
enticavir,3,3,6
dexflurane,3,3,6
nomifensin,3,3,6
.levofloxacin,3,3,6
entercavir,3,3,6
lamuvudine,3,3,6
cmv.amantadine,3,3,6
lamivudine).emtricitabine,3,3,6
fumarate).tenofovir,3,3,6
nitrobenzene,3,3,6
chorea,3,3,6
valganciklovir,3,3,6
upatacitinib,3,3,6
.paromomycin,3,3,6
influvir,3,3,6
fortan,3,3,6
phenylspirodrimane,3,3,6
leucocin,3,3,6
lofentanil,3,3,6
gemifloxasin,3,3,6
myrifabine,3,3,6
trimethoprimesulphamethoxazole,3,3,6
glynide,3,3,6
aminomethylcoumarin,3,3,6
tricoline,3,3,6
.entecavir,3,3,6
methyllanthionine,3,3,6
.valacyclovir,3,3,6
baneocin,3,3,6
dnrunavir,3,3,6
fotemustin,3,3,6
vudine,3,3,6
pmercaptoethanol,3,3,6
hydroroxochloroquine,3,3,6
bichloride,3,3,6
lycoricidinol,3,3,6
c]vorozole,3,3,6
.tenofovir,3,3,6
phenyialanine,3,3,6
anabasine,3,3,6
ofpiroximone,3,3,6
piroximone,3,3,6
bertosamil,3,3,6
vancornycin,3,3,6
phenylcyclidine,3,3,6
zanamiviroseltamivir,3,3,6
nicarbazine,3,3,6
guttiferone,3,3,6
roxulitinib,3,3,6
gadofluoramide,3,3,6
dindamycin,3,3,6
dehydrocorticosterone,3,3,6
triazoline,3,3,6
dexamphetamine,3,3,6
ibutinib,3,3,6
dexetimide,2,4,6
dahuang,2,4,6
streptavidine,2,4,6
melanoidine,2,4,6
empalumab,2,4,6
mustine,2,4,6
carbazilquinone,2,4,6
teloxantrone,2,4,6
suvratoxumab,2,4,6
carbamazeprine,2,4,6
cinnamamide,2,4,6
northalrugosidine,2,4,6
stephenanthrine,2,4,6
equivir,2,4,6
bisdesethylhydroxychloroquine,2,4,6
dubiusine,2,4,6
redesivir,2,4,6
isolariciresinol,2,4,6
refobacin,2,4,6
triseptin,2,4,6
ruscogenin,2,4,6
semorinemab,2,4,6
pontil,2,4,6
chondrosamine,2,4,6
propidine,2,4,6
aeroxide,2,4,6
clyndamicin,2,4,6
cimentidine,2,4,6
ketimine,2,4,6
deltadehydrocortisone,2,4,6
arylpiperazine,2,4,6
etrasimod,2,4,6
triazolethione,2,4,6
tomentodiplacone,2,4,6
nanosilibinin,2,4,6
myrtucommulone,2,4,6
nidanib,2,4,6
aglycine,2,4,6
pinimentol,2,4,6
turgot,2,4,6
liquiritoside,2,4,6
coumarone,2,4,6
teleocidin,2,4,6
gentimicin,2,4,6
taenicide,2,4,6
vasfi,2,4,6
ruplizumab,2,4,6
ambazone,2,4,6
methylguanidine,2,4,6
prochloperazine,2,4,6
daclastavir,2,4,6
hydroxurea,2,4,6
remicaide,2,4,6
piretanide,2,4,6
proepitheaflagallin,2,4,6
thiole,2,4,6
jatrophatrione,2,4,6
fusariotoxin,2,4,6
tolrestat,2,4,6
matricine,2,4,6
porphyran,2,4,6
perlucin,2,4,6
hydrpxychloroquine,2,4,6
aminacrine,2,4,6
remdecivir,2,4,6
hydroxypregnenolone,2,4,6
glyderinine,2,4,6
fenosterol,2,4,6
duvalumab,2,4,6
fevipiravir,2,4,6
dormectin,2,4,6
fascioquinol,2,4,6
pinkstone,2,4,6
cuilapa,2,4,6
phorbasone,2,4,6
varlilumab,2,4,6
involucrin,2,4,6
batatasin,2,4,6
tocilizimab,2,4,6
cralonin,2,4,6
flt3-l,2,4,6
preproricin,2,4,6
angellicin,2,4,6
brevinine,2,4,6
ipomeamarone,2,4,6
malaxin,2,4,6
proximicin,2,4,6
bacterioferritin,2,4,6
taurodispacamide,2,4,6
koglin,2,4,6
pyrrocidine,2,4,6
mussolini,2,4,6
bezlotixumab,2,4,6
zylazine,2,4,6
dystroglycan,2,4,6
isocineole,2,4,6
oxyguanidine,2,4,6
ketomide,2,4,6
carrizumab,2,4,6
argiprespocin,2,4,6
demoxytocin,2,4,6
cistinexine,2,4,6
tinasponone,2,4,6
besofovir,2,4,6
obamegine,2,4,6
gustin,2,4,6
ircinol,2,4,6
mirikizumab,2,4,6
ziektegeschiedenis,2,4,6
stelletamine,2,4,6
2mercaptoethanol,2,4,6
pregablin,2,4,6
ademetionin,2,4,6
succinylacetone,2,4,6
eluxadoline,2,4,6
nikitin,2,4,6
folliculin,2,4,6
levilimab,2,4,6
xanthotoxin,2,4,6
azemiopsin,2,4,6
iptakalim,2,4,6
echimidine,2,4,6
favipriavir,2,4,6
h]deoxycorticosterone,2,4,6
gadoversetamide,2,4,6
denosomab,2,4,6
céphalosporine,2,4,6
hydrea,2,4,6
dextrocetirizine,2,4,6
promide,2,4,6
jagaricin,2,4,6
pregabaline,2,4,6
renierone,2,4,6
finnis,1,5,6
prosthogonimus,1,5,6
triethylenetetramine,1,5,6
propanole,1,5,6
cyclobutanone,1,5,6
guanabenz,1,5,6
triepoxide,1,5,6
arduini,1,5,6
forodesin,1,5,6
azothiaprine,1,5,6
tris‐glycine,1,5,6
kybernin,1,5,6
oxotremorine,1,5,6
aprataxin,1,5,6
3-methylhistidine,1,5,6
omuralide,1,5,6
menotropin,1,5,6
boldenone,1,5,6
galeterone,1,5,6
osteoclasts,1,5,6
isoetharine,1,5,6
dalanine,1,5,6
biobutanol,1,5,6
rondani,1,5,6
nitrothiazole,1,5,6
lucifensin,1,5,6
"sb277,011a",1,5,6
bischloroethylnitrosourea,1,5,6
pentone,1,5,6
pyrrolysine,1,5,6
brancolini,1,5,6
apbsct,1,5,6
asarone,1,5,6
lucanthone,1,5,6
fongizone,1,5,6
bcatenin,1,5,6
glycyrrhisoflavone,1,5,6
pyocyanin,1,5,6
homocarnosine,1,5,6
calsequestrin,1,5,6
ganatra,1,5,6
dypirone,1,5,6
indagine,1,5,6
αvβ5,1,5,6
gingras,1,5,6
humanin,1,5,6
entrambi,1,5,6
knime,0,6,6
mauvine,0,6,6
anmerkungen,0,6,6
adipokine,0,6,6
auffassungen,0,6,6
paludrine,0,6,6
propionyl,0,6,6
tingenone,0,6,6
glucuronopyranoside,0,6,6
thorburne,0,6,6
arzanol,0,6,6
arinaminpathy,0,6,6
peptidhormone,0,6,6
übergreifen,0,6,6
comagine,0,6,6
cordycep,0,6,6
phenylmethylsulphonylfluoride,0,6,6
schwangerschaftskomplikationen,0,6,6
cholezystokinin,0,6,6
leccinine,0,6,6
fahle,0,6,6
gyeongnam,0,6,6
brukinsa,0,6,6
nauwynck,0,6,6
appressorium,0,6,6
aac(3)-ii,0,6,6
bichara,0,6,6
rottman,0,6,6
chymus,0,6,6
intermine,0,6,6
godbole,0,6,6
cyclooctylpyranone,0,6,6
elfamycin,0,6,6
coumarine,0,6,6
desoxyrhapontigenin,0,6,6
pavelin,0,6,6
genescan,0,6,6
tongxin,0,6,6
tsetlin,0,6,6
phenanthroquinolizidine,0,6,6
boehmeriasin,0,6,6
deoxyadeonosine,0,6,6
dimedone,0,6,6
olsufyeva,0,6,6
monascorubramine,0,6,6
aspergillomarasmine,0,6,6
fdr_p,0,6,6
behinderungen,0,6,6
touraine,0,6,6
proclin,0,6,6
guoyao,0,6,6
azothioprine,0,6,6
\hline,0,6,6
azithromicyn,0,6,6
koretzky,0,6,6
dioxole,0,6,6
torácicos,0,6,6
lichenysin,0,6,6
perraudin,0,6,6
chlormadinone,0,6,6
takizawa,0,6,6
bacteremias,0,6,6
yammine,0,6,6
gostin,0,6,6
soskine,0,6,6
pépin,0,6,6
nonanucleotide,0,6,6
arg624,0,6,6
keegan,0,6,6
mesothelin,0,6,6
dodecasaccharide,0,6,6
trigeminy,0,6,6
anadamantine,0,6,6
retiga,0,6,6
plasmoquine,0,6,6
quascade,0,6,6
thiamine pyrophosphate,0,6,6
zeste,0,6,6
pataccini,0,6,6
carcinogenesis,0,6,6
c.porcine,0,6,6
endomucin,0,6,6
sardilipin,0,6,6
microslide,0,6,6
columbin,0,6,6
vindoline,0,6,6
lobinavir,0,6,6
motorin,0,6,6
métronidazole,0,6,6
potassium carbonate,0,6,6
isocytosine,0,6,6
leu104,0,6,6
ferreyra,0,6,6
losec,0,6,6
arabinosylguanine,0,6,6
racemic epinephrine,0,6,6
antihypothalamus,0,6,6
mac387,0,6,6
immunoevasin,0,6,6
chromosomensatz,0,6,6
gemeine,0,6,6
marcone,0,6,6
karα,0,6,6
aspirationsrisiko,0,6,6
aufsatz,0,6,6
schutzmechanismus,0,6,6
neobone,0,6,6
bativs,0,6,6
triflupromazine hydrochloride,0,6,6
ferrannini,0,6,6
peptidylarginine,0,6,6
glycyrdione,0,6,6
nonalactone,0,6,6
proteostat,0,6,6
yousfi,0,6,6
hyperparathyreoidismus,0,6,6
ciccarelli,0,6,6
transkutan,0,6,6
talca,0,6,6
isoscopoletin,0,6,6
prx002,0,6,6
alradhawi,0,6,6
giannone,0,6,6
fayiah,0,6,6
sazetidine,0,6,6
postvaccine,0,6,6
ml)/streptomycin,0,6,6
zymogram,0,6,6
solutol,0,6,6
amandatine,0,6,6
cor388,0,6,6
lipopolisaccharide,0,6,6
kuttan,0,6,6
ophioglonol,0,6,6
dendata,0,6,6
nitroanilin,0,6,6
benzo[de]isoquinolin-5-yl)propenamide,0,6,6
sodium butyrate,0,6,6
kanatjan,0,6,6
galperin,0,6,6
neurophysiol,0,6,6
moringine,0,6,6
thanatin,0,6,6
azetidinone,0,6,6
olomoucine,0,6,6
eosinofilie,0,6,6
tahamtan,0,6,6
araña,0,6,6
sinaclone,0,6,6
equex,0,6,6
prajapati,0,6,6
absiedlungen,0,6,6
flonase,0,6,6
kälteagglutinine,0,6,6
filipov,0,6,6
cscmvi,0,6,6
ferbas,0,6,6
donini,0,6,6
hitzeschockproteine,0,6,6
santamouris,0,6,6
khaireddine,0,6,6
csj148,0,6,6
raeside,0,6,6
ströhle,0,6,6
graziani,0,6,6
antivert,0,6,6
regelmäßigen,0,6,6
rindsholm,0,6,6
sourvinos,0,6,6
fachdisziplinen,0,6,6
polysulfide,0,6,6
totimpfungen,0,6,6
lebendimpfungen,0,6,6
tetrabromide,0,6,6
oligopyridine,0,6,6
depsidone,0,6,6
tripelennamine hydrochloride,0,6,6
chuzhou,0,6,6
tabaxin,0,6,6
svennerholm,0,6,6
albonoursin,0,6,6
ketorolac tromethamine,0,6,6
filippini,0,6,6
kouppari,0,6,6
biancone,0,6,6
phosphoamide,0,6,6
ngs910,0,6,6
nitrosodiethylamine,0,6,6
chloroacetone,0,6,6
totimpfstoffen,0,6,6
glycerophosphocholine,0,6,6
samadpour,0,6,6
lipooligosaccharide,0,6,6
abmart,0,6,6
reisine,0,6,6
pissurno,0,6,6
lusupultide,0,6,6
hepatopathy,0,6,6
azanucleoside,0,6,6
maccari,0,6,6
ghourchian,0,6,6
kontron,0,6,6
grattini,0,6,6
sinusoide,0,6,6
protionamide,0,6,6
nordercitin,0,6,6
metavinculin,0,6,6
fantini,0,6,6
pestalone,0,6,6
heptaubiquitin,0,6,6
alverine,0,6,6
bicyclosesquiphellandrene,0,6,6
balsacone,0,6,6
libourne,0,6,6
proscar,0,6,6
immunoadhesin,0,6,6
trifluoromethylketone,0,6,6
thiocarbohydrazide,0,6,6
lophocladine,0,6,6
epiaplysinol,0,6,6
fragilysin,0,6,6
nuzyra,0,6,6
cyclohexylmethylamine,0,6,6
spiroepoxide,0,6,6
guilhou,0,6,6
poliovakzine,0,6,6
h-460,0,6,6
nitropyridine,0,6,6
melanolipofuscin,0,6,6
sitost-4-en-3-one,0,6,6
pickart,0,6,6
gausman,0,6,6
bandarabbas,0,6,6
calantone,0,6,6
tylocin,0,6,6
dihydrodiol,0,6,6
alflutop,0,6,6
hygieneregime,0,6,6
schluckstörungen,0,6,6
infectex,0,6,6
btz043,0,6,6
crambescin,0,6,6
metronizadole,0,6,6
methylergonovine,0,6,6
spirothiazolidinone,0,6,6
calcium gluconate,0,6,6
bedingen,0,6,6
dicyandiamide,0,6,6
profilin,0,6,6
secoisolariciresinol,0,6,6
cycloartenol,0,6,6
xatkit,0,6,6
verotoxin,0,6,6
amentaflavone,0,6,6
créatinine,0,6,6
aminobenzoylhydrazone,0,6,6
pierisin,0,6,6
rizzato,0,6,6
tegeline,0,6,6
geweke,0,6,6
missbildungen,0,6,6
déhydroépiandrostérone,0,6,6
turkaka,0,6,6
amyrone,0,6,6
baglivio,0,6,6
fokine,0,6,6
rilmazafone,0,6,6
gensim,0,6,6
calgranuline,0,6,6
marblestone,0,6,6
bme280,0,6,6
trifluoride,0,6,6
viglione,0,6,6
trisphaeridine,0,6,6
vanitaracin,0,6,6
lactosylceramide,0,6,6
betrugen,0,6,6
transsphinkterzone,0,6,6
euphowelwitschine,0,6,6
euphotuckeyanol,0,6,6
hernandezine,0,6,6
biscoclaurine,0,6,6
anzaldúan,0,6,6
hysplit,0,6,6
lebiini,0,6,6
groenewegen,0,6,6
margalit,0,6,6
f41,0,6,6
lupanine,0,6,6
isoliquiritoside,0,6,6
iristectorigenin,0,6,6
tropismus,0,6,6
thaligine,0,6,6
raucher,0,6,6
sylimarin,0,6,6
subkutan,0,6,6
fargier,0,6,6
liqcoumarin,0,6,6
schaftoside,0,6,6
lisuride,0,6,6
arnone,0,6,6
decatransin,0,6,6
tvb024,0,6,6
preprone,0,6,6
mermod,0,6,6
sulfonylarbidol,0,6,6
therapieempfehlungen,0,6,6
pil-22,0,6,6
teresina,0,6,6
munduleaflavanone,0,6,6
tataguine,0,6,6
virus•feline,0,6,6
assoanine,0,6,6
leishvacin,0,6,6
tianshu,0,6,6
pyrazolidinone,0,6,6
scheinin,0,6,6
dmoesin,0,6,6
grosfoguel,0,6,6
acanthifolicin,0,6,6
scuole,0,6,6
procedure.•,0,6,6
pipéracilline,0,6,6
convenzione,0,6,6
nozione,0,6,6
infine,0,6,6
threefourths,0,6,6
.vaccine,0,6,6
méthadone,0,6,6
centrifugazione,0,6,6
considerevole,0,6,6
elbein,0,6,6
stage.•,0,6,6
prealbumine,0,6,6
cumarine,0,6,6
plagemann,0,6,6
buspar,0,6,6
accupril,0,6,6
hyorhinis,0,6,6
alloantigen,0,6,6
carabañ,0,6,6
ontwikkelingen,0,6,6
.porcine,0,6,6
medicin,0,6,6
perrini,0,6,6
lalanine,0,6,6
neutriphil,0,6,6
kazuhiko,0,6,6
fortynine,0,6,6
bromoconduritol,0,6,6
eccrine,0,6,6
dgalactosamine,0,6,6
zellulärer,0,6,6
thrombogram,0,6,6
entwicklungsstörungen,0,6,6
verbindungen,0,6,6
l[35s]methionine,0,6,6
héparine,0,6,6
mellea,0,6,6
l'érythromycine,0,6,6
reticulin,0,6,6
kneba,0,6,6
jonger,0,6,6
oxathiine,0,6,6
terrorverdächtigen,0,6,6
steroidsaponine,0,6,6
gendichte,0,6,6
isografts,0,6,6
fusione,0,6,6
differenziazione,0,6,6
espansione,0,6,6
l'infiammazione,0,6,6
″,0,6,6
caratterizzazione,0,6,6
l'induzione,0,6,6
fagaronine,0,6,6
causato,0,6,6
a-310,0,6,6
trapianti,0,6,6
acroleine,0,6,6
wolframin,0,6,6
pyrazinone,0,6,6
pyrazoleethiazolidinone,0,6,6
pao579,0,6,6
journalismus,0,6,6
passagen,0,6,6
coesione,0,6,6
d'istruzione,0,6,6
prestazione,0,6,6
trasformazione,0,6,6
marcet,5,0,5
interchain,5,0,5
bialaphos,5,0,5
huc,5,0,5
adjuvants,5,0,5
pf,5,0,5
h.influenzae,5,0,5
dihydroxylated,5,0,5
bacillecalmette-guérinvaccine,5,0,5
cortisol/cortisone,5,0,5
cortisol-cortisone,5,0,5
tr,5,0,5
annulirostris,5,0,5
parasympathomimetic,5,0,5
surfactantapoproteins,5,0,5
prizidilol,5,0,5
alliumfistulosum,5,0,5
israeliis/1494/06,5,0,5
trimodulin,5,0,5
mitreva,5,0,5
qiangqin,5,0,5
alstom,5,0,5
uebmi,5,0,5
jobson,5,0,5
tetracalcium,5,0,5
2012).it,5,0,5
ramin,5,0,5
lamprey,5,0,5
tonopentonometry,5,0,5
anti-serotonin,5,0,5
manuel,5,0,5
ser82,5,0,5
metha,5,0,5
jammu,5,0,5
isoamylol,5,0,5
hier,5,0,5
il‐23,5,0,5
per1,5,0,5
netb,5,0,5
melampsora,5,0,5
trilink,5,0,5
mir-590,5,0,5
theorem,5,0,5
[8,5,0,5
lipa,5,0,5
mir34,5,0,5
adrenomedullin-2,5,0,5
hgv,5,0,5
vzvvaccine,5,0,5
sunflowers,5,0,5
bismuth-corlette,5,0,5
ambi,5,0,5
prostaglandind2,5,0,5
voretigene,5,0,5
egon,5,0,5
tam,5,0,5
tomita,5,0,5
usp50,5,0,5
colistin/resveratrol,5,0,5
venglustat,5,0,5
2006).it,5,0,5
molgramostim,5,0,5
eiger,5,0,5
prna-sirna/2a,5,0,5
alesi,5,0,5
blackberry,5,0,5
thermophilus,5,0,5
"2,3-dimercaptopropanol",5,0,5
23-valentpolysaccharide,5,0,5
mfgm,5,0,5
h]anthracene,5,0,5
ciprofloxaxin,5,0,5
karlereky,5,0,5
xcl,5,0,5
denisova,5,0,5
eunice,5,0,5
hhl,5,0,5
glycine-conjugated,5,0,5
gurugram,5,0,5
francisbacon,5,0,5
dipiroxil,5,0,5
cyanidins,5,0,5
enterovirus70,5,0,5
aryl-aminoalcohols,5,0,5
anti-trail,5,0,5
brazol,5,0,5
pulis,5,0,5
proalarioides,5,0,5
prolecithodiplostomum,5,0,5
gabonicum,5,0,5
cystodiplostomum,5,0,5
citrireticulataepericarpium,5,0,5
14-amino-acid,5,0,5
k15,5,0,5
peg-ifnα2a,5,0,5
oxaprozin,5,0,5
pghs-2,5,0,5
pgf2,5,0,5
engels,5,0,5
ardipithecus,5,0,5
parecoxib,5,0,5
veregen,5,0,5
camomile,5,0,5
purothionin,5,0,5
peto,5,0,5
rbx1,5,0,5
5-fu/leucovorin,5,0,5
wdba,5,0,5
bonobos,5,0,5
tussis,5,0,5
loperamid,5,0,5
variolae,5,0,5
krugman,5,0,5
bambus2,5,0,5
presystolic,5,0,5
lactan,5,0,5
7-valentconjugate,5,0,5
janos,5,0,5
enoch,5,0,5
tolnaftate,5,0,5
embryotoxic,5,0,5
hibiscusacid,5,0,5
radice,5,0,5
hortaea,5,0,5
mesnil,5,0,5
lexa,5,0,5
xanthium,5,0,5
saussurea,5,0,5
parviflorum,5,0,5
biotin-dutp,5,0,5
boc,5,0,5
zadaxin,5,0,5
boisen,5,0,5
xenophon,5,0,5
dickcheney,5,0,5
dimethylbusulfan,5,0,5
-mycin,5,0,5
epirubicinol,5,0,5
anthracenediones,5,0,5
camptothecaacuminata,5,0,5
raltitrexed,5,0,5
levoleucovorin,5,0,5
co-vidarabine,5,0,5
carbosynth,5,0,5
(rp)-remdesivir,5,0,5
neuroleptika,5,0,5
family,5,0,5
ari,5,0,5
gamma-globulin,5,0,5
antihistaminicum,5,0,5
ureaplasma,5,0,5
rife,5,0,5
25-dihydroxyvitamind3,5,0,5
manganosalen,5,0,5
se-isil,5,0,5
l-bp,5,0,5
anti-il-5,5,0,5
netanyahu,5,0,5
lucius,5,0,5
rensis,5,0,5
li-heparin,5,0,5
glyco-gag,5,0,5
sars-cov/ace2,5,0,5
tett,5,0,5
tryptan,5,0,5
paribus,5,0,5
mir-222,5,0,5
peptostreptococcus,5,0,5
sustiva,5,0,5
gualou,5,0,5
asparticacids,5,0,5
phpa,5,0,5
blvp,5,0,5
salvadora,5,0,5
(r)-cryptopleurine,5,0,5
ovata,5,0,5
xuelin,5,0,5
xilometazolina,5,0,5
phosphorodiamidate,5,0,5
jaz,5,0,5
zoek,5,0,5
soleasenegalensis,5,0,5
oxalobacter,5,0,5
boutyline,5,0,5
thiabendazol,5,0,5
álvaro,5,0,5
carbonyl,5,0,5
lopinavir/ritonavir-interferon,5,0,5
niguldipine,5,0,5
sat,5,0,5
ufa,5,0,5
plantae,5,0,5
sein,5,0,5
verasper,5,0,5
genheden,5,0,5
mycalamidea,5,0,5
seresto,5,0,5
27-hydroxycholesterol,5,0,5
hbegf,5,0,5
comp,5,0,5
ril,5,0,5
ebi-005,5,0,5
insgesamt,5,0,5
silica/guanidine,5,0,5
canna,5,0,5
petr,5,0,5
nor-adrenalin,5,0,5
agrostis,5,0,5
peg-intron,5,0,5
rp-002,5,0,5
paranitroanilide,5,0,5
ethyl-carbazole,5,0,5
ipragliflozin,5,0,5
mlsg15-plus-mogamulizumab,5,0,5
doxorubicin-based,5,0,5
atopobium,5,0,5
gurevich,5,0,5
pectoralis,5,0,5
astragaluspolysaccharide,5,0,5
tylophoraindica,5,0,5
essiac,5,0,5
convallaria,5,0,5
boswellic,5,0,5
angelicasinensis,5,0,5
palmitates,5,0,5
capsicum,5,0,5
nx,5,0,5
azalea,5,0,5
gp45,5,0,5
gga-mir-1454,5,0,5
gga-mir-215-5p,5,0,5
gga-mir-3538,5,0,5
gga-mir-1a-3p,5,0,5
wilfordii,5,0,5
surolia,5,0,5
δ9-thc,5,0,5
chlorobutanol,5,0,5
spm,5,0,5
aminosterol,5,0,5
hbot,5,0,5
sp10/20,5,0,5
mucilair,5,0,5
il-10r1,5,0,5
norum,5,0,5
hrp-avidin,5,0,5
avx-512,5,0,5
antimuscarinic,5,0,5
hexachloroethane,5,0,5
jamia,5,0,5
xenobiotics,5,0,5
ampicillin‐sulbactam,5,0,5
gabriella,5,0,5
cathepsinl,5,0,5
cyclosporine-cyclophilin,5,0,5
methylase,5,0,5
lipotoxicity,5,0,5
adebisi,5,0,5
quercetinglycosides,5,0,5
martino,5,0,5
scd4-ig,5,0,5
enemies,5,0,5
z-devd-fmk,5,0,5
ismael,5,0,5
trypsin-edta,5,0,5
phytanyl,5,0,5
cpg‐odn,5,0,5
sirt,5,0,5
α-cyclodextrin,5,0,5
rxr,5,0,5
mrmp,5,0,5
germicides,5,0,5
alpha-amanitin,5,0,5
benlysta,5,0,5
cyramza,5,0,5
25‐hydroxyvitamin,5,0,5
motin,5,0,5
combretastatins,5,0,5
atomoxetin,5,0,5
heparined,5,0,5
polyglot,5,0,5
atg12–atg5,5,0,5
jak1/2-inhibitor,5,0,5
dolly,5,0,5
dollyparton,5,0,5
6-mercaptopurina,5,0,5
urograffin,5,0,5
ampicillin/penicillin,5,0,5
capricor,5,0,5
hanszinsser,5,0,5
ivermectina,5,0,5
pigmentosa,5,0,5
3-ureidopropionate,5,0,5
cov-1,5,0,5
cervarix®,5,0,5
dahuricus,5,0,5
neca,5,0,5
hepatosteatosis,5,0,5
hyperuricemia,5,0,5
uricosuric,5,0,5
1880,5,0,5
mirjam,5,0,5
gskβ,5,0,5
tilapia,5,0,5
prog,5,0,5
lamp,5,0,5
liposomaldnavaccine,5,0,5
selenites,5,0,5
cytogen,5,0,5
bm-mscs,5,0,5
keith,5,0,5
asf,5,0,5
3-mercaptopropionicacid,5,0,5
tsironis,5,0,5
pf-04859989,5,0,5
glycyron,5,0,5
mir-98,5,0,5
levulinic,5,0,5
brp,5,0,5
ubprox,5,0,5
glutathions,5,0,5
oportuzumab,5,0,5
cortexphellodendri,5,0,5
isoniazid-,5,0,5
oxymel,5,0,5
stanol,5,0,5
valladolideste,5,0,5
capsule,5,0,5
high-dosevc,5,0,5
cocaine-,5,0,5
alexin,5,0,5
grene,5,0,5
mercurial,5,0,5
vikas,5,0,5
thoracoscopic,5,0,5
hinokiol,5,0,5
greenberg,5,0,5
mesyl,5,0,5
oxazolidone,5,0,5
quinine/quinidine,5,0,5
non-cisplatin,5,0,5
arzt,5,0,5
dengue-fieber,5,0,5
bay11-,5,0,5
vancomycin/teicoplanin,5,0,5
antiglycation,5,0,5
cpg-stat3-sirna,5,0,5
aristolochic,5,0,5
polyestradiol,5,0,5
silvaco,5,0,5
zitromax,5,0,5
acetylated-lysine,5,0,5
laryngoplasty,5,0,5
streftaris,5,0,5
cortaderia,5,0,5
bcht,5,0,5
cp11,5,0,5
lactamin,5,0,5
bas,5,0,5
vig,5,0,5
benazeprilhydrochloride,5,0,5
jaana,5,0,5
andre,5,0,5
tandil,5,0,5
bailout,5,0,5
longoni,5,0,5
polyphylla,5,0,5
algorithm,5,0,5
6.it,5,0,5
tadelis,5,0,5
radixscutellaria,5,0,5
scn−,5,0,5
tacrolimus/cyclosporine,5,0,5
cpg-oligodeoxynucleotide,5,0,5
viniferifuran,5,0,5
virgil,5,0,5
aminoglycosiden,5,0,5
zografos,5,0,5
b).it,5,0,5
axb,5,0,5
albiflorin,5,0,5
amyndas,5,0,5
lantian,5,0,5
richet,5,0,5
seleninicacid,5,0,5
microneedle,5,0,5
pyrimethamine-sulfadiazine,5,0,5
atria,5,0,5
flur,5,0,5
koharudin,5,0,5
pentra,5,0,5
polyunsaturatedfattyacids,5,0,5
aapro,5,0,5
eum,5,0,5
deniz,5,0,5
methyl‐β‐cyclodextrin,5,0,5
aparna,5,0,5
gymnin,5,0,5
rotavirusvaccines,5,0,5
chikv,5,0,5
adib,5,0,5
xis,5,0,5
leishmune®,5,0,5
wheatbran,5,0,5
neuroleptic,5,0,5
stapling,5,0,5
dibromoxylene,5,0,5
werner,5,0,5
amoxicillin/ampicillin,5,0,5
lumirem,5,0,5
z-vad,5,0,5
rna2,5,0,5
xylosides,5,0,5
maculipennis,5,0,5
psychodidae,5,0,5
los,5,0,5
alcohol-base,5,0,5
tiziana,5,0,5
glutamine-rich,5,0,5
oriol,5,0,5
jerome,5,0,5
ifnl2,5,0,5
dl-methionine,5,0,5
lysine-aspirin,5,0,5
bondapak,5,0,5
ganciclovir-,5,0,5
hiv-1.abacavir,5,0,5
stavudine/lamivudine,5,0,5
zidovudine/didanosine,5,0,5
stavudine/didanosine,5,0,5
tenofovir/lamivudine/abacavir,5,0,5
tetracycline/ml,5,0,5
cpg-1826,5,0,5
convoy,5,0,5
amphotericin-b.,5,0,5
smalt,5,0,5
t-10,5,0,5
bahlol,5,0,5
niederrhein,5,0,5
probis,5,0,5
tfp,5,0,5
pen110,5,0,5
progeria,5,0,5
nitrophenyl,5,0,5
coto,5,0,5
scrophulariae,5,0,5
bergman,5,0,5
dd778,5,0,5
apn01,5,0,5
drusano,5,0,5
six-cysteine,5,0,5
antitachycardia,5,0,5
antisenseps‐odns,5,0,5
serra,5,0,5
mentholrubs,5,0,5
omega-3polyunsaturatedfattyacids,5,0,5
endobulin,5,0,5
sodiumorthovanadate,5,0,5
trim31,5,0,5
trim11,5,0,5
gujrat,5,0,5
angiotensin1–7,5,0,5
2f5,5,0,5
viruzide,5,0,5
azathioprine/6-mercaptopurine,5,0,5
artesunate-pyronaridine,5,0,5
marboran,5,0,5
chelating,5,0,5
cajeput,5,0,5
rnd,5,0,5
lvd,5,0,5
peracetylated,5,0,5
harzer,5,0,5
latoxan,5,0,5
nitrospira,5,0,5
non-penicillin,5,0,5
smad7,5,0,5
un-pegylated,5,0,5
pegylated-interferon-α,5,0,5
bb12,5,0,5
co-oximetry,5,0,5
anti-allergen,5,0,5
eaas,5,0,5
atol,5,0,5
crisp,5,0,5
defibrotid,5,0,5
cerenius,5,0,5
p14,5,0,5
iodinate,5,0,5
nup54,5,0,5
dyngo-4a,5,0,5
tyrphostina9,5,0,5
quininebark,5,0,5
vegans,5,0,5
aladin,5,0,5
miltiorrhizae,5,0,5
monacor,5,0,5
"1,25(oh)d",5,0,5
dcpp,5,0,5
epicoccum,5,0,5
microcantilever,5,0,5
quila,5,0,5
"2′,4′-dichlorobenzamil",5,0,5
a.vestita,5,0,5
pc-3,5,0,5
labyrinthopeptina1,5,0,5
saipem,5,0,5
phenoxazone,5,0,5
sushruta,5,0,5
radixsaposhnikoviae,5,0,5
ctkd,5,0,5
usa.7,5,0,5
matrix-madjuvant,5,0,5
enemy,5,0,5
scibert,5,0,5
tlr4-agonist,5,0,5
bernier,5,0,5
warmia,5,0,5
oxaliplatin-loaded,5,0,5
fortiflora,5,0,5
n-acetyl-galactosamine,5,0,5
fdc,5,0,5
panthenol,5,0,5
chymotryptic,5,0,5
hnp1,5,0,5
c.japonica,5,0,5
vaporizers,5,0,5
summary/conclusion,5,0,5
omrix,5,0,5
phyllitis,5,0,5
alola,5,0,5
lema,5,0,5
cinc,5,0,5
angiotensinii,5,0,5
mozambicans,5,0,5
ait,5,0,5
chumakov,5,0,5
cannabisindica,5,0,5
amoxacillin-clavulanic,5,0,5
ribavirin-based,5,0,5
darknet-19,5,0,5
lumazone,5,0,5
tunguska,5,0,5
bafa,5,0,5
letea,5,0,5
genolyptus,5,0,5
eucons04,5,0,5
niterói,5,0,5
goldfinch,5,0,5
ribozymes,5,0,5
huelsenbeck,5,0,5
micatrio,5,0,5
β-tryptase,5,0,5
proth,5,0,5
baraldi,5,0,5
hibconjugate,5,0,5
epidermophyton,5,0,5
hs-1,5,0,5
resins,5,0,5
mitura,5,0,5
polysulfonates,5,0,5
bch,5,0,5
biphenyl,5,0,5
l-nac,5,0,5
l-threitol,5,0,5
benesi,5,0,5
hr-2,5,0,5
nabil,5,0,5
bauhinioides,5,0,5
dioclea,5,0,5
flavirostris,5,0,5
cholinium,5,0,5
moreo,5,0,5
luteovirusbarley,5,0,5
emtricitabine-tenofovir-treated,5,0,5
met114,5,0,5
vb12,5,0,5
pranata,5,0,5
azaadamantanes,5,0,5
luminogen,5,0,5
maltophila,5,0,5
vkas,5,0,5
farnesyl-cysteine,5,0,5
ozagrel,5,0,5
ogata,5,0,5
artesunate/amodiaquine,5,0,5
artesunate/mefloquine,5,0,5
tsipras,5,0,5
owl,5,0,5
diphenylhyantoin,5,0,5
propranalol,5,0,5
arochlor,5,0,5
adrenoreceptor,5,0,5
15-ketosterol,5,0,5
westlin,5,0,5
chalconatus,5,0,5
lactiplantibacillus,5,0,5
salford,5,0,5
ivar,5,0,5
wainer,5,0,5
erv14,5,0,5
ursotamin,5,0,5
algu,5,0,5
tetravalentdengue,5,0,5
lactobacilluscasei,5,0,5
quadrivalenthpv6/11/16/18,5,0,5
artemeter,5,0,5
maxidex,5,0,5
zidar,5,0,5
globins,5,0,5
iridocyclitis,5,0,5
piracicaba,5,0,5
iodoxanol,5,0,5
zinc0000146942,5,0,5
5-methyldeoxycytidine,5,0,5
hydrochlorideacid,5,0,5
amarin,5,0,5
anti-tnfs,5,0,5
cerin,5,0,5
dipropionato,5,0,5
grenadine,5,0,5
nar,5,0,5
punicalin,5,0,5
­pomegranate,5,0,5
holte,5,0,5
glutathiolation,5,0,5
río,5,0,5
ca(oh)2,5,0,5
listerine,5,0,5
mindin,5,0,5
ama1,5,0,5
socs2,5,0,5
assad,5,0,5
pd123177,5,0,5
pd123319,5,0,5
pyrazinamidase,5,0,5
hendrix,5,0,5
phenoxymethyl,5,0,5
fcγriii,5,0,5
vesatolimod,5,0,5
motifd,5,0,5
ppv-23,5,0,5
mirna-145,5,0,5
fuscocephala,5,0,5
iron-fortified,5,0,5
narayana,5,0,5
levofloxacin-doripenem,5,0,5
piperacilin-tazobactam,5,0,5
thiazolidinediones,5,0,5
herbaepimedii,5,0,5
maike,5,0,5
acetolactate,5,0,5
lna-anti-mir-122,5,0,5
esel,5,0,5
lanata,5,0,5
eucodonia,5,0,5
gsfs,5,0,5
hololactoferrin,5,0,5
gentamicin/kanamycin,5,0,5
perfluorocarbon,5,0,5
gsk2606414,5,0,5
cophenylcaine,5,0,5
newberry,5,0,5
gal-9,5,0,5
adalia,5,0,5
apron,5,0,5
oak,5,0,5
dmog,5,0,5
malarial,5,0,5
adamantine-peg,5,0,5
4-hydroxycoumarin,5,0,5
bito,5,0,5
lombardi,5,0,5
curato,5,0,5
map44,5,0,5
co-chair,5,0,5
pop65,5,0,5
siliconeoil,5,0,5
napster,5,0,5
fluorescent,5,0,5
pvp-imouthwash,5,0,5
hdacv,5,0,5
atm,5,0,5
saffan,5,0,5
taz/pipc,5,0,5
cys34,5,0,5
ginsengsaponins,5,0,5
natura,5,0,5
vasicine,5,0,5
volsurf,5,0,5
pollio,5,0,5
deae-dextran,5,0,5
cag,5,0,5
aminomethylcyclines,5,0,5
penicillin-s,5,0,5
saene,5,0,5
nanoshell,5,0,5
kristine,5,0,5
sgg,5,0,5
rbd-biotin,5,0,5
visa,5,0,5
jujube,5,0,5
carbonate,5,0,5
wupyv,5,0,5
denali,5,0,5
cellulosic,5,0,5
brenk,5,0,5
povd,5,0,5
sporamin,5,0,5
2′c-methyl-cytidine,5,0,5
α‐lipoicacid,5,0,5
s-benzyl-l-cysteine,5,0,5
5-s-cysteinyldopamine,5,0,5
s-adenosylmethionine,5,0,5
dcvc,5,0,5
ketamine-diazepam,5,0,5
gro,5,0,5
vitellogenins,5,0,5
oxidase,5,0,5
mbha,5,0,5
zap,5,0,5
d-cysteine,5,0,5
scorpio,5,0,5
herc6,5,0,5
vanadyl,5,0,5
uv-light,5,0,5
ressv,5,0,5
rinorappuoli,5,0,5
benzathin-penicillin,5,0,5
clindamycins,5,0,5
orf2,5,0,5
theldt3-avaccine,5,0,5
bisi,5,0,5
loimos,5,0,5
tripterygiumhypoglaucum,5,0,5
carnap,5,0,5
non-glycine,5,0,5
parvifolium,5,0,5
vanolo,5,0,5
pontus,5,0,5
wf4,5,0,5
adenovirusvaccine,5,0,5
vip36,5,0,5
haplogen,5,0,5
lopinavar/ritonavir,5,0,5
yifat,5,0,5
noguti,5,0,5
max,5,0,5
scdf,5,0,5
gadus,5,0,5
isovitexin,5,0,5
mpro-boceprevir,5,0,5
dimethylsulfate,5,0,5
polyuridine,5,0,5
o3,5,0,5
georgina,5,0,5
sulphadoxine/pyrimethamine,5,0,5
16e5,5,0,5
rotavirusnsp4,5,0,5
pegu,5,0,5
plx-pad,5,0,5
nora,5,0,5
beta-carotenes,5,0,5
spinel,5,0,5
anti-rank,5,0,5
mab-sct,5,0,5
elastomeric,5,0,5
μ-,5,0,5
tazobactamsodium,5,0,5
nemaline,5,0,5
na-azide,5,0,5
kyphoscoliosis,5,0,5
mopp,5,0,5
lopinavir/ritonavir/interferon-beta-1b,5,0,5
"1,25-hydroxyvitamin",5,0,5
cefotaxime-,5,0,5
cefepime-,5,0,5
piperacillin/tazobactam-,5,0,5
az-1,5,0,5
hannah,5,0,5
spivak,5,0,5
nicolas,5,0,5
ginsenosiderg2,5,0,5
rg2,5,0,5
clidox,5,0,5
wg6,5,0,5
graminoid,5,0,5
srage,5,0,5
miricola,5,0,5
18o,5,0,5
ilu,5,0,5
whitmania,5,0,5
emanuela,5,0,5
vancomycin-lock,5,0,5
tautomerism,5,0,5
cystography,5,0,5
else,5,0,5
sangstat,5,0,5
argyle,5,0,5
smotrys,5,0,5
mallia,5,0,5
gbp-len,5,0,5
dimock,5,0,5
trx-1,5,0,5
hemnma,5,0,5
hexachloro-fluorescein,5,0,5
heparin-sulfate,5,0,5
procathepsinb,5,0,5
ul25,5,0,5
poke,5,0,5
mir-4661,5,0,5
replicasepolyprotein1a,5,0,5
baxalta,5,0,5
jcm,5,0,5
ethylcholine,5,0,5
glycosyl,5,0,5
trimethroprim/sulfamethoxazole,5,0,5
bromism,5,0,5
darryl,5,0,5
r-enantiomer,5,0,5
benzenesulfonamides,5,0,5
aspargines,5,0,5
c2g4,5,0,5
calladine,5,0,5
foil,5,0,5
romanow,5,0,5
sport,5,0,5
russ,5,0,5
ascididemin,5,0,5
pyranoacridines,5,0,5
amitav,5,0,5
p53-mdm2,5,0,5
base-modified,5,0,5
at-273,5,0,5
smegmatis,5,0,5
araport,5,0,5
xrcc1,5,0,5
monoadducts,5,0,5
obclavatum,5,0,5
powvsigvaccine,5,0,5
dryopteridaceae,5,0,5
miltonsantos,5,0,5
torstenhaagerstrand,5,0,5
phosphors,5,0,5
bassoon,5,0,5
gucci,5,0,5
irigaray,5,0,5
ignazphilippsemmelweis,5,0,5
hepa,5,0,5
yunnanensis,5,0,5
mir-148,5,0,5
ribivirin,5,0,5
nunn-lugar,5,0,5
ciprofloxacin-loaded,5,0,5
fennec,5,0,5
carboplatin/etoposide,5,0,5
b-lactoglobulin,5,0,5
ochraceus,5,0,5
rao,5,0,5
bfo-sdc,5,0,5
bfo-ldc,5,0,5
congresswoman,5,0,5
pug,5,0,5
devil,5,0,5
cladophialophora,5,0,5
casv,5,0,5
anita,5,0,5
esteem,5,0,5
adiantum,5,0,5
1-aminoadamantane,5,0,5
zheng,5,0,5
interdisciplinary,5,0,5
4-methylcoumarin,5,0,5
teicoplanina,5,0,5
sirna-loadedplga,5,0,5
hepex-b,5,0,5
adh5t4,5,0,5
sulfosuccinimidyl,5,0,5
lorgeril,5,0,5
hermetia,5,0,5
3‐methyladenine,5,0,5
d.japonicathunb,5,0,5
limosus,5,0,5
cefotaximase,5,0,5
imipenem/imipenem,5,0,5
chotiner,5,0,5
ripple,5,0,5
tetracycline/niacinamide,5,0,5
senium,5,0,5
4-hydroxy-enclomiphene,5,0,5
catriona,5,0,5
hyamine,5,0,5
tx15,5,0,5
cepp,5,0,5
snac,5,0,5
imin,5,0,5
tocantins,5,0,5
trimetoprim-sulfametoxazole,5,0,5
samsun,5,0,5
zostervaccine,5,0,5
enfurvirtide,5,0,5
formyl-methionine,5,0,5
silvaticum,5,0,5
sipa,5,0,5
n-diethyl-meta-toluamide,5,0,5
celicoxib,5,0,5
novarum,5,0,5
presidentxi,5,0,5
tysabri,5,0,5
imo-pso,5,0,5
atropurpureum,5,0,5
alpanda,5,0,5
crost,5,0,5
flotilin,5,0,5
radio,5,0,5
crede,5,0,5
esophagectomy,5,0,5
yakimayellow,5,0,5
magnoliaofficinalis,5,0,5
o33,5,0,5
lipocalin,5,0,5
valganciclovir/ganciclovir,5,0,5
mycel,5,0,5
av,5,0,5
manzoni,5,0,5
β2‐agonist,5,0,5
mpro-darunavir/lopinavir,5,0,5
papyriflavonola,5,0,5
propanols,5,0,5
pegels,5,0,5
iodized,5,0,5
omp,5,0,5
chymotrypsins,5,0,5
preprochymosin,5,0,5
glutelin,5,0,5
longevity,5,0,5
septifast,5,0,5
rifampin-minocycline,5,0,5
sidoides,5,0,5
m-chitosan,5,0,5
glycyrrhizinammonium,5,0,5
hamman,5,0,5
kalenderwoche,5,0,5
bh,5,0,5
sgfrk,5,0,5
psychiatry,5,0,5
sokas,5,0,5
scirus,5,0,5
verani,5,0,5
condylomalata,5,0,5
denovo,5,0,5
graphenic,5,0,5
procathepsins,5,0,5
gard,5,0,5
camptosar,5,0,5
cbm,5,0,5
caminero-santangelo,5,0,5
fendrix,5,0,5
kira,5,0,5
heparosan,5,0,5
therapeutika,5,0,5
eeec,5,0,5
octylamine,5,0,5
lonomia,5,0,5
resnet2,5,0,5
slavotinek,5,0,5
calciumhydride,5,0,5
roblox,5,0,5
soylecithin,5,0,5
sodiummalonate,5,0,5
blackstone,5,0,5
oxaliplatin-,5,0,5
anti-panitumumab,5,0,5
portrazza,5,0,5
darzalex,5,0,5
removab,5,0,5
hdm,5,0,5
riccardia,5,0,5
r.perrottetii,5,0,5
polyrotaxanes,5,0,5
budenoside,5,0,5
4-methylphenol,5,0,5
l-phenylalanine,5,0,5
intellia,5,0,5
1-methylpiperazine,5,0,5
3′-sspy,5,0,5
enterovirusb,5,0,5
mir-532,5,0,5
npi52,5,0,5
actm,5,0,5
haswelle5,5,0,5
dehydroxylated,5,0,5
pafuramidine,5,0,5
25‐hydroxyvitamind,5,0,5
cervicalis,5,0,5
5-aza-cdr,5,0,5
citil,5,0,5
imad,5,0,5
actionplan,5,0,5
bradykinesia,5,0,5
noon,5,0,5
prolamin,5,0,5
hypophyllanthin,5,0,5
intrastrand,5,0,5
hormesis,5,0,5
lopinavir/rotinavir,5,0,5
sundus,5,0,5
isocaloric,5,0,5
rsh,5,0,5
clavipes,5,0,5
ogen,5,0,5
mirbase,5,0,5
afrotheria,5,0,5
perzentil,5,0,5
hwi,5,0,5
geriatrie,5,0,5
fatherhood,5,0,5
β-glucosidase,5,0,5
naringinase,5,0,5
nutlin-2,5,0,5
denvns5,5,0,5
12-kda,5,0,5
nsp3a,5,0,5
luteolin7-o-glucoside,5,0,5
lb,5,0,5
ncdase,5,0,5
deoxy,5,0,5
domenico,5,0,5
an,5,0,5
dioxygen,5,0,5
ureteroliths,5,0,5
vyas,5,0,5
weebit,5,0,5
zikavaccine,5,0,5
propranololhydrochloride,5,0,5
loefl,5,0,5
isopropylthiogalactoside,5,0,5
(±)-secoilariciresinol,5,0,5
maize,5,0,5
suberin,5,0,5
corixa,5,0,5
parvovirusb-19,5,0,5
zoli,5,0,5
caracalla,5,0,5
georgieva,5,0,5
γ-immunoglobulin,5,0,5
arnax,5,0,5
merthiolateiodine,5,0,5
baboon,5,0,5
ar3xrua,5,0,5
pgc,5,0,5
eutheria,5,0,5
aliber,5,0,5
2015).it,5,0,5
tas,5,0,5
na/k-atpase,5,0,5
nitrogen/oxygen,5,0,5
ethyleneoxide,5,0,5
ngaserin,5,0,5
zea,5,0,5
melphalan/prednisone,5,0,5
α1-adrenoceptor,5,0,5
sulfo-tag,5,0,5
d-274,5,0,5
condylomata,5,0,5
maxadilan,5,0,5
leishmania,5,0,5
pluta,5,0,5
interferon-λ,5,0,5
trichloroacetic,5,0,5
25-hydroxycholecalcifoerol,5,0,5
abt263,5,0,5
barbatus,5,0,5
biao,5,0,5
l.japonicathunb,5,0,5
flex-acyclovir,5,0,5
ige.,5,0,5
tpre,5,0,5
mavueni,5,0,5
lentinus,5,0,5
ssogt,5,0,5
bovista,5,0,5
botha,5,0,5
farum,5,0,5
cetylpyridinium,5,0,5
monepantel,5,0,5
ml2,5,0,5
acyclovir/valaciclovir,5,0,5
gfk,5,0,5
betaretrovirus,5,0,5
fkn,5,0,5
darg,5,0,5
-hydroxychloroquine,5,0,5
anti-fungals,5,0,5
sl,5,0,5
d-arm,5,0,5
aminolink,5,0,5
konig,5,0,5
denisovans,5,0,5
arginines,5,0,5
halofuginone-base,5,0,5
laxanzien,5,0,5
tyramin,5,0,5
piin,5,0,5
baergen,5,0,5
mw-rca,5,0,5
streptomycin/ampicillin,5,0,5
sting,5,0,5
chris,5,0,5
elion,5,0,5
b/l,5,0,5
salz,5,0,5
id2,5,0,5
state-of,5,0,5
cyclopia,5,0,5
bieckol,5,0,5
fucodiphloroethol,5,0,5
enterovirusa-71,5,0,5
sulfatedrutin,5,0,5
eupafolin,5,0,5
quantiferon,5,0,5
atv/r,5,0,5
bms-605339,5,0,5
euthasol,5,0,5
ntx,5,0,5
chloroquine-proguanil,5,0,5
coxsakievirus,5,0,5
finke,5,0,5
ergoloid,5,0,5
cysteine‐rich,5,0,5
mir137,5,0,5
gag-pro,5,0,5
aliprantis,5,0,5
palazon,5,0,5
cyanocobalamine,5,0,5
avenida,5,0,5
wilhelm,5,0,5
delsa,5,0,5
si-dma,5,0,5
sandoglobulin,5,0,5
piezoresistor,5,0,5
xpc,5,0,5
dids,5,0,5
cray,5,0,5
captair,5,0,5
trimethroprim,5,0,5
xf-73,5,0,5
ceftazidime/amikacin,5,0,5
ilina,5,0,5
12-o-tetradecanoylphorbol-13-acetate,5,0,5
fitbit,5,0,5
guedel,5,0,5
ans,5,0,5
deltran,5,0,5
chunguang,5,0,5
treble,5,0,5
onchocercal,5,0,5
lp2,5,0,5
opinium,5,0,5
protein-bound,5,0,5
1-tetralol,5,0,5
tobramycin/dexamethasone,5,0,5
mejia,5,0,5
unos/optn,5,0,5
siri,5,0,5
halon,5,0,5
arson,5,0,5
ureaperoxide,5,0,5
pentobarbitol,5,0,5
wieso,5,0,5
piedimonte,5,0,5
myristoylation,5,0,5
oxide,5,0,5
cloveeo,5,0,5
berstel,5,0,5
dtp-hepb-hib,5,0,5
ilf3,5,0,5
myrb,5,0,5
calcic,5,0,5
malaga,5,0,5
homocystine,5,0,5
k63,5,0,5
ph-stat,5,0,5
0035,5,0,5
metc,5,0,5
tualatin,5,0,5
ite,5,0,5
retrocyclins,5,0,5
acyclic,5,0,5
dihydroxyvitamin,5,0,5
isa/a2,5,0,5
arcturus,5,0,5
ntp,5,0,5
nitrophenols,5,0,5
pericin,5,0,5
simvastatin/ezetimibe,5,0,5
empaglifozin,5,0,5
hasin,5,0,5
tdma,5,0,5
vaidya,5,0,5
strobilanthus,5,0,5
anti-alemtuzumab,5,0,5
ovula,5,0,5
hexin,5,0,5
convention,5,0,5
aptamer-doxorubicin,5,0,5
familismo,5,0,5
volcanic,5,0,5
lord,5,0,5
5′ppprna,5,0,5
sedativum,5,0,5
benzophenones,5,0,5
haemoglobin,5,0,5
latae,5,0,5
miu,5,0,5
arrhythmia,5,0,5
2-iodoacetamide,5,0,5
mir-29a,5,0,5
btv-4,5,0,5
zainol,5,0,5
rea,5,0,5
beta-propiolactone,5,0,5
epirrita,5,0,5
syndecan-2,5,0,5
ha-nimesulide,5,0,5
fibrosus,5,0,5
oxyuris,5,0,5
ecd4-ig,5,0,5
l’azithromycine,5,0,5
isaacasimov,5,0,5
rhinonycteridae,5,0,5
h3k4me2,5,0,5
aid,5,0,5
mgl,5,0,5
verteporfin,5,0,5
hbv-core,5,0,5
foxglove,5,0,5
auricularia,5,0,5
lonicerajaponicathunberg,5,0,5
xiaochaihu,5,0,5
β-peltatin,5,0,5
medusantha,5,0,5
empresa,5,0,5
sodiumoctanoate,5,0,5
canoco,5,0,5
fungicida,5,0,5
pd1/pdl1,5,0,5
medal,5,0,5
polyolefin,5,0,5
sdc-sign,5,0,5
2-adrenergic,5,0,5
cpt-cgmp,5,0,5
programme,5,0,5
si-wu-tang,5,0,5
acepran,5,0,5
carube,5,0,5
trilogy,5,0,5
zulu,5,0,5
glabrum,5,0,5
myozenin,5,0,5
deglycyrrhizinatedlicorice,5,0,5
cidecon,5,0,5
echo,5,0,5
th17/treg,5,0,5
tetraviridae,5,0,5
çetin,5,0,5
fluocinoloneacetonide,5,0,5
mir-33a,5,0,5
aretaeus,5,0,5
espiritu,5,0,5
efv,5,0,5
apetalinone,5,0,5
inophyllum,5,0,5
atp,5,0,5
myriophyllum,5,0,5
pessi,5,0,5
bsh,5,0,5
er1,5,0,5
two-cysteine,5,0,5
nij,5,0,5
präoperativ,5,0,5
formaldehyd,5,0,5
glutaral,5,0,5
amphotere,5,0,5
picornaviren,5,0,5
l.nobilis,5,0,5
denison,5,0,5
sirt6,5,0,5
diaminobenzadine,5,0,5
r30,5,0,5
inulahelenium,5,0,5
mejía,5,0,5
viscumalbum,5,0,5
vasilis,5,0,5
theano,5,0,5
polyamines,5,0,5
kickxia,5,0,5
diphenoxylate/atropine,5,0,5
phe23,5,0,5
hubert,5,0,5
hexachlorofluorescein,5,0,5
violeta,5,0,5
o-glycoside,5,0,5
acenocumarol,5,0,5
sibirica,5,0,5
covzc45,5,0,5
siglec11,5,0,5
sedatives,5,0,5
abdul,5,0,5
naver,5,0,5
segetane,5,0,5
glutathione-s-transferases,5,0,5
oxygen/oxygen,5,0,5
ioffe,5,0,5
senet,5,0,5
metolius,5,0,5
belorussia,5,0,5
larin,5,0,5
iodine-123,5,0,5
mir-21-,5,0,5
dogen,5,0,5
β-lipotropin,5,0,5
ciprofloxacin-dexamethasone,5,0,5
retinolacetate,5,0,5
sulfosuccinimidylpropionate,5,0,5
álava,5,0,5
prezi,5,0,5
sp-c.,5,0,5
nadph-diaphorase,5,0,5
paracetamoldosis,5,0,5
antitetanus,5,0,5
pcv9,5,0,5
sglti,5,0,5
drina,5,0,5
coronatus,5,0,5
acetabulum,5,0,5
julia,5,0,5
scutellaris,5,0,5
cdj,5,0,5
zuccheri,5,0,5
atropinesterase,5,0,5
l-menthol,5,0,5
flufenerim,5,0,5
fabiana,5,0,5
exaiptasia,5,0,5
suprarenal,5,0,5
arapahoe,5,0,5
weld,5,0,5
mediso,5,0,5
chlorhexidine/alcohol,5,0,5
gaap,5,0,5
arterivirus,5,0,5
haliplus,5,0,5
gyrinus,5,0,5
sepedophilus,5,0,5
pem,5,0,5
dervan,5,0,5
diaminotriazine,5,0,5
mek1,5,0,5
δ-toxin,5,0,5
tachykardie,5,0,5
dihydrofolicacid,5,0,5
colistinsulphate,5,0,5
fluorochinolones,5,0,5
meningococcus,5,0,5
sls,5,0,5
bolsa,5,0,5
polyols,5,0,5
rastrigin,5,0,5
vanutide,5,0,5
vitexnegundo,5,0,5
carboxymethyl-β-glucan,5,0,5
ascii,5,0,5
scytonemin,5,0,5
sitrin,5,0,5
marburgo,5,0,5
bcl2l12,5,0,5
cortazar,5,0,5
hydraulic,5,0,5
mettler,5,0,5
arsen,5,0,5
burosumab,5,0,5
isora,5,0,5
billiton,5,0,5
α-lipoic,5,0,5
technetium-99,5,0,5
stearns,5,0,5
amtrak,5,0,5
metaxas,5,0,5
chondrocytes,5,0,5
pifithrin‐α,5,0,5
elken,5,0,5
lamins,5,0,5
sosd,5,0,5
fpc,5,0,5
pcv-7,5,0,5
theophyllins,5,0,5
zorro,5,0,5
ccm2,5,0,5
jos,5,0,5
fenech,5,0,5
feito,5,0,5
claviflorum,5,0,5
illiciumverum,5,0,5
quinicacids,5,0,5
fql,5,0,5
methyl-prednisone,5,0,5
pd-l1/pd-l2,5,0,5
dihydralazin,5,0,5
mentone,5,0,5
mir-299,5,0,5
mlhu,5,0,5
epimediumkoreanumnakai,5,0,5
nucleobase,5,0,5
raoult,5,0,5
syzygiumaromaticum,5,0,5
hydnumrepandum,5,0,5
laccaria,5,0,5
lactarius,5,0,5
neolentinus,5,0,5
resolvins,5,0,5
crema,5,0,5
apo-lf,5,0,5
tapeworm,5,0,5
atrium,5,0,5
endovir1,5,0,5
lamivudine/3tc,5,0,5
npy,5,0,5
npy/npf-type,5,0,5
glo,5,0,5
prealbumin,5,0,5
ha-chop,5,0,5
adiponutrin,5,0,5
mir-671-5p,5,0,5
plectus,5,0,5
echinaforce®,5,0,5
filene,5,0,5
sulfuric,5,0,5
condamine,5,0,5
mobilitas,5,0,5
hassoun,5,0,5
β‐toxin,5,0,5
fructusmume,5,0,5
racecadotrilo,5,0,5
dejan,5,0,5
airtel,5,0,5
anticholinerge,5,0,5
lidocaine/prilocaine,5,0,5
oat,5,0,5
imb-1406,5,0,5
doxycylcine,5,0,5
plantin,5,0,5
checkthat,5,0,5
ammoniummolybdate,5,0,5
gordon,5,0,5
holod,5,0,5
tya,5,0,5
malerba,5,0,5
cosmetic,5,0,5
pidone,5,0,5
turismo,5,0,5
cephamycinase,5,0,5
dmc,5,0,5
acticoat,5,0,5
meropenem-rifampicin,5,0,5
emanuele,5,0,5
fenoll,5,0,5
enterobacteriaceae,5,0,5
succinimidylpropionate,5,0,5
chromolaena,5,0,5
ril-35,5,0,5
ganciclovir/foscarnet,5,0,5
phenylhistamines,5,0,5
bachmair,5,0,5
aflatoxins,5,0,5
celltrion,5,0,5
co-amoxicillin,5,0,5
b-tree,5,0,5
chr-peptides,5,0,5
houttuyniaordata,5,0,5
delpazolid,5,0,5
vitd3,5,0,5
hayat,5,0,5
mirna-126,5,0,5
tpoxx,5,0,5
atellica,5,0,5
cordyceps,5,0,5
xylosus,5,0,5
n-methyl-n-nitrosourea,5,0,5
"β-1,3-glucanase",5,0,5
vkorc1,5,0,5
"1,2-dichloroethane",5,0,5
gdf,5,0,5
mir-1,5,0,5
petronella,5,0,5
1‐methyladenosine,5,0,5
mir-210,5,0,5
gid,5,0,5
mortgage,5,0,5
adagrad,5,0,5
peach,5,0,5
glucorticoid,5,0,5
thiopentax,5,0,5
cefprozilo,5,0,5
insulintherapie,5,0,5
lamm,5,0,5
pluronicf-68,5,0,5
thiosulfonates,5,0,5
justice,5,0,5
furnari,5,0,5
legalon-sil,5,0,5
sept9,5,0,5
lactobacillaceae,5,0,5
periflux,5,0,5
bectin,5,0,5
beta-2-agonist,5,0,5
bisabolene,5,0,5
medarex,5,0,5
deltagen,5,0,5
mir143,5,0,5
mir34a,5,0,5
mir145,5,0,5
cyr61,5,0,5
microrna-155,5,0,5
antiurolithiatic,5,0,5
mire,5,0,5
ambiente,5,0,5
benoit,5,0,5
ampholine,5,0,5
loniceramacranthoides,5,0,5
quinate,5,0,5
tenofovir-emtricitabine,5,0,5
aiom,5,0,5
carboxypeptidases,5,0,5
thymosin-α,5,0,5
fha,5,0,5
gallates,5,0,5
g-0,5,0,5
rugosaflavonoid,5,0,5
meningococcusbexserovaccine,5,0,5
pullulans,5,0,5
roc-a,5,0,5
constanza,5,0,5
kalirin,5,0,5
heptavalent,5,0,5
whitin,5,0,5
artemisins,5,0,5
thiomolybdates,5,0,5
hashtags,5,0,5
eugen,5,0,5
g6,5,0,5
anti-bromodeoxyuridine,5,0,5
2020).hydroxychloroquine,5,0,5
giripladib,5,0,5
cetrimide/chlorhexidine,5,0,5
mir-22-3p,5,0,5
methylprednisolones,5,0,5
mintel,5,0,5
polyunsaturatedfats,5,0,5
bicol,5,0,5
mca,5,0,5
5up1+,5,0,5
phytopharmaka,5,0,5
echinococcus,5,0,5
mdrvn,5,0,5
d.alata,5,0,5
l-ephedrine,5,0,5
gdvb,5,0,5
rb51vaccine,5,0,5
stargazin,5,0,5
anti-fibrinolytics,5,0,5
chloramphenicolpalmitate,5,0,5
janssenpharmaceutica,5,0,5
unilorin,5,0,5
mvp,5,0,5
advher-2,5,0,5
topsentinb1,5,0,5
invermectin,5,0,5
mirabamides,5,0,5
yedoensis,5,0,5
m.javanica,5,0,5
lhrna,5,0,5
macula,5,0,5
doxorubicin-induced,5,0,5
bifid,5,0,5
minocyclinehydrochloride,5,0,5
gd-chelates,5,0,5
cobalt-60,5,0,5
sodiumdichloroisocyanurate,5,0,5
shb,5,0,5
bcp-1,5,0,5
cochlospermum,5,0,5
digene,5,0,5
cakovec,5,0,5
safat,5,0,5
p572,5,0,5
peltophorum,5,0,5
hilversum,5,0,5
ophthalmia,5,0,5
rifa,5,0,5
hydroethidine,5,0,5
kardiochirurgische,5,0,5
fenamiphos,5,0,5
flavin,5,0,5
negra,5,0,5
gambin,5,0,5
biotinyl,5,0,5
denhaag,5,0,5
magiran,5,0,5
g*gc,5,0,5
msm,5,0,5
poloxamines,5,0,5
tenufolin,5,0,5
konica,5,0,5
cyclophillin,5,0,5
salisu,5,0,5
insularum,5,0,5
pep6,5,0,5
norgestomet,5,0,5
mekalanos,5,0,5
chelicerae,5,0,5
neprosin,5,0,5
skylake,5,0,5
tisagenlecleucel,5,0,5
breast,5,0,5
bail,5,0,5
corticoid,5,0,5
cordifolia,5,0,5
sabinoralpoliovaccine,5,0,5
fluzonequadrivalent,5,0,5
(s)-flurbiprofen,5,0,5
exendin-4,5,0,5
valsartan/sacubitril,5,0,5
urostim,5,0,5
pl,5,0,5
mir-520h,5,0,5
fluoresceinsodium,5,0,5
cpg-odn1826,5,0,5
paranursallia,5,0,5
asflaensis,5,0,5
econazol,5,0,5
bifonazol,5,0,5
salicylaten,5,0,5
ceftobiprol,5,0,5
ablc,5,0,5
calpellum,5,0,5
rcuatoscalpellum,5,0,5
iotascalpellum,5,0,5
eltnerium,5,0,5
opalin,5,0,5
g26,5,0,5
ras-1,5,0,5
n-nitrosomethylurea,5,0,5
alstonia,5,0,5
d-alanine,5,0,5
collagenases,5,0,5
labruce,5,0,5
medea,5,0,5
punjab,5,0,5
calmon,5,0,5
marjan,5,0,5
roferon-a,5,0,5
thiozole,5,0,5
ribavirin-,5,0,5
se@rbv,5,0,5
hpv1,5,0,5
cressie,5,0,5
mega-dose,5,0,5
〈t,5,0,5
pellino,5,0,5
homaxinella,5,0,5
plexind1,5,0,5
zostavax®,5,0,5
benzimide,5,0,5
hedera,5,0,5
lisa,5,0,5
phospholipase,5,0,5
okapi,5,0,5
firinu,5,0,5
seom,5,0,5
oc16,5,0,5
dossen,5,0,5
opinavir/ritonavir,5,0,5
otud3,5,0,5
hexadimethrine,5,0,5
diuresis,5,0,5
carnosinase,5,0,5
qilin,5,0,5
dta,5,0,5
bicentenary,5,0,5
flagellin/f1/v,5,0,5
cholesterol-tagging,5,0,5
8-aminoquinoline,5,0,5
4-terpineol,5,0,5
transamidase,5,0,5
iron-bound,5,0,5
shbv,5,0,5
ammonium-acetate,5,0,5
pecon,5,0,5
isknv,5,0,5
pentagram,5,0,5
suao,5,0,5
scream,5,0,5
2-adrenoceptors,5,0,5
[3h]norepinephrine,5,0,5
[3h]noradrenaline,5,0,5
3-adrenoceptors,5,0,5
(±)-propranolol,5,0,5
ca/p,5,0,5
tetracainehydrochloride,5,0,5
aiib,5,0,5
ziprasidon,5,0,5
marafiviruses,5,0,5
meclofenamicacid,5,0,5
alexandroupolis,5,0,5
m2e-mapvaccine,5,0,5
dioralyte,5,0,5
δ-secretase,5,0,5
revol,5,0,5
dctp,5,0,5
acyclovir/ganciclovir,5,0,5
r.sanguisorbae,5,0,5
r-chop-21,5,0,5
herbrand,5,0,5
evangelia,5,0,5
epigallocatechin-gallate,5,0,5
bushen,5,0,5
ghagus,5,0,5
fenix,5,0,5
mir172,5,0,5
camin,5,0,5
camila,5,0,5
tnf-fc,5,0,5
verrucae,5,0,5
ß-propiolactone,5,0,5
adenosine-uracil,5,0,5
arenicin-1,5,0,5
flukicide,5,0,5
budenofalk,5,0,5
melampomagnolide,5,0,5
sulfinylarbidol,5,0,5
fosamprenavir/ritonavir,5,0,5
introna,5,0,5
boronated,5,0,5
gpe,5,0,5
po-heparin,5,0,5
bayanihan,5,0,5
peg-interferon-α,5,0,5
anti-cangptl4,5,0,5
bitte,5,0,5
macchi,5,0,5
lys-gly,5,0,5
macrolactin,5,0,5
gastrine,5,0,5
sucralfaat,5,0,5
denys,5,0,5
mackerel,5,0,5
atlastin,5,0,5
harrel,5,0,5
fulvescens,5,0,5
vo(acac)2,5,0,5
shp,5,0,5
hbv-nl,5,0,5
foresight,5,0,5
seiso,5,0,5
quemin,5,0,5
nota,5,0,5
sodiumiodine,5,0,5
deepmind,5,0,5
ferriciron,5,0,5
λ>1,5,0,5
bovinerotavirus,5,0,5
min-cost,5,0,5
kofol,5,0,5
scopulariopsis,5,0,5
antivir,5,0,5
savyon,5,0,5
co-trimoxasole,5,0,5
pol7080,5,0,5
antimicrobial,5,0,5
vasectomy,5,0,5
björk,5,0,5
westlake,5,0,5
wn53,5,0,5
burrin,5,0,5
cinchonabark,5,0,5
aleophilum,5,0,5
rvv-n25,5,0,5
arusha,5,0,5
mercaptans,5,0,5
l-dt,5,0,5
tetrahydrofurans,5,0,5
rubrifloralignan,5,0,5
doctolib,5,0,5
17-alpha-hydroxyprogesterone,5,0,5
dehydroepiandrosteronesulfate,5,0,5
propofol-fentanyl,5,0,5
opus,5,0,5
rato,5,0,5
aminopyridine,5,0,5
dnmt1,5,0,5
benzotriazoles,5,0,5
ninhydrin,5,0,5
polychemotherapy,5,0,5
anti-adrenergic,5,0,5
5-furd,5,0,5
pneumococci,5,0,5
coleoptera,5,0,5
chmp5,5,0,5
brevinin-1,5,0,5
renografin,5,0,5
mir-769-3p,5,0,5
b.breve,5,0,5
dtg,5,0,5
s-warfarin,5,0,5
hesperadin,5,0,5
azd7762,5,0,5
l-asparagine,5,0,5
tryphan,5,0,5
6-deaminosinefungin,5,0,5
dicumarolic,5,0,5
stearin,5,0,5
olaquindox,5,0,5
pao2/fio2,5,0,5
erdj5,5,0,5
hernan,5,0,5
lady,5,0,5
acog,5,0,5
cassini,5,0,5
z2-sirna,5,0,5
rhd,5,0,5
inspire,5,0,5
mir-376a,5,0,5
glia,5,0,5
bta-mir-9-5p,5,0,5
villin1,5,0,5
trel,5,0,5
magnifoliiflora,5,0,5
benanomicin,5,0,5
a.firma,5,0,5
diarylheptanoids,5,0,5
hpa-12,5,0,5
bletilla,5,0,5
elagolix,5,0,5
o.japonicas,5,0,5
sahc,5,0,5
oppelland,5,0,5
cyanamid,5,0,5
elaeocarpus,5,0,5
camp,5,0,5
erna,5,0,5
cortis,5,0,5
cisplatin-loaded,5,0,5
fludrocortisoneacetate,5,0,5
mbp,5,0,5
penimethavone,5,0,5
amoxycillin/clavulanicacid,5,0,5
fxia,5,0,5
feroxosides,5,0,5
delta,5,0,5
apol47,5,0,5
ppmo5up2,5,0,5
gorelik,5,0,5
cardia,5,0,5
oxygenation,5,0,5
pre-oxygenator,5,0,5
heracleum,5,0,5
lemongrass,5,0,5
eu-asean,5,0,5
ndf,5,0,5
avicidin,5,0,5
prakash,5,0,5
aspera,5,0,5
gallium-67,5,0,5
podocarp,5,0,5
moorea,5,0,5
abt-267,5,0,5
hacpv-5vp5,5,0,5
lmp2avax,5,0,5
prodol,5,0,5
mineral-kerosene,5,0,5
maxcy,5,0,5
mir4,5,0,5
fluticasone-propionate,5,0,5
r-oh,5,0,5
neuroprotection,5,0,5
chembl,5,0,5
pemberton,5,0,5
palme,5,0,5
guta,5,0,5
rebuck,5,0,5
tutor,5,0,5
virf,5,0,5
trim63,5,0,5
nutiu,5,0,5
nucleoside/tide,5,0,5
peptron,5,0,5
bis-urea,5,0,5
cv7,5,0,5
yihuang,5,0,5
borneolumsyntheticum,5,0,5
pitrakinra,5,0,5
embraer,5,0,5
neoechinulin,5,0,5
veratrol,5,0,5
soul,5,0,5
neomycin/polymyxin,5,0,5
go-amk,5,0,5
clarithromycin-naproxen-oseltamivir,5,0,5
anti-freeze,5,0,5
chuang,5,0,5
ratg13,5,0,5
desethylchloroquine-d4,5,0,5
chloroquine/desethylchloroquine,5,0,5
protaminesulphate,5,0,5
bfarm,5,0,5
obtusifolin,5,0,5
cromoglicaat,5,0,5
privat,5,0,5
zvbr,5,0,5
nii,5,0,5
klon,5,0,5
eurocarinii,5,0,5
glutamicacid-rich,5,0,5
ma-huang-tang,5,0,5
brachypodium,5,0,5
methapyrilene,5,0,5
manα1,5,0,5
trilla,5,0,5
beta-actin,5,0,5
hyperband,5,0,5
dexamethasonepalmitate,5,0,5
sundelin,5,0,5
trillium,5,0,5
goldfried,5,0,5
gastro-jejunostomy,5,0,5
doordash,5,0,5
levitin,5,0,5
deferipron,5,0,5
bogin,5,0,5
abas,5,0,5
lanatus,5,0,5
guerilla,5,0,5
engelmann,5,0,5
rhizomachuanxiong,5,0,5
ritonavir/cobicistat,5,0,5
cina,5,0,5
dna-polycation,5,0,5
peg24,5,0,5
l.lactis,5,0,5
cpg/dna,5,0,5
steroiddosis,5,0,5
abt-874,5,0,5
nl63-cov,5,0,5
desc1,5,0,5
pseudopropionibacterium,5,0,5
kocurin,5,0,5
hypotensie,5,0,5
femicide,5,0,5
decanoyl-rvkr-cmk,5,0,5
jal,5,0,5
netikriya,5,0,5
cereblon,5,0,5
pavlovia,5,0,5
gnri,5,0,5
elastix,5,0,5
catc,5,0,5
2-quinolone,5,0,5
ist,5,0,5
dipasacoside,5,0,5
amphothericinb,5,0,5
milberry,5,0,5
denvvaccine,5,0,5
lyve-1,5,0,5
min-2,5,0,5
wenxiang,5,0,5
thiol-blocking,5,0,5
gremmeniellaabietina,5,0,5
gib,5,0,5
allovectin,5,0,5
fri-jam,5,0,5
tazobactum,5,0,5
hymenoptera,5,0,5
calciumsalts,5,0,5
sulfo-mbs,5,0,5
bst‐2,5,0,5
cocaine/amphetamine,5,0,5
v13,5,0,5
aceticum,5,0,5
furans,5,0,5
nanosphere,5,0,5
u50,5,0,5
kka,5,0,5
11a,5,0,5
multivitaminsupplementation,5,0,5
sarnalnp,5,0,5
aditya,5,0,5
gazette,5,0,5
enriqueta,5,0,5
tinius,5,0,5
cyrillic,5,0,5
d-arabinoside,5,0,5
linucb,5,0,5
crowley,5,0,5
grassini,5,0,5
penicillar,5,0,5
schuurman,5,0,5
ginsengosides,5,0,5
piraeus,5,0,5
antigone,5,0,5
dcb-3503,5,0,5
anfotericina,5,0,5
on-clopidogrel,5,0,5
jeremijenko,5,0,5
hsa-mir-486,5,0,5
mellin,5,0,5
methosulfate,5,0,5
lcn-2,5,0,5
consurf,5,0,5
bimodal,5,0,5
2-phloroeckol,5,0,5
gastrinoma,5,0,5
dr-13,5,0,5
anti-ifn-alpha,5,0,5
mavs,5,0,5
mir-6720,5,0,5
ib,5,0,5
mir-130b-3p,5,0,5
"gga-mir-2127-3p,",5,0,5
"gga-mir-142-5p,",5,0,5
cv3,5,0,5
smog,5,0,5
stenocephala,5,0,5
sobuzoxane,5,0,5
herciu,5,0,5
bppb,5,0,5
verheij,5,0,5
iapvigr,5,0,5
cabo,5,0,5
cyp24,5,0,5
barum,5,0,5
filimonau,5,0,5
drug-montmorillonite,5,0,5
lta4h,5,0,5
hfrs,5,0,5
imd,5,0,5
rhizocarpicacid,5,0,5
polygam,5,0,5
jmjd6,5,0,5
nsdv/gv,5,0,5
yen-us,5,0,5
herin,5,0,5
aaf-aminoluciferin,5,0,5
gallstone,5,0,5
castanospermumaustrale,5,0,5
kridin,5,0,5
sch,5,0,5
dibutyl,5,0,5
chelate,5,0,5
castaneus,5,0,5
piecková,5,0,5
mele,5,0,5
formoterol/budesonide,5,0,5
frb-bea,5,0,5
veena,5,0,5
kcnq1,5,0,5
paraplast,5,0,5
p53-sirna,5,0,5
kalafut,5,0,5
m-branch,5,0,5
dialdehydechitosan,5,0,5
mandela,5,0,5
β1a,5,0,5
tzd,5,0,5
arp,5,0,5
hydroxylamines,5,0,5
cephem,5,0,5
denatoniumbenzoate,5,0,5
oubain,5,0,5
dispirotripiperazine,5,0,5
vzv-dna,5,0,5
4oh-tamoxifen,5,0,5
chlorhexidinealcoholic,5,0,5
peginterferonalpha-2a,5,0,5
l/r.,5,0,5
mir-1306-5p,5,0,5
methemalbumin,5,0,5
streptomycin-penicillin-glutamine,5,0,5
webq,5,0,5
dryopteriscrassirhizoma,5,0,5
cidara,5,0,5
tiapride,5,0,5
cyclosporin-based,5,0,5
lsm11,5,0,5
masyv,5,0,5
nonacetylated,5,0,5
kabasuraneerchoornam,5,0,5
oxyr,5,0,5
vcl,5,0,5
cybercare,5,0,5
partetraviruses,5,0,5
thiobarbituric,5,0,5
nyree,5,0,5
dimona,5,0,5
lc3/gabarap,5,0,5
neuroprosthetics,5,0,5
kabasurakudineer,5,0,5
gf-cypa,5,0,5
lash,5,0,5
ub-abp,5,0,5
l-d,5,0,5
bednet,5,0,5
rbck1,5,0,5
aminopherase,5,0,5
glycyrrhizine,5,0,5
sukamara,5,0,5
sanco,5,0,5
nutropin,5,0,5
.chlorpromazine,5,0,5
odontocerum,5,0,5
iw/famine,5,0,5
sigman,5,0,5
pak1-blockers,5,0,5
ppar-agonist,5,0,5
optovin,5,0,5
abicipar,5,0,5
mp0250,5,0,5
.ascorbic,5,0,5
densenet169,5,0,5
macro,5,0,5
anti-fi,5,0,5
vila,5,0,5
atovaquone/,5,0,5
b-sitosterol,5,0,5
surgine,5,0,5
trichuriasis,5,0,5
fraud,5,0,5
gd-dtpa,5,0,5
b-glucosidase,5,0,5
arenicin-2,5,0,5
cytokinine,5,0,5
aureusidin,5,0,5
betanidin,5,0,5
inulinase,5,0,5
fentanyl/,5,0,5
fgf7,5,0,5
emb,5,0,5
,5,0,5
nadol,5,0,5
methylmercurichydroxide,5,0,5
methode,5,0,5
eriophorum,5,0,5
diphtherie,5,0,5
[32p]orthophosphate,5,0,5
bendamustin,5,0,5
maesanin,5,0,5
.hepcidin,5,0,5
hfnt,5,0,5
cinaciguat,5,0,5
heliumoxygen,5,0,5
artemisininbased,5,0,5
ec-cysteamine,5,0,5
naphyrone,5,0,5
tonocap,5,0,5
ampho-b,5,0,5
.tacrolimus,5,0,5
у20,5,0,5
oertelis,5,0,5
-amanitin,5,0,5
sulfat,5,0,5
pentoxyphyllin,5,0,5
ceftolozanetazobactam,5,0,5
honor,5,0,5
monacolin,5,0,5
anti-ige.,5,0,5
aze,5,0,5
p]orthophosphate,5,0,5
stz3,5,0,5
nepoviruses,5,0,5
discoidin,5,0,5
peg-ifn-a2a,5,0,5
6-methylmercaptopurine,5,0,5
6-mp,5,0,5
braf,5,0,5
p29,5,0,5
alterniflorum,5,0,5
p83,5,0,5
gliostatin,5,0,5
himawari-8,5,0,5
griffith,5,0,5
29-kda,5,0,5
oxigenoterapia,5,0,5
cocos,5,0,5
carb,5,0,5
dos,5,0,5
hiv-l,5,0,5
ophiocordycepssinensis,5,0,5
,5,0,5
fosfomycin/tobramycin,5,0,5
vanilloids,5,0,5
mz,5,0,5
aginam,5,0,5
devido,5,0,5
ifn-β-1,5,0,5
vaptans,5,0,5
rv,5,0,5
tetracyclins,5,0,5
-amantadine,5,0,5
-hcv,5,0,5
dl.,5,0,5
haplo-hsct,5,0,5
cyclophosphamide/fludarabine,5,0,5
chansu,5,0,5
apc/c,5,0,5
ciclo,5,0,5
ulin,5,0,5
pro-zinc,5,0,5
clotrimazolecream,5,0,5
powvsig,5,0,5
cathecolamines,5,0,5
lstm-unet,5,0,5
methylcholine,5,0,5
medisch,5,0,5
rh-afgf,5,0,5
fenoximetilpenicilina,5,0,5
/ribavirin,5,0,5
profloxa,5,0,5
ajmalin,5,0,5
barata,5,0,5
threonine,5,0,5
ngrendostatin,5,0,5
.acetaminophen,5,0,5
oxitropiumbromid,5,0,5
dimenhydrinat,5,0,5
propafenon,5,0,5
trazodon,5,0,5
hypnotika,5,0,5
(+)catechin,5,0,5
ergotamine-mpro,5,0,5
sulbactam-ampiciline,5,0,5
pertechnegas,5,0,5
mln-pentetreotide,5,0,5
b-elemene,5,0,5
frax,5,0,5
125-iodine,5,0,5
peghirudin,5,0,5
sirolimus-based,5,0,5
p734,5,0,5
.ifn-α,5,0,5
bl,5,0,5
antibac,5,0,5
sln-ga,5,0,5
cocainehydrochloride,5,0,5
ltryptophan,5,0,5
asrt,5,0,5
ech,5,0,5
schiøtz,5,0,5
phenol/,5,0,5
longmetastasen,5,0,5
ofl,5,0,5
stilbestrol,5,0,5
to¯uconazole,5,0,5
ecad,5,0,5
nicotinegum,5,0,5
etica,5,0,5
triple-dose,5,0,5
m-pl1,5,0,5
theraflexmb-plasma,5,0,5
ldpc-bc,5,0,5
stip,5,0,5
rhd.,5,0,5
m-pa-041,5,0,5
k-vitamin,5,0,5
r-hirudine,5,0,5
rhimmunoglobulin,5,0,5
haemovigilance,5,0,5
hcv-ag,5,0,5
anti-cob,5,0,5
glicin,5,0,5
papagou,5,0,5
l-hydroxyproline,5,0,5
maxil,5,0,5
eltsin,5,0,5
abderhalden,5,0,5
p-244,5,0,5
kulagin,5,0,5
mendieta,5,0,5
montel,5,0,5
avonoids,5,0,5
setin,5,0,5
nuremberg,5,0,5
tc-mebrofenin,5,0,5
pvir,5,0,5
dsmb,5,0,5
-iif,5,0,5
rc3,5,0,5
stinner,5,0,5
ass,5,0,5
gulch,5,0,5
b-fl,5,0,5
glucola,5,0,5
.itraconazole,5,0,5
35smethionine,5,0,5
ailanthus,5,0,5
p963,5,0,5
peptidee,5,0,5
azv,5,0,5
2agonist,5,0,5
msa,5,0,5
clavulox,5,0,5
.montelukast,5,0,5
asassn-14ko,5,0,5
benda,5,0,5
l-thyroxin,5,0,5
lubriderm,5,0,5
pimecrolimuscream,5,0,5
cifn,5,0,5
videne,5,0,5
pcp-2,5,0,5
unil,5,0,5
slag1,5,0,5
bonnet-myers,5,0,5
jejunojejunostomy,5,0,5
kge,5,0,5
cognito,5,0,5
cromones,5,0,5
dextroamphetamine/amphetamine,5,0,5
tae,5,0,5
ficain,5,0,5
a-globin,5,0,5
hall-petch,5,0,5
acd-stabilisator,5,0,5
cavernosa,5,0,5
tmtpro,5,0,5
p45,5,0,5
worum,5,0,5
h-uridine,5,0,5
hydroxychloroquine/,5,0,5
-tetracycline,5,0,5
trimethoprim-sulphonamide,5,0,5
2-thiouracil,5,0,5
-ritonavir,5,0,5
rutinaria,5,0,5
non-chloroquine,5,0,5
duma,5,0,5
sofosbuvir/,5,0,5
prokineticin-1,5,0,5
aster,5,0,5
silver-methenamine,5,0,5
penis,5,0,5
rasi,5,0,5
cimiside,5,0,5
tamin,5,0,5
-setron,5,0,5
levallorphan,5,0,5
ribavirin-5,5,0,5
hidroxicloroquina,5,0,5
tritube,5,0,5
.macrolide,5,0,5
e24,5,0,5
devise,5,0,5
.calcium,5,0,5
nsd31,5,0,5
antihistaminikum,5,0,5
recomendações,5,0,5
pcpa,5,0,5
cnqx,5,0,5
kcn,5,0,5
therakos,5,0,5
micophenolate,5,0,5
d-slnb,5,0,5
ramat,5,0,5
b-xyloside,5,0,5
serenoa,5,0,5
ringertz,5,0,5
doxane,5,0,5
tacrolimus/mmf,5,0,5
hydrazones,5,0,5
clomethiazol,5,0,5
s-hbsag,5,0,5
cerenia,5,0,5
rtpa,5,0,5
b-trypsin,5,0,5
dassios,5,0,5
urethra,5,0,5
l-carnithine,5,0,5
lrr-1,5,0,5
codeine/acetaminophen,5,0,5
dithionite,5,0,5
amnionic,5,0,5
tennis,5,0,5
mangafodipir,5,0,5
icine,5,0,5
hcq-hydroxychloroquine,5,0,5
civ,5,0,5
phyl,5,0,5
hd-melphalan,5,0,5
serotonin-dopamine,5,0,5
p542,5,0,5
bibliogrophy,5,0,5
oxyrase,5,0,5
p868,5,0,5
ovarium,5,0,5
hbig/lamivudine,5,0,5
pipercillin/tazobactam,5,0,5
okam,5,0,5
met-enkephalin,5,0,5
deltorphin,5,0,5
bisector,5,0,5
quinpirole,5,0,5
2'-c-me-a,5,0,5
fluenzae,5,0,5
vitamindde,5,0,5
phytochemicals,5,0,5
25hydroxycholesterol,5,0,5
(r)-hydroxychloroquine,5,0,5
sf.,5,0,5
transfluthrin,5,0,5
trim47,5,0,5
d-pro,5,0,5
p216,5,0,5
cu-propionate,5,0,5
letrozol,5,0,5
chloroquine-or,5,0,5
moxifl,5,0,5
omphalozele,5,0,5
urt,5,0,5
rc-ra,5,0,5
15-oxygen,5,0,5
insulinglargine,5,0,5
bromocryptine,5,0,5
p-msh,5,0,5
mir2911,5,0,5
gadobenate,5,0,5
buber,5,0,5
amal,5,0,5
mk-5,5,0,5
sqt,5,0,5
ferrissia,5,0,5
pisidium,5,0,5
lenalidomid,5,0,5
isp-ce,5,0,5
caine,5,0,5
larabinose,5,0,5
ceropegia,5,0,5
pterostigma,5,0,5
ruthe,5,0,5
petroselinum,5,0,5
caulerpa,5,0,5
uvarum,5,0,5
t.hypoglaucum,5,0,5
glycyrrhizin-bsa,5,0,5
glycyrrhizin-ova,5,0,5
nucletron,5,0,5
c-butyrate,5,0,5
intravenous,5,0,5
bupranolol,5,0,5
cicletanin,5,0,5
pche,5,0,5
lva,5,0,5
cyanidinchloride,5,0,5
bmp-6,5,0,5
ws05,5,0,5
pp01,5,0,5
ceftazidim-avibactam,5,0,5
mcd,5,0,5
lpm,5,0,5
mobilenet+sam,5,0,5
kamenica,5,0,5
efomycine-m,5,0,5
ymine,5,0,5
formosan,5,0,5
c-tocopherol,5,0,5
praevia,5,0,5
epinastinehydrochloride,5,0,5
hyalgan,5,0,5
androceras,5,0,5
~2-agonist,5,0,5
α-2b/ribavirin,5,0,5
tnfr2-agonist,5,0,5
illinites,5,0,5
nimuselide,5,0,5
aln-go1,5,0,5
seobnrv4phm,5,0,5
bleomycin-ept,5,0,5
mefl,5,0,5
alanyl-glutamine,5,0,5
c-cystathionase,5,0,5
sirea,5,0,5
rmb,5,0,5
mirna17,5,0,5
condylura,5,0,5
scaptochirus,5,0,5
fiymenium,5,0,5
mf-0,5,0,5
elnd002,5,0,5
c19orf66,5,0,5
azalanstat,5,0,5
.bupropion,5,0,5
nomacopan,5,0,5
hispidin,5,0,5
fetide,5,0,5
ivacaftor-lumacaftor,5,0,5
uranium-235,5,0,5
mucronata,5,0,5
anillin,5,0,5
scams,5,0,5
panp,5,0,5
peg-ifn2a,5,0,5
flavocoxid,5,0,5
cvad,5,0,5
sil-sln,5,0,5
neurocam,5,0,5
velaglucerase,5,0,5
naglazyme,5,0,5
siderin,5,0,5
lilium,5,0,5
mycop,5,0,5
icp4-sirna,5,0,5
rajput,5,0,5
cinn-agnp-pi,5,0,5
fumardiamides,5,0,5
mirodenafi,5,0,5
udenafi,5,0,5
kl14,5,0,5
huckleberry,5,0,5
sflt1,5,0,5
genchi,5,0,5
gonadorelinacetate,5,0,5
scholia,5,0,5
cgx,5,0,5
herstatin,5,0,5
k-bert,5,0,5
ocoxincream,5,0,5
-morphine,5,0,5
butylicus,5,0,5
argox,5,0,5
ucloxacillin,5,0,5
methyl-naltrexone,5,0,5
jidar,5,0,5
atophan,5,0,5
suzukacillin,5,0,5
gelatin/β-cd,5,0,5
dapaglifl,5,0,5
neoandrographolide,4,1,5
falcarinol,4,1,5
eloxatin,4,1,5
methyllithium,4,1,5
denofovir,4,1,5
microfilaricide,4,1,5
tomoxetine,4,1,5
fibrine,4,1,5
.amphotericin,4,1,5
triregelolide,4,1,5
hydroxymethylcytosine,4,1,5
sulphachlorpyrazine,4,1,5
picone,4,1,5
carbamezapine,4,1,5
6‐mercaptopurine,4,1,5
rhizopus,4,1,5
acetoxycycloheximide,4,1,5
strafen,4,1,5
tamine,4,1,5
cobactan,4,1,5
cinar,4,1,5
rivlin,4,1,5
capecitabin,4,1,5
cefminox,4,1,5
diimine,4,1,5
halopyridine,4,1,5
catechine,4,1,5
tamodine,4,1,5
cyproconazole,4,1,5
tipin,4,1,5
hypnin,4,1,5
lipstatin,4,1,5
artocarpin,4,1,5
tatulian,4,1,5
porphine,4,1,5
taxel,4,1,5
sansalvamide,4,1,5
halopurine,4,1,5
probenicid,4,1,5
curnin,4,1,5
stevensine,4,1,5
calgizzarin,4,1,5
lonicerin,4,1,5
riboflavine,4,1,5
sahaquine,4,1,5
imuran,4,1,5
entospletinib,4,1,5
astragaline,4,1,5
vanin,4,1,5
bastide,4,1,5
bimekizumab,4,1,5
.dopamine,4,1,5
.meropenem,4,1,5
lepin,4,1,5
ergotamin,4,1,5
.lumefantrine,4,1,5
hthymidine,4,1,5
gisin,4,1,5
brivanib,4,1,5
renamycin,4,1,5
szeto,4,1,5
isoprenalin,4,1,5
-acyclovir,4,1,5
p-109,4,1,5
.doxycycline,4,1,5
norfenefrine,4,1,5
nivaquine,4,1,5
ventroptin,4,1,5
rhizoxin,4,1,5
drotregocin,4,1,5
cycloviolacin,4,1,5
cobicistat_abacavir_rilpivirine,4,1,5
barusiban,4,1,5
gesine,4,1,5
splenopentin,4,1,5
acebilustat,4,1,5
methylhydrazine,4,1,5
cefoselis,3,2,5
dehydroandrographolide,3,2,5
metomidine,3,2,5
remdesivirremdesivir,3,2,5
fluorouridine,3,2,5
penclomedine,3,2,5
butazone,3,2,5
trichloroethene,3,2,5
antitrombin,3,2,5
validamycin,3,2,5
halocin,3,2,5
ponis,3,2,5
hirsutenone,3,2,5
pestalachloride,3,2,5
cobinamide,3,2,5
lonodelestat,3,2,5
namlodipine,3,2,5
b.oseltamivir,3,2,5
ferricrocin,3,2,5
trichloramine,3,2,5
nitroxanide,3,2,5
methylthiol,3,2,5
tetrahydroberberrubine,3,2,5
bixin,3,2,5
azepane,3,2,5
conine,3,2,5
cicloheximide,3,2,5
oxyhalide,3,2,5
cachetin,3,2,5
octyl,3,2,5
benzazole,3,2,5
thiadiazine,3,2,5
curvulamine,3,2,5
hesperidine,3,2,5
heine,3,2,5
choloramphenicol,3,2,5
alkalkine,3,2,5
houttuynamide,3,2,5
ligustilide,3,2,5
trockene,3,2,5
maurocalcine,3,2,5
salicylazosulfapyridine,3,2,5
fluorocytidine,3,2,5
bromsulphalein,3,2,5
antide,3,2,5
azithryomycin,3,2,5
rythromycin,3,2,5
chloropurine,3,2,5
mononine,3,2,5
rifambicin,3,2,5
sophoraflavanone,3,2,5
shikoccin,3,2,5
canone,3,2,5
mertansine,3,2,5
fluvastatine,3,2,5
lesne,3,2,5
virkon,3,2,5
pidilizumab,3,2,5
callystatin,3,2,5
ertapenam,3,2,5
guanidinoacetate,3,2,5
veratrine,3,2,5
iodoantipyrine,3,2,5
dotan,3,2,5
chlordane,3,2,5
ototoxin,3,2,5
orchinol,3,2,5
retuximab,3,2,5
hexaethyleneglycol,3,2,5
pyramidine,3,2,5
amphibole,3,2,5
kijanimicin,3,2,5
doxepine,3,2,5
minicollagen,3,2,5
aminothiazole,3,2,5
androstenol,3,2,5
pirlimycin,3,2,5
flinderole,3,2,5
phyllostomus,3,2,5
albendezole,3,2,5
zoxazolamine,3,2,5
triphlorethol,3,2,5
vitexfolin,3,2,5
nomifensine,3,2,5
hydroxytryptamine,3,2,5
sivir,3,2,5
.minocycline,3,2,5
nosine,3,2,5
meclozine,3,2,5
zotarolimus,3,2,5
fovir,3,2,5
-voriconazole,3,2,5
immagini,3,2,5
adriacin,3,2,5
thrombelastography,3,2,5
estramustin,3,2,5
adulticide,3,2,5
.moxifloxacin,3,2,5
rubomycin,3,2,5
cumarin,3,2,5
.saracatinib,3,2,5
massin,3,2,5
entorno,3,2,5
.flunarizine,3,2,5
clarythromycine,3,2,5
helicine,3,2,5
preprosomatostatin,3,2,5
-levofloxacin,3,2,5
netrin,3,2,5
-laninamivir,3,2,5
bms-986171,3,2,5
misoprostil,3,2,5
lthyroxine,3,2,5
herpesvir,3,2,5
minocyline,3,2,5
certican,3,2,5
uorescamine,3,2,5
glafenine,3,2,5
niridazole,3,2,5
eyelosporine,3,2,5
nystagmus,3,2,5
hydroeortisone,3,2,5
adramycin,3,2,5
dichlone,3,2,5
parbendazole,3,2,5
bimakalim,3,2,5
variconazole,3,2,5
landanosine,3,2,5
alumtuzumab,3,2,5
oxoguanine,3,2,5
azepinomycin,3,2,5
paluvisumab,3,2,5
capsaicine,3,2,5
trimethoprimsulfas,3,2,5
antisterone,3,2,5
amelotin,3,2,5
ozeltamivir,2,3,5
cottone,2,3,5
metyrosine,2,3,5
lopinaviritonavir,2,3,5
levamizole,2,3,5
nmacitentan,2,3,5
biomycin,2,3,5
mesoridazine,2,3,5
formeterol,2,3,5
vermicide,2,3,5
vitelline,2,3,5
rimatidine,2,3,5
norsegoline,2,3,5
tarcolimus,2,3,5
paleatin,2,3,5
oxiklorine,2,3,5
glicoricone,2,3,5
egner,2,3,5
bromoketone,2,3,5
depakine,2,3,5
thiabismocine,2,3,5
mcpyv,2,3,5
revefenacin,2,3,5
nitroguanidine,2,3,5
methylthiazole,2,3,5
atebrine,2,3,5
drupacine,2,3,5
robustaflavone,2,3,5
undecanone,2,3,5
myocin,2,3,5
theophyline,2,3,5
shatavarin,2,3,5
burimamide,2,3,5
capsofungin,2,3,5
lonidamine,2,3,5
gentofte,2,3,5
cyclopentyladenosine,2,3,5
olprinone,2,3,5
oralpenicilline,2,3,5
indandione,2,3,5
epitestosterone,2,3,5
isosakuranetin,2,3,5
cephotaxime,2,3,5
bortezimib,2,3,5
polyethersulfone,2,3,5
pembrolinzumab,2,3,5
cordyformamide,2,3,5
rifampacin,2,3,5
neprolysin,2,3,5
ridxivir,2,3,5
aeruginosin,2,3,5
sulfadoxine‐pyrimethamine,2,3,5
rontalizumab,2,3,5
ophiopogonin,2,3,5
pentalysine,2,3,5
quave,2,3,5
tavaborole,2,3,5
prunetin,2,3,5
tinosporin,2,3,5
doxorubucin,2,3,5
royleanone,2,3,5
aromoline,2,3,5
setmelanotide,2,3,5
prociclide,2,3,5
nmethylhistamine,2,3,5
pseudoefedrine,2,3,5
phenylselenamide,2,3,5
bmercaptoethanol,2,3,5
metopimazine,2,3,5
polyglactine,2,3,5
ambisone,2,3,5
pyrazomycin,2,3,5
flucy,2,3,5
debrisoquine,2,3,5
imab,2,3,5
gulmohor,2,3,5
loricrin,2,3,5
ribonucleotide,2,3,5
simperevir,2,3,5
teripatide,2,3,5
diiodoimidazole,2,3,5
nitrone,2,3,5
calycinine,2,3,5
nmethylcoclaurine,2,3,5
demidefensin,2,3,5
quinone,2,3,5
silymarine,2,3,5
tryptophane,2,3,5
mercaptopropionylglycine,2,3,5
betanine,2,3,5
kotlin,2,3,5
zaninamivir,2,3,5
camitine,2,3,5
buclizine,2,3,5
haloperidole,2,3,5
claritromicine,2,3,5
methyllicaconitine,2,3,5
.dupilumab,2,3,5
gentomycin,2,3,5
genitalis,2,3,5
taurocyamine,2,3,5
pulvinar,2,3,5
invasine,2,3,5
carborane,2,3,5
metilprednisone,2,3,5
enol,2,3,5
calonysterone,2,3,5
chloroquinoxaline,1,4,5
zungenbelag,1,4,5
crisaborole,1,4,5
bhattacharya,1,4,5
thermohydrosulfuricum,1,4,5
haliclonycyclamine,1,4,5
naphthyridine,1,4,5
methylketone,1,4,5
dauriporphinoline,1,4,5
dauriporphine,1,4,5
valopectibine,1,4,5
polcin,1,4,5
fluorocholine,1,4,5
talanoa,1,4,5
phenylethanolamine,1,4,5
chalconaringenin,1,4,5
leachianone,1,4,5
elsilimomab,1,4,5
epinepherine,1,4,5
piperlonguminine,1,4,5
tumore,1,4,5
streptozotocine,1,4,5
yacine,1,4,5
mesembrine,1,4,5
thata,1,4,5
tetrahydrolipstatin,1,4,5
neurocan,1,4,5
plasmalopsychosine,1,4,5
calozeyloxanthone,1,4,5
toniati,1,4,5
tmc120,1,4,5
sadenosylmethionine,1,4,5
fareshare,1,4,5
glime,1,4,5
remsdesivir,1,4,5
tensa,1,4,5
tripropylamine,1,4,5
azaperon,1,4,5
neogenin,1,4,5
haemolysin,1,4,5
brasixanthone,1,4,5
ferrofumaraat,1,4,5
galline,1,4,5
terandrine,1,4,5
indenopyrazole,1,4,5
dehydroepiandrostenedione,1,4,5
menatetorenone,1,4,5
byakangelicin,1,4,5
avrainvillamide,1,4,5
cyclopentenylcytosine,1,4,5
osteocalcine,1,4,5
pimpinellin,1,4,5
inovio,1,4,5
endrine,1,4,5
chloroadenosine,1,4,5
guardiquimod,1,4,5
nucleophosmin,1,4,5
neuregulin,1,4,5
haffkine,1,4,5
choleravaccin,1,4,5
ndiisopropylethylamine,1,4,5
d'oseltamivir,1,4,5
procyclidine,1,4,5
fstat,1,4,5
muscularis,1,4,5
lissoclinidine,1,4,5
methcathinone,1,4,5
marcaine,1,4,5
hidroxicloroquine,1,4,5
sugiol,1,4,5
phénylbutazone,1,4,5
t-172,1,4,5
nobiloside,1,4,5
norepinepherine,1,4,5
clovir,1,4,5
toluenesulfonamide,1,4,5
chlorocresol,1,4,5
norstatine,1,4,5
amphiphysin,1,4,5
phenylpropanolamine hydrochloride,0,5,5
zeptomole,0,5,5
plakophilin,0,5,5
memoli,0,5,5
haenszel,0,5,5
myeloradiculopathy,0,5,5
tetrasulfide,0,5,5
hyperinsulinismus,0,5,5
flatulenz,0,5,5
vorgegangen,0,5,5
kehle,0,5,5
karatzias,0,5,5
myomegalin,0,5,5
thomboplastin,0,5,5
staudt,0,5,5
gautier,0,5,5
vorhersagen,0,5,5
perdigão,0,5,5
shirahata,0,5,5
zinc pyrithione,0,5,5
tarassovi,0,5,5
cyclobutenedione,0,5,5
paladini,0,5,5
ezhou,0,5,5
adenophorea,0,5,5
isobutylmethylxanthine,0,5,5
vornimmt,0,5,5
erfolgen,0,5,5
gesundheitsamt,0,5,5
melacine,0,5,5
punarnava,0,5,5
punktionsurin,0,5,5
doxicicline,0,5,5
akutphasenproteine,0,5,5
carcinomata,0,5,5
dihydroquinone,0,5,5
pterygopalatine,0,5,5
comorbide,0,5,5
mucopolysaccharide,0,5,5
carpabenem,0,5,5
koncan,0,5,5
gln331,0,5,5
comamonas,0,5,5
karkhanis,0,5,5
methylglycine,0,5,5
spülungen,0,5,5
protodioscin,0,5,5
unterzubringen,0,5,5
myohemoglobin,0,5,5
calveolin,0,5,5
plasmine,0,5,5
ausschlag,0,5,5
ammonium acetate,0,5,5
violato,0,5,5
lomatium,0,5,5
organofluorine,0,5,5
eserine,0,5,5
altemus,0,5,5
dohle,0,5,5
preussin,0,5,5
gly143,0,5,5
l'habitat,0,5,5
endophilin,0,5,5
acetohydrazide,0,5,5
desaire,0,5,5
clavulansäure,0,5,5
augmentan,0,5,5
simultan,0,5,5
kaerber,0,5,5
kinkhoestvaccin,0,5,5
cremaphor,0,5,5
pressekonferenz,0,5,5
closantel sodium,0,5,5
ganovo,0,5,5
benzhydrylamine,0,5,5
rohini,0,5,5
slc1a5,0,5,5
pacione,0,5,5
voraussetzungen,0,5,5
botulismus,0,5,5
intine,0,5,5
cremophor,0,5,5
schrauwen,0,5,5
ferrone,0,5,5
n-331,0,5,5
fuchte,0,5,5
phe342,0,5,5
panganiban,0,5,5
mustargen,0,5,5
octanethiol,0,5,5
verläufen,0,5,5
jeonnam,0,5,5
testudine,0,5,5
tuataras,0,5,5
marinobufagenin,0,5,5
bakhle,0,5,5
rabin,0,5,5
gopalakrishnan,0,5,5
larissa,0,5,5
benzoimidazole,0,5,5
ermini,0,5,5
thoracoplasty,0,5,5
marik,0,5,5
limettin,0,5,5
astelin,0,5,5
rangdp,0,5,5
seromucin,0,5,5
volatiles,0,5,5
neosynephrine,0,5,5
tinctorium,0,5,5
polyline,0,5,5
dihexosylceramide,0,5,5
fawcettimine,0,5,5
bitan,0,5,5
horan,0,5,5
lysoplasmalogen,0,5,5
piscatawy,0,5,5
latrotoxin,0,5,5
dihydrochelerythrine,0,5,5
neurobiol,0,5,5
sodium fluoride,0,5,5
chairside,0,5,5
l'intestin,0,5,5
longaandoeningen,0,5,5
styra,0,5,5
forlanini,0,5,5
timentin,0,5,5
multbycol,0,5,5
complementos,0,5,5
flumequine,0,5,5
femtomole,0,5,5
triméthoprime,0,5,5
cirsimaritin,0,5,5
sakuranetin,0,5,5
thiogalactopyranoside,0,5,5
cymophenol,0,5,5
phophatidylethanolamine,0,5,5
triazinelhydrazine,0,5,5
"phenyl-1,3,4-triazole-2,5-dione",0,5,5
≤0.3,0,5,5
fluoroaristeromycin,0,5,5
gedeihen,0,5,5
nitrosocysteine,0,5,5
fokianos,0,5,5
colestipol,0,5,5
sine‐cosine,0,5,5
rfree,0,5,5
dinitrogen trioxide,0,5,5
sodium cyanoborohydride,0,5,5
zooepidemicus,0,5,5
multinucleoside,0,5,5
draine,0,5,5
rettungsmittel,0,5,5
zielproteine,0,5,5
teicoplanin aglycone,0,5,5
desosamine,0,5,5
pisatin,0,5,5
phenethylguanidine,0,5,5
absaugen,0,5,5
tunicata,0,5,5
polysacharidevaccin,0,5,5
mattei,0,5,5
doxépine,0,5,5
sl‐selectin,0,5,5
groenlandicine,0,5,5
galvanostat,0,5,5
tandvleesbloedingen,0,5,5
buysse,0,5,5
nierensteine,0,5,5
tetraguaiacol,0,5,5
exjade,0,5,5
miocamycin,0,5,5
macrolid,0,5,5
ciccaglione,0,5,5
azthreonam,0,5,5
glycolide,0,5,5
lincospectin,0,5,5
nitrosodimethylamine,0,5,5
sps770,0,5,5
impulsin,0,5,5
sahu,0,5,5
intracrine,0,5,5
aranotin,0,5,5
lpv)-ritonavir,0,5,5
canpolat,0,5,5
glycodelin,0,5,5
facchini,0,5,5
pulver,0,5,5
nonchemokine,0,5,5
boutin,0,5,5
lavine,0,5,5
advaccine,0,5,5
blenis,0,5,5
aerobactin,0,5,5
lactated,0,5,5
becerril,0,5,5
terpinolene,0,5,5
protime,0,5,5
andrograpanin,0,5,5
isoiguesterin,0,5,5
nab063,0,5,5
thiothixene,0,5,5
thiltgen,0,5,5
bromophycolide,0,5,5
davoine,0,5,5
lazzarini,0,5,5
margolis,0,5,5
optochin,0,5,5
photomedicine,0,5,5
oxothiazolidine,0,5,5
sorbinil,0,5,5
goldsby,0,5,5
selvaratnam,0,5,5
kudumbashree,0,5,5
lagier,0,5,5
rna002,0,5,5
phosphatidylocholine,0,5,5
intersectin,0,5,5
vallejos,0,5,5
a-172,0,5,5
rempex,0,5,5
pyrimidinone,0,5,5
gladwin,0,5,5
fluoroscan,0,5,5
microtine,0,5,5
saaremaa,0,5,5
brisbin,0,5,5
necine,0,5,5
lopinavir ritonavir,0,5,5
phosphinothricin,0,5,5
glycerophosphatidylcholine,0,5,5
prenylamine,0,5,5
vimentine,0,5,5
bellin,0,5,5
rescher,0,5,5
policosanol,0,5,5
tropoelastin,0,5,5
yolken,0,5,5
osorno,0,5,5
phenanthridine,0,5,5
trp617,0,5,5
isaindigotidione,0,5,5
noncyclone,0,5,5
acadesine,0,5,5
cardizem,0,5,5
ekanem,0,5,5
absatz,0,5,5
ranbezolid,0,5,5
prenyllicoflavone,0,5,5
trias,0,5,5
tetrabromophenol,0,5,5
tugade,0,5,5
rescinnamine,0,5,5
synapthophysin,0,5,5
cpt104,0,5,5
neurokine,0,5,5
raumforderungen,0,5,5
diltiazem hydrochloride,0,5,5
irak-1,0,5,5
neocuproine,0,5,5
acierno,0,5,5
forane,0,5,5
tchichibabin,0,5,5
uccellini,0,5,5
teilw,0,5,5
lysylphosphatidylglycerol,0,5,5
schmittgen,0,5,5
oxyhaemoglobin,0,5,5
voshaar,0,5,5
racemic albuterol,0,5,5
komplementproteine,0,5,5
globotetraosylceramide,0,5,5
biowaffen,0,5,5
px‐uv,0,5,5
trisindole,0,5,5
t190i,0,5,5
alkohole,0,5,5
gegenstände,0,5,5
paraffine,0,5,5
phytosphingosine,0,5,5
delatorre,0,5,5
krebserkrankungen,0,5,5
flüssigseife,0,5,5
cohnii,0,5,5
benzimidine,0,5,5
goren,0,5,5
rhamnoliquiritin,0,5,5
marraffini,0,5,5
austin,0,5,5
f2.2u,0,5,5
f2.2d,0,5,5
promotorsequenz,0,5,5
fußsohle,0,5,5
lyrica,0,5,5
p1-pyrrolidone,0,5,5
tributyrin,0,5,5
azidohomoalanine,0,5,5
guanidinium hydrochloride,0,5,5
tastv2,0,5,5
progenra,0,5,5
licofuranone,0,5,5
luftfeuchtigkeit,0,5,5
dihydroimidazole,0,5,5
octanone,0,5,5
dipalmitoylphosphatidylethanolamine,0,5,5
vistaril,0,5,5
exophthalmus,0,5,5
octapole,0,5,5
homocitrulline,0,5,5
benzylamide,0,5,5
hemiballismus,0,5,5
ordini,0,5,5
ksa403,0,5,5
fasciola-,0,5,5
linewidths,0,5,5
manicone,0,5,5
resistenzmechanismus,0,5,5
cefuroxime sodium,0,5,5
felbatol,0,5,5
nanobiomedicine,0,5,5
allawi,0,5,5
hirata,0,5,5
rnf138,0,5,5
kirkine,0,5,5
oxoassoanine,0,5,5
zingiberene,0,5,5
nyagode,0,5,5
tacrolismus,0,5,5
cellline,0,5,5
oligoquinoline,0,5,5
ricovero,0,5,5
fraxin,0,5,5
joklik,0,5,5
bio922,0,5,5
p-119,0,5,5
l'infezione,0,5,5
sensibilizzazione,0,5,5
seventyone,0,5,5
.insulin,0,5,5
linfocitos,0,5,5
zeichnet,0,5,5
isoleucin,0,5,5
cellsurface,0,5,5
twentythree,0,5,5
nethylmaleimide,0,5,5
communitybased,0,5,5
falck,0,5,5
whieh,0,5,5
gummata,0,5,5
gelofusine,0,5,5
queuine,0,5,5
krebsrisiko,0,5,5
propionylcarnitine,0,5,5
polyvidone,0,5,5
toethanol,0,5,5
vorherigen,0,5,5
lippolysaccharide,0,5,5
korpas,0,5,5
fiftynine,0,5,5
perara,0,5,5
nanobiotech,0,5,5
anticolinérgicos,0,5,5
uitro,0,5,5
non-3-yl)methyl]amine,0,5,5
lthreonine,0,5,5
disability.•,0,5,5
l.min,0,5,5
transfusiol,0,5,5
aminophillin,0,5,5
evolis,0,5,5
bromeline,0,5,5
genvoya,0,5,5
dodecapeptide,0,5,5
mirato,0,5,5
lesione,0,5,5
-homoaristeromycin,0,5,5
ileus,0,5,5
covid-19vaccine,0,5,5
cerebellopontine,0,5,5
formaline,0,5,5
gesteigert,0,5,5
zahnröntgen,0,5,5
ipersecrezione,0,5,5
oxigen,0,5,5
apoproteine,0,5,5
l'allopurinol,0,5,5
l'amiodarone,0,5,5
d'aldostérone,0,5,5
ferroportine,0,5,5
venkataraman,0,5,5
protofibril,0,5,5
ecadherin,0,5,5
cryoprobes,0,5,5
benigne,0,5,5
opsonine,0,5,5
glycidamide,0,5,5
flt-1,0,5,5
synaptophisin,0,5,5
ethiodol,0,5,5
gratwohl,0,5,5
uoropyrimidine,0,5,5
triploide,0,5,5
respir,0,5,5
frozone,0,5,5
kilham,0,5,5
symblepharon,0,5,5
l'escrezione,0,5,5
abbreviata,0,5,5
mereaptoethanol,0,5,5
pessione,0,5,5
precam,0,5,5
dhsct,0,5,5
fccriib,0,5,5
thirdline,0,5,5
extramedullary,0,5,5
tembine,0,5,5
cxmd,0,5,5
l'ipertensione,0,5,5
contrazione,0,5,5
ritenzione,0,5,5
depressionsrisiko,0,5,5
phasin,0,5,5
triazolone,0,5,5
fruizione,0,5,5
l'opinione,0,5,5
brasseur,0,5,5
canaline,0,5,5
carboxyanhydride,0,5,5
imexos,0,5,5
oqualone,0,5,5
y-320,0,5,5
revcovi,0,5,5
présumée,0,5,5
circiliol,0,5,5
discussione,0,5,5
ströer,0,5,5
trasportato,0,5,5
vescicole,0,5,5
virione,0,5,5
l'inclusione,0,5,5
integrato,0,5,5
legione,0,5,5
lymphatique,0,5,5
fecysc,0,5,5
golm-1,0,5,5
uropeltine,0,5,5
tetratuftsin,0,5,5
realitat,0,5,5
binaltorphimine,0,5,5
secretoglobin,0,5,5
promozione,0,5,5
evidenziato,0,5,5
tipizzazione,0,5,5
certificazione,0,5,5
dell'organizzazione,0,5,5
kholodilin,4,0,4
anti‐tnfα,4,0,4
peroxinitrite,4,0,4
hhb,4,0,4
trombolytica,4,0,4
carin,4,0,4
hcpa,4,0,4
glucorticosteroid,4,0,4
afganistan,4,0,4
school,4,0,4
gallicida,4,0,4
hsa-mir-125b,4,0,4
hsa-mir-142,4,0,4
mir-425-5p,4,0,4
tourniquets,4,0,4
autoría,4,0,4
oba,4,0,4
gianluca,4,0,4
ammoniumglycyrrhizinate,4,0,4
ziyuglycoside,4,0,4
anti-platelet,4,0,4
ampicilina/sulbactam,4,0,4
piperacillin/tazobactum,4,0,4
actelion,4,0,4
biobrane,4,0,4
clor,4,0,4
d-12,4,0,4
bongo,4,0,4
5‐mispair,4,0,4
stenon,4,0,4
mitocryptide-2,4,0,4
spinorphin,4,0,4
lentin,4,0,4
fe65,4,0,4
pla2g2a,4,0,4
brcc3,4,0,4
ciufolini,4,0,4
compound11a,4,0,4
silver-,4,0,4
azythromycine,4,0,4
sigmoidin,4,0,4
liquoriceethanolic,4,0,4
lfo,4,0,4
tiruvalluvar,4,0,4
hpv11e5,4,0,4
schistosomajaponica,4,0,4
trabectidin,4,0,4
klb,4,0,4
ecir,4,0,4
diproxil,4,0,4
zikv-microcephaly,4,0,4
anti-choline,4,0,4
spiegelmer,4,0,4
versicolor,4,0,4
abubakar,4,0,4
adibe,4,0,4
bamidele,4,0,4
humani,4,0,4
venodilators,4,0,4
paphos,4,0,4
mexicana,4,0,4
vitisinb,4,0,4
hopea,4,0,4
mulberrofuran,4,0,4
ganjam,4,0,4
trigocherrins,4,0,4
flumethrin,4,0,4
α-thymosin,4,0,4
acetabularia,4,0,4
anti-ddb1,4,0,4
[81].it,4,0,4
platyphylloside,4,0,4
betulapendula,4,0,4
pendula,4,0,4
awb,4,0,4
giiaspla2,4,0,4
gx,4,0,4
biban,4,0,4
k‐252a,4,0,4
hsv-1,4,0,4
anti-pseudomonal,4,0,4
niclosamide/colistin,4,0,4
baxterag,4,0,4
thimerosal-free,4,0,4
hyperimmunoglobulin,4,0,4
glycosylase,4,0,4
vasopressin/oxytocin,4,0,4
parikh,4,0,4
b-agonists,4,0,4
cetp,4,0,4
meprin-a,4,0,4
opa1,4,0,4
mir148,4,0,4
urocortin-1,4,0,4
sabinpoliovaccine,4,0,4
shuanghui,4,0,4
cl2,4,0,4
halolink,4,0,4
cytodyn,4,0,4
5-me-cytidine,4,0,4
9-propargyladenine19a,4,0,4
versluis,4,0,4
hespridin,4,0,4
ergometry,4,0,4
herniarin,4,0,4
b.fruticosum,4,0,4
gibraltaricum,4,0,4
lifenet,4,0,4
sterilizer,4,0,4
menomune,4,0,4
neparvovec,4,0,4
che-fcesterase,4,0,4
cals,4,0,4
blenoxane,4,0,4
a20,4,0,4
sodiumcyanide,4,0,4
albanin,4,0,4
fluvax,4,0,4
vietherb,4,0,4
emilvon,4,0,4
btki,4,0,4
alfas,4,0,4
alfa-ribavirin,4,0,4
alfa-2b/ribavirin,4,0,4
rhpdgf-bb,4,0,4
betamox,4,0,4
afosa,4,0,4
camilo,4,0,4
toro-,4,0,4
passo,4,0,4
reuterin,4,0,4
ly30,4,0,4
tolerion,4,0,4
nalin,4,0,4
urea-8,4,0,4
phytotherapeutika,4,0,4
sp15,4,0,4
hidroxycloroquine,4,0,4
dekokt,4,0,4
retrocyclin-101,4,0,4
dmps,4,0,4
milklipid,4,0,4
debio-1347,4,0,4
pancaro,4,0,4
knafou,4,0,4
simões,4,0,4
tolopinavir/ritonavir,4,0,4
pandemrix®,4,0,4
capixaba,4,0,4
maffei,4,0,4
solair,4,0,4
tatyana,4,0,4
nagaraadikashaya,4,0,4
hsa-mir-4530,4,0,4
ornitz,4,0,4
löfgren,4,0,4
philosoph,4,0,4
ibuprofen/ketoprofen,4,0,4
celecoxib-oseltamivir,4,0,4
nocardiosis,4,0,4
kaposisarcoma,4,0,4
reinhard,4,0,4
bioavailablevitamind,4,0,4
rondom,4,0,4
humabs,4,0,4
isiα,4,0,4
antitubercular,4,0,4
anti-alzheimer,4,0,4
massoprostatinae,4,0,4
proterodiplostomids,4,0,4
crocodilicola,4,0,4
mdp2,4,0,4
lup,4,0,4
eeyarestatin,4,0,4
fos-jun,4,0,4
haemonchus,4,0,4
phosparamidon,4,0,4
amphisome,4,0,4
ε-viniferin,4,0,4
sedat,4,0,4
nbaecp,4,0,4
waterproof,4,0,4
ribelin,4,0,4
porirua,4,0,4
forvet,4,0,4
coxsackieb4,4,0,4
dianella,4,0,4
chrysophanicacid,4,0,4
ophioglossum,4,0,4
bactenecins,4,0,4
ffpr,4,0,4
cocaïne,4,0,4
gramer,4,0,4
mir‐29b,4,0,4
mir-32,4,0,4
onychomys,4,0,4
orangutans,4,0,4
illovosugar,4,0,4
col,4,0,4
bea,4,0,4
acromioplasty,4,0,4
icp11,4,0,4
jacobi,4,0,4
hymenophyllum,4,0,4
cheilanthes,4,0,4
schizaea,4,0,4
ardh,4,0,4
oxymask,4,0,4
thegp5-mosaicvaccine,4,0,4
5-fu/lv,4,0,4
b92,4,0,4
hyssop,4,0,4
creams,4,0,4
7-valentvaccine,4,0,4
derin,4,0,4
nativist,4,0,4
diav-citrin,4,0,4
ethos,4,0,4
metaens25,4,0,4
borneolum,4,0,4
barinova,4,0,4
penicillin/amoxicillin,4,0,4
ergasilus,4,0,4
pentastomum,4,0,4
trisenox,4,0,4
chromodulin,4,0,4
anemone,4,0,4
longifolia,4,0,4
dichlormethane,4,0,4
7-amido-4-methylcoumarin,4,0,4
nhb,4,0,4
mir-2b,4,0,4
fluorescein-labeled,4,0,4
gansu,4,0,4
methylthiazoletetrazolium,4,0,4
ilic,4,0,4
citator,4,0,4
dinuba,4,0,4
dolores,4,0,4
diphenyldiselenide,4,0,4
prosigna,4,0,4
n-desmethyl-bendamustine,4,0,4
cyp2b6,4,0,4
altretamine,4,0,4
iproplatin,4,0,4
paraplatin,4,0,4
myocet,4,0,4
peglyation,4,0,4
-micin,4,0,4
.methotrexate,4,0,4
tegafur-uracil,4,0,4
5′-deoxy-5-fluorouridine,4,0,4
alvingouldner,4,0,4
☞,4,0,4
compoundqinlan,4,0,4
(s)-propranolol,4,0,4
fa-,4,0,4
catecholate,4,0,4
kampomedicine,4,0,4
m-flavonoids,4,0,4
(6)-gingerol,4,0,4
zizyphi,4,0,4
ibdv,4,0,4
helioxanthin,4,0,4
ferulic,4,0,4
formula,4,0,4
zucoloto,4,0,4
(t)ribavirin,4,0,4
fluorinert,4,0,4
8-core,4,0,4
se-isij,4,0,4
cianjur,4,0,4
chargaff,4,0,4
mesecar,4,0,4
bidenspilosa,4,0,4
gulcin,4,0,4
rambaut,4,0,4
thehebei,4,0,4
serene,4,0,4
arcadia,4,0,4
stimuvax,4,0,4
hydroxyls,4,0,4
shawn,4,0,4
camelliajaponica,4,0,4
methylsalicylate,4,0,4
sarkar,4,0,4
gluconicum,4,0,4
cnidaria,4,0,4
piedraia,4,0,4
vapor,4,0,4
mettl1,4,0,4
mir-2127,4,0,4
mir-454,4,0,4
mir-27b-3p,4,0,4
lipaphis,4,0,4
r-tylophorine,4,0,4
levocetirizina,4,0,4
deoxycholat,4,0,4
amoxicillin‐clavulanic,4,0,4
medis,4,0,4
rajib,4,0,4
manganesechloride,4,0,4
2′-deoxyguanosine,4,0,4
durhamycin,4,0,4
dvir-gvirsman,4,0,4
l.pterodonta,4,0,4
ciclosporin-a,4,0,4
λ1,4,0,4
ubls,4,0,4
pomp,4,0,4
ubc7p,4,0,4
hendil,4,0,4
provitaminacarotenoids,4,0,4
ureterolith,4,0,4
nephrectomy,4,0,4
lengua,4,0,4
vignoli,4,0,4
sulfaat,4,0,4
griseofulvine,4,0,4
ar-301,4,0,4
pedobacter,4,0,4
hoare,4,0,4
davon,4,0,4
hiervon,4,0,4
chloro-,4,0,4
potassium-gluconate,4,0,4
α-peltatin,4,0,4
selman,4,0,4
maciej,4,0,4
lampalizumab,4,0,4
n13,4,0,4
topley,4,0,4
"α2,6-linked",4,0,4
rms4,4,0,4
rms6,4,0,4
–isotetrandrine,4,0,4
mycalamideb,4,0,4
hydroquinones,4,0,4
claro,4,0,4
opipramol,4,0,4
corporis,4,0,4
hmsc,4,0,4
tnf-inhibitor,4,0,4
derzeit,4,0,4
lp17,4,0,4
isom,4,0,4
ph.potassium,4,0,4
voida,4,0,4
parachordeumium,4,0,4
gonophysema,4,0,4
20-hydroxyecdysone,4,0,4
ventricosus,4,0,4
coenurus,4,0,4
ctenoides,4,0,4
peg-ceramide,4,0,4
sp100,4,0,4
pias1,4,0,4
guava,4,0,4
himedia,4,0,4
carbowax,4,0,4
avibacterium,4,0,4
5alpha-dihydrotestosterone,4,0,4
pota,4,0,4
agela,4,0,4
fas,4,0,4
gemox,4,0,4
denileukin,4,0,4
neurokinin-1,4,0,4
lactalis,4,0,4
donoghue,4,0,4
sulfydryl,4,0,4
ilioprost,4,0,4
irak4,4,0,4
gastrospirillum,4,0,4
aminide,4,0,4
huffman,4,0,4
yunnanpai,4,0,4
•echinacea,4,0,4
juniper,4,0,4
vitex-agnus,4,0,4
shen,4,0,4
sairam,4,0,4
dichrostachys,4,0,4
arnica,4,0,4
nepetalactone,4,0,4
lamiumalbum,4,0,4
mucilage,4,0,4
bearberry,4,0,4
sarraceniapurpurea,4,0,4
lig-8,4,0,4
bentazon,4,0,4
uar,4,0,4
ns5,4,0,4
haplogroupb2a,4,0,4
cnbnb,4,0,4
deoxycytosine,4,0,4
percin,4,0,4
rsba,4,0,4
125i,4,0,4
lauricella,4,0,4
cys90,4,0,4
stomoxid,4,0,4
bleck,4,0,4
rhp,4,0,4
cp32,4,0,4
chloroacetate,4,0,4
tistrella,4,0,4
manson,4,0,4
beclometasone/formoterol,4,0,4
sof-tp,4,0,4
fto,4,0,4
ddc,4,0,4
zayas,4,0,4
src-inhibitor,4,0,4
kemerovo,4,0,4
salton,4,0,4
isg15-fp,4,0,4
anti-collagen,4,0,4
glottic,4,0,4
rotavirusb,4,0,4
liquillizer,4,0,4
gp350-encapsulin,4,0,4
weber,4,0,4
hepatovirus,4,0,4
kaitin,4,0,4
candide,4,0,4
fluc,4,0,4
quercetinglucosides,4,0,4
rampell,4,0,4
omega-6pufas,4,0,4
caboxine,4,0,4
nor-adrenaline,4,0,4
ns3-,4,0,4
bromo-,4,0,4
"1,25(oh)2",4,0,4
pharmakokinetik,4,0,4
p.tenuifolia,4,0,4
minlex,4,0,4
anti-mir-18a,4,0,4
mir-18,4,0,4
mir-29,4,0,4
lowcholesterol,4,0,4
theobroma,4,0,4
walkie,4,0,4
thearubigins,4,0,4
gneezy,4,0,4
precis,4,0,4
nederland,4,0,4
tetrandra,4,0,4
jujubae,4,0,4
aporphines,4,0,4
2-norcepharanthine,4,0,4
neuromyelitis,4,0,4
urumqi,4,0,4
rhodium,4,0,4
inception_v3,4,0,4
fludarabine/cyclophosphamide,4,0,4
novoselac,4,0,4
tifuvirtide,4,0,4
kistamycins,4,0,4
nl63-plp2,4,0,4
hp-pmx,4,0,4
gamida,4,0,4
apelins,4,0,4
gga-mir-34b-5p,4,0,4
mir-381,4,0,4
mir-n367,4,0,4
nmn,4,0,4
hcq-azi,4,0,4
dmu-214,4,0,4
laryngoscopes,4,0,4
avond,4,0,4
ghsi,4,0,4
bimrose,4,0,4
fenilbutazona,4,0,4
carbamazepina,4,0,4
senthilkumar,4,0,4
benzodiazepam,4,0,4
buprenex,4,0,4
sodiumpotassium,4,0,4
biphenyle,4,0,4
p53-,4,0,4
nafazolina,4,0,4
carnosa,4,0,4
wim,4,0,4
soda,4,0,4
handkerchief,4,0,4
decongestant-antihistamine,4,0,4
nhg,4,0,4
winepack,4,0,4
sp-selectin,4,0,4
tropnet,4,0,4
ps-modified,4,0,4
ifnl3,4,0,4
ifnλ,4,0,4
anilide,4,0,4
bioflavonoids,4,0,4
antifog,4,0,4
tmprss6/matriptase-2,4,0,4
wdr82,4,0,4
cssr,4,0,4
wilde,4,0,4
h2po4,4,0,4
gr-steroid,4,0,4
tpcd,4,0,4
anti-mir33,4,0,4
cb6,4,0,4
anti-leukotrienes,4,0,4
kafak,4,0,4
tnf-α-sirna,4,0,4
badiou,4,0,4
sox10,4,0,4
flub,4,0,4
131i-omburtamab,4,0,4
morifolii,4,0,4
herbaephedrae,4,0,4
pirfenidon,4,0,4
forsythiaviridissima,4,0,4
beta-carboline,4,0,4
ado,4,0,4
exr,4,0,4
fatin,4,0,4
6-ethenoadenosine,4,0,4
dextroamphetamin,4,0,4
c5l2,4,0,4
logica,4,0,4
oca,4,0,4
α-isonitrosopropiophenone,4,0,4
5′ppp,4,0,4
orf1polypeptide,4,0,4
calixin,4,0,4
sinensisradix,4,0,4
bisbenzamide,4,0,4
yenisei,4,0,4
lt-b,4,0,4
rhinosporium,4,0,4
agj,4,0,4
boulware,4,0,4
andrà,4,0,4
elelyso,4,0,4
bcaas,4,0,4
mg/hydrocortisone,4,0,4
vil-10,4,0,4
citrinopileatus,4,0,4
idba-ud,4,0,4
exia,4,0,4
chitosan-sirna,4,0,4
ewa,4,0,4
21-mer,4,0,4
fatica,4,0,4
shilei,4,0,4
humicola,4,0,4
mascarene,4,0,4
bide,4,0,4
atg12-atg5-atg16l1,4,0,4
arpc1b,4,0,4
xylazine-ketamine,4,0,4
β-adrenergics,4,0,4
lindgren,4,0,4
hecolin,4,0,4
hiv.it,4,0,4
azaglutamine,4,0,4
zanamivir/oseltamivir,4,0,4
amantadine/ribavirin,4,0,4
trityl,4,0,4
dantonic,4,0,4
sanqi,4,0,4
damo,4,0,4
rebelo,4,0,4
cyclinb1,4,0,4
cincera,4,0,4
vapnik,4,0,4
mcelwee,4,0,4
durisin,4,0,4
metfs2,4,0,4
sc,4,0,4
porfidia,4,0,4
thali,4,0,4
tujia,4,0,4
rics,4,0,4
b.dracunculifolia,4,0,4
luanda,4,0,4
sulfonatedandrographolide,4,0,4
z3,4,0,4
ureaacrylamide,4,0,4
ofloxacin+ornidazole,4,0,4
norfloxacin+tinidazole,4,0,4
clavolino,4,0,4
parp,4,0,4
hydras,4,0,4
α-amylase,4,0,4
smz-co,4,0,4
fabien,4,0,4
selenosulfide,4,0,4
calcian,4,0,4
isometrus,4,0,4
w1,4,0,4
ostreococcus,4,0,4
aparavirus,4,0,4
berar,4,0,4
pillow,4,0,4
delbrück,4,0,4
lucan,4,0,4
2h2o,4,0,4
"2,6‐lutidine",4,0,4
ngr-2c,4,0,4
β-lactam-antibiotika,4,0,4
panadol,4,0,4
pro-vitamins,4,0,4
claver,4,0,4
zoltan,4,0,4
secys,4,0,4
mesemet,4,0,4
selenolate,4,0,4
6‐thioguanine,4,0,4
lariam,4,0,4
zina,4,0,4
tremetol,4,0,4
juneberry,4,0,4
n4-biotin,4,0,4
e5viroporin,4,0,4
weierstrass,4,0,4
mito-q,4,0,4
pyrimethamine/500,4,0,4
sulfadoxine)/20,4,0,4
gratis,4,0,4
tlr3-agonist,4,0,4
gemcitabinehydrochloride,4,0,4
civh3n2,4,0,4
cgl,4,0,4
dtl,4,0,4
β‐defensin,4,0,4
ramadhan,4,0,4
zonotope,4,0,4
ll1,4,0,4
matti,4,0,4
cur-cs,4,0,4
yeşil,4,0,4
feneri,4,0,4
özgür,4,0,4
cengiz,4,0,4
verocai,4,0,4
engerixb,4,0,4
mongholicus,4,0,4
ventoline,4,0,4
nanoshutter,4,0,4
heparin-tubes,4,0,4
ddpg,4,0,4
ursonic,4,0,4
villis,4,0,4
koreana,4,0,4
lancea,4,0,4
lopinavir(lpv)-ritonavir,4,0,4
ccn1,4,0,4
alpha-2-m,4,0,4
rabenosyn-5,4,0,4
laila,4,0,4
turshen,4,0,4
hcvpro,4,0,4
puccinia,4,0,4
abt-761,4,0,4
hpv38,4,0,4
mpv,4,0,4
ng4,4,0,4
pusan,4,0,4
vanessa,4,0,4
mir-200c-5p,4,0,4
tcmd,4,0,4
novartisag,4,0,4
pestana,4,0,4
koritschoner,4,0,4
isdr,4,0,4
ubistatins,4,0,4
asct2,4,0,4
d-mannose,4,0,4
sirens,4,0,4
chloroquine(cq,4,0,4
hygromycin-b,4,0,4
immunoglubulin,4,0,4
artino,4,0,4
cipta,4,0,4
devito,4,0,4
ketaminol,4,0,4
xylarenone,4,0,4
dendrillin,4,0,4
lidocainium,4,0,4
5-aza-2-deoxycytidine,4,0,4
cyclina2,4,0,4
ribotide,4,0,4
lyciumchinense,4,0,4
sulfachlorpyrazine,4,0,4
varicellovirus,4,0,4
jaimovich,4,0,4
vegf-vegfr,4,0,4
mecklenburg-western,4,0,4
quinupristin‐dalfopristin,4,0,4
zampella,4,0,4
huifn-α2,4,0,4
azurocidin,4,0,4
liushen,4,0,4
beractant,4,0,4
aztreonam-avibactam,4,0,4
smx-tmp,4,0,4
mettem,4,0,4
iv-ig,4,0,4
alpha2-antiplasmin,4,0,4
uniplas,4,0,4
linos,4,0,4
staudenmaier,4,0,4
esther,4,0,4
anti-forssman,4,0,4
α‐actinin,4,0,4
süß,4,0,4
adaa,4,0,4
kempferol,4,0,4
phellodendronchinense,4,0,4
stearothermophilus,4,0,4
trachylepis,4,0,4
irciniastatin,4,0,4
mycalamide-a,4,0,4
rich,4,0,4
ym,4,0,4
elgamal,4,0,4
coronin-1,4,0,4
vlxt,4,0,4
d-atropine,4,0,4
l-atropine,4,0,4
hepatostat,4,0,4
[35s]methionine/cysteine,4,0,4
hieronymus,4,0,4
usaid,4,0,4
kyron,4,0,4
cefzil,4,0,4
baicalein/baicalin,4,0,4
no.20,4,0,4
sullana,4,0,4
pucallpa,4,0,4
echinagard,4,0,4
•vitamin,4,0,4
gp116,4,0,4
ali,4,0,4
visit,4,0,4
ubbp4,4,0,4
academician,4,0,4
alzola,4,0,4
dermavir,4,0,4
immunomodulator,4,0,4
methylphosphonate,4,0,4
atx,4,0,4
cirg,4,0,4
l.caseishirota,4,0,4
msis,4,0,4
yfvns1,4,0,4
wcrvfl,4,0,4
cajeputoil,4,0,4
endou-tasosartan,4,0,4
devincenzo,4,0,4
spinus,4,0,4
tepidum,4,0,4
picrophilus,4,0,4
ciliata,4,0,4
ccmg,4,0,4
mir-511,4,0,4
ovar,4,0,4
omegatetravirus,4,0,4
carmotetravirus,4,0,4
wtioil,4,0,4
trichloracetic,4,0,4
qianjiang,4,0,4
loperamidehydrochloride,4,0,4
chromolytic,4,0,4
eib,4,0,4
amaroid,4,0,4
isomers,4,0,4
glutamineacid,4,0,4
bpr,4,0,4
cq-s,4,0,4
zot,4,0,4
croll,4,0,4
actinia,4,0,4
locustamyotropin,4,0,4
ninjinyoeito,4,0,4
aurantii,4,0,4
gentianaeradix,4,0,4
cibotiumbarometz,4,0,4
rubrum,4,0,4
wst-1,4,0,4
cinnamosma,4,0,4
concordia,4,0,4
a.indica,4,0,4
rasoanaivo,4,0,4
myrtoides,4,0,4
hf,4,0,4
amh,4,0,4
gonadoblastoma,4,0,4
orchidopexy,4,0,4
adipinectin,4,0,4
dpg,4,0,4
podila,4,0,4
clavulones,4,0,4
clavularia,4,0,4
a−b,4,0,4
esq,4,0,4
adamec,4,0,4
withacnistin,4,0,4
lipodystrophy,4,0,4
"α2,3-linked",4,0,4
sapura,4,0,4
agantuja,4,0,4
rasayana,4,0,4
ypfsdecoction,4,0,4
wnt,4,0,4
kys,4,0,4
humidistat,4,0,4
prada,4,0,4
schinas,4,0,4
wip,4,0,4
sixtus,4,0,4
morosan,4,0,4
echinaceapallida,4,0,4
echinaceapolysaccharides,4,0,4
pinnata,4,0,4
dromocracy,4,0,4
googlenet-tl,4,0,4
naphtol,4,0,4
siglec16,4,0,4
siglec-14,4,0,4
adenovirusb2,4,0,4
aminoadamantanes,4,0,4
3-hp-lysozyme,4,0,4
echidna,4,0,4
helland,4,0,4
noctiluca,4,0,4
amphidinium,4,0,4
mozolowski,4,0,4
gripenet,4,0,4
selinidin,4,0,4
pyroxene,4,0,4
inga,4,0,4
uiip,4,0,4
pangolin,4,0,4
calendulaofficinalis,4,0,4
isopenicillin,4,0,4
ulrike,4,0,4
isan,4,0,4
e-echo,4,0,4
soltis,4,0,4
aortae,4,0,4
labonte,4,0,4
nitrate-nitrogen,4,0,4
sanicola,4,0,4
football,4,0,4
yuan,4,0,4
hazeldine,4,0,4
shuangao,4,0,4
trilobyte,4,0,4
yavapai,4,0,4
tazettae,4,0,4
roserine,4,0,4
hemantheae,4,0,4
anti‐influenza,4,0,4
norem,4,0,4
ifnr1,4,0,4
metanephros,4,0,4
tim-1,4,0,4
kaai,4,0,4
lopinavir/ritonavir-based,4,0,4
vegf-trap,4,0,4
cq+macrolide,4,0,4
serotransferrin,4,0,4
hemagglutinin,4,0,4
g.arboreum,4,0,4
iopamiron,4,0,4
bbk,4,0,4
mir-342,4,0,4
bta-mir-147,4,0,4
alz,4,0,4
ibc,4,0,4
sclerosteosis,4,0,4
thionembutal,4,0,4
γ-cyd,4,0,4
syntenin-1,4,0,4
pbm,4,0,4
lopinavir/tonavir,4,0,4
digman,4,0,4
helicos,4,0,4
colantoni,4,0,4
seleka,4,0,4
dizpk,4,0,4
knockdown,4,0,4
anti-ifitm3,4,0,4
phytatephosphorus,4,0,4
telmisartan/amlodipine,4,0,4
spore-fp1,4,0,4
brome-uridine,4,0,4
brome-deoxiuridine,4,0,4
mir-190,4,0,4
99mtc-ciprofloxacin,4,0,4
68ga-citrate,4,0,4
hydrazides41a,4,0,4
methylenetetrahydrofolate,4,0,4
fbcsp,4,0,4
elfuturo,4,0,4
rye,4,0,4
6k2,4,0,4
piperacillin-sulbactam,4,0,4
ranomafana,4,0,4
sisi,4,0,4
orna,4,0,4
prospero,4,0,4
koh/glycerin,4,0,4
oilbiodiesel,4,0,4
hendravirus,4,0,4
esan,4,0,4
anarfi,4,0,4
ashish,4,0,4
m.nanum,4,0,4
il22,4,0,4
mep1,4,0,4
eupenicillium,4,0,4
madurella,4,0,4
d-glucose/l-glutamine,4,0,4
α-helix,4,0,4
monoklonale,4,0,4
ffp2-maske,4,0,4
medibot,4,0,4
peaa,4,0,4
calotropis,4,0,4
vestre,4,0,4
nicita,4,0,4
cordatathunb,4,0,4
orthofinder,4,0,4
bezouracil,4,0,4
sulfamicacid,4,0,4
saururaceae,4,0,4
alisporivir/debio-025,4,0,4
anole,4,0,4
p-nitro,4,0,4
boilouts,4,0,4
trichloramines,4,0,4
hydantoins,4,0,4
chlorosulfamate,4,0,4
enso,4,0,4
protectolga,4,0,4
slimicide,4,0,4
trihalomethane,4,0,4
savinase1,4,0,4
pectinex,4,0,4
gluconase,4,0,4
sulfosuccinates,4,0,4
fasom,4,0,4
greenland,4,0,4
rink-amide,4,0,4
eel,4,0,4
cowdeng1,4,0,4
propidineiodine,4,0,4
ramezan,4,0,4
liam,4,0,4
dustmasker,4,0,4
leu141,4,0,4
rasp-1,4,0,4
anti-fragilis,4,0,4
calciumsulfate,4,0,4
surfactant/degreaser,4,0,4
atipemazole,4,0,4
ppaca,4,0,4
cholecystokinin-pancreozymin,4,0,4
haptocorrin,4,0,4
cobalamin-if,4,0,4
mir-528,4,0,4
wilder,4,0,4
coxsackievirusa12,4,0,4
hula,4,0,4
rbd-tcda/bvaccine,4,0,4
mātauranga,4,0,4
25(oh)-vitamin,4,0,4
levo-floxacin,4,0,4
msci,4,0,4
5-aza-dc,4,0,4
mucormycosis,4,0,4
prelamina,4,0,4
pronator,4,0,4
haidilao,4,0,4
ralfinamide,4,0,4
hexachloropene,4,0,4
interferon-alfa-2a,4,0,4
hsa-mir-205,4,0,4
mmu-mir-705,4,0,4
hsa-mir-590,4,0,4
hsa-mir-31,4,0,4
mmu-mir-214,4,0,4
bisamides,4,0,4
bisamide,4,0,4
hydroxyprolines,4,0,4
benz(a)anthracene,4,0,4
antrectomy,4,0,4
iceman,4,0,4
zhimin,4,0,4
antifiber,4,0,4
dideoxyuridine,4,0,4
potassiumchloride1,4,0,4
platonist,4,0,4
helicobacter,4,0,4
antascomycin,4,0,4
ovicide,4,0,4
tylosinphosphate,4,0,4
moncol,4,0,4
demodexphylloides,4,0,4
capinensis,4,0,4
dihydrostreptomycin-penicillin,4,0,4
sinapinicacid,4,0,4
melanostatin-5,4,0,4
isoboles,4,0,4
aerosol,4,0,4
enterocins,4,0,4
bacteriocinb1,4,0,4
g4,4,0,4
quercegen,4,0,4
ek,4,0,4
scogin,4,0,4
prrsvnsp1,4,0,4
selonsertib,4,0,4
ndcg@20,4,0,4
yara,4,0,4
ser-gly,4,0,4
napthalene,4,0,4
cabot,4,0,4
edwardsaid,4,0,4
pemafibrate,4,0,4
coherus,4,0,4
felgner,4,0,4
kropotkin,4,0,4
mannlicher,4,0,4
antileucotrienos,4,0,4
granatum,4,0,4
pomegranateellagitannins,4,0,4
aspirin-,4,0,4
tlrf,4,0,4
manganase,4,0,4
peptidealdehyde,4,0,4
spa,4,0,4
fhr-e,4,0,4
thiosulfinate,4,0,4
pulchelloside,4,0,4
cv-b,4,0,4
dinoprost-tromethamine,4,0,4
prrsvnsp1α,4,0,4
nsl,4,0,4
gsh-c4,4,0,4
eplerenon,4,0,4
calendulaglycosideb,4,0,4
unframework,4,0,4
hcathepsin,4,0,4
mef,4,0,4
vivo-pmo,4,0,4
mtcm,4,0,4
glycine-serine,4,0,4
defibrated,4,0,4
paraptosis,4,0,4
glucoamylase,4,0,4
peginterferon-a,4,0,4
triseriatus,4,0,4
taxation,4,0,4
farneti,4,0,4
poederinhalator,4,0,4
janata,4,0,4
radixplatycodi,4,0,4
tirilazad,4,0,4
scythian,4,0,4
allobracon,4,0,4
cryin,4,0,4
cftc,4,0,4
baynas,4,0,4
tsc/ampicillin,4,0,4
orbivirus,4,0,4
isz,4,0,4
brd9,4,0,4
cmv423,4,0,4
niphaeaoblonga,4,0,4
prednisolone/acetaminophen,4,0,4
antenna,4,0,4
apol,4,0,4
prourokinase,4,0,4
neanet,4,0,4
oil-surfactant,4,0,4
anti-digoxin,4,0,4
hocoma,4,0,4
zixin,4,0,4
eagle2,4,0,4
oxygenradicals,4,0,4
nfkbia,4,0,4
allein,4,0,4
boscolo,4,0,4
clay,4,0,4
pyocin,4,0,4
leptopira,4,0,4
fluoral,4,0,4
rcnn,4,0,4
z-drugs,4,0,4
gaidarov,4,0,4
n-acetylserotonin,4,0,4
verdinexor-oseltamivir,4,0,4
psychologe,4,0,4
matteo,4,0,4
ceacam,4,0,4
antiproliferativa,4,0,4
ciclosporin-mikroemulsion,4,0,4
milklipids,4,0,4
hpr,4,0,4
rsol,4,0,4
ampicillin/clavulanate,4,0,4
anthurium,4,0,4
estradiolglucosides,4,0,4
fxi,4,0,4
eucalyptusoils,4,0,4
trp261,4,0,4
katharina,4,0,4
lactococci,4,0,4
nobis,4,0,4
solutia,4,0,4
vick,4,0,4
ketosteroids,4,0,4
mucoadhesives,4,0,4
exosporium,4,0,4
ninja,4,0,4
suvorov,4,0,4
amoxicillin-clarithromycin,4,0,4
trimethoprim-sulfametaxazole,4,0,4
quinopristin-dalfopristin,4,0,4
chaidari,4,0,4
erythromycin-clindamycin,4,0,4
szczecin,4,0,4
ceftriax,4,0,4
beta-lactam/carbapenem,4,0,4
polyi,4,0,4
oreganum,4,0,4
suca,4,0,4
hpv-28,4,0,4
galgal4,4,0,4
peg-il-10,4,0,4
pegilodakin,4,0,4
xingnaojing,4,0,4
l´azithromycine,4,0,4
mannix,4,0,4
denisov,4,0,4
magnetron,4,0,4
"1α,25-dihydroxyvitamin",4,0,4
elina,4,0,4
lumbricus,4,0,4
e12,4,0,4
asbvd,4,0,4
daxin,4,0,4
lopad,4,0,4
alur,4,0,4
enantiachlorantha,4,0,4
adaboostm1,4,0,4
moe,4,0,4
gerard,4,0,4
streprococcus,4,0,4
neuroligin,4,0,4
silasmalafaia,4,0,4
pretos,4,0,4
umbanda,4,0,4
numax-yte,4,0,4
flinders,4,0,4
mir-let-71,4,0,4
pedaniusdioscorides,4,0,4
mir-212-3p,4,0,4
tanguay-renaud,4,0,4
sgn,4,0,4
isg15-prg,4,0,4
presinilin-1,4,0,4
elijah,4,0,4
quernot,4,0,4
semetsky,4,0,4
ma5vaccine,4,0,4
methylthioninium,4,0,4
gbp-1,4,0,4
glutathionase,4,0,4
s-methyl-l-cysteinylglycine,4,0,4
cysltr1,4,0,4
5-s-cysteinyl,4,0,4
s-(2-haloethyl)glutathione,4,0,4
s-(hydroxymethyl)glutathione,4,0,4
2-bromoquinone,4,0,4
methylthioacetate,4,0,4
s-pentyl-l-cysteine,4,0,4
n-acetyl-l-methionine,4,0,4
s-glucuronides,4,0,4
s-ethyl-l-cysteine,4,0,4
s-alkylcysteines,4,0,4
3-mercaptohexanol,4,0,4
β-chloroalanine,4,0,4
l-selenocysteine,4,0,4
edag,4,0,4
dihaloethanes,4,0,4
•ivermectin,4,0,4
harlembrundtland,4,0,4
-navir,4,0,4
monounsaturatedfats,4,0,4
ulmfit,4,0,4
sophoraeflavescentisradix,4,0,4
phosphoricacid,4,0,4
scilla,4,0,4
rambert,4,0,4
adinolfi,4,0,4
methoxysteroids,4,0,4
kiheisterones,4,0,4
lapseki,4,0,4
gbp5,4,0,4
bacillomycin,4,0,4
amyloidfibril,4,0,4
nucleatum,4,0,4
armenia,4,0,4
fafetine,4,0,4
apo-osteocalcin,4,0,4
dimethoxy,4,0,4
gd,4,0,4
noacs,4,0,4
bromophenol,4,0,4
mucomodulator,4,0,4
justine,4,0,4
milosevich,4,0,4
chlormadinoneacetate,4,0,4
alizin,4,0,4
embryotox,4,0,4
libra,4,0,4
brute,4,0,4
cpmo2,4,0,4
valmiki,4,0,4
2-agonists,4,0,4
pac-man,4,0,4
dumitrache,4,0,4
co-surfactant,4,0,4
1955,4,0,4
mir-345,4,0,4
ser31asn,4,0,4
rgmedd3,4,0,4
microwaving,4,0,4
methyladenosine,4,0,4
metanol,4,0,4
miltiorrhiza,4,0,4
cornus,4,0,4
glucose-trimming,4,0,4
famciclovir/kg,4,0,4
ispra,4,0,4
enhydrin,4,0,4
sydsvenska,4,0,4
nanogel,4,0,4
sulfadiazene,4,0,4
gt-16,4,0,4
bigelovii,4,0,4
mir-337,4,0,4
metoh,4,0,4
dc-sp,4,0,4
goldmansachs,4,0,4
abortus,4,0,4
benzin,4,0,4
krin,4,0,4
jfh1,4,0,4
to-pro,4,0,4
massoniresinol,4,0,4
wisely,4,0,4
ledgf,4,0,4
hamin,4,0,4
angiosperm,4,0,4
isomet,4,0,4
meraki,4,0,4
yufeng,4,0,4
artemisinin-related,4,0,4
ozonides,4,0,4
ethylalcohol-acetone,4,0,4
acetone-xylene,4,0,4
papillomaviruse5,4,0,4
eumelanin,4,0,4
antidextran,4,0,4
wetfloor,4,0,4
prednisolondosis,4,0,4
biflavonoidamentoflavone,4,0,4
wegman,4,0,4
acetyl-leu-phe-cho,4,0,4
syr,4,0,4
sab.,4,0,4
ciclesonid,4,0,4
dataset,4,0,4
cleopatra,4,0,4
borghi,4,0,4
blanceflor,4,0,4
ub-acc,4,0,4
ub-uchl3-2-acc,4,0,4
uch-l3,4,0,4
se33,4,0,4
lb+ampicillin,4,0,4
italfarmaco,4,0,4
msnp,4,0,4
lopera,4,0,4
dey,4,0,4
pelargonidin-3-glucoside,4,0,4
jatene,4,0,4
halothiobacillus,4,0,4
floroquinolone,4,0,4
lactucopirin,4,0,4
nympholide,4,0,4
therwil,4,0,4
aristotelian,4,0,4
judicium,4,0,4
bebulin,4,0,4
shalin,4,0,4
pre-oxygenation,4,0,4
dainius,4,0,4
sustarsic,4,0,4
womersley,4,0,4
ceftazidime-,4,0,4
hazard,4,0,4
sodiumbisulfate,4,0,4
3hp,4,0,4
β‐glucan,4,0,4
arm,4,0,4
zena,4,0,4
biyeom‐go,4,0,4
currumbin,4,0,4
trice,4,0,4
exotica,4,0,4
iscan,4,0,4
coreo,4,0,4
tesini,4,0,4
penicillintherapie,4,0,4
rendić,4,0,4
raphus,4,0,4
cruchet,4,0,4
ftrans,4,0,4
sofos,4,0,4
fratamico,4,0,4
srebp-2,4,0,4
calcins,4,0,4
srilanka,4,0,4
shenai,4,0,4
demir,4,0,4
teixobactin,4,0,4
falola,4,0,4
syngman,4,0,4
viti,4,0,4
zorek,4,0,4
antonino,4,0,4
gluteoplasty,4,0,4
hdac10,4,0,4
sin3a,4,0,4
isopro,4,0,4
n-octanol,4,0,4
asus,4,0,4
hsa-mir-148a,4,0,4
"formononetin,ononin",4,0,4
lncrna-atb,4,0,4
tss,4,0,4
infantiscect,4,0,4
lugo,4,0,4
allatostatin,4,0,4
guevin,4,0,4
glu166,4,0,4
capita,4,0,4
poterba,4,0,4
ethd-1,4,0,4
chch25h,4,0,4
testatin,4,0,4
mclellan,4,0,4
diethylamide,4,0,4
e6/e7,4,0,4
luangwa,4,0,4
hadv-b14chn,4,0,4
amphotericin/l,4,0,4
genalex,4,0,4
erdj1,4,0,4
japonicumthunb,4,0,4
lithraea,4,0,4
4-thiouracil,4,0,4
peregrine,4,0,4
diocese,4,0,4
mcitrine,4,0,4
tv1,4,0,4
mcclintock,4,0,4
gregg,4,0,4
pld-1,4,0,4
synechia,4,0,4
otolith,4,0,4
deisy,4,0,4
miramar,4,0,4
levofloxacin/moxifloxacin,4,0,4
leukocystatin,4,0,4
b/cystatin,4,0,4
glycemic,4,0,4
chebi,4,0,4
tiktok,4,0,4
bicarinalin,4,0,4
toe-tip,4,0,4
shastri,4,0,4
curix,4,0,4
hylton,4,0,4
idris,4,0,4
urazoles,4,0,4
s-enantiomer,4,0,4
hpv-ish,4,0,4
limulin,4,0,4
phosphomolybdenum,4,0,4
li50,4,0,4
egelman,4,0,4
platinum/etoposide,4,0,4
malcolm,4,0,4
apobec3g,4,0,4
rosella,4,0,4
gynura,4,0,4
mcquillin,4,0,4
oncorhynchus,4,0,4
orosz,4,0,4
serum,4,0,4
snide,4,0,4
quinacridones,4,0,4
chloranil,4,0,4
plakinidines,4,0,4
thienoacridines,4,0,4
palotina,4,0,4
nalgas,4,0,4
peg-dextran,4,0,4
pimavanserin,4,0,4
bisel,4,0,4
macau,4,0,4
polydeoxyinosinelinker,4,0,4
chaidir,4,0,4
oscillibacter,4,0,4
alistipes,4,0,4
moremi,4,0,4
danicopan,4,0,4
n-nitrosamines,4,0,4
powvmrna-lnp,4,0,4
sfas,4,0,4
klucel,4,0,4
ivturs,4,0,4
seraphin,4,0,4
8-p216,4,0,4
anesketin,4,0,4
florentin,4,0,4
zinc-ionophores,4,0,4
meropenem/clavulanate,4,0,4
wenzhou,4,0,4
helvetianus,4,0,4
iodides,4,0,4
prednisolonesodiumsuccinate,4,0,4
giancarlo,4,0,4
hbv-hbx,4,0,4
30-amino-acid,4,0,4
cationicliposomes,4,0,4
sema3c,4,0,4
progressiva,4,0,4
mir-548,4,0,4
quin,4,0,4
cs-amppred,4,0,4
g3bp2,4,0,4
itraconazole-loaded,4,0,4
ecap,4,0,4
cystotomy,4,0,4
jamaica,4,0,4
α−tocopherol,4,0,4
glycosides,4,0,4
obtus,4,0,4
chaplaincyddn,4,0,4
cervus,4,0,4
afyabora,4,0,4
victor,4,0,4
bobel-24,4,0,4
interferon-β-1a,4,0,4
algeciras,4,0,4
ferrol-san,4,0,4
6-azauracil,4,0,4
methyl-mercury,4,0,4
lemonoils,4,0,4
turicibacter,4,0,4
trifast,4,0,4
eli,4,0,4
umc,4,0,4
bazlitoran,4,0,4
marchantia,4,0,4
asclepiadaceae,4,0,4
gemin,4,0,4
billc-36,4,0,4
oplophorus,4,0,4
amylacetate,4,0,4
cs-modifiedplga,4,0,4
edir,4,0,4
macedo,4,0,4
pef,4,0,4
phytotherapy,4,0,4
3-methyl-1-butanol,4,0,4
albinterferon-α-2b,4,0,4
somavaratan,4,0,4
diltiazem-hcl,4,0,4
chaser,4,0,4
anemarrhena,4,0,4
tricellulin,4,0,4
hudson,4,0,4
amazona,4,0,4
xanax,4,0,4
dioscoreajaponicathunb,4,0,4
dioscoreanipponica,4,0,4
d.nipponica,4,0,4
d.oppositathunb,4,0,4
eyesi,4,0,4
activin-a,4,0,4
picazo,4,0,4
aztreoname,4,0,4
tb,4,0,4
fortum,4,0,4
wawa,4,0,4
camostat-mesilat,4,0,4
aftab,4,0,4
clomipheneisomers,4,0,4
peptide-conjugated,4,0,4
ssc-mir-30d_r-1,4,0,4
enterovirus-71,4,0,4
ethoxyzolamide,4,0,4
praline,4,0,4
ecnei,4,0,4
pentofel,4,0,4
thioesterase,4,0,4
platelets,4,0,4
ceftriaxone/cefotaxime,4,0,4
fluorodeoxycytidine,4,0,4
povirk,4,0,4
dimercaprol,4,0,4
n-methylnaltrexone,4,0,4
sars-coronavirus,4,0,4
jnk,4,0,4
cisplatin/5-fu,4,0,4
hp1090,4,0,4
eval418,4,0,4
isoflo,4,0,4
taoiseach,4,0,4
cefoperazone+sulbactam,4,0,4
t-sim,4,0,4
x11,4,0,4
u-finger,4,0,4
qs21adjuvant,4,0,4
daavlin,4,0,4
tarun,4,0,4
dolutegravir-based,4,0,4
fkbp8,4,0,4
nestor,4,0,4
flat,4,0,4
rudolfvirchow,4,0,4
dumoulin,4,0,4
korinek,4,0,4
brentin,4,0,4
nv1,4,0,4
hpv7,4,0,4
pikuah,4,0,4
sapere,4,0,4
mandera,4,0,4
anti-melanin,4,0,4
emtree,4,0,4
knapp,4,0,4
ghrp,4,0,4
lepidii,4,0,4
ophiopogonisradix,4,0,4
xiv,4,0,4
amoxy-clavulanate,4,0,4
miramin,4,0,4
silver-sulfadiazine,4,0,4
antisepticum,4,0,4
nitricacid,4,0,4
hepadnaviral,4,0,4
sulem,4,0,4
elhaimar,4,0,4
marrella,4,0,4
graf,4,0,4
high-oxygen,4,0,4
ds3,4,0,4
potassium-magnesium,4,0,4
ephedraherba,4,0,4
cotb,4,0,4
sidibe,4,0,4
felicola,4,0,4
roferon,4,0,4
hidalgo,4,0,4
krebs,4,0,4
idorsia,4,0,4
noxafil,4,0,4
ifnβ,4,0,4
josip,4,0,4
cedroni,4,0,4
neocons,4,0,4
hookwormvaccine,4,0,4
mechoulam,4,0,4
lars,4,0,4
sinnamon,4,0,4
savinase,4,0,4
讨论,4,0,4
linezoloid,4,0,4
"3,5-dibromosalicyladehyde",4,0,4
verbenaherba,4,0,4
wixom,4,0,4
amlexanox,4,0,4
peg-gly,4,0,4
fosun,4,0,4
reprnavaccine,4,0,4
sf6,4,0,4
glecaprevir-pibrentasvir,4,0,4
phosgen,4,0,4
trimethoprim-dapsone,4,0,4
sirnassi240,4,0,4
sirnassi240-,4,0,4
acai,4,0,4
tr4,4,0,4
c001,4,0,4
sevdalis,4,0,4
gcv-tp,4,0,4
cpgodns,4,0,4
fomivirsen/vitravene,4,0,4
6-aminoquinolones,4,0,4
mesobuthus,4,0,4
clrdv,4,0,4
pvic,4,0,4
adenain,4,0,4
nathapodytes,4,0,4
belladonna,4,0,4
muscarinic,4,0,4
guattari,4,0,4
marlene,4,0,4
oedipal,4,0,4
anti-oedipal,4,0,4
politico,4,0,4
herbo,4,0,4
rhamnoides,4,0,4
wses,4,0,4
cbep,4,0,4
zostera,4,0,4
toutanova,4,0,4
cryptostegia,4,0,4
gemcitabine/nab-paclitaxel,4,0,4
mgtv,4,0,4
khentii,4,0,4
tuva,4,0,4
eckolina,4,0,4
ketokonazol,4,0,4
"1,25d",4,0,4
palmatummethanol,4,0,4
hydrogen/deuterium,4,0,4
smeti,4,0,4
arctostaphylos,4,0,4
sitamadhi,4,0,4
nepalis,4,0,4
no-steroid,4,0,4
htccpolymer,4,0,4
nyandira,4,0,4
merenlender,4,0,4
aureole,4,0,4
cimel,4,0,4
skp2-inhibitor,4,0,4
bcx,4,0,4
18-amino-acid,4,0,4
gamimune,4,0,4
lard,4,0,4
diamides,4,0,4
ethyleneimine,4,0,4
vepro,4,0,4
galactin-9,4,0,4
ea-hedcovhku31,4,0,4
inger,4,0,4
umcka,4,0,4
mir-449a,4,0,4
wydra,4,0,4
cadpa,4,0,4
camargo,4,0,4
humarr,4,0,4
sgfr,4,0,4
seratonin,4,0,4
paraldehyde,4,0,4
maglumi,4,0,4
anti-androgenic,4,0,4
daac,4,0,4
anti-ramucirumab,4,0,4
elotuzumab-lenalidomide,4,0,4
ryegrass,4,0,4
podia,4,0,4
diplodina,4,0,4
cucumaria,4,0,4
acarotenoid,4,0,4
seeplex,4,0,4
microrna-132,4,0,4
quantiferon-tb,4,0,4
tbroccoli,4,0,4
ketamo,4,0,4
mg/sulindac,4,0,4
asterelin,4,0,4
pusilatin,4,0,4
f]oxepine,4,0,4
δ9-tetrahydrocannabinol,4,0,4
szigeti,4,0,4
kite,4,0,4
lmp1,4,0,4
valeriy,4,0,4
ethanethiol,4,0,4
eperezolid,4,0,4
glyoxylate,4,0,4
mulundocandin,4,0,4
p.tomentosa,4,0,4
4-thiouridine,4,0,4
3hb,4,0,4
antibiotic/antimycotic,4,0,4
tpar,4,0,4
mir-28-3p,4,0,4
grenadines,4,0,4
inotrope/vasopressor,4,0,4
stilbamidine,4,0,4
amphoterician,4,0,4
24s-hydroxycholesterol,4,0,4
i-bet762,4,0,4
(s)-/(r)-chloroquine,4,0,4
aza/prednisone,4,0,4
urease-inhibitor,4,0,4
harr,4,0,4
konkan,4,0,4
celaenorrhinus,4,0,4
hasora,4,0,4
pros,4,0,4
p.r.,4,0,4
miragall,4,0,4
bhagavad,4,0,4
pyrrazole,4,0,4
indazoles,4,0,4
caprifolium,4,0,4
d-10-camphorsulphonic,4,0,4
tnbp,4,0,4
erythromycin-sulfisoxazole,4,0,4
aleglitazar,4,0,4
u11,4,0,4
rotavirusg.,4,0,4
usfda,4,0,4
p53-tad,4,0,4
anadamide,4,0,4
pinenes,4,0,4
alpha-pinene,4,0,4
terpenes,4,0,4
monarda,4,0,4
greenovation,4,0,4
zeolin,4,0,4
meristem,4,0,4
wiley,4,0,4
50/lopinavir,4,0,4
hemsleyanum,4,0,4
heparin/heparin,4,0,4
il-35-adscs,4,0,4
theria,4,0,4
atropineesterase,4,0,4
calcitrol,4,0,4
pulsoxymeter,4,0,4
hedelin,4,0,4
cogen,4,0,4
präparat,4,0,4
chlorox,4,0,4
rifabutin-rdrp,4,0,4
siphonaria,4,0,4
interleukin-18,4,0,4
hans-georggadamer,4,0,4
reb,4,0,4
resnet-23,4,0,4
aileron,4,0,4
dio1,4,0,4
arsenicosis,4,0,4
mir-490,4,0,4
zlatin,4,0,4
betatorquevirus,4,0,4
mito-tempo,4,0,4
aliev,4,0,4
t-hdv,4,0,4
boigelot,4,0,4
hacine,4,0,4
noor,4,0,4
mc2,4,0,4
lagenaria,4,0,4
ampicillin-clavulanate,4,0,4
sulfateless,4,0,4
ascorbyl,4,0,4
regn-eb3,4,0,4
2-bromopalmitate,4,0,4
captopril-cysteine,4,0,4
btrim,4,0,4
dna-,4,0,4
glucoday,4,0,4
finlandia,4,0,4
ginsenosidesrg1,4,0,4
azathioprin/6-mercaptopurin,4,0,4
swat,4,0,4
bisen,4,0,4
mir-20,4,0,4
bitter,4,0,4
electroacupuncture,4,0,4
peg-3350,4,0,4
boas,4,0,4
egn,4,0,4
chloram-phenicol,4,0,4
chloroquin/hydroxychloroquin,4,0,4
remune,4,0,4
bifenazate,4,0,4
socialista,4,0,4
viale,4,0,4
riboxxol,4,0,4
hashemite,4,0,4
omega-6/omega-3,4,0,4
cldn6,4,0,4
neurath,4,0,4
lentini,4,0,4
ides,4,0,4
goro,4,0,4
seabream,4,0,4
isrpf,4,0,4
cpg-,4,0,4
gulwani,4,0,4
laub,4,0,4
heat,4,0,4
sadala,4,0,4
hydrogenchloride,4,0,4
c.acetobutylicum,4,0,4
diphosgene,4,0,4
plenary,4,0,4
eora,4,0,4
mir-s6,4,0,4
chp,4,0,4
hpv-41,4,0,4
emondin,4,0,4
trifoliulm,4,0,4
rayat,4,0,4
ciprofloxacin/levofloxacin,4,0,4
mao-inhibitor,4,0,4
sporisorium,4,0,4
mej,4,0,4
9-aminocamptothecin,4,0,4
dihydroxyvitamind3,4,0,4
solow,4,0,4
isofluorine,4,0,4
polyoma-,4,0,4
compoundsyl1712,4,0,4
desde,4,0,4
bruceind,4,0,4
familyplanning,4,0,4
•vitaminb12,4,0,4
scrotum,4,0,4
anti-diabetes,4,0,4
mir-27b,4,0,4
ma,4,0,4
elstree-bn,4,0,4
efavirenz/emtricitabine/tenofovir,4,0,4
licochalcones,4,0,4
isoflavans,4,0,4
glycyrrhizol,4,0,4
deglycyrrhized,4,0,4
vasorelaxant,4,0,4
5-hydroxyomeprazole,4,0,4
dasatinb,4,0,4
cedis,4,0,4
lopinavir/darunavir,4,0,4
phenoxypolyethoxylethanol,4,0,4
spessart,4,0,4
azithromycin-rifampin,4,0,4
mir-124a,4,0,4
l.fulvotomentosa,4,0,4
idx184,4,0,4
4′-azidothymidine,4,0,4
gatorade,4,0,4
methyl-cytosines,4,0,4
vibrax,4,0,4
pegler,4,0,4
primrose,4,0,4
exou,4,0,4
hmgmt,4,0,4
grow,4,0,4
pregn,4,0,4
cd27,4,0,4
ul26,4,0,4
verbascum,4,0,4
tarazona,4,0,4
anti-arthritic,4,0,4
25-oh-vitamin,4,0,4
villin-2,4,0,4
nasodren,4,0,4
antonella,4,0,4
lemon-,4,0,4
spla2-ib,4,0,4
gt-2a,4,0,4
arsenobetaine,4,0,4
carnac,4,0,4
vitoria,4,0,4
letica,4,0,4
hpv58,4,0,4
stomoxyn,4,0,4
montella,4,0,4
adenovirusb/e,4,0,4
lubuskie,4,0,4
s&w.,4,0,4
ce3f4,4,0,4
ribarivin,4,0,4
fentanyl-h297,4,0,4
airs3,4,0,4
phenol/chloroform,4,0,4
ilf,4,0,4
laughrin,4,0,4
digoxgenin,4,0,4
cvt-6883,4,0,4
wga,4,0,4
baix,4,0,4
lans,4,0,4
clemen,4,0,4
ρ≤2,4,0,4
mf59-adjuvanted,4,0,4
lopinavir/ritonivir,4,0,4
hiv.molluscum,4,0,4
zlatanova,4,0,4
sir2,4,0,4
terrin,4,0,4
fita,4,0,4
listerelstree,4,0,4
neurogene,4,0,4
compound25a,4,0,4
navotas,4,0,4
curio,4,0,4
weeden,4,0,4
trost,4,0,4
jak1/jak3,4,0,4
arginine-rich,4,0,4
protein/vitamin,4,0,4
cpmv,4,0,4
efda/cabotegravir,4,0,4
action,4,0,4
17α-ethinylestradiol,4,0,4
achim,4,0,4
yotam,4,0,4
rr-amc,4,0,4
tetracapsuloides,4,0,4
chrysomya,4,0,4
α2‐antiplasmin,4,0,4
atg31,4,0,4
pefr,4,0,4
n-acetyl-glucosamine,4,0,4
ribavirin/t-705,4,0,4
sinularia,4,0,4
heterobilharzia,4,0,4
alvimopan,4,0,4
drogba,4,0,4
avispa,4,0,4
hpv-8,4,0,4
savannah,4,0,4
pogostemon,4,0,4
hortin,4,0,4
n-desethylchloroquine,4,0,4
saquib,4,0,4
cardiotocography,4,0,4
nano-tio2,4,0,4
pliolyte,4,0,4
amoxicillines,4,0,4
gt-1,4,0,4
sclove,4,0,4
il-22,4,0,4
ataxin-2,4,0,4
schiele,4,0,4
mepron,4,0,4
fitria,4,0,4
tetravalentdenvvaccine,4,0,4
neurokinina,4,0,4
sclerotinia,4,0,4
amalaki,4,0,4
coriacea,4,0,4
bioid2,4,0,4
sumich,4,0,4
maputo,4,0,4
hmw,4,0,4
amistatin,4,0,4
verrucarol,4,0,4
siskin,4,0,4
edu,4,0,4
mitcham,4,0,4
mir-503-,4,0,4
aymara,4,0,4
muconate,4,0,4
grych,4,0,4
mx2,4,0,4
sg-flap,4,0,4
k14,4,0,4
shamil,4,0,4
salmonellavaccine,4,0,4
al-tarazi,4,0,4
taromycin,4,0,4
solithromycine,4,0,4
echo3,4,0,4
tady,4,0,4
chrysophenine,4,0,4
cerezyme,4,0,4
urea-,4,0,4
wnt3,4,0,4
chexnet,4,0,4
3clpro,4,0,4
trimethoprim-sulphadoxine,4,0,4
4f-quinolones,4,0,4
fusidic,4,0,4
bafg,4,0,4
ampicillin+sulbactam,4,0,4
penicillin-resistance,4,0,4
pyridostigmin,4,0,4
bronchospasm,4,0,4
xerophthalmia,4,0,4
obama-era,4,0,4
benpetura,4,0,4
methionine-,4,0,4
ct-provasopressin,4,0,4
sarasinosidea1,4,0,4
eryloside,4,0,4
ageliferins,4,0,4
capripneumoniae,4,0,4
adamantadine,4,0,4
imran,4,0,4
musharraf,4,0,4
n-alkylated,4,0,4
z-vegf,4,0,4
salirasib,4,0,4
esat,4,0,4
prestige,4,0,4
derensis,4,0,4
lhqwg,4,0,4
scumpia,4,0,4
multiflorumthunb,4,0,4
radiolytic,4,0,4
fucan,4,0,4
m.viridiflora,4,0,4
agastya,4,0,4
gonçalo,4,0,4
2′-c-me-atp,4,0,4
shorn,4,0,4
pii,4,0,4
mir-lat,4,0,4
mir-bart2,4,0,4
mir-tar-3p,4,0,4
mir-12,4,0,4
ventura,4,0,4
thomas,4,0,4
pranobex,4,0,4
md-cna,4,0,4
ppnad,4,0,4
chlorpyriphos,4,0,4
metolachlor,4,0,4
beller,4,0,4
angpt-2,4,0,4
f1,4,0,4
nife,4,0,4
siguaw,4,0,4
cillinerve,4,0,4
multiflorumpraeparata,4,0,4
zoologen,4,0,4
torilis,4,0,4
ics/labas,4,0,4
tuin,4,0,4
ifn-alfacon-1,4,0,4
linc00513,4,0,4
heamophilus,4,0,4
utx,4,0,4
hstim-omeprazole,4,0,4
m-c-m,4,0,4
h.officinalis,4,0,4
hypovitaminose,4,0,4
chondroitin4-sulfate,4,0,4
bismuth-212,4,0,4
h.erinaceus,4,0,4
anti-leishmaniasis,4,0,4
budil,4,0,4
crepitaties,4,0,4
ventii,4,0,4
ilf2,4,0,4
evan,4,0,4
bacchi,4,0,4
ribes,4,0,4
alcona,4,0,4
atg14l,4,0,4
katrin,4,0,4
aplaviroc,4,0,4
eloc,4,0,4
nitroscanate,4,0,4
y-plasty,4,0,4
rbb,4,0,4
hypovitaminosise,4,0,4
apresys,4,0,4
mercadona,4,0,4
hinokitol,4,0,4
usp20,4,0,4
morelet,4,0,4
valerie,4,0,4
ß-glucan,4,0,4
tele-buprenorphine,4,0,4
monocryl,4,0,4
eglitis,4,0,4
ypsilantis,4,0,4
ribena,4,0,4
keto-glutamine,4,0,4
esat6,4,0,4
radicchi,4,0,4
oestradiol-17,4,0,4
bi-,4,0,4
2-aminobenzamide,4,0,4
primula,4,0,4
verbenaeherba,4,0,4
nlrc5,4,0,4
valsartan/hydrochlorothiazide,4,0,4
4-aminoquinolone,4,0,4
skalar,4,0,4
coltr,4,0,4
kilinc-ata,4,0,4
naringeninchalcone,4,0,4
luteolosides,4,0,4
r-cystatins,4,0,4
hiernach,4,0,4
bud,4,0,4
dpp-4/cd26,4,0,4
thala,4,0,4
l-albuterol,4,0,4
thymosinα-1,4,0,4
kaiju,4,0,4
atazanavir-ritonavir,4,0,4
infuus,4,0,4
schwarzer,4,0,4
microfilariae,4,0,4
grocott-gomorimethenamine,4,0,4
glutaraldehye,4,0,4
phadnis,4,0,4
wines,4,0,4
amodiaquinehydrochloride,4,0,4
ocrl1,4,0,4
hd-hd,4,0,4
ha-catalase,4,0,4
natum,4,0,4
mentol,4,0,4
neo-synephrine,4,0,4
syrspend,4,0,4
decreto-lei89/2006,4,0,4
benzylalcohol,4,0,4
niddk,4,0,4
bromoacetamides,4,0,4
plantamedica,4,0,4
poprec,4,0,4
hprg,4,0,4
hydroxychloroquine(hcq,4,0,4
flam,4,0,4
atf3,4,0,4
oxytricha,4,0,4
catecholic,4,0,4
hiv-1gp,4,0,4
xanthanolides,4,0,4
keskin,4,0,4
aphids,4,0,4
sodium-sulfite,4,0,4
dihematin,4,0,4
ser280,4,0,4
lopinovir/ritonavir,4,0,4
ribavirin/steroid,4,0,4
benichou,4,0,4
cricetine,4,0,4
ceragenins,4,0,4
pentagon,4,0,4
bictegravir/emtricitabine/tenofovir,4,0,4
dolutegravir/abacavir/lamivudine,4,0,4
biktarvy,4,0,4
bogardus,4,0,4
lenth,4,0,4
chemo,4,0,4
plp1β,4,0,4
mir-339,4,0,4
celius,4,0,4
furazolidon,4,0,4
zoladz,4,0,4
h.flavescens,4,0,4
cici,4,0,4
pro2-glu,4,0,4
pov,4,0,4
vats,4,0,4
aminogylcosides,4,0,4
pyruvatedehydrogenase,4,0,4
pinealectomy,4,0,4
rotate.,4,0,4
asc09,4,0,4
suckow,4,0,4
mlrn,4,0,4
arnn,4,0,4
artemether-lumefantrin,4,0,4
asellia,4,0,4
t-shirt,4,0,4
valeant,4,0,4
kaas,4,0,4
lcg,4,0,4
cyclophosphamides,4,0,4
ccrp,4,0,4
inhibitor-penicillin,4,0,4
igg,4,0,4
isochrone,4,0,4
measles-rubella,4,0,4
silver-ciprofloxacin,4,0,4
medimmune,4,0,4
vp3,4,0,4
ethyleneamine,4,0,4
ebselen-mpro,4,0,4
sidifolium,4,0,4
latifolia,4,0,4
octanoicacid,4,0,4
tnbp/tween,4,0,4
tnbp/sodiumcholate,4,0,4
water-solublevitamins,4,0,4
pvp-i/dexamethasone,4,0,4
tarafdar,4,0,4
wcs,4,0,4
syndecans,4,0,4
guy,4,0,4
aronin,4,0,4
hpv70,4,0,4
alphaa1,4,0,4
lactatedehydrogenase,4,0,4
soseki,4,0,4
pomoxis,4,0,4
colius,4,0,4
speng,4,0,4
kastin,4,0,4
neopladine,4,0,4
nedd4,4,0,4
spinacia,4,0,4
oleiferaoil,4,0,4
bokov,4,0,4
clopidrogel,4,0,4
pseudoaldosterone,4,0,4
short-acting,4,0,4
omegatetraviruses,4,0,4
lenet,4,0,4
iturin,4,0,4
al-sisi,4,0,4
dimer,4,0,4
met11,4,0,4
mir-217,4,0,4
brentuximab-vedotin,4,0,4
acylsulfonamide,4,0,4
cuneifolium,4,0,4
calanolideb,4,0,4
ip6,4,0,4
glycinamidine,4,0,4
marshall,4,0,4
ircinia,4,0,4
ararobinol,4,0,4
juglans,4,0,4
betaseptic,4,0,4
iods,4,0,4
silber,4,0,4
chlorhexidindiglukonat,4,0,4
rifampicin-clindamycin,4,0,4
supella,4,0,4
slocum,4,0,4
riu,4,0,4
cummer,4,0,4
wessa,4,0,4
fev6,4,0,4
artd4,4,0,4
amaurosis,4,0,4
dalla,4,0,4
yassine,4,0,4
pamula,4,0,4
sri-19093,4,0,4
pindiprolu,4,0,4
kii,4,0,4
ficolin-3,4,0,4
pyrrosialingua,4,0,4
cirsiumsetidens,4,0,4
anti-osteosarcoma,4,0,4
acacetin-7-o-rutinoside,4,0,4
stereopsis,4,0,4
scavone,4,0,4
sulfobromophthalein,4,0,4
nc8-psip409-pgsa-s-dcpep,4,0,4
enpep,4,0,4
engelman,4,0,4
specac,4,0,4
caelius,4,0,4
esterel,4,0,4
nitrate/nitrite,4,0,4
bi(cit,4,0,4
tadekinigalfa,4,0,4
proligo,4,0,4
7-hydroxycoumarin,4,0,4
murrayaexotica,4,0,4
f.cassia,4,0,4
antidiabetic,4,0,4
(bi)sulfites,4,0,4
chloroquine-propranolol,4,0,4
populustrichocarpa,4,0,4
tax-1,4,0,4
nay,4,0,4
damore,4,0,4
c43-30a,4,0,4
vigoo,4,0,4
natriumnitroprussid,4,0,4
no-oseltamivir,4,0,4
6020,4,0,4
tulcea,4,0,4
estrasorb,4,0,4
muppirala,4,0,4
chdf,4,0,4
hpv68,4,0,4
sabinpoliovirusvaccine,4,0,4
indicum,4,0,4
plena,4,0,4
yergin,4,0,4
met6,4,0,4
cyanidin-3-o-glucoside,4,0,4
d-fagomine,4,0,4
vitaminsb1,4,0,4
euphoractanes,4,0,4
mk-0812,4,0,4
jackie,4,0,4
tp-ra,4,0,4
murraya,4,0,4
lingala,4,0,4
iftaar,4,0,4
ameer,4,0,4
capiox,4,0,4
debrix,4,0,4
johanna,4,0,4
nanogam,4,0,4
warminster,4,0,4
androctonin,4,0,4
bengalensis,4,0,4
carbohydr,4,0,4
ondov,4,0,4
mongin,4,0,4
epp-af,4,0,4
barvosa,4,0,4
walia,4,0,4
potassium-free,4,0,4
diaminobenzene,4,0,4
salbutamol/ipratropium,4,0,4
neuroleptics,4,0,4
cers,4,0,4
mahmoud,4,0,4
mnk2a,4,0,4
goemul,4,0,4
daran,4,0,4
tricycle,4,0,4
nododazole,4,0,4
3-isotheaflavin-3-gallate,4,0,4
alumsalts,4,0,4
cu,4,0,4
baricinitib,4,0,4
inc,4,0,4
doko,4,0,4
ers-2,4,0,4
pf-03814735,4,0,4
sulfinamide,4,0,4
protoporphyrinogen,4,0,4
saflufenacil,4,0,4
florasulam,4,0,4
strobilurin,4,0,4
vitor,4,0,4
diadumene,4,0,4
aiptasia,4,0,4
flavia,4,0,4
urchin,4,0,4
a/tacrolimus,4,0,4
gloves,4,0,4
thymelaeahirsuta,4,0,4
uc,4,0,4
nilavembukudineer,4,0,4
neriifolin,4,0,4
centaur,4,0,4
-fenoterol,4,0,4
βagonist,4,0,4
heterocerus,4,0,4
lathrobium,4,0,4
albipes,4,0,4
bisnius,4,0,4
hydrellia,4,0,4
pentauridine,4,0,4
fusaria,4,0,4
e1/e2,4,0,4
ahmadinejad,4,0,4
mensi,4,0,4
abidolhydrochloride,4,0,4
deferoxaminemesylate,4,0,4
rapak,4,0,4
daily)/clarithromycin,4,0,4
hydroxychloroquine.10,4,0,4
pralidoximechloride,4,0,4
amyl,4,0,4
shooter,4,0,4
hydrocortisonecream,4,0,4
venezuelan,4,0,4
argine,4,0,4
scirica,4,0,4
triclosans,4,0,4
pentaclosan,4,0,4
viol,4,0,4
gb,4,0,4
gavardo,4,0,4
walgreens,4,0,4
intersectoral,4,0,4
antitrust,4,0,4
tahir,4,0,4
liapakis,4,0,4
ifn-lambda,4,0,4
bso-cls,4,0,4
apo-lactoferrin,4,0,4
bobek,4,0,4
novartis,4,0,4
trash,4,0,4
m.m,4,0,4
sulfonate-capped,4,0,4
anti-fapn,4,0,4
lauren,4,0,4
pernambuco,4,0,4
phenylethylalcohol,4,0,4
max-p,4,0,4
l-fabp,4,0,4
sippola,4,0,4
finnair,4,0,4
fervidobacterium,4,0,4
8-oxodguo,4,0,4
harsin,4,0,4
tp4,4,0,4
bcg-osis,4,0,4
vair,4,0,4
catechin/egcg,4,0,4
ribaverin,4,0,4
cisplatin-injured,4,0,4
idv,4,0,4
cinnamtanninb1,4,0,4
hepatopetal,4,0,4
bear,4,0,4
coban,4,0,4
ulucak,4,0,4
nitazoxanide/azithromycin,4,0,4
glyt2,4,0,4
cjfh,4,0,4
antianginal,4,0,4
ms.consumer,4,0,4
percina,4,0,4
fiftieth,4,0,4
il28b/ifn-λ3,4,0,4
sticholysin,4,0,4
mitri,4,0,4
cobb1,4,0,4
ssbs,4,0,4
tnap,4,0,4
blosum62,4,0,4
cerebral,4,0,4
tertius,4,0,4
pronovost,4,0,4
fogarty-led,4,0,4
vx,4,0,4
cenicriviroc,4,0,4
acc2,4,0,4
vimetin,4,0,4
cannato,4,0,4
evangelii,4,0,4
ephedraherb,4,0,4
procopio,4,0,4
mir-143-3p,4,0,4
rotavirusvp2,4,0,4
para-hydrogen,4,0,4
ϵ(s,4,0,4
burkholderia,4,0,4
4-methylumbelliferon,4,0,4
neuere,4,0,4
"1,8-cineol",4,0,4
astringens,4,0,4
mir-24,4,0,4
celestin,4,0,4
sambucusnigral.,4,0,4
choriogonadotropin,4,0,4
glycyrrhizaglabral.,4,0,4
sew,4,0,4
cerberus,4,0,4
h.repandum,4,0,4
akatin,4,0,4
ribavirin/lopinavir/ritonavir,4,0,4
3ixj,4,0,4
keenamide,4,0,4
ramosus,4,0,4
lyprinol,4,0,4
dolastatins,4,0,4
farnum,4,0,4
novemcinctus,4,0,4
bakhtin,4,0,4
dapeng,4,0,4
kina,4,0,4
esquistosomiasis,4,0,4
hexadimethrin,4,0,4
β-oxyproline,4,0,4
apricots,4,0,4
orp1l,4,0,4
hypneajaponica,4,0,4
h.japonica,4,0,4
all-purine,4,0,4
pablo,4,0,4
artemisinin-protein,4,0,4
celebi,4,0,4
hierzu,4,0,4
heparin-,4,0,4
mercapto-albumin,4,0,4
naftaly,4,0,4
cyclosporine/prednisone,4,0,4
fkpa,4,0,4
-vitamin,4,0,4
hypno,4,0,4
cordia,4,0,4
napap,4,0,4
"pnabu-3,5",4,0,4
h.indica,4,0,4
tecv,4,0,4
masculine,4,0,4
ma_sr-lr,4,0,4
scaff2links,4,0,4
3d-hd,4,0,4
thienopyridines,4,0,4
intradetrusor,4,0,4
fevicol,4,0,4
pidilite,4,0,4
mers-cov,4,0,4
p-iodophenol,4,0,4
itin,4,0,4
anti-mir-142,4,0,4
suchitra,4,0,4
d-fructose,4,0,4
uracil-n-glycosylase,4,0,4
tarbur,4,0,4
catechinskeleton,4,0,4
soyisoflavone,4,0,4
galis,4,0,4
talavera,4,0,4
emodin/cisplatin,4,0,4
lempel,4,0,4
lapinerotavirus,4,0,4
antimycotoxin,4,0,4
areema,4,0,4
akebia,4,0,4
serotoninergic,4,0,4
phospholipid,4,0,4
allescheria,4,0,4
hydroxychloroquine±azithromycin,4,0,4
bashar,4,0,4
kuta,4,0,4
capricornis,4,0,4
tikly,4,0,4
diimidazole,4,0,4
helene,4,0,4
pistacia,4,0,4
radiocarbon,4,0,4
microburin,4,0,4
baradostian,4,0,4
ochre,4,0,4
zarzi,4,0,4
amygdalus,4,0,4
arima,4,0,4
gc1st,4,0,4
tsaparlis,4,0,4
fructusligustri,4,0,4
lcrv,4,0,4
vasan,4,0,4
fusobacteria,4,0,4
vitamind-2,4,0,4
fk228,4,0,4
calciumformate,4,0,4
listera,4,0,4
polygonatum,4,0,4
floxine,4,0,4
mirna22,4,0,4
actor,4,0,4
nine-valent,4,0,4
hepb.,4,0,4
anti-hbv,4,0,4
peroxidases,4,0,4
κ-carrageenase,4,0,4
syncytin-a,4,0,4
halolactoferrin,4,0,4
lactoferrinaminoacid,4,0,4
cephalotaxinamide,4,0,4
alpina,4,0,4
cephalocyclidin,4,0,4
brand,4,0,4
5-flucytocine,4,0,4
chlorhexidine-based,4,0,4
grants,4,0,4
mrsab,4,0,4
dacey,4,0,4
ciprofloxacin-,4,0,4
amoxicillin+clavulanate,4,0,4
ralstonia,4,0,4
chromofungin,4,0,4
neisseriameningitidis,4,0,4
mgit,4,0,4
a.a.,4,0,4
akhavan,4,0,4
hcvns5b,4,0,4
ceftaroline/avibactam,4,0,4
maurus,4,0,4
trifucodiphlorethol,4,0,4
quadtree,4,0,4
rafailidis,4,0,4
okq,4,0,4
psi-7976,4,0,4
echinilin,4,0,4
echinaceaalkylamides,4,0,4
ddx5,4,0,4
[3h]histamine,4,0,4
kinnamon,4,0,4
tafluprost,4,0,4
metrotrexate,4,0,4
s.glaucophyllum,4,0,4
cargo,4,0,4
-omab,4,0,4
-zumab,4,0,4
-umab,4,0,4
(−)-epicatechin-phloroglucinol,4,0,4
sars-covs-sirna1,4,0,4
recap,4,0,4
no-metoprolol,4,0,4
sdaf-fc,4,0,4
raparin,4,0,4
clya,4,0,4
flaminia,4,0,4
sema6a,4,0,4
"gp1,2",4,0,4
argonide,4,0,4
vitamind/quercetin/estradiol,4,0,4
wogonin7-o-glucuronide,4,0,4
i-tzu-tang,4,0,4
anti-il6r,4,0,4
s-04,4,0,4
gn/gc,4,0,4
cpg-c,4,0,4
schizandrol,4,0,4
ontofox,4,0,4
hemidesmosomes,4,0,4
aca-sl,4,0,4
socialist,4,0,4
tryptophanaminoacids,4,0,4
petinrin,4,0,4
scherbov,4,0,4
tnio,4,0,4
rivoli,4,0,4
kaemperol,4,0,4
glp-1ras,4,0,4
purushotham,4,0,4
baiping,4,0,4
at-52,4,0,4
pseudoginsenoside,4,0,4
ginsenosiderd,4,0,4
hansson,4,0,4
4-o-acetylated,4,0,4
hbd2,4,0,4
dithiocarbamates,4,0,4
kcj,4,0,4
thrombopoetin,4,0,4
marinomed,4,0,4
ranunculus,4,0,4
ducharme,4,0,4
mir-15,4,0,4
ngr-htnf,4,0,4
odn39m,4,0,4
wpcdadjuvant,4,0,4
acetothermia,4,0,4
coxsackievirusb2,4,0,4
bulbul,4,0,4
cratylus,4,0,4
turrin,4,0,4
hotel,4,0,4
dacarbazin,4,0,4
11c-meta-hydroxyepinephrine,4,0,4
bbrvt,4,0,4
sudarsana,4,0,4
bhoota,4,0,4
hbv-vlp,4,0,4
lt-α,4,0,4
canvaxin,4,0,4
urd,4,0,4
kradin,4,0,4
hrv-b,4,0,4
c/pi,4,0,4
zoanthus,4,0,4
his57,4,0,4
met1ile,4,0,4
bms-433771,4,0,4
pegifn/rbv,4,0,4
martinusbeijerinck,4,0,4
aquamin,4,0,4
vp25,4,0,4
chromobacterium,4,0,4
at,4,0,4
ganmai,4,0,4
lou,4,0,4
hhcy,4,0,4
me5,4,0,4
embutramide,4,0,4
aruv,4,0,4
mme,4,0,4
nhifn-α,4,0,4
hd4,4,0,4
uva1,4,0,4
hypoxyprobe,4,0,4
balota,4,0,4
medler,4,0,4
anti-il10,4,0,4
fana,4,0,4
l.lactisvaccine,4,0,4
amedis,4,0,4
ionix,4,0,4
juvantia,4,0,4
brevenin,4,0,4
mir182,4,0,4
hyperglycemia,4,0,4
mir322,4,0,4
mir424,4,0,4
mir210,4,0,4
mir33a,4,0,4
gorkha,4,0,4
ifn-α1b,4,0,4
pod,4,0,4
poly-ub,4,0,4
poetjuvenal,4,0,4
garlicsupplementation,4,0,4
trimethoprim/sulfonamides,4,0,4
litwak-longino,4,0,4
hrw,4,0,4
neprilsyn,4,0,4
pah.losartan,4,0,4
yfi,4,0,4
saponin-based,4,0,4
nitrogen-to-phosphorus,4,0,4
simcl-1/ecl,4,0,4
hcl/isopropanol,4,0,4
lava-jato,4,0,4
gualdi,4,0,4
amoxicillin-b,4,0,4
csfvp7,4,0,4
surfacide,4,0,4
mir-19a,4,0,4
nigricornis,4,0,4
gls,4,0,4
[3h]-palmiticacid,4,0,4
c-fos,4,0,4
goguryeo,4,0,4
byeolwaseo,4,0,4
fovea,4,0,4
dspc,4,0,4
jumbo,4,0,4
pul48,4,0,4
annuaalcoholic,4,0,4
artemisinin-type,4,0,4
colombia,4,0,4
arq,4,0,4
papm,4,0,4
α-chaconine,4,0,4
coseriu,4,0,4
bcbl-1,4,0,4
bronchodilating,4,0,4
wulien-teh,4,0,4
iron-chelation,4,0,4
nitronium,4,0,4
legume,4,0,4
ensanut,4,0,4
usa.on,4,0,4
estatuto,4,0,4
vax,4,0,4
sulbactam/cefoperazone,4,0,4
medd,4,0,4
cavan,4,0,4
lmwha,4,0,4
5up1+7p1,4,0,4
asparoside-f,4,0,4
lomustin,4,0,4
sulfosalazin,4,0,4
haas,4,0,4
anti-c5ar,4,0,4
houyi,4,0,4
glavin,4,0,4
rpl11b,4,0,4
16-androstene,4,0,4
fluoromuconates,4,0,4
toxoidconjugate,4,0,4
2me2,4,0,4
indiindium,4,0,4
tacuinum,4,0,4
gerardum,4,0,4
toletanum,4,0,4
naturalishistoria,4,0,4
liquiritia,4,0,4
gardasil-9,4,0,4
l118,4,0,4
amino-pegylated,4,0,4
lipinavir/ritonavir,4,0,4
tristearin,4,0,4
calciumalginate,4,0,4
azurin,4,0,4
sepherdin,4,0,4
bolotin,4,0,4
opioidanalgetika,4,0,4
artd15,4,0,4
tri,4,0,4
lutrelin,4,0,4
gadd,4,0,4
rosebury,4,0,4
rapamycin-induced,4,0,4
denvns3,4,0,4
mek7,4,0,4
dinitrophenyl,4,0,4
bcg-cws,4,0,4
sarcin-ricin,4,0,4
m.aspericornis,4,0,4
calanus,4,0,4
viniol,4,0,4
neel,4,0,4
alocilja,4,0,4
9-methyl-7-bromoeudistomin,4,0,4
λ-carrageenan,4,0,4
manzamines,4,0,4
cyclotides,4,0,4
pulsatillaradix,4,0,4
cat,4,0,4
nephrotoxins,4,0,4
hydroureter,4,0,4
zhidong,4,0,4
radiostat,4,0,4
jim,4,0,4
sisrc,4,0,4
fraport,4,0,4
dichloroacetate,4,0,4
suleri,4,0,4
hydrasis,4,0,4
yfve,4,0,4
debe,4,0,4
chlorine-containing,4,0,4
n-butyllithium,4,0,4
4-aminophenol,4,0,4
pdeb1,4,0,4
pilx,4,0,4
ad35,4,0,4
baphicacanthis,4,0,4
tigecyclines,4,0,4
kepi,4,0,4
develaki,4,0,4
pot,4,0,4
sandalwood,4,0,4
antithymulin,4,0,4
spea,4,0,4
coamoxiclav,4,0,4
cefotaxime-clavulanic,4,0,4
bitola,4,0,4
amoxicilin-clavulanate,4,0,4
5-fluoroquinolones,4,0,4
azobactam,4,0,4
ceftazidime/ceftazidime,4,0,4
penicillin-inhibitor,4,0,4
auramine-rhodamine,4,0,4
ciprofloxacini,4,0,4
holon,4,0,4
[3h]-hypoxanthine,4,0,4
a-ketomide,4,0,4
cvpa,4,0,4
a-strand,4,0,4
epimeld,4,0,4
ifn-β-1b,4,0,4
ad-o.,4,0,4
silvadene,4,0,4
sulfamylon,4,0,4
ek1c,4,0,4
erg1,4,0,4
bingol,4,0,4
ndv,4,0,4
il-12,4,0,4
trimethoprim/sulpha,4,0,4
urea-10,4,0,4
asarumpolysaccharides,4,0,4
enterovirusa,4,0,4
antidecorin,4,0,4
sars-cov7a,4,0,4
neurotoxin,4,0,4
interferon-alfacon-1,4,0,4
efavirenz-loaded,4,0,4
pancreozymin-cholecystokinin,4,0,4
siglec14,4,0,4
angiotensin-1,4,0,4
tiferet,4,0,4
zhulin,4,0,4
pulse-oximetry,4,0,4
mendip,4,0,4
gadomer-17,4,0,4
ub-aldehyde,4,0,4
sulphonamide/trimethoprim,4,0,4
cellulitis,4,0,4
gag/pol,4,0,4
sodiumhypochloride,4,0,4
yew,4,0,4
anidulafungina,4,0,4
acepromazin,4,0,4
lncrnaneat1,4,0,4
licoricepolysaccharide,4,0,4
amomyrtus,4,0,4
gfcov/2014,4,0,4
mepyramin,4,0,4
hydroxychloroquinemia,4,0,4
tulsi,4,0,4
fecunditatis,4,0,4
aptamerns2,4,0,4
aureus,4,0,4
lipoxins,4,0,4
seh,4,0,4
m-xylene,4,0,4
oseltamivir/zanamivir,4,0,4
telerobotics,4,0,4
finale,4,0,4
rennet,4,0,4
"3,4-methylenedioxymethamphetamine",4,0,4
spinalonga,4,0,4
monk,4,0,4
desulfomicrobium,4,0,4
50-valent,4,0,4
2-chloroacetamide,4,0,4
emilio,4,0,4
cyp2e1,4,0,4
spinosa,4,0,4
sitara,4,0,4
ω˚,4,0,4
sulfo-nhs-lc-biotin,4,0,4
naloxegol,4,0,4
hirsutus,4,0,4
trutol,4,0,4
enigma,4,0,4
r-tpa,4,0,4
anti-ddddk,4,0,4
fkpm,4,0,4
azd6244,4,0,4
pa-824,4,0,4
bocillin,4,0,4
r-bcg,4,0,4
cxm,4,0,4
rozmcmullan,4,0,4
manzaminea,4,0,4
salarin,4,0,4
salicylihalamide,4,0,4
mexicanus,4,0,4
co-amino-terminal,4,0,4
vomerine,4,0,4
turonian,4,0,4
gen.,4,0,4
licartin,4,0,4
lactobacilluscaseishirota,4,0,4
dexamethason-arm,4,0,4
sertaconazol,4,0,4
etravirin,4,0,4
allethrin,4,0,4
antimon,4,0,4
juckreiz,4,0,4
ceftarolin,4,0,4
antimykotikum,4,0,4
onychomykose,4,0,4
scalpellumleach,4,0,4
angustatum,4,0,4
raviscalpellum,4,0,4
rcoscalpellum,4,0,4
migdoscalpellum,4,0,4
ssds,4,0,4
jartti,4,0,4
runfei,4,0,4
huqihuoxue,4,0,4
tj-19,4,0,4
morinidazole,4,0,4
nabriva,4,0,4
nacubactam,4,0,4
cimicifugarhizome,4,0,4
camptotheca,4,0,4
davoodi,4,0,4
oxoisoaporphinealkaloid,4,0,4
duane,4,0,4
eleanora,4,0,4
fraga,4,0,4
apergis,4,0,4
spaglumicacid,4,0,4
hamamelitannin,4,0,4
huifnα,4,0,4
hymenolepis,4,0,4
perbutyrated,4,0,4
cdk6,4,0,4
pp2a,4,0,4
eyedrops,4,0,4
hydroxychloroquine-d4,4,0,4
prob,4,0,4
naproxensodium,4,0,4
oas2,4,0,4
kressin,4,0,4
7d10,4,0,4
xiaozhu,4,0,4
mir‐24,4,0,4
hemiasterlin,4,0,4
poecillastra,4,0,4
kabiramides,4,0,4
slg1,4,0,4
henryreeve,4,0,4
chlorhexidineacetate,4,0,4
pipracillin/tazobactam,4,0,4
tazobactam-piperacillin,4,0,4
lamotta,4,0,4
diphteroid,4,0,4
gametogony,4,0,4
mascarilla,4,0,4
truvari,4,0,4
glucosinolate,4,0,4
imperatae,4,0,4
cremer,4,0,4
jinjiang,4,0,4
atour,4,0,4
atoc,4,0,4
coffee-ring,4,0,4
hd-cytarabine,4,0,4
carmustine/thiotepa,4,0,4
tilengaoil,4,0,4
hydroxylproline,4,0,4
maconachie,4,0,4
dsbm,4,0,4
mansur,4,0,4
mir-3691-3p,4,0,4
mir-3934-3p,4,0,4
cefalosporina,4,0,4
trimetoprim/sulfametoxazol,4,0,4
oseltamivir-resistance,4,0,4
synb3,4,0,4
trefoil,4,0,4
actinomycined,4,0,4
leafy,4,0,4
verticillioides,4,0,4
wto,4,0,4
prostaglandinf2a,4,0,4
pyc,4,0,4
gs-5000,4,0,4
ohene,4,0,4
levovirine,4,0,4
hydroxymethozoline,4,0,4
hydroxamate,4,0,4
cmrna,4,0,4
"1,2,4-oxadiazole",4,0,4
gonad,4,0,4
delonix,4,0,4
nsp,4,0,4
hpv-07,4,0,4
cylc,4,0,4
jin-class,4,0,4
3h-prazosin,4,0,4
enalaprilate,4,0,4
l-penicillamine,4,0,4
dp/dt,4,0,4
anti-anginal,4,0,4
dupont,4,0,4
k-strophanthine,4,0,4
medvedev,4,0,4
alloferin,4,0,4
aza-peptide,4,0,4
alvira,4,0,4
xf,4,0,4
psychopharmaka,4,0,4
zamzam,4,0,4
connexin,4,0,4
testosterone-cyp1b1,4,0,4
wicander,4,0,4
dv2,4,0,4
isaac,4,0,4
kaloba,4,0,4
podosta,4,0,4
ticinesi,4,0,4
aspl-c,4,0,4
tetranychus,4,0,4
gnl,4,0,4
plakortidee,4,0,4
α-sarcin,4,0,4
calpain,4,0,4
cys1,4,0,4
guineo-congolian,4,0,4
estrogen-er,4,0,4
indigodoled,4,0,4
tmz-ganciclovir,4,0,4
vitaminesuccinate,4,0,4
isodon,4,0,4
cosimo,4,0,4
aravec,4,0,4
ompb,4,0,4
milkimmunoglobulins,4,0,4
sulphenic,4,0,4
saccardo,4,0,4
l-alanyl-l-gluatmine,4,0,4
alphanarnavirus,4,0,4
vautrinot,4,0,4
povidone-iodineointment,4,0,4
pectineus,4,0,4
"mir-324-3p,mir-628-3p,mir-140-5p",4,0,4
mir-545,4,0,4
snz,4,0,4
toe1,4,0,4
bmap,4,0,4
godron,4,0,4
pevalin,4,0,4
clec4,4,0,4
manzaminealkaloids,4,0,4
carteramine,4,0,4
bisquinolinium,4,0,4
kalita,4,0,4
gp90,4,0,4
taikoo,4,0,4
dennoch,4,0,4
thogotovirus,4,0,4
parvulin,4,0,4
25-hydroxy-vitamind3,4,0,4
lna-antimir,4,0,4
capra,4,0,4
fluorogestoneacetate,4,0,4
ivermectins,4,0,4
verrucosum,4,0,4
leucoanthocyanidins,4,0,4
apoc1,4,0,4
haemanthus,4,0,4
phyllanthusmyrtifolius,4,0,4
nor-fluoxetine,4,0,4
aldana,4,0,4
waterotor,4,0,4
rivilis,4,0,4
basiliximab/methylprednisolone,4,0,4
atg/methylprednisolone,4,0,4
brotizolam,4,0,4
bragg,4,0,4
ρ-nitroanilide,4,0,4
codeine/paracetamol,4,0,4
pam50,4,0,4
bushenyiqi,4,0,4
β‐hexosaminidase,4,0,4
iminocyclitols,4,0,4
selol,4,0,4
etan,4,0,4
achi,4,0,4
loudermilk,4,0,4
aniserin,4,0,4
trimethoprim/400,4,0,4
d-ma,4,0,4
interleukin-33,4,0,4
trpdendrimers,4,0,4
guus,4,0,4
amseo,4,0,4
ureum,4,0,4
zincsulphate,4,0,4
hrpo,4,0,4
l-isoleucine,4,0,4
mlnx,4,0,4
lda2vec,4,0,4
anxiolytics,4,0,4
naip2,4,0,4
sequana,4,0,4
hierna,4,0,4
epigallocatechin-3-ggallate,4,0,4
petroni,4,0,4
dihydroxychromones,4,0,4
gstp1,4,0,4
nelfinavir-amodiaquine,4,0,4
yanukovych,4,0,4
russia-georgia,4,0,4
passel,4,0,4
bactus,4,0,4
adarza,4,0,4
potassium-permeable,4,0,4
sars-covp7b,4,0,4
barrel,4,0,4
fitsilis,4,0,4
fv‐3,4,0,4
tfr1,4,0,4
ppar-γ,4,0,4
hspa,4,0,4
seiri,4,0,4
tnac,4,0,4
vendramin,4,0,4
mdace2,4,0,4
chisinau,4,0,4
anti-mirmir-141,4,0,4
mava,4,0,4
rbd-fcvaccine,4,0,4
tetracycline-free,4,0,4
kimch,4,0,4
ddaa,4,0,4
aguachica,4,0,4
bitar,4,0,4
coumarin-6,4,0,4
b7-h3,4,0,4
cp-prednisolone,4,0,4
camphenol,4,0,4
pan-cysteine,4,0,4
t-705rmp,4,0,4
enterolobium,4,0,4
lester,4,0,4
pradimicin-a,4,0,4
quinadolineb,4,0,4
antimir-21,4,0,4
nitto,4,0,4
hdp-cidofovir,4,0,4
cafg,4,0,4
porfirio,4,0,4
cesar,4,0,4
flua-pan-2,4,0,4
pm-surfactant,4,0,4
cecropind,4,0,4
bovinerotavirusvaccine,4,0,4
tarifa,4,0,4
coxsackieb1,4,0,4
bpze1,4,0,4
litoralis,4,0,4
hospira,4,0,4
dfx,4,0,4
isaba125,4,0,4
lactonase,4,0,4
sylvestris,4,0,4
peg-sirna,4,0,4
zetamine,4,0,4
dexmedetomidine/ketamine/butorphanol,4,0,4
bulbusfritillariaethunbergii,4,0,4
ridge,4,0,4
vulnicura,4,0,4
groovin,4,0,4
sora,4,0,4
smad4-sirna,4,0,4
chloroform-isoamylalcohol,4,0,4
avexis,4,0,4
diuron,4,0,4
demetrius,4,0,4
verimon+,4,0,4
hyfis,4,0,4
caffa,4,0,4
rebek,4,0,4
dhx30,4,0,4
grapefruitpeel,4,0,4
hexamminecobalt,4,0,4
zelenin,4,0,4
oriental,4,0,4
embozene,4,0,4
hsa-mir-1224,4,0,4
kellerin,4,0,4
"delphinidin-3,5-diglucoside",4,0,4
antiarenavirus,4,0,4
ardisia,4,0,4
ketopiperazine,4,0,4
dag,4,0,4
nazarene,4,0,4
hydropsyche,4,0,4
bcx-4430,4,0,4
dibenzylbutanes,4,0,4
ursule,4,0,4
ariel,4,0,4
negro,4,0,4
syntacto-contextual,4,0,4
garicano,4,0,4
sareb,4,0,4
copelovitch,4,0,4
sneathia,4,0,4
6-cysteine,4,0,4
guizhi,4,0,4
stachysofficinalis,4,0,4
urtica,4,0,4
paradiso,4,0,4
ulipristalacetate,4,0,4
ifn‐α2b,4,0,4
alumni,4,0,4
ligurian,4,0,4
qpm,4,0,4
metrazole,4,0,4
ra-14,4,0,4
kiliç,4,0,4
anti-biofilm,4,0,4
activina,4,0,4
jelinek-mercer,4,0,4
metyl-prednisolone,4,0,4
abt-737/etoposide,4,0,4
stf-6224,4,0,4
ponasterone,4,0,4
lira,4,0,4
duodenojejunostomy,4,0,4
berthollet,4,0,4
mushet,4,0,4
overoxidized,4,0,4
htccpolymers,4,0,4
e1-e2,4,0,4
orlando,4,0,4
logloss,4,0,4
tozasertib,4,0,4
r-warfarin,4,0,4
deforolimus,4,0,4
alimta,4,0,4
somatuline,4,0,4
vermeer,4,0,4
h-interferon-β,4,0,4
hsd11b1,4,0,4
dye,4,0,4
carfilzomib-dexamethasone,4,0,4
tnf-α-blocking,4,0,4
elamipretide,4,0,4
jurin,4,0,4
mikolov,4,0,4
cyano-phenylalanine,4,0,4
saposhnikoviadivaricata,4,0,4
diiodide,4,0,4
1h-tetrazole,4,0,4
tetravalentdendron,4,0,4
ginsenoside-rg3,4,0,4
typhosa,4,0,4
astmh,4,0,4
fvm20,4,0,4
al-qaida,4,0,4
isil,4,0,4
ifnα-ribavirin,4,0,4
ifns/ribavirin,4,0,4
hepacivirus,4,0,4
nasi,4,0,4
hamas,4,0,4
bta-mir-1434,4,0,4
bta-mir-331-3p,4,0,4
bta-mir-331,4,0,4
pseudophyllantha,4,0,4
alejandro,4,0,4
piperac,4,0,4
remsima,4,0,4
acerogenin,4,0,4
glutinoin,4,0,4
a.acuminata,4,0,4
4-ig,4,0,4
velmex,4,0,4
esmya,4,0,4
18f-6f-dopamine,4,0,4
vase,4,0,4
antimonide,4,0,4
tidefors,4,0,4
qinit,4,0,4
ionomycincalcium,4,0,4
5-bromo-2′-deoxycytidine,4,0,4
edem2,4,0,4
honour,4,0,4
protirelin,4,0,4
flavonols,4,0,4
hnb,4,0,4
c.oleifera,4,0,4
paraguay,4,0,4
adenosines,4,0,4
syhflavonoids,4,0,4
macranthoside,4,0,4
tcmi,4,0,4
condoleezza,4,0,4
dl-dna,4,0,4
cvb4,4,0,4
padreadjuvant,4,0,4
capri,4,0,4
polymyxin-based,4,0,4
sirna-1356,4,0,4
menx,4,0,4
trioxaquines,4,0,4
mir-140-5p,4,0,4
nutlin3,4,0,4
tonia,4,0,4
brene,4,0,4
sum,4,0,4
sage-agg,4,0,4
silverdiaminefluoride,4,0,4
salmon,4,0,4
deferrioxamine,4,0,4
secretary-generalban,4,0,4
graminis,4,0,4
pactamides,4,0,4
tribunal,4,0,4
omphalitis,4,0,4
tezacaftor/ivacaftor,4,0,4
edems,4,0,4
saikosaponin-d,4,0,4
senten,4,0,4
hostapd,4,0,4
zizyphus,4,0,4
vp19c,4,0,4
clavatadines,4,0,4
pseudotheonamides,4,0,4
keramamides,4,0,4
formoside,4,0,4
sokodosides,4,0,4
veleius,4,0,4
tief,4,0,4
antifa,4,0,4
amanda,4,0,4
uraga,4,0,4
nephelometry,4,0,4
sinecatechins,4,0,4
jarka-it,4,0,4
pustovit,4,0,4
sodiumacetate-ethanol,4,0,4
athamanta,4,0,4
peginterferonα-2b,4,0,4
(peg)interferon,4,0,4
armc,4,0,4
cars,4,0,4
ps-protein,4,0,4
rifaat,4,0,4
remdesivir-gs-5734,4,0,4
25-(oh)-vitamin,4,0,4
kefiran,4,0,4
cyp40,4,0,4
harps,4,0,4
arginin-vasopressin,4,0,4
fancl,4,0,4
karayu,4,0,4
azithromycin+hydroxychloroquine,4,0,4
skaria,4,0,4
aml1-eto,4,0,4
tobramycin-dexamethasone,4,0,4
mir-7,4,0,4
5-ht3,4,0,4
sodankylä,4,0,4
messiah,4,0,4
peixoto,4,0,4
itaituba,4,0,4
coronatine,4,0,4
hsa-mir-141-3p,4,0,4
hsa-mir-98,4,0,4
muhtasib,4,0,4
pemetrexed/cisplatin,4,0,4
gödel,4,0,4
clopidrogrel,4,0,4
hariu,4,0,4
arvc,4,0,4
arg-gly,4,0,4
ingenol,4,0,4
elbasvir-grazoprevir,4,0,4
famciclovir/penciclovir,4,0,4
cayetana,4,0,4
methyxanthines,4,0,4
lindelöf,4,0,4
chloroacetamides,4,0,4
uithoven,4,0,4
podocarpaceae,4,0,4
weinmannia,4,0,4
adamantanemethanol,4,0,4
fuin,4,0,4
colpol,4,0,4
hbv-pan,4,0,4
piram,4,0,4
carbolic,4,0,4
diastolische,4,0,4
zanamivir-oseltamivir,4,0,4
xijinping,4,0,4
propium,4,0,4
selenadiazoles,4,0,4
hexamidin,4,0,4
eject,4,0,4
memo,4,0,4
rotasiil,4,0,4
hmgp,4,0,4
human,4,0,4
ic50,4,0,4
garmendia,4,0,4
sene,4,0,4
alclofenac,4,0,4
4e6,4,0,4
mac,4,0,4
walmor,4,0,4
nutshell,4,0,4
psmd14,4,0,4
ssd-densenet121,4,0,4
prodrugs,4,0,4
phe-me,4,0,4
hbv-hiv,4,0,4
coxsackievirusa,4,0,4
cortisporin,4,0,4
ciceri,4,0,4
arg13,4,0,4
rock,4,0,4
d-aminoacid,4,0,4
k-601,4,0,4
di,4,0,4
kyocera,4,0,4
mf59-yw002,4,0,4
platina,4,0,4
lángēn,4,0,4
gypseum,4,0,4
thein,4,0,4
r.officinale,4,0,4
herpeszostervaccine,4,0,4
rcyp,4,0,4
rwandan,4,0,4
primaquine-artemisinin,4,0,4
primaquine-chloroquine,4,0,4
klatu,4,0,4
patricia,4,0,4
laevigata,4,0,4
di-aspirin,4,0,4
cisplatin-bound,4,0,4
nata,4,0,4
mir-3607-3p,4,0,4
rl-b,4,0,4
fluorogestone,4,0,4
d244,4,0,4
triturus,4,0,4
sylvatica,4,0,4
flavidin,4,0,4
crassifolium,4,0,4
c.aloifolium,4,0,4
lancifolium,4,0,4
mir-205,4,0,4
pasnp,4,0,4
ginkgosemen,4,0,4
gauze,4,0,4
mg/clavulanate,4,0,4
hare-lip,4,0,4
dmon,4,0,4
ascentis,4,0,4
25(oh)vitamind,4,0,4
thesa14,4,0,4
garrod,4,0,4
salminen,4,0,4
oreganoeo,4,0,4
antivipmyn,4,0,4
echr,4,0,4
buccaneer,4,0,4
nigribarbis,4,0,4
anti-psychotics,4,0,4
fowlkes,4,0,4
trichet,4,0,4
prussian,4,0,4
oxylet,4,0,4
digihaler,4,0,4
xin,4,0,4
sedative-hypnotics,4,0,4
3-e-5,4,0,4
fascioloides,4,0,4
nodofarma,4,0,4
brans,4,0,4
cys109,4,0,4
sbem,4,0,4
iringa,4,0,4
fucofuroeckol,4,0,4
svr,4,0,4
calciumhydroxidepaste,4,0,4
suba,4,0,4
fluticazone,4,0,4
cytoperm,4,0,4
usp-46,4,0,4
atg39,4,0,4
calr,4,0,4
radioisotopic,4,0,4
tonga,4,0,4
watanobe,4,0,4
variko,4,0,4
americium,4,0,4
eucker,4,0,4
sapir,4,0,4
β1-blocker,4,0,4
pepsirf,4,0,4
puteri,4,0,4
leksikon,4,0,4
datinkay,4,0,4
catechingallates,4,0,4
catechin-5-o-gallate,4,0,4
catechin-protein,4,0,4
ponv,4,0,4
kallidinogen,4,0,4
sclavo,4,0,4
palio,4,0,4
lipin,4,0,4
malito,4,0,4
farina,4,0,4
cps-cq,4,0,4
torososideb,4,0,4
protina,4,0,4
phenyl-hexyl,4,0,4
tiletamine/zolazepam,4,0,4
arteri,4,0,4
dosil,4,0,4
polymyxinsb,4,0,4
gatos,4,0,4
bassias,4,0,4
δ-lysin,4,0,4
krk,4,0,4
core-2,4,0,4
bcg-itis,4,0,4
sirene,4,0,4
witmer,4,0,4
rhuepo,4,0,4
gonadostat,4,0,4
fljv,4,0,4
tricuspid,4,0,4
kestrel,4,0,4
poloxamers,4,0,4
2-doseocv,4,0,4
isoprostanes,4,0,4
bezold,4,0,4
cid294642,4,0,4
mir-485,4,0,4
girona,4,0,4
pyrocatechol,4,0,4
rosenstein,4,0,4
andrija,4,0,4
crucifer,4,0,4
shh,4,0,4
radixginseng,4,0,4
rhizomaalismatis,4,0,4
jujuboside,4,0,4
cinnbark,4,0,4
l-glu,4,0,4
25-ohd,4,0,4
mir168,4,0,4
liliana,4,0,4
chol-vg,4,0,4
dichanthium,4,0,4
baby,4,0,4
dehaene,4,0,4
ludovico,4,0,4
-2b,4,0,4
α-synuclein,4,0,4
b12vitamin,4,0,4
aortopexy,4,0,4
amsactamoorei,4,0,4
q–1n,4,0,4
bemisia,4,0,4
dpds,4,0,4
6-oh-dopamine,4,0,4
seppama,4,0,4
jatrophaoil,4,0,4
kunene,4,0,4
camaldulensiseo,4,0,4
kytococcus,4,0,4
kocuriaflava,4,0,4
heterocycles,4,0,4
sila-haloperidol,4,0,4
hipsparse,4,0,4
hyperventilatie,4,0,4
claudine,4,0,4
lutron,4,0,4
caulispolygonimultiflori,4,0,4
h.cordatatea,4,0,4
clodronate-encapsulated,4,0,4
hello,4,0,4
modi,4,0,4
merone,4,0,4
neti,4,0,4
calcidiol,4,0,4
clec12b,4,0,4
daojia,4,0,4
mir319,4,0,4
chembl1161866,4,0,4
cefazid,4,0,4
intraosseous,4,0,4
chlorhexidinealcohol,4,0,4
oosporin,4,0,4
hyd2,4,0,4
hcv-c,4,0,4
5-fu/cisplatin,4,0,4
p-coumarate,4,0,4
ejv,4,0,4
ironfumarate,4,0,4
bacevich,4,0,4
prii,4,0,4
trypsin-chymotrypsin,4,0,4
lepra,4,0,4
cobrin,4,0,4
ethandiol,4,0,4
"1,1-dichloroethane",4,0,4
huifn-ω,4,0,4
boifn-αa,4,0,4
sulla,4,0,4
taiji,4,0,4
anti-il1r,4,0,4
quan,4,0,4
zt36,4,0,4
trimethoprim-sulfadimethoxine,4,0,4
shuang-huang-lian,4,0,4
midwifery,4,0,4
.ace2,4,0,4
gc13,4,0,4
magnuson,4,0,4
gremmeniella,4,0,4
evk,4,0,4
cicuta,4,0,4
nezil,4,0,4
thalidomide-dexamethasone,4,0,4
ixazomib-lenalidomide-dexamethasone,4,0,4
presidentbill,4,0,4
wma,4,0,4
menthaeherba,4,0,4
peptidealdehydes,4,0,4
neat1,4,0,4
chol-pam,4,0,4
rader,4,0,4
rvx-208,4,0,4
anästhetika,4,0,4
ev713ab,4,0,4
ethyl5-methoxy-3-methyl-1h-indole-2-carboxylate,4,0,4
atriplex,4,0,4
seeplexrv12,4,0,4
acat,4,0,4
sodiumarsenite,4,0,4
naphthopyrones,4,0,4
torachrysone,4,0,4
rvpv1,4,0,4
maopus,4,0,4
dyskerin,4,0,4
pup2,4,0,4
glycyrrhizate,4,0,4
arginine/lysine,4,0,4
dayhoff,4,0,4
dexia,4,0,4
fofana,4,0,4
flower,4,0,4
mir-576,4,0,4
chondroblastoma,4,0,4
p.torva,4,0,4
adele,4,0,4
propane,4,0,4
nocera,4,0,4
hydroxy/chloroquine,4,0,4
her2-,4,0,4
miele,4,0,4
diaphorase,4,0,4
ptp-lyp,4,0,4
apocillin,4,0,4
oseltamir,4,0,4
winegrape,4,0,4
apoa-iv,4,0,4
osteoporose,4,0,4
streptostele,4,0,4
haje,4,0,4
bioethics,4,0,4
trypanocides,4,0,4
pleur-evac,4,0,4
anti-clec5a,4,0,4
fe(cn)6,4,0,4
prusa,4,0,4
pelusium,4,0,4
a.draco,4,0,4
ob1,4,0,4
mamma,4,0,4
tetracycline-hcl,4,0,4
myco,4,0,4
vaida,4,0,4
eryngii,4,0,4
grasin,4,0,4
let-7e,4,0,4
col-1,4,0,4
lamivudine-pol,4,0,4
ixa,4,0,4
carbazide,4,0,4
phenotiazine,4,0,4
-hr2p,4,0,4
eti-osa,4,0,4
glycerolyte,4,0,4
floslonicera,4,0,4
ergotalkaloids,4,0,4
ergotalkaloid,4,0,4
fluazinam,4,0,4
fluzinam,4,0,4
caparica,4,0,4
vertucci,4,0,4
stenophylla,4,0,4
pvns,4,0,4
ionat,4,0,4
félix,4,0,4
g4-aptamers,4,0,4
nasodine,4,0,4
frankenstein,4,0,4
antilla,4,0,4
pneumovax23,4,0,4
sirna-m2,4,0,4
marrubium,4,0,4
fraanje,4,0,4
boholm,4,0,4
hhv1,4,0,4
oselin,4,0,4
moraten®,4,0,4
folii,4,0,4
n-nitrosofenfluramine,4,0,4
rl2,4,0,4
streptococcal,4,0,4
vx-222,4,0,4
idec,4,0,4
clapd,4,0,4
methyl-psl,4,0,4
9-methoxycamptothecin,4,0,4
paraligula,4,0,4
carba-ganciclovir,4,0,4
glyoxalase,4,0,4
notch,4,0,4
rbd/fondaparinux,4,0,4
nkwake,4,0,4
ppvis,4,0,4
nidulol,4,0,4
resazurin,4,0,4
murillo,4,0,4
nicaragua,4,0,4
amirna_d.,4,0,4
acetamidines,4,0,4
v100,4,0,4
hythe,4,0,4
anti-mir-122lna,4,0,4
acetamide-oxygen,4,0,4
boerhinger,4,0,4
luther,4,0,4
hepatitisd,4,0,4
crime,4,0,4
ekd,4,0,4
fototerapia,4,0,4
haloemodin,4,0,4
dambuza,4,0,4
gga-mir-2127-3p,4,0,4
hsa-mir-130b-3p,4,0,4
mir-454-3p,4,0,4
"gga-mir-454-3p,",4,0,4
d-gnrh,4,0,4
carbodiimide,4,0,4
cyclopropyl,4,0,4
sb-71,4,0,4
echinosidea,4,0,4
chloroquinolines,4,0,4
nitroquinoline,4,0,4
ifn-β1a,4,0,4
jitsi,4,0,4
paxinos,4,0,4
furet,4,0,4
ythdc1,4,0,4
ffas03,4,0,4
nfib,4,0,4
selenium-,4,0,4
sporn,4,0,4
nomad,4,0,4
betasil,4,0,4
ganon,4,0,4
dimethyltin,4,0,4
hippopotami,4,0,4
nippv,4,0,4
calciummontmorillonite,4,0,4
vr17,4,0,4
p.multiflorum,4,0,4
koenigia,4,0,4
sreepur,4,0,4
nas/melatonin,4,0,4
leonurus,4,0,4
ll9,4,0,4
thieme,4,0,4
coretm,4,0,4
mt-dnn,4,0,4
henrik,4,0,4
gimli,4,0,4
fpso,4,0,4
fcamap-kg,4,0,4
antituberkulotika,4,0,4
bqt,4,0,4
caprella,4,0,4
fagin,4,0,4
praliciguat,4,0,4
halometasone,4,0,4
mannonolactam,4,0,4
p21s3,4,0,4
gmphd5,4,0,4
pisicidin,4,0,4
trishcl,4,0,4
h.serrata,4,0,4
procyanidinb-2,4,0,4
crassirhizoma,4,0,4
gsk-2,4,0,4
fluo-5n,4,0,4
nosan,4,0,4
tidepool,4,0,4
vizcarra,4,0,4
lfe,4,0,4
esw,4,0,4
dibutyl-pi,4,0,4
pops,4,0,4
rcrt-60,4,0,4
lactobin,4,0,4
mitomycin-blocked,4,0,4
amantadine-hcl,4,0,4
rabeprazolum,4,0,4
hcl-salt,4,0,4
methe,4,0,4
khayanolides,4,0,4
mollamide,4,0,4
cp110,4,0,4
outlook,4,0,4
ketamav,4,0,4
jauhar,4,0,4
phenylalkilamines,4,0,4
benzothiazepines,4,0,4
β1-agonist,4,0,4
cyperoides,4,0,4
pupil,4,0,4
tfd,4,0,4
khashoggi,4,0,4
td_rvnn,4,0,4
cpg-odnadjuvant,4,0,4
mephenytoin,4,0,4
scrophulariaeradix,4,0,4
nabta,4,0,4
arendt,4,0,4
dbz,4,0,4
setac,4,0,4
hcvpolyprotein,4,0,4
chlorfenapyr,4,0,4
epler,4,0,4
osteo,4,0,4
ketan,4,0,4
carbazoles,4,0,4
levomenthol,4,0,4
ecea,4,0,4
s.formosana,4,0,4
succinatimonas,4,0,4
apc3,4,0,4
dep,4,0,4
mona,4,0,4
paraxylene,4,0,4
pde-4,4,0,4
ilaris,4,0,4
lactalbuminhydrolysate,4,0,4
elastane,4,0,4
gram-pos,4,0,4
mg-101,4,0,4
kellalensis,4,0,4
olenec,4,0,4
mir-1454,4,0,4
v-flip,4,0,4
tmem173,4,0,4
dermicidins,4,0,4
anti-cd9,4,0,4
hr2-p,4,0,4
valtice,4,0,4
rowthorn,4,0,4
tipranavir/rtv,4,0,4
"mir-3162-5p,mir-6869-5p,mir-6781-5p",4,0,4
mir-1249-3p,4,0,4
mir-1249-,4,0,4
imadaizole,4,0,4
sotatercept,4,0,4
rickets,4,0,4
p@20,4,0,4
nio,4,0,4
anti-pneumococcalpolysaccharide,4,0,4
escmid,4,0,4
cyclosporine-like,4,0,4
trudeau,4,0,4
m5/hbre,4,0,4
5-flurocytosine,4,0,4
selenis,4,0,4
litosterol,4,0,4
badiaga,4,0,4
ptrail,4,0,4
napimoga,4,0,4
riccardi,4,0,4
bp897,4,0,4
valera,4,0,4
pei/dna,4,0,4
anti-il-1ra,4,0,4
selenop,4,0,4
4-sulfophenyl,4,0,4
sulphoricacid,4,0,4
denn,4,0,4
chloramides,4,0,4
s.japonicum,4,0,4
maalin,4,0,4
yunzhi,4,0,4
il-4/il13,4,0,4
glabralinn,4,0,4
bevacizumab-chitosan,4,0,4
frye,4,0,4
tbpm-pi,4,0,4
trivalentvaccine,4,0,4
zoothamnium,4,0,4
pgi,4,0,4
theimer,4,0,4
ferruccio,4,0,4
β-sesquiphellandrene,4,0,4
dthd,4,0,4
osirak,4,0,4
kgb,4,0,4
namami,4,0,4
benevento,4,0,4
fosinoprilsodium,4,0,4
virtrael,4,0,4
amaranthin,4,0,4
amaranthine,4,0,4
aln2,4,0,4
mir-147-3p,4,0,4
vnd+tsh,4,0,4
pipes,4,0,4
r7,4,0,4
tnf-antagonist,4,0,4
estelita,4,0,4
pontianak,4,0,4
venatorum,4,0,4
quinolinicacid,4,0,4
erel,4,0,4
cremona,4,0,4
metotrexato,4,0,4
peperomiasui,4,0,4
deltoideus,4,0,4
cyanidin3-glucoside-protein,4,0,4
indigoferasuffruticosa,4,0,4
consta,4,0,4
glucostat,4,0,4
cladosporiun,4,0,4
chiaphua,4,0,4
solb,4,0,4
tii,4,0,4
chimpanzeeadenovirus,4,0,4
alpha-lactalbumin,4,0,4
monoalide,4,0,4
o'neil,4,0,4
esbm-l.,4,0,4
vitol,4,0,4
rribavirin,4,0,4
engel,4,0,4
coagulans,4,0,4
symbioflor-2,4,0,4
sb-203580,4,0,4
calodium,4,0,4
nac1,4,0,4
duvelasib,4,0,4
naoh,4,0,4
arc1,4,0,4
anti-venom,4,0,4
blogger,4,0,4
heterosexual,4,0,4
oxalate-calcium,4,0,4
honig,4,0,4
-azithromycin,4,0,4
senecio,4,0,4
a47,4,0,4
rotavirusvp7,4,0,4
preventiva,4,0,4
papillomaviren,4,0,4
vyl,4,0,4
sti-571,4,0,4
magnevist,4,0,4
parathyrine,4,0,4
pha,4,0,4
diaconis,4,0,4
asai-ii,4,0,4
sclu,4,0,4
clam,4,0,4
aztmp,4,0,4
pulchellin,4,0,4
mdl28170,4,0,4
ct-arthrography,4,0,4
renantiomer,4,0,4
ratg,4,0,4
laurin,4,0,4
cys20,4,0,4
perfl,4,0,4
ͼ13,4,0,4
dihydroethidine,4,0,4
prostin,4,0,4
epilepsie,4,0,4
penicillin−streptomycin,4,0,4
ellobius,4,0,4
anticholinerg,4,0,4
pdip,4,0,4
amoxycillinclavulanate,4,0,4
-methylprednisolone,4,0,4
c50,4,0,4
jamshidi,4,0,4
siglec1,4,0,4
graciloplasty,4,0,4
.cystatin,4,0,4
x11a,4,0,4
neuzeit,4,0,4
cytochalasine,4,0,4
colchizin,4,0,4
diacerein,4,0,4
pentavalentphosphorus,4,0,4
.ifn-i,4,0,4
penicillinestreptomycin,4,0,4
amandine,4,0,4
ornim,4,0,4
psy,4,0,4
hcvs,4,0,4
miton,4,0,4
polyglycine,4,0,4
manolio,4,0,4
mercodia,4,0,4
dlactate,4,0,4
bcarotene,4,0,4
olea,4,0,4
onto2vec,4,0,4
[3h]palmitate,4,0,4
colestyramin,4,0,4
siglec-9,4,0,4
venerealis,4,0,4
estrogen-progestin,4,0,4
e-cd,4,0,4
mib,4,0,4
selenic,4,0,4
methylumbelliferyl,4,0,4
beta2-adrenergic,4,0,4
5-fluorouracile,4,0,4
zinsen,4,0,4
sugarbaker,4,0,4
p90,4,0,4
eniluracil,4,0,4
.simvastatin,4,0,4
-vitamind,4,0,4
mbp-3clpro,4,0,4
rotavirusvp6,4,0,4
scispacy,4,0,4
fisioterapia,4,0,4
broncodilatadores,4,0,4
ecg-l,4,0,4
f-019,4,0,4
f-023,4,0,4
.sorafenib,4,0,4
.lenalidomide,4,0,4
horizon,4,0,4
vrc,4,0,4
haoqinqingdan,4,0,4
cashew,4,0,4
clenbuterolhydrochloride,4,0,4
abelcet,4,0,4
pegifn-a2b,4,0,4
pegifn-l,4,0,4
sirenomelia,4,0,4
gram-präparat,4,0,4
aciclovirgabe,4,0,4
co-agonist,4,0,4
fenprostalene,4,0,4
peginterferons,4,0,4
cya.,4,0,4
.ochratoxin,4,0,4
p38a,4,0,4
gyr,4,0,4
antiadenovirus,4,0,4
plangger,4,0,4
-maraviroc,4,0,4
-octylitaconate,4,0,4
-valinomycin,4,0,4
hypnotikum,4,0,4
krampf,4,0,4
phos,4,0,4
morpholino-rna,4,0,4
hd-mscs,4,0,4
tacrolimus/,4,0,4
3methyladenine,4,0,4
ophthalmoscopy,4,0,4
thatthis,4,0,4
γtocopherol,4,0,4
cardiopet,4,0,4
isovolumic,4,0,4
tresiba,4,0,4
iotroxate,4,0,4
erytra,4,0,4
alyx,4,0,4
toxoidimmunoglobulin,4,0,4
aeroquin,4,0,4
abdus,4,0,4
datos,4,0,4
urf,4,0,4
se-tobramycin,4,0,4
rrr-α-tocopherol,4,0,4
merola,4,0,4
cy-amanitin,4,0,4
ampicillin/,4,0,4
pf-normeta,4,0,4
hbv/d,4,0,4
pentaphyllum,4,0,4
ethanolamineoleate,4,0,4
histoacryl,4,0,4
amoxicillin/,4,0,4
[3h]palmitic,4,0,4
il-lra,4,0,4
oligodeoxynucleotides,4,0,4
può,4,0,4
reoxygenation,4,0,4
vpm1002,4,0,4
antitussivum,4,0,4
promethazin,4,0,4
nimorazol,4,0,4
.phenytoin,4,0,4
gonadotropinen,4,0,4
prilocain,4,0,4
lindan,4,0,4
c-cnn,4,0,4
ig,4,0,4
cladocera,4,0,4
.enfuvirtide,4,0,4
tien,4,0,4
levofloxacyn,4,0,4
amox,4,0,4
rcz,4,0,4
e-aca,4,0,4
b-glucuronidase,4,0,4
muhetaer,4,0,4
bi-gnn,4,0,4
hippuran,4,0,4
mra,4,0,4
doxombicin,4,0,4
urethrography,4,0,4
pitzalis,4,0,4
hemostat,4,0,4
boomerang,4,0,4
glyceollins,4,0,4
origanumhypericifolium,4,0,4
alb3,4,0,4
smartrub,4,0,4
paf-antagonist,4,0,4
medr,4,0,4
er-tacrolimus,4,0,4
redfin,4,0,4
argininevasopressin,4,0,4
iamin,4,0,4
erkran,4,0,4
nox-h94,4,0,4
s+ketamine,4,0,4
recist,4,0,4
ictus,4,0,4
virgo,4,0,4
angiotensin(1,4,0,4
nutramax,4,0,4
per.c6,4,0,4
pénicillines,4,0,4
pneumocystography,4,0,4
1963,4,0,4
congolensis,4,0,4
streptococci,4,0,4
egasyn,4,0,4
zuurstof,4,0,4
arteria,4,0,4
sulphydryl,4,0,4
of¯uconazole,4,0,4
with¯uconazole,4,0,4
rozanoviella,4,0,4
azotus,4,0,4
flavella,4,0,4
procain-penicillin,4,0,4
immunoglobuling,4,0,4
-ganciclovir,4,0,4
tricophyton,4,0,4
manil,4,0,4
uxate,4,0,4
licoriceglycoside,4,0,4
calciumphosphorus,4,0,4
lomeprol,4,0,4
ulcera,4,0,4
slice,4,0,4
dmuch,4,0,4
alina,4,0,4
s£o,4,0,4
spine,4,0,4
h9]-ruxolitinib,4,0,4
.toremifene,4,0,4
sumo-scfv,4,0,4
otmar,4,0,4
vitae,4,0,4
trocar,4,0,4
intra-arterially,4,0,4
p-470,4,0,4
cesium,4,0,4
/cyclophosphamide,4,0,4
cyclophosphamide/atg,4,0,4
p786,4,0,4
p859,4,0,4
erythrolides,4,0,4
palominol,4,0,4
pixabay,4,0,4
sulpirid,4,0,4
buspiron,4,0,4
dactylitis,4,0,4
ureterocele,4,0,4
nas5,4,0,4
poifn-ω7,4,0,4
thatthat,4,0,4
p-113,4,0,4
p-430,4,0,4
p-494,4,0,4
itkin,4,0,4
konstan,4,0,4
norvig,4,0,4
beta-adrenoceptors,4,0,4
4-methylhistamine,4,0,4
ald,4,0,4
plexin-b2,4,0,4
artesunate/,4,0,4
o-052,4,0,4
o-137,4,0,4
p-106,4,0,4
bay-11,4,0,4
steril,4,0,4
-hydroxyprogesterone,4,0,4
pr-c,4,0,4
rlx,4,0,4
apel,4,0,4
imipenem-cilastin,4,0,4
angustifolius,4,0,4
protia,4,0,4
hemodynamics,4,0,4
c-methyl-cytidine,4,0,4
diehloroflavan,4,0,4
c-propionate,4,0,4
non-vitamin,4,0,4
glutathionuria,4,0,4
fk13,4,0,4
nhcq,4,0,4
ktz,4,0,4
polyoma,4,0,4
consulta,4,0,4
kalathil,4,0,4
hoagland,4,0,4
tde,4,0,4
darunavir/,4,0,4
dbp-maf,4,0,4
-tocopherol,4,0,4
agashe,4,0,4
(s)-albuterol,4,0,4
mk-4,4,0,4
carotid,4,0,4
teeth,4,0,4
octyl-cyanoacrylate,4,0,4
urophora,4,0,4
aedeagal,4,0,4
kondratieff,4,0,4
hautantiseptik,4,0,4
adrenalectomy,4,0,4
99mtc-sucralfate,4,0,4
post-nisoldipine,4,0,4
tc-ciprofloxacin,4,0,4
betaadrenergic,4,0,4
balloons,4,0,4
methomidate,4,0,4
cep_c30-lopinavir,4,0,4
plvp-ritonavir,4,0,4
plvp-darunavir,4,0,4
l-68,4,0,4
cefoperazone/,4,0,4
proca,4,0,4
n-3pufas,4,0,4
actinomyein,4,0,4
fistula,4,0,4
tbz,4,0,4
amobarbital,4,0,4
quininehydrochloride,4,0,4
pcdr,4,0,4
kenogen,4,0,4
uasin,4,0,4
cpd-a-1-stabilisator,4,0,4
anesth,4,0,4
sigmoidectomy,4,0,4
us11(89,4,0,4
limbic,4,0,4
-albendazol,4,0,4
xylosoxidans,4,0,4
penicil,4,0,4
hirudinea,4,0,4
lumason,4,0,4
tissucol,4,0,4
natusan,4,0,4
curcumae,4,0,4
mtp-pe,4,0,4
cgf,4,0,4
17bestradiol,4,0,4
mbz,4,0,4
hö,4,0,4
vita,4,0,4
desmodium,4,0,4
teacher,4,0,4
acetylesterase,4,0,4
senología,4,0,4
p-glucuronidase,4,0,4
tptm,4,0,4
α-inhibin,4,0,4
lp-presto,4,0,4
m-apo-aconitase,4,0,4
sncl,4,0,4
oa,4,0,4
obtusata,4,0,4
loxoscelism,4,0,4
cortinarius,4,0,4
teriperatide,4,0,4
c-apm,4,0,4
5-ar,4,0,4
endomorphin-1,4,0,4
osteostatin,4,0,4
presidi,4,0,4
mk801,4,0,4
mir-302,4,0,4
vx-152,4,0,4
ergometer,4,0,4
cffpr,4,0,4
preoxygenate,4,0,4
clindamycin/primaquin,4,0,4
polanyi,4,0,4
analisi,4,0,4
gonadotrophines,4,0,4
5-flap,4,0,4
k-tartrate,4,0,4
/3-carotene,4,0,4
granisetron-bound,4,0,4
morphinehydrochloride,4,0,4
terapêutica,4,0,4
shampoos,4,0,4
centellaasiatica,4,0,4
pl-pro,4,0,4
retinex,4,0,4
cyclophosphamide/kg,4,0,4
maicao,4,0,4
os2p-4,4,0,4
wool,4,0,4
aspart,4,0,4
glutamine-glycine,4,0,4
cybor,4,0,4
cispt,4,0,4
intracorporeal,4,0,4
doxifl,4,0,4
rbdbiotin,4,0,4
cryparin,4,0,4
cyanidin-3sambubioside,4,0,4
.chloroquine/hydroxychloroquine,4,0,4
hketamine,4,0,4
raphe,4,0,4
-lopinavir/ritonavir,4,0,4
ifnb,4,0,4
a.pustulosa,4,0,4
antiepileptika,4,0,4
apanteles,4,0,4
rakt,4,0,4
fluo-,4,0,4
terferon,4,0,4
rrbc,4,0,4
crescendo,4,0,4
orang,4,0,4
5-fluouracil,4,0,4
densenet,4,0,4
orfl,4,0,4
.linezolid,4,0,4
caffeinecitrate,4,0,4
eaaa,4,0,4
hemidinium,4,0,4
rmaco,4,0,4
vbmcp/vbad/velcade,4,0,4
setinidins,4,0,4
moxifloxacina,4,0,4
calciumpantothenate,4,0,4
b-shares,4,0,4
polyic,4,0,4
zinc+,4,0,4
pepb,4,0,4
ferumoxtran,4,0,4
cylexin,4,0,4
a-ketoamides,4,0,4
n100,4,0,4
dyson,4,0,4
a2-adrenoceptors,4,0,4
-tacrolimus,4,0,4
cyclophosphamide+g-csf,4,0,4
(r-)dhap,4,0,4
peg-f,4,0,4
glycine-g,4,0,4
25-dihydroxyvitamin,4,0,4
β-sympathomimetika,4,0,4
actinomycose,4,0,4
niceatm,4,0,4
migrainosus,4,0,4
chromide,4,0,4
doxorrubicina,4,0,4
staphylococcus-aureus-toxine,4,0,4
peg-ifnalpha-2b,4,0,4
mbsr,4,0,4
sgk,4,0,4
antihistidine,4,0,4
vasovist,4,0,4
p6nicilline,4,0,4
galium,4,0,4
dihydro-artemisinin,4,0,4
ketamine/acepromazine,4,0,4
género,4,0,4
passi,4,0,4
cefazolina,4,0,4
senozon,4,0,4
4aminoquinolines,4,0,4
unasyn,4,0,4
pl-148,4,0,4
usp54,4,0,4
4-androstenedione,4,0,4
malp-2,4,0,4
-lipoicacid,4,0,4
hr-peptide,4,0,4
p214,4,0,4
mir-127-,4,0,4
ifn-~,4,0,4
kuljanic,4,0,4
pheo,4,0,4
kesteven,4,0,4
turín,4,0,4
covf,4,0,4
honoree,4,0,4
andronikou,4,0,4
7thia-8-oxoguanosine,4,0,4
agamid,4,0,4
raf1,4,0,4
t-039,4,0,4
t-104,4,0,4
t-115,4,0,4
atg/csa,4,0,4
as01b,4,0,4
mirnai,4,0,4
muarith,4,0,4
flutamid,4,0,4
tritiatedthymidine,4,0,4
bell,4,0,4
deeprc,4,0,4
vit-d25-oh,4,0,4
rdz,4,0,4
angelicatenuissimanakai,4,0,4
ekstazi,4,0,4
hyl1,4,0,4
γ-msh,4,0,4
prp-sen,4,0,4
lopamidol,4,0,4
pr65,4,0,4
gadobenatedimeglumine,4,0,4
cefoperazonesulbactam,4,0,4
bracarensis,4,0,4
vat,4,0,4
ofpol,4,0,4
ikk-b,4,0,4
cys4,4,0,4
aparato,4,0,4
mdra-6,4,0,4
rhll-4,4,0,4
c]methyl-losartan,4,0,4
flt,4,0,4
c](r)-rolipram,4,0,4
c](s)-rolipram,4,0,4
pro-pro,4,0,4
jb12,4,0,4
szeider,4,0,4
simulana,4,0,4
halofantrin,4,0,4
nicotinamid,4,0,4
curafil,4,0,4
diquat,4,0,4
b-oxyproline,4,0,4
hevin,4,0,4
adenophorae,4,0,4
anaerobier,4,0,4
dimethoate,4,0,4
hypnose,4,0,4
hampp,4,0,4
loranthus,4,0,4
bauhiniae,4,0,4
pcea,4,0,4
pumilis,4,0,4
droxidopa,4,0,4
mbk,4,0,4
fk50-,4,0,4
mabfk50,4,0,4
autolinac,4,0,4
gadomer,4,0,4
bpp-10c,4,0,4
finj,4,0,4
ramb€,4,0,4
flucloxacilin,4,0,4
prostascint,4,0,4
isonucleoside,4,0,4
mir-199a-3p,4,0,4
antimode,4,0,4
etofenamate,4,0,4
bu4,4,0,4
vitrifi,4,0,4
bkm-570,4,0,4
cs11,4,0,4
gastrectomy,4,0,4
surfactantb,4,0,4
snm,4,0,4
onabotulinumtoxina.,4,0,4
ascorbieacid,4,0,4
litorin,4,0,4
convp,4,0,4
peg-ifn-a2b,4,0,4
scsp,4,0,4
antisense-invertase,4,0,4
1869,4,0,4
cflipl,4,0,4
aula,4,0,4
ylacetate,4,0,4
thromboxanea,4,0,4
txr,4,0,4
buscopanò,4,0,4
p395,4,0,4
hd-cyclophosphamide,4,0,4
p744,4,0,4
cele,4,0,4
acaciasenegalgum,4,0,4
succintly,4,0,4
warthog,4,0,4
antivitamin,4,0,4
biserka,4,0,4
lipopge1,4,0,4
pantipa,4,0,4
cetirinax\,4,0,4
irbesartan-hydrochlorothiazide,4,0,4
torva,4,0,4
sisymbriifolium,4,0,4
6-odemethylmenisporphine,4,0,4
nsdv/,4,0,4
varicocelectomy,4,0,4
α/ribavirin,4,0,4
picolax,4,0,4
avcystatin,4,0,4
carkl,4,0,4
artnet,4,0,4
ifn-4,4,0,4
napp,4,0,4
carbocystein,4,0,4
alisporites,4,0,4
falcisporites,4,0,4
angustisulcites,4,0,4
apiculatasporites,4,0,4
gracilariopsis,4,0,4
anti-emetica,4,0,4
pessia,4,0,4
amfotericin-b,4,0,4
tris-hc1,4,0,4
strontium-89chloride,4,0,4
bine,4,0,4
antithrombin-heparin,4,0,4
isber,4,0,4
rotundifolium,4,0,4
krasnoyarskkrai,4,0,4
chop-r,4,0,4
s-hdc,4,0,4
pal-peg,4,0,4
esc,4,0,4
isoamylacetate,4,0,4
lumiratek,4,0,4
aptus,4,0,4
bendel,4,0,4
anti-di,4,0,4
ifn-beta-1b,4,0,4
symbioflor,4,0,4
isodosen,4,0,4
v15,4,0,4
[%]sulfate,4,0,4
pedsql,4,0,4
pmbl,4,0,4
scoat-net,4,0,4
cerithidea,4,0,4
potamidinae,4,0,4
vote-by-mail,4,0,4
carboxymethylβ-glucan,4,0,4
α-lysin,4,0,4
jurox,4,0,4
sca,4,0,4
adv11,4,0,4
c-thionin,4,0,4
hemin-protamine,4,0,4
kalafungin,4,0,4
symplostatin,4,0,4
qtcd,4,0,4
psammalin,4,0,4
melanopsis,4,0,4
prososthenia,4,0,4
pengitoxin,4,0,4
giiaspla,4,0,4
sulin,4,0,4
ind.,4,0,4
dax,4,0,4
ctx-4430,4,0,4
peg-ferron,4,0,4
echogen,4,0,4
bud6sonide,4,0,4
hiv-erkran,4,0,4
c-methacetin,4,0,4
varamine,4,0,4
cnn-2,4,0,4
segoline,4,0,4
haplo-ptcy,4,0,4
nasnet,4,0,4
cadenat,4,0,4
bibrack,4,0,4
eophyllin,4,0,4
intron-a,4,0,4
benazeprilat,4,0,4
mir50,4,0,4
hyaluril,4,0,4
monarc,4,0,4
aza-adrenoceptor,4,0,4
400mg-ritonavir,4,0,4
[3h]catecholamine,4,0,4
alfaxanh,4,0,4
miviroctanoate,4,0,4
phdv-c5hch,4,0,4
burnier,4,0,4
oprd-ribavirin,4,0,4
lia,4,0,4
urofl,4,0,4
luteinalis,4,0,4
metabolon,4,0,4
angptl3,4,0,4
campos,4,0,4
kaletra1,4,0,4
hivsirna,4,0,4
mtx-lde,4,0,4
1-deoxymannojirimycin,4,0,4
bi-212,4,0,4
hastanesi,4,0,4
b.met,4,0,4
1-biotin,4,0,4
oscimum,4,0,4
aclidinium,4,0,4
ofp-16,4,0,4
cu-amanitin,4,0,4
pc-tp,4,0,4
pantinonemertes,4,0,4
pelaensis,4,0,4
prednisone/corticosteroids,4,0,4
fsw,4,0,4
recd,4,0,4
mettnf,4,0,4
bacthuricin,4,0,4
febantel/pyrantel/praziquantel,4,0,4
p.indica,4,0,4
rosuvastatina,4,0,4
dava,4,0,4
tobi,4,0,4
tincta,4,0,4
cefotaxime/ml,4,0,4
pep3-,4,0,4
e-pi,4,0,4
chrysophanol8-(6-galloylglucoside,4,0,4
luteolin7-rutinoside,4,0,4
pediobius,4,0,4
triptamino,4,0,4
sulfurylfluoride,4,0,4
mycolicacids,4,0,4
ecalis,4,0,4
cov-ctnet,4,0,4
ednac,4,0,4
jphmm,4,0,4
bupivacame,4,0,4
diclofenacum,4,0,4
tdzd-8,4,0,4
lysodren,3,1,4
antipyrin,3,1,4
isoconazole,3,1,4
aramini,3,1,4
liquirtin,3,1,4
lipofetamine,3,1,4
saccharide,3,1,4
histidineisoleucine,3,1,4
cucurbitacine,3,1,4
ziglitazone,3,1,4
azocine,3,1,4
sarasin,3,1,4
piperidone,3,1,4
neprylisin,3,1,4
brevetoxin,3,1,4
hydrocloroquine,3,1,4
vidagliptin,3,1,4
guaraldi,3,1,4
benzole,3,1,4
trioxygen,3,1,4
febendazole,3,1,4
plakinamine,3,1,4
protostemonine,3,1,4
novobiocine,3,1,4
rifampisin,3,1,4
gillin,3,1,4
prostatin,3,1,4
carbondioxide,3,1,4
p4-oxazole,3,1,4
bortzomib,3,1,4
simvastin,3,1,4
pyronaamide,3,1,4
cetrotide,3,1,4
zicam,3,1,4
lidoflazine,3,1,4
capsulin,3,1,4
thiosulfat,3,1,4
ferrocenemethanol,3,1,4
carbacol,3,1,4
aminol,3,1,4
antalis,3,1,4
enamide,3,1,4
acortan,3,1,4
fosravuconazole,3,1,4
leurosine,3,1,4
umarov,3,1,4
gramicidine,3,1,4
minomycin,3,1,4
azobenzene,3,1,4
proterenol,3,1,4
antiplatelets,3,1,4
valin,3,1,4
barttin,3,1,4
cadazolid,3,1,4
bellone,3,1,4
resistomycin,3,1,4
halomethylketone,3,1,4
epoetine,3,1,4
isorawsonol,3,1,4
mifamurtide,3,1,4
tilidine,3,1,4
phenylalanineglycine,3,1,4
acetozolamide,3,1,4
azoxystrobin,3,1,4
efedrine,3,1,4
gevaren,3,1,4
pipracillin,3,1,4
bacteriostat,3,1,4
vidofludimus,3,1,4
rapifen,3,1,4
paraphenyldiamine,3,1,4
quinacrin,3,1,4
avidine,3,1,4
panserin,3,1,4
meladinine,3,1,4
caelyx,3,1,4
clavine,3,1,4
oosporein,3,1,4
halichondramide,3,1,4
loxiribine,3,1,4
chloroethanol,3,1,4
ocrevus,3,1,4
urelumab,3,1,4
cancro,3,1,4
amphoterecin,3,1,4
mephedrone,3,1,4
rifat,3,1,4
glucocorticoide,3,1,4
f2-isoprostane,3,1,4
nitroglicerine,3,1,4
chlorothiazine,3,1,4
protoxin,3,1,4
metrichor,3,1,4
taxan,3,1,4
cyelophosphamide,3,1,4
nicol,3,1,4
ceftizoxim,3,1,4
cyclazocine,3,1,4
pliamycin,3,1,4
osteoplasty,3,1,4
sisatracurium,3,1,4
.bortezomib,3,1,4
.amodiaquine,3,1,4
kalasin,3,1,4
abituzumab,3,1,4
morantel,3,1,4
carbamezepine,3,1,4
tericin,3,1,4
.dasatinib,3,1,4
.laninamivir,3,1,4
solriamfetol,3,1,4
ϯnelfinavir,3,1,4
dbiotin,3,1,4
cardenolide,3,1,4
c1arithromycin,3,1,4
orsan,3,1,4
gemcytabine,3,1,4
amauromine,3,1,4
antraquinone,3,1,4
glycidol,3,1,4
laurea,3,1,4
sanguiritrin,3,1,4
~-actinin,3,1,4
ciprofloxin,3,1,4
pakdil,3,1,4
nadngin,3,1,4
methiothepin,3,1,4
choleliths,3,1,4
pyrine,3,1,4
artesunateamodiaquine,3,1,4
clophelin,3,1,4
ofendotoxin,3,1,4
surgipro,3,1,4
decursinol,3,1,4
ramine,3,1,4
prethrombin,3,1,4
mesulam,3,1,4
inotuzomab,3,1,4
glycylcyline,2,2,4
pirirubicin,2,2,4
tensirolimus,2,2,4
hydroxyquinolone,2,2,4
nemonaxacin,2,2,4
probiocin,2,2,4
methylergomethrine,2,2,4
taplak,2,2,4
ranizumab,2,2,4
aslucotinib,2,2,4
danaprevir,2,2,4
piperitone,2,2,4
zoleazepam,2,2,4
ripilvirine,2,2,4
butyrylthiocholine,2,2,4
methelprednisolone,2,2,4
merestinib,2,2,4
chymopsin,2,2,4
surotomycin,2,2,4
azamivir,2,2,4
morusinol,2,2,4
ciproﬂoxacin,2,2,4
isoacetoside,2,2,4
quinizarine,2,2,4
treon,2,2,4
pipotiazine,2,2,4
corticol,2,2,4
tafacitinib,2,2,4
chlopromazine,2,2,4
olfoxacin,2,2,4
rnasine,2,2,4
nvir,2,2,4
proterodiplostominae,2,2,4
farole,2,2,4
apricoxib,2,2,4
carbozantinib,2,2,4
fivapravir,2,2,4
pellaea,2,2,4
safficinolide,2,2,4
osaltamivir,2,2,4
rosoxacin,2,2,4
lovofloxacin,2,2,4
tiamphenicol,2,2,4
artemisisin,2,2,4
tanamivir,2,2,4
elvitagravir,2,2,4
binaphine,2,2,4
camostatin,2,2,4
selenazole,2,2,4
chlorethazine,2,2,4
cloramin,2,2,4
brendamustine,2,2,4
prednimustine,2,2,4
isophosphamide,2,2,4
d.lomustine,2,2,4
cloretazine,2,2,4
toyomycin,2,2,4
aburamycin,2,2,4
rufochromomycin,2,2,4
-rubicin,2,2,4
d.amrubicin,2,2,4
pinorubicin,2,2,4
theprubicine,2,2,4
therarubicin,2,2,4
zorubicin,2,2,4
rubidazone,2,2,4
moxantrazole,2,2,4
oxantrazole,2,2,4
rudolfomycin,2,2,4
aclacin,2,2,4
aclacinomycine,2,2,4
klasinomycin,2,2,4
biantrazole,2,2,4
d.bleomycin,2,2,4
karenitecin,2,2,4
exatecan,2,2,4
orathecin,2,2,4
riboxamide,2,2,4
dovitinib,2,2,4
zanimavir,2,2,4
azathiopirine,2,2,4
diphenylpicylhydrazine,2,2,4
osaterone,2,2,4
favipriravir,2,2,4
ciliaphylline,2,2,4
cefuroxine,2,2,4
benzlypenicillin,2,2,4
nitropyrazine,2,2,4
triphenyphosphine,2,2,4
adrecuzimab,2,2,4
fresolimumab,2,2,4
bikaciomab,2,2,4
tanox,2,2,4
chondrostei,2,2,4
methylaaptamine,2,2,4
stool).dexmedetomidine,2,2,4
formoterole,2,2,4
ambriesartan,2,2,4
zidampidine,2,2,4
aphidicoline,2,2,4
talirine,2,2,4
flymine,2,2,4
gemicitabine,2,2,4
darnunavir,2,2,4
paromomicin,2,2,4
isocorydine,2,2,4
brahmoside,2,2,4
brahminoside,2,2,4
polyvinylamine,2,2,4
hydroxycortisone,2,2,4
pyramitone,2,2,4
islatravir,2,2,4
tazocilline,2,2,4
mimosamycin,2,2,4
valparicine,2,2,4
atropinol,2,2,4
oxyboldine,2,2,4
cenocladamide,2,2,4
namidine,2,2,4
d’oseltamivir,2,2,4
thrypsin,2,2,4
cyclanoline,2,2,4
cepharanline,2,2,4
dehydrocrebanine,2,2,4
batoclimab,2,2,4
epiloliolide,2,2,4
amorcazine,2,2,4
ceferoxime,2,2,4
azyrthromycin,2,2,4
bepril,2,2,4
epirizole,2,2,4
dipivefrine,2,2,4
ceftriazole,2,2,4
haplamine,2,2,4
neutrazumab,2,2,4
triptoquinone,2,2,4
penidcillin,2,2,4
ifacitinib,2,2,4
clorafarabine,2,2,4
artan,2,2,4
hasseldine,2,2,4
adimab,2,2,4
fradiomycin,2,2,4
tefovir,2,2,4
fosazepam,2,2,4
fosenazide,2,2,4
benzoanthracene,2,2,4
benzquinamide,2,2,4
furacin,2,2,4
priodavir,2,2,4
bromodiolone,2,2,4
desmethylbromethalin,2,2,4
rubanol,2,2,4
dehydrohirsutanonol,2,2,4
kambin,2,2,4
meridamycin,2,2,4
baritinib,2,2,4
higenamine,2,2,4
favirpiravir,2,2,4
selamecin,2,2,4
siril,2,2,4
ribabvirin,2,2,4
cefuroxemine,2,2,4
zolbanin,2,2,4
kessin,2,2,4
memolitinib,2,2,4
mercaptobenzamide,2,2,4
camlodipine,2,2,4
b.penciclovir,2,2,4
b.zanamivir,2,2,4
friomaramide,2,2,4
deoxyartemisinin,2,2,4
farmcyclovir,2,2,4
vanucizumab,2,2,4
stubomycin,2,2,4
eastin,2,2,4
lysostaphine,2,2,4
tozumab+adamumab,2,2,4
omacycline,2,2,4
ruxolinitinib,2,2,4
oxycycline,2,2,4
lassomycin,2,2,4
linocin,2,2,4
thioproperazine,2,2,4
sulforidazine,2,2,4
desmethylazelastine,2,2,4
hamadarin,2,2,4
doluyegravir,2,2,4
peniclovir,2,2,4
redcevir,2,2,4
fortuine,2,2,4
monochlorobimine,2,2,4
epinephrinequinone,2,2,4
dexamfetamine,2,2,4
oxymetolazine,2,2,4
captropril,2,2,4
cyclotriazadisulfonamide,2,2,4
rifapentin,2,2,4
dexorubicin,2,2,4
ledipasivir,2,2,4
lipoxamycin,2,2,4
questinomycin,2,2,4
actinocine,2,2,4
gossypolone,2,2,4
methergine,2,2,4
rajpurkar,2,2,4
vapendivir,2,2,4
tarloxotinib,2,2,4
ensartinib,2,2,4
repotrectinib,2,2,4
capmantinib,2,2,4
nimoidipine,2,2,4
thalifoline,2,2,4
chilenine,2,2,4
trandolopril,2,2,4
methamizole,2,2,4
methylprednisonlone,2,2,4
filatova,2,2,4
lomefloxcin,2,2,4
canamycin,2,2,4
taxifoline,2,2,4
m824.hydroxychloroquine,2,2,4
bicolorine,2,2,4
oxovittatine,2,2,4
palmilycorine,2,2,4
epinorlicoramine,2,2,4
vomilenine,2,2,4
rabivir,2,2,4
propanolole,2,2,4
sulfamethazole,2,2,4
ribaviorin,2,2,4
azacytosine,2,2,4
ecoconazole,2,2,4
thiazinam,2,2,4
tamarixetine,2,2,4
anethol,2,2,4
plasmaquine,2,2,4
ninavir,2,2,4
nefenavir,2,2,4
chlorcycloguanil,2,2,4
isocryptolepine,2,2,4
neocryptolepine,2,2,4
idinavir,2,2,4
olsetamivir,2,2,4
alfaferone,2,2,4
halofugine,2,2,4
kiatomab,2,2,4
gonyatoxin,2,2,4
tsoprinosine,2,2,4
lapachone,2,2,4
pentaglycoside,2,2,4
diglycoside,2,2,4
guajaverine,2,2,4
fuscaxanthone,2,2,4
methylpseudoephedrine,2,2,4
zanavivir,2,2,4
patozumab,2,2,4
arotinib,2,2,4
clorexidine,2,2,4
simpeprevir,2,2,4
camphorquinone,2,2,4
norepihephrine,2,2,4
muscardine,2,2,4
arjunglucoside,2,2,4
azelnidipine,2,2,4
ciprofloksasin,2,2,4
difloxacine,2,2,4
anamivir,2,2,4
parathymosin,2,2,4
tronolone,2,2,4
ripretinib,2,2,4
mycalone,2,2,4
bisconicasterone,2,2,4
faviparivir,2,2,4
spiranalactone,2,2,4
oxysophocarpine,2,2,4
virstatin,2,2,4
antiacridine,2,2,4
spiranamine,2,2,4
negundoside,2,2,4
zanmavir,2,2,4
valayclovir,2,2,4
gemcabene,2,2,4
tetralin,2,2,4
trioxaquine,2,2,4
theravir,2,2,4
quainacrine,2,2,4
pinacolone,2,2,4
glycetin,2,2,4
aquinavir,2,2,4
oralerythromycin,2,2,4
nantamicin,2,2,4
nheomycin,2,2,4
pallilysin,2,2,4
sulfuretin,2,2,4
lucitanib,2,2,4
remidisivir,2,2,4
fendbendazole,2,2,4
•ciprofloxacin,2,2,4
flice,2,2,4
cystodytins,2,2,4
tataricum,2,2,4
thalemine,2,2,4
trimethoyflavone,2,2,4
crovalimab,2,2,4
germarone,2,2,4
plantiricin,2,2,4
lexotanil,2,2,4
valgancicilovir,2,2,4
oat1.acyclovir,2,2,4
toonem,2,2,4
tolfenamine,2,2,4
orelabrutinib,2,2,4
rilzabrutinib,2,2,4
vamorolone,2,2,4
dna.iguratimod,2,2,4
sulfaphenazole,2,2,4
olmutinib,2,2,4
thiocoumarin,2,2,4
protoneodioscin,2,2,4
amikasin,2,2,4
ciproflocacin,2,2,4
oxifloxacin,2,2,4
tetraethylenepentamine,2,2,4
asunaprivir,2,2,4
gimeracil,2,2,4
chroquinine,2,2,4
piptazocin,2,2,4
sulfamethamethoxazole,2,2,4
posaconazone,2,2,4
favipilavir,2,2,4
dihydroeponemycin,2,2,4
methylthiocysteine,2,2,4
terbivudine,2,2,4
redipasvir,2,2,4
panamivir,2,2,4
ariprazole,2,2,4
rantidine,2,2,4
benzamadine,2,2,4
kasugmycin,2,2,4
bramycin,2,2,4
aabomycin,2,2,4
maridomycin,2,2,4
emactuzumab,2,2,4
kanakinumab,2,2,4
bunazocin,2,2,4
niclosamine,2,2,4
tetrametylbenzidine,2,2,4
parafungin,2,2,4
thymoquine,2,2,4
tucidide,2,2,4
resinazurin,2,2,4
piperdine,2,2,4
fenoldapam,2,2,4
lambrolizumab,2,2,4
bulbophyllin,2,2,4
cannabispiranol,2,2,4
cannabispirenone,2,2,4
cepharathine,2,2,4
pepine,2,2,4
benzocarbazoledione,2,2,4
adryamycin,2,2,4
aminotriazolethione,2,2,4
methylpiperazine,2,2,4
imidil,2,2,4
cianserin,2,2,4
rantona,2,2,4
melarsenoxide,2,2,4
carbemazepine,2,2,4
kiskkit,2,2,4
rociletinib,2,2,4
sulfamazone,2,2,4
abozantinib,2,2,4
pyrazolinone,2,2,4
parazole,2,2,4
zilactin,2,2,4
ciclosonide,2,2,4
pifenidone,2,2,4
forscarnet,2,2,4
cristaxenicin,2,2,4
ivermetin,2,2,4
tetrahydrocortisone,2,2,4
lenalodomide,2,2,4
furamizole,2,2,4
mehylprednisolone,2,2,4
evir,2,2,4
bicetegravir,2,2,4
enofovir,2,2,4
kanrenone,2,2,4
lopinavir\ritonavir,2,2,4
tubercin,2,2,4
fumigallin,2,2,4
oxbendazole,2,2,4
myclobutanil,2,2,4
fetratinib,2,2,4
pregomine,2,2,4
ds.pidotimod,2,2,4
rupritrivir,2,2,4
gepinacin,2,2,4
revastinib,2,2,4
molluscicide,2,2,4
apricitabine,2,2,4
doeker,2,2,4
iodoactamide,2,2,4
cevazuril,2,2,4
sphaeranthanolide,2,2,4
nomoline,2,2,4
favipivavir,2,2,4
tributylribavirin,2,2,4
envafolimab,2,2,4
etigilimab,2,2,4
chinacrin,2,2,4
quinacine,2,2,4
ervacycline,2,2,4
aleomycin,2,2,4
sriramula,2,2,4
cyclopropylcarbovir,2,2,4
dexethadone,2,2,4
trimethylquercetin,2,2,4
kaemferol,2,2,4
epiandrosterone,2,2,4
kanmycin,2,2,4
dimethyflormamide,2,2,4
alabendazole,2,2,4
fendendazole,2,2,4
getamicin,2,2,4
inezolid,2,2,4
cloranphenicol,2,2,4
cetiridine,2,2,4
capofungin,2,2,4
cefoxilin,2,2,4
chaer,2,2,4
cintapride,2,2,4
antimalariamittel,2,2,4
romulin,2,2,4
toloxatone,2,2,4
loganin,2,2,4
benzotropine,2,2,4
hexaconazole,2,2,4
steocalcin,2,2,4
razadine,2,2,4
fasinumab,2,2,4
na+-valinomycin,2,2,4
lamiviudine,2,2,4
rimantandine,2,2,4
upadacatinib,2,2,4
fostaminib,2,2,4
garenoxin,2,2,4
benzobisthiazole,2,2,4
boceptrevir,2,2,4
pegpleranib,2,2,4
genatamicin,2,2,4
ciclofovir,2,2,4
heptylbromide,2,2,4
balofloxacin,2,2,4
amifloxacin,2,2,4
aminopentamide,2,2,4
gummadiol,2,2,4
bruttin,2,2,4
acalaburtinib,2,2,4
sitaglipitin,2,2,4
allodapine,2,2,4
sars.lopinavir,2,2,4
gabapetin,2,2,4
methyltyrosine,2,2,4
uperin,2,2,4
norfloxaicin,2,2,4
elixophyllin,2,2,4
ethozoline,2,2,4
bisflavanol,2,2,4
urtoxazumab,2,2,4
oseltamirvir,2,2,4
sattazolin,2,2,4
oridamycin,2,2,4
adilipoline,2,2,4
enervosanone,2,2,4
ceftetan,2,2,4
egenine,2,2,4
supracycline,2,2,4
bevcizumab,2,2,4
demethymaritidine,2,2,4
tolazine,2,2,4
zosteronol,2,2,4
camustat,2,2,4
rocilizumab,2,2,4
lysinamide,2,2,4
neuroprotectin,2,2,4
podophyllotoxine,2,2,4
quercetinin,2,2,4
fluoxymestrone,2,2,4
cortimoxazole,2,2,4
amoxycyclin,2,2,4
ionomicin,2,2,4
metconazole,2,2,4
epoxyconazole,2,2,4
triavir,2,2,4
actreonam,2,2,4
thymelaea,2,2,4
aminoethanol,2,2,4
prelaminin,2,2,4
tilavonemab,2,2,4
flucanazole,2,2,4
pyrimetamine,2,2,4
daurnavir,2,2,4
benzoindazole,2,2,4
binostril,2,2,4
schimperinone,2,2,4
fexofenidine,2,2,4
ferriprox,2,2,4
alctinib,2,2,4
alatinone,2,2,4
resdemivir,2,2,4
ekkrine,2,2,4
polanin,2,2,4
acycylovir,2,2,4
spisulosine,2,2,4
carnin,2,2,4
levovir,2,2,4
otocilizumab,2,2,4
ruksolitinib,2,2,4
parathione,2,2,4
auromycin,2,2,4
adamantanamine,2,2,4
ibrutunib,2,2,4
harrisvaccine,2,2,4
rexaline,2,2,4
hydorxychloroquine+azithromycin,2,2,4
carbinoxamine,2,2,4
phensuximide,2,2,4
omidazole,2,2,4
diethylnorspermidine,2,2,4
holin,2,2,4
tonantzilolone,2,2,4
trizole,2,2,4
hydromycin,2,2,4
tseytin,2,2,4
furazidine,2,2,4
avarofloxacin,2,2,4
tachypnoae,2,2,4
hypolaetin,2,2,4
catamaxomab,2,2,4
gancclovir,2,2,4
gsk070,2,2,4
tomeglovir,2,2,4
genisteine,2,2,4
retinoschisin,2,2,4
cefavecin,2,2,4
sulfamethozole,2,2,4
pentamadine,2,2,4
branine,2,2,4
lopiavir,2,2,4
remdesmivir,2,2,4
hydrocortisolone,2,2,4
tropomycin,2,2,4
doultegravir,2,2,4
ostelmivir,2,2,4
bendroflumethiazide,2,2,4
methyclothiazide,2,2,4
ipilumumab,2,2,4
laminine,2,2,4
ilotycin,2,2,4
resinoside,2,2,4
trifluoromethyloxirane,2,2,4
lumirubin,2,2,4
fasone,2,2,4
prembrolizumab,2,2,4
enoblituzumab,2,2,4
b.sofosbuvir,2,2,4
doxobrubicin,2,2,4
ketaminhydrochloride,2,2,4
metacaine,2,2,4
cyclophyllin,2,2,4
tavipiravir,2,2,4
epigitrin,2,2,4
masin,2,2,4
chloroethylamine,2,2,4
rimanadine).oseltamivir,2,2,4
rifamoicin,2,2,4
carmaphycin,2,2,4
toxostatin,2,2,4
pyroxin,2,2,4
benzinidazole,2,2,4
soniferol,2,2,4
gucin,2,2,4
temserolimus,2,2,4
teichomycin,2,2,4
nebularine,2,2,4
fluorophenol,2,2,4
fluorophenols,2,2,4
nobiletine,2,2,4
fedrotinib,2,2,4
baratinib,2,2,4
sulfamethoxypyridazine,2,2,4
methergoline,2,2,4
medroxyprogestrone,2,2,4
fluprostenol,2,2,4
sporonox,2,2,4
haxeltine,2,2,4
cassine,2,2,4
vivomycin,2,2,4
caboxamycin,2,2,4
tauramamide,2,2,4
racicot,2,2,4
pentamide,2,2,4
sulphoxine,2,2,4
preproenkephalin,2,2,4
ionosine,2,2,4
neomicin,2,2,4
clarithromicin,2,2,4
methronidazole,2,2,4
klaritromycin,2,2,4
gosogliptin,2,2,4
micofungin,2,2,4
tertbutaline,2,2,4
benzylpenicillinprocaine,2,2,4
b.prednisone,2,2,4
metiamide,2,2,4
ceftolozone,2,2,4
lenapenem,2,2,4
pepleomycin,2,2,4
ovocalyxin,2,2,4
enfuvertide,2,2,4
encevir,2,2,4
itrconazole,2,2,4
ampenavir,2,2,4
tenecin,2,2,4
favipirarvir,2,2,4
osetalmavir,2,2,4
phytepsin,2,2,4
cucumisin,2,2,4
hirtin,2,2,4
suntinib,2,2,4
pembolizumab,2,2,4
eluzumab,2,2,4
phenoxetol,2,2,4
oclatinib,2,2,4
figlotinib,2,2,4
atimepazole,2,2,4
azathiophine,2,2,4
kitasmycin,2,2,4
peptidylhydroxylamine,2,2,4
cobemetinib,2,2,4
bimotuzumab,2,2,4
oseltemavir,2,2,4
nithiazine,2,2,4
amadacycline,2,2,4
alalevonadifloxacin,2,2,4
benapenem,2,2,4
pyrifazimine,2,2,4
benznodazole,2,2,4
guansine,2,2,4
arubidol,2,2,4
dactiomycin,2,2,4
arbidolol,2,2,4
zamamidine,2,2,4
ingamine,2,2,4
dioxothiazine,2,2,4
neolaulimalide,2,2,4
cinachyrolide,2,2,4
lasonolide,2,2,4
theonezolide,2,2,4
erytromicin,2,2,4
cinprofloxacin,2,2,4
chlorexydine,2,2,4
sulphomethoxazole,2,2,4
norsertraline,2,2,4
naphthomycin,2,2,4
clethramycin,2,2,4
cedarmycin,2,2,4
saadamycin,2,2,4
bicozamycin,2,2,4
ridsivir,2,2,4
acetominophine,2,2,4
azitromizine,2,2,4
balenine,2,2,4
valganciclavir,2,2,4
ritoavir,2,2,4
sumycin,2,2,4
avenin,2,2,4
enoxamone,2,2,4
thiabendazoles,2,2,4
prenoxdiazine,2,2,4
proxazole,2,2,4
terthiopene,2,2,4
efavir,2,2,4
thymosine,2,2,4
verdenafil,2,2,4
benrazilumab,2,2,4
rezlizumab,2,2,4
oxichloroquine,2,2,4
hydroxyferrochloroquine,2,2,4
raloxifine,2,2,4
nintendanib,2,2,4
oxocorynoline,2,2,4
plakortide,2,2,4
anisomycine,2,2,4
biodine,2,2,4
proganciclovir,2,2,4
omeprazalone,2,2,4
pessa,2,2,4
favisiravir,2,2,4
thiene,2,2,4
falcade,2,2,4
pentazole,2,2,4
oseltalmivir,2,2,4
aquaporumab,2,2,4
declomycin,2,2,4
achromycin,2,2,4
demethylchlortetracycline,2,2,4
.penciclovir,2,2,4
emcitrabine,2,2,4
phenoxypenicilline,2,2,4
paromomyicin,2,2,4
flunixamine,2,2,4
gangcyclovir,2,2,4
anusaprevir,2,2,4
paradichlorbenzine,2,2,4
lingin,2,2,4
traconazole,2,2,4
tiazoxanide,2,2,4
bromonucleoside,2,2,4
etamidindole,2,2,4
schisandrene,2,2,4
datex,2,2,4
tenovovir,2,2,4
rifambutin,2,2,4
encenicline,2,2,4
tocliziumab,2,2,4
mefluoquine,2,2,4
lumefantine,2,2,4
promab,2,2,4
ga.mitoxantrone,2,2,4
imperatronin,2,2,4
primidoxine,2,2,4
agustini,2,2,4
goralatide,2,2,4
pradocin,2,2,4
tostuzumab,2,2,4
boeravinone,2,2,4
tezepermab,2,2,4
doxophylline,2,2,4
triflucan,2,2,4
ferrochloroquine,2,2,4
nitazoxandine,2,2,4
d.nilotinib,2,2,4
aml.lestaurtinib,2,2,4
spicamycin,2,2,4
albamycin,2,2,4
cathomycin,2,2,4
geldenamycin,2,2,4
oregovomab,2,2,4
simprevir,2,2,4
ofrimantadine,2,2,4
osetltamivir,2,2,4
dihydroxybenzylamine,2,2,4
tyroxine,2,2,4
manoside,2,2,4
2-pyrazoline,2,2,4
nagilactone,2,2,4
angustmycin,2,2,4
siltamivir,2,2,4
fostemavir,2,2,4
trioxaferroquine,2,2,4
tiethylperazine,2,2,4
lindholm,2,2,4
baicalcin,2,2,4
oxymatrin,2,2,4
omerprazole,2,2,4
magnin,2,2,4
janthinopolyenemycin,2,2,4
fonolizumab,2,2,4
inebelizumab,2,2,4
kifunesine,2,2,4
ace2.favipiravir,2,2,4
homoproline,2,2,4
iniragivir,2,2,4
cladarabine,2,2,4
thapsigargicin,2,2,4
anatabine,2,2,4
carosine,2,2,4
cyclomarazine,2,2,4
bicyclogermacrene,2,2,4
idarubin,2,2,4
selenenylamide,2,2,4
methyxanthine,2,2,4
isooxazole,2,2,4
oxalplatin,2,2,4
gattyfloxacin,2,2,4
tripchlorolide,2,2,4
abidine,2,2,4
halofuginol,2,2,4
halofoginol,2,2,4
karetin,2,2,4
treptomycin,2,2,4
tripeptyl,2,2,4
molkentin,2,2,4
ruxolotinib,2,2,4
donoprevir,2,2,4
isonicotine,2,2,4
scholaricine,2,2,4
sulfoglucobrassicin,2,2,4
squaramide,2,2,4
verumafenib,2,2,4
dapafinib,2,2,4
dapafenib,2,2,4
amaridine,2,2,4
nataluzimab,2,2,4
kampine,2,2,4
barretinib,2,2,4
lopinavir+oseltamivir,2,2,4
desethylamiodarone,2,2,4
boromycin,2,2,4
polatuzamab,2,2,4
sulfonomethazine,2,2,4
clyclosporine,2,2,4
mogalizumab,2,2,4
macetaxime,2,2,4
lumaricoxib,2,2,4
valagancyclovir,2,2,4
levobunolol,2,2,4
streptomicin,2,2,4
methylephedrine,2,2,4
favipivir,2,2,4
rucolitinib,2,2,4
mecaptopurine,2,2,4
fulvenone,2,2,4
geifitinib,2,2,4
toclilizumab,2,2,4
carbamazpine,2,2,4
diphendramine,2,2,4
vaxfectin,2,2,4
enviomycin,2,2,4
fencyclidine,2,2,4
feranil,2,2,4
ketasamycin,2,2,4
ruiolitinib,2,2,4
pyrroloquinoline,2,2,4
bivatuzumab,2,2,4
flotetuzumab,2,2,4
enoticumab,2,2,4
isoxpurine,2,2,4
ocaratuzumab,2,2,4
succinamide,2,2,4
aerucin,2,2,4
cetylpiridine,2,2,4
lisonopril,2,2,4
levocloperastine,2,2,4
omapalumab,2,2,4
desthylhyoxychloroquine,2,2,4
bisdesthylchloroquine,2,2,4
acabrutinib,2,2,4
selenoadiosine,2,2,4
protovir,2,2,4
buprenophine,2,2,4
firponil,2,2,4
tectochrysin,2,2,4
tryptensin,2,2,4
bomazine,2,2,4
jonosteril,2,2,4
nivolimab,2,2,4
sieboldigenin,2,2,4
chlorpomazine,2,2,4
ritxuximab,2,2,4
xylamine,2,2,4
levoketoconazole,2,2,4
rovamycin,2,2,4
reutericin,2,2,4
dexaltin,2,2,4
linkomycin,2,2,4
akimacin,2,2,4
palizivumab,2,2,4
adalinumab,2,2,4
gonem,2,2,4
deoxyguanidine,2,2,4
domatinostat,2,2,4
sonis,2,2,4
cyanoglycoside,2,2,4
hespiridin,2,2,4
diaminobenzidone,2,2,4
silubin,2,2,4
biguanil,2,2,4
hydroxycholorine,2,2,4
disatinib,2,2,4
gefitinibe,2,2,4
viscumin,2,2,4
ediratide,2,2,4
ebiratide,2,2,4
sulfomyxine,2,2,4
nitrosofenfluramine,2,2,4
farpiravir,2,2,4
palmitine,2,2,4
chlarythromycin,2,2,4
zanamiavir,2,2,4
cantharone,2,2,4
tromelin,2,2,4
lasinavir,2,2,4
telinavir,2,2,4
thelidomide,2,2,4
bevacitumab,2,2,4
oridonine,2,2,4
irrinotecan,2,2,4
kalantan,2,2,4
almine,2,2,4
gitoxigenin,2,2,4
nanolopinavir,2,2,4
alacepril,2,2,4
enocitabine,2,2,4
gancivlovir,2,2,4
provasopressin,2,2,4
resveratroloside,2,2,4
metamfetamine,2,2,4
methylenedioxymetamfetamine,2,2,4
mycosin,2,2,4
gefitnib,2,2,4
veletonavir,2,2,4
moensin,2,2,4
actotoxumab,2,2,4
siomycin,2,2,4
pteridanoside,2,2,4
selaginellin,2,2,4
gantamicin,2,2,4
balottin,2,2,4
cyclovir,2,2,4
daily)/ritonavir,2,2,4
scygonadin,2,2,4
levoperazine,2,2,4
clarithrimycin,2,2,4
of)brincidofovir,2,2,4
snevirapine,2,2,4
lanimamivir,2,2,4
acetylcistein,2,2,4
ravipiravir,2,2,4
mivermectin,2,2,4
tocilicumab,2,2,4
antirituximab,2,2,4
imidazopyridazine,2,2,4
pacsin,2,2,4
transtuzumab,2,2,4
cephararanthine,2,2,4
myxomycin,2,2,4
lenumab,2,2,4
chlorphacinone,2,2,4
denagliptin,2,2,4
salicylihamide,2,2,4
halichlorine,2,2,4
keramidine,2,2,4
myllicin,2,2,4
efinaconazole,2,2,4
nonerythromycin,2,2,4
pervitin,2,2,4
benzedrine,2,2,4
artemisole,2,2,4
tacilizumab,2,2,4
aviscumine,2,2,4
dextrometomidine,2,2,4
prednisilone,2,2,4
pediazole,2,2,4
"carrageenan"").zanamivir",2,2,4
ineupatorolide,2,2,4
diiodohydroxyquinolone,2,2,4
artedrone,2,2,4
defactinib,2,2,4
bevaciumab,2,2,4
kataclacin,2,2,4
mirziyoyev,2,2,4
esaconazole,2,2,4
gomiliximab,2,2,4
samalizumab,2,2,4
ficlatuzumab,2,2,4
denintuzumab,2,2,4
lucatumumab,2,2,4
tanibirumab,2,2,4
olinvacimab,2,2,4
andecaliximab,2,2,4
eldelumab,2,2,4
vatelizumab,2,2,4
vunakizumab,2,2,4
fezakinumab,2,2,4
frovocimab,2,2,4
lodelcizumab,2,2,4
elezanumab,2,2,4
lesofavumab,2,2,4
navivumab,2,2,4
rmab,2,2,4
libivirumab,2,2,4
tuvirumab,2,2,4
rritonavir,2,2,4
eepoxomycin,2,2,4
bbortezomib,2,2,4
ccarfilzomib,2,2,4
assorafenib,2,2,4
mercaptamine,2,2,4
takinib,2,2,4
dilone,2,2,4
saclofen,2,2,4
mumab,2,2,4
tonicamycin,2,2,4
tiplaxtinin,2,2,4
biliscopin,2,2,4
kaopectin,2,2,4
bendamustinerituximab,2,2,4
hydroxycholroquine,2,2,4
cyciosporine,2,2,4
phomopsin,2,2,4
hydroxocobalamine,2,2,4
dipirone,2,2,4
fluvaxin,2,2,4
doxacycline,2,2,4
arpromidine,2,2,4
bacteriol,2,2,4
phendimetrazine,2,2,4
belladine,2,2,4
zanarnivir,2,2,4
lysovir,2,2,4
azodicarbonamide,2,2,4
levitiracetam,2,2,4
somatotropin,2,2,4
cytrabine,2,2,4
nnitrosamine,2,2,4
levoflaxacin,2,2,4
rouzine,2,2,4
.ofatumumab,2,2,4
entevavir,2,2,4
.thiethylperazine,2,2,4
.clomipramine,2,2,4
nitroprussidnatrium,2,2,4
oxaceprol,2,2,4
tioguanin,2,2,4
.erlotinib,2,2,4
pralidoxim,2,2,4
concludendo,2,2,4
ceftadizime,2,2,4
levafloxacin,2,2,4
azitrhomycin,2,2,4
cholesteramine,2,2,4
βmethasone,2,2,4
reviparine,2,2,4
oxolin,2,2,4
.nelfinavir,2,2,4
golvatinib,2,2,4
sulfabromomethazine,2,2,4
minocin,2,2,4
gtutamine,2,2,4
nephrine,2,2,4
nlfinavir,2,2,4
azathiorpine,2,2,4
adaptavir,2,2,4
.tigecycline,2,2,4
phenyleprine,2,2,4
.rupintrivir,2,2,4
oseltmivir,2,2,4
norditropin,2,2,4
oxytetratetracycline,2,2,4
rabéprazole,2,2,4
salazopyrine,2,2,4
.vapendavir,2,2,4
bunaminidine,2,2,4
.valganciclovir,2,2,4
itraconzole,2,2,4
-darunavir,2,2,4
pediaven,2,2,4
.abacavir,2,2,4
mm).lopinavir,2,2,4
.trastuzumab,2,2,4
infigratinib,2,2,4
crinone,2,2,4
remdezivir,2,2,4
wybutoxine,2,2,4
ciclopropavir,2,2,4
oxopiperadine,2,2,4
antistasin,2,2,4
ketocyclazocine,2,2,4
feniticilline,2,2,4
cerarnide,2,2,4
prymidine,2,2,4
varacin,2,2,4
betulavir,2,2,4
fluorfenicol,2,2,4
paracin,2,2,4
paramethasone,2,2,4
cinolazepam,2,2,4
duanomycin,2,2,4
ofprednisone,2,2,4
bisindigotin,2,2,4
guanidinoneomycin,2,2,4
lizumab,2,2,4
rhaponticin,2,2,4
daphlongamine,2,2,4
a.prednisolone,2,2,4
voltaren,2,2,4
metuzumab,2,2,4
nebramine,2,2,4
chemostat,2,2,4
aselizumab,2,2,4
flurithromycin,2,2,4
ecadotril,2,2,4
roxythromycine,2,2,4
trichostatine,2,2,4
dihydroperidine,2,2,4
nucieotide,2,2,4
.salinomycin,2,2,4
cefrtiaxone,2,2,4
duplimab,2,2,4
diëthylcarbamazine,2,2,4
trimethoprimsulfadoxine,2,2,4
betaarrestin,2,2,4
.famciclovir,2,2,4
corytuberine,2,2,4
amethasone,2,2,4
hydroxchloroquine,2,2,4
targetin,2,2,4
h]progesterone,2,2,4
apivirine,2,2,4
phenyleperine,2,2,4
spasmus,2,2,4
glutathionine,2,2,4
.methisazone,2,2,4
.deferoxamine,2,2,4
zeazine,2,2,4
atezoliumab,2,2,4
novamine,2,2,4
adipokinine,2,2,4
xazole,2,2,4
hydroxyephedrine,2,2,4
spiroxatrine,2,2,4
theophyllamine,2,2,4
leucovorine,2,2,4
.inosine,2,2,4
phenytoine,2,2,4
glucosol,2,2,4
trovofloxacin,2,2,4
lbuprofen,2,2,4
llbrinogen,2,2,4
silibenin,2,2,4
ofatumomab,2,2,4
gemtamicin,2,2,4
coronaridine,2,2,4
elbasvirgrazoprevir,2,2,4
oseltamiviroseltamivir,2,2,4
i]iodide,2,2,4
tyr3-octreotide,2,2,4
gravir,2,2,4
nelarabin,2,2,4
tauroline,2,2,4
phenoperidine,2,2,4
thalodomide,2,2,4
cidfovir,2,2,4
cynapine,2,2,4
tunlcamycin,2,2,4
deuteride,2,2,4
zanimivir,2,2,4
hydroxiurea,2,2,4
orivir,2,2,4
sibiromycin,2,2,4
cisarpride,2,2,4
efonidipine,2,2,4
oncostatine,2,2,4
rupintruvir,2,2,4
ipilumamab,2,2,4
tertiapin,2,2,4
hydroclorotiazide,2,2,4
phytosterine,2,2,4
arzneidrogen,2,2,4
jolkinol,2,2,4
gantamycin,2,2,4
gancidovir,2,2,4
dadclovir,2,2,4
streptovaricin,2,2,4
tolypomycin,2,2,4
denatonium,2,2,4
tracrolimus,2,2,4
/-cyclosporine,2,2,4
ciclopsorine,2,2,4
desferioxamine,2,2,4
clinoquinol,2,2,4
sublocade,2,2,4
ratin,2,2,4
ashurov,2,2,4
paravir,2,2,4
saimirine,2,2,4
bulsulfan,2,2,4
fotomustine,2,2,4
themolysin,2,2,4
s312+oseltamivir,2,2,4
desivir,2,2,4
chlorxylenol,2,2,4
thoxazole,2,2,4
inine,2,2,4
ifloxacin,2,2,4
tifloxacin,2,2,4
levoflxacin,2,2,4
litoxetine,2,2,4
antitoxine,2,2,4
tritrpticin,2,2,4
tryocidine,2,2,4
l'eprosartan,2,2,4
furazolidine,2,2,4
salamandrine,2,2,4
il-1β+progesterone,2,2,4
acarnidine,2,2,4
gentuzumab,2,2,4
.dolutegravir,2,2,4
adeofovir,2,2,4
cobaltihexammine,2,2,4
porothramycin,2,2,4
levatiracetam,2,2,4
imidurea,2,2,4
allilin,1,3,4
d9-tetrahydrocannabinol,1,3,4
syndapin,1,3,4
galidesvir,1,3,4
nanocapsules,1,3,4
triple-,1,3,4
valantine,1,3,4
l‐lysine,1,3,4
isocyanide,1,3,4
morroniside,1,3,4
psoracoumestan,1,3,4
triazoloquinazolinone,1,3,4
thioguanidine,1,3,4
bachert,1,3,4
merbromine,1,3,4
humatin,1,3,4
zingerol,1,3,4
tygecicline,1,3,4
zoocin,1,3,4
charcot,1,3,4
succinylsulfathiazole,1,3,4
phe‐thiol,1,3,4
dinitrogen,1,3,4
vancocin,1,3,4
pedanios,1,3,4
gdmhcl,1,3,4
redexivir,1,3,4
favivir,1,3,4
fuchsine,1,3,4
carbencillin,1,3,4
stobadine,1,3,4
indospicine,1,3,4
chromogranine,1,3,4
bisguanide,1,3,4
lomerizine,1,3,4
roraima,1,3,4
jarvelin,1,3,4
histadine,1,3,4
oxybromide,1,3,4
homocystein,1,3,4
actinoporin,1,3,4
dihydrosanguinarine,1,3,4
amylosin,1,3,4
feralolide,1,3,4
fibrosin,1,3,4
h]histamine,1,3,4
tropine,1,3,4
cytotec,1,3,4
pipitone,1,3,4
ursin,1,3,4
maculosin,1,3,4
norepinehrine,1,3,4
cytohesin,1,3,4
sulfamethaxazole,1,3,4
sviceucin,1,3,4
thieno,1,3,4
uorodeoxyuridine,1,3,4
sexualsteroide,1,3,4
g-418,1,3,4
anthracenedione,1,3,4
stomatin,1,3,4
ascaridole,1,3,4
ecgonine,1,3,4
licoisoflavone,1,3,4
zyban,1,3,4
posyandu,1,3,4
batide,1,3,4
povidine,1,3,4
ruthenibacterium,1,3,4
ethanolamide,1,3,4
tetraploide,1,3,4
tolectin,1,3,4
propazine,1,3,4
n4-acetylcytosine,1,3,4
.cepharanthine,1,3,4
mersmab,1,3,4
haririan,1,3,4
baraticinib,1,3,4
mephenesin,1,3,4
eculuzimab,1,3,4
anilin,1,3,4
tiadenol,1,3,4
cituximab,1,3,4
levamlodipine,1,3,4
citrato,1,3,4
espironolactone,1,3,4
zeamatin,1,3,4
dimethylglycine,1,3,4
lvaline,1,3,4
palacin,1,3,4
kastan,1,3,4
betagalactoside,1,3,4
candimine,1,3,4
mitoxandrone,1,3,4
nbutyldeoxynojirimycin,1,3,4
mishustin,1,3,4
spirometra,1,3,4
sparteine,1,3,4
tormentil,1,3,4
gelofusin,1,3,4
nueleotide,1,3,4
autotaxine,1,3,4
kanosamine,1,3,4
maltoryzine,1,3,4
rumensin,1,3,4
kilmartin,1,3,4
azetidine,1,3,4
strophanthine,1,3,4
octreide,1,3,4
thiobenzamide,1,3,4
anhydride,1,3,4
bilimbin,1,3,4
bdefensin,1,3,4
allogen,1,3,4
tunicamine,1,3,4
polytetrafluoroethylene,1,3,4
terutroban,1,3,4
chloorpromazine,1,3,4
kynurenin,1,3,4
trimethaprim,1,3,4
trioxypurine,1,3,4
rimawi,1,3,4
llitjos,1,3,4
aivlosin,1,3,4
mergocriptine,1,3,4
protcin,1,3,4
radiocarpal,1,3,4
hydroxyectoine,1,3,4
piperaciline,1,3,4
l-[35s]cysteine,1,3,4
gardenoside,1,3,4
sujarno,0,4,4
kamareddine,0,4,4
psychrophiles,0,4,4
callitris,0,4,4
cyclopentanone,0,4,4
merocyanine,0,4,4
overwin,0,4,4
dihydrofisetin,0,4,4
dickert,0,4,4
methyldiplacol,0,4,4
pristimerin,0,4,4
niemimaa,0,4,4
disease.69,0,4,4
grambas,0,4,4
metallothione,0,4,4
thiazolidide,0,4,4
langzeitfolgen,0,4,4
desmodesmus,0,4,4
expansa,0,4,4
pyridinethione,0,4,4
exline,0,4,4
oncolysis,0,4,4
angelone,0,4,4
blatem,0,4,4
khryanin,0,4,4
gorini,0,4,4
sheherazade,0,4,4
mauveine,0,4,4
vicine,0,4,4
divicine,0,4,4
naritunin,0,4,4
zardaverine,0,4,4
akiyama,0,4,4
focos,0,4,4
chromen-2-one,0,4,4
ghanbari,0,4,4
miosis,0,4,4
immunoplaque,0,4,4
trichotine,0,4,4
benzyldimethylamine,0,4,4
astigmata,0,4,4
benzylpiperidone,0,4,4
hs)-troponin,0,4,4
bacillithiol,0,4,4
predisone,0,4,4
furthemore,0,4,4
guidon,0,4,4
trodusquemine,0,4,4
pseudomilitaris,0,4,4
pentasa,0,4,4
gilca,0,4,4
arq197,0,4,4
dasatinib hydrochloride,0,4,4
cerubidine,0,4,4
stearylamine,0,4,4
cycteine,0,4,4
findex,0,4,4
naphthopyrone,0,4,4
webby,0,4,4
ethanbutol,0,4,4
aspergilli,0,4,4
carboxyhaemoglobin,0,4,4
falade,0,4,4
biomethane,0,4,4
tetrahydropyran-4-one,0,4,4
dimethylaniline,0,4,4
butirosin,0,4,4
mikroorganismen,0,4,4
ile115,0,4,4
phe424,0,4,4
nyaupane,0,4,4
pca2,0,4,4
mcg,0,4,4
tgn1412,0,4,4
katterine,0,4,4
linfoide,0,4,4
translabyrinthine,0,4,4
grimelysin,0,4,4
protealysin,0,4,4
bioscan,0,4,4
tetraodonis,0,4,4
lipopolysachharide,0,4,4
pro140,0,4,4
acetovanillone,0,4,4
indanone,0,4,4
methylpiperidine,0,4,4
phthalimide,0,4,4
conicasterone,0,4,4
pandemierisiko,0,4,4
oligoargine,0,4,4
dysferlin,0,4,4
robitussin,0,4,4
estafiatin,0,4,4
triacetone,0,4,4
gefahrensituationen,0,4,4
steppingstone,0,4,4
human‐made,0,4,4
i̇şgör,0,4,4
tcan,0,4,4
gephyrin,0,4,4
hydrokolloide,0,4,4
lactucin,0,4,4
self‐discipline,0,4,4
rougeole,0,4,4
rubéole,0,4,4
arbeitsplatz,0,4,4
plattenepithel,0,4,4
greenfinch,0,4,4
genecov,0,4,4
benzylidenechromanone,0,4,4
phylloquinone,0,4,4
aminoflavone,0,4,4
dickersin,0,4,4
loniflavone,0,4,4
tetrakis,0,4,4
bortezamib,0,4,4
organonitrogen,0,4,4
before.9,0,4,4
nagamine,0,4,4
homonojirimycin,0,4,4
jigawa,0,4,4
haloarchaea,0,4,4
naphthaquinone,0,4,4
leptosphaerone,0,4,4
nigrosporalactone,0,4,4
vaghefi,0,4,4
konsistenz,0,4,4
fäulnis,0,4,4
sergentomine,0,4,4
b.i.d,0,4,4
lycobetaine,0,4,4
lifectamine,0,4,4
reopro,0,4,4
eveline,0,4,4
doronin,0,4,4
zeineddine,0,4,4
arg346,0,4,4
myocrisin,0,4,4
solganol,0,4,4
pandorea,0,4,4
anguillid,0,4,4
sarcomata,0,4,4
distearoylphosphatidylcholine,0,4,4
myelostat,0,4,4
deoxyriboside,0,4,4
poly(vinylpyrrolidone,0,4,4
hallak,0,4,4
methyldiethanolamine,0,4,4
thamlikitkul,0,4,4
cantonwine,0,4,4
trimethylglycine,0,4,4
medrogestone,0,4,4
trimegestone,0,4,4
syringafactin,0,4,4
uncarine,0,4,4
±)-antofine,0,4,4
nuzum,0,4,4
tetramethylpiperidine,0,4,4
thionucleoside,0,4,4
difterietoxine,0,4,4
celgeheugen,0,4,4
vitreoretinopathy,0,4,4
hydroxypregnanolone,0,4,4
h)-glu]+,0,4,4
neoteleostei,0,4,4
dyclonine,0,4,4
phosphoadenosine,0,4,4
mandenol,0,4,4
fortifier,0,4,4
salamone,0,4,4
fronczek,0,4,4
beijamini,0,4,4
biomacromolecule,0,4,4
cystidine,0,4,4
ways.2,0,4,4
amblin,0,4,4
chimotrypsin,0,4,4
skimmianine,0,4,4
rhamnolliuiritin,0,4,4
gralbranin,0,4,4
liocflavone,0,4,4
liocflavanol,0,4,4
glyzaglabrin,0,4,4
isoglaborlide,0,4,4
inflacoumarin,0,4,4
neoglycerol,0,4,4
licoagrochalcone,0,4,4
licofuranocoumarin,0,4,4
perisin,0,4,4
strepsirrhini,0,4,4
haplorhini,0,4,4
strepsirrhine,0,4,4
adaramola,0,4,4
cortone,0,4,4
shoreaketone,0,4,4
"n2,n4-dibenzylquinazoline-2,4-diamine",0,4,4
aminoketone,0,4,4
hexamethylenediamine,0,4,4
flavanonol,0,4,4
cyclomorusin,0,4,4
caspofungen,0,4,4
reservoire,0,4,4
begeben,0,4,4
tuberkuloserisiko,0,4,4
tolopinavir,0,4,4
dicarlantonio,0,4,4
fzd,0,4,4
kanaroglou,0,4,4
visiol,0,4,4
waknine,0,4,4
opiods,0,4,4
glucopyranoside,0,4,4
anhydrolycorine,0,4,4
annunziata,0,4,4
kerre,0,4,4
einblutungen,0,4,4
l'extrémité,0,4,4
l'alvéole,0,4,4
roccellin,0,4,4
prüfen,0,4,4
exogene,0,4,4
thalianol,0,4,4
trihexosylceramide,0,4,4
caudatoside,0,4,4
rupaimoole,0,4,4
peptoclostridium,0,4,4
actaea,0,4,4
infusionslösungen,0,4,4
perfluorokarbone,0,4,4
klettner,0,4,4
imidazolidine,0,4,4
n-4-acetylcytosine,0,4,4
chlorhexidine gluconate,0,4,4
arisugacin,0,4,4
hertfordshire,0,4,4
yasumura,0,4,4
oripavine,0,4,4
flowie,0,4,4
pseudoisocytosine,0,4,4
indianavir,0,4,4
cuticlin,0,4,4
canthin-6-one,0,4,4
mahanimbine,0,4,4
rutaecarpine,0,4,4
thrombine,0,4,4
lipopolysacchride,0,4,4
moringinine,0,4,4
quisinostat,0,4,4
aldimine,0,4,4
n-4-methoxyphenylimine,0,4,4
kaiko,0,4,4
fregata,0,4,4
parvongnukul,0,4,4
nanographene,0,4,4
transuterine,0,4,4
thisosemicarbazone,0,4,4
thiocarbonohydrazone,0,4,4
corno,0,4,4
anti-5b19,0,4,4
troxel,0,4,4
pluralismus,0,4,4
rückt,0,4,4
opthaine,0,4,4
patrì,0,4,4
testoterone,0,4,4
stangarone,0,4,4
gunatilaka,0,4,4
mathot,0,4,4
lymphadenomegaly,0,4,4
unzähligen,0,4,4
bakuisoflavone,0,4,4
bakuflavanone,0,4,4
trichiura,0,4,4
ethyleneglycol,0,4,4
oxytetracyline,0,4,4
3-(phenetylamino)demethyl(oxy)aaptamine,0,4,4
chymo)trypsin,0,4,4
cardioendocrine,0,4,4
cameron,0,4,4
hingegen,0,4,4
abi377,0,4,4
gemacrone,0,4,4
proadifen,0,4,4
upl104,0,4,4
selenohomocysteine,0,4,4
δchloride,0,4,4
pflegeheime,0,4,4
permanox,0,4,4
apeptide,0,4,4
deoxyrhapontin,0,4,4
porporato,0,4,4
flatus,0,4,4
padidam,0,4,4
warmline,0,4,4
phytohemagglutin,0,4,4
moroz,0,4,4
stearine,0,4,4
thiadiazolidinone,0,4,4
fructooligosaccharide,0,4,4
emtricitatine,0,4,4
prv)/aujeszky,0,4,4
acylthiourea,0,4,4
apioside,0,4,4
actavis,0,4,4
bodhaine,0,4,4
dihydropyrazole,0,4,4
tergallin,0,4,4
bergaptan,0,4,4
benzoxaborole,0,4,4
dendroxine,0,4,4
laburnine,0,4,4
yiamouyiannis,0,4,4
hyperfine,0,4,4
glycerylphosphorylethanolamine,0,4,4
dideoxyguanosine,0,4,4
dodecane,0,4,4
attractin,0,4,4
westerik,0,4,4
aminosidine,0,4,4
phosphorylethanolamine,0,4,4
mycolylarabinogalactan,0,4,4
anti‐cytokine,0,4,4
epidemiologisch,0,4,4
chromalveolata,0,4,4
sarafianos,0,4,4
h-160,0,4,4
jahanbin,0,4,4
rahmanian,0,4,4
secomanoalide,0,4,4
distearoylphosphocholine,0,4,4
utomilumab,0,4,4
antiöstrogen,0,4,4
kleinzelligen,0,4,4
theopalauamide,0,4,4
dys456,0,4,4
pyridine-2-one,0,4,4
ranitidene,0,4,4
myolactone,0,4,4
chloroacetophenone,0,4,4
koob,0,4,4
fleeger,0,4,4
orholquinone,0,4,4
furine,0,4,4
biohydrogen,0,4,4
nucline,0,4,4
trimethoprim sulfa,0,4,4
longifoline,0,4,4
caseine,0,4,4
giacobone,0,4,4
butan-1-amine,0,4,4
alkanol,0,4,4
pelone,0,4,4
chlorohexane,0,4,4
benzylguanine,0,4,4
capsaisin,0,4,4
parea,0,4,4
lymphocytesin,0,4,4
dulin,0,4,4
pol1263,0,4,4
gathercole,0,4,4
polysaccharidvakzine,0,4,4
precirol,0,4,4
guazhou,0,4,4
aromasin,0,4,4
lunata,0,4,4
angreifen,0,4,4
giubilini,0,4,4
rhinorrea,0,4,4
chloorverbindingen,0,4,4
filgastrim,0,4,4
abeohyousterone,0,4,4
azunol,0,4,4
pikine,0,4,4
fluvirucin,0,4,4
enkephaline,0,4,4
reexamine,0,4,4
xanthinosin,0,4,4
ampyra,0,4,4
labline,0,4,4
taftan,0,4,4
microplusin,0,4,4
outgroup,0,4,4
raikhel,0,4,4
hobert,0,4,4
nigrelli,0,4,4
xeretide,0,4,4
clathrine,0,4,4
lagophthalmos,0,4,4
serrone,0,4,4
nonazadirachtin,0,4,4
dehydrocyclodercitin,0,4,4
trichloromethylene,0,4,4
rohrbeck,0,4,4
sonorensin,0,4,4
guanidinium thiocyanate,0,4,4
pnu-282987,0,4,4
lbq657,0,4,4
methylsmostatin,0,4,4
arabinosylcytosine,0,4,4
antiacetylcholine,0,4,4
fermentophone,0,4,4
anti‐vaccine,0,4,4
krishnamurthy,0,4,4
pouchot,0,4,4
nimblescan,0,4,4
ferrarini,0,4,4
thioproline,0,4,4
evidenzbasiert,0,4,4
cerevisin,0,4,4
curdione,0,4,4
tzvetan,0,4,4
glabraisoflavanone,0,4,4
thr266,0,4,4
generalitat,0,4,4
whyteside,0,4,4
arava,0,4,4
μmole,0,4,4
harigopal,0,4,4
sodium hypochlorite,0,4,4
ontamalimab,0,4,4
epalrestat,0,4,4
rhodacyanine,0,4,4
azlactone,0,4,4
fmol,0,4,4
cyclohexenine,0,4,4
methoxyfluoroquinolone,0,4,4
kercher,0,4,4
stellatin,0,4,4
muramyldipeptide,0,4,4
acetylpenicillamine,0,4,4
inarigivir,0,4,4
saumacro,0,4,4
coopts,0,4,4
dagnone,0,4,4
porcin,0,4,4
timicosin,0,4,4
slivovsky,0,4,4
tayefi,0,4,4
ambulanztermine,0,4,4
polγa,0,4,4
calaliukiuenoside,0,4,4
calaphenanthrenol,0,4,4
coeloginanthrin,0,4,4
esclatine,0,4,4
acyline,0,4,4
busse,0,4,4
dabiri,0,4,4
takemura,0,4,4
serumproben,0,4,4
gancedo,0,4,4
ilemobade,0,4,4
charité,0,4,4
microfine,0,4,4
tuticorin,0,4,4
diacétylmorphine,0,4,4
sulfonamide oxygen,0,4,4
fluoroquionlone,0,4,4
venogram,0,4,4
quiagen,0,4,4
ceruloplasmine,0,4,4
portoroz,0,4,4
bityrosine,0,4,4
roulstone,0,4,4
aminoacetophenone,0,4,4
thiazolidin-4-one,0,4,4
greenhalgh,0,4,4
rawsthorne,0,4,4
h]tyrosine,0,4,4
sepimostat,0,4,4
carboxylato oxygen,0,4,4
taeniaeformis,0,4,4
triubiquitin,0,4,4
influenzanet,0,4,4
pentoxifilline,0,4,4
kotner,0,4,4
pratelli,0,4,4
tromboxane,0,4,4
vibrios,0,4,4
echinodermata,0,4,4
cyclostomata,0,4,4
carcharine,0,4,4
foulsham,0,4,4
kiertiburanakul,0,4,4
monoammonium,0,4,4
safracin,0,4,4
indanol,0,4,4
fleisch,0,4,4
liquorgängig,0,4,4
yellowline,0,4,4
txa707,0,4,4
txy541,0,4,4
sophocarpine,0,4,4
menisporphine,0,4,4
mandibas,0,4,4
fermentata,0,4,4
tulearin,0,4,4
bislactone,0,4,4
tetanolysin,0,4,4
sedlak,0,4,4
gangopadhyay,0,4,4
meliacinanhydride,0,4,4
marlin,0,4,4
jukmongkkol,0,4,4
benzohydrazone,0,4,4
nonactin,0,4,4
striata,0,4,4
chlorisondamine,0,4,4
luprostiol,0,4,4
mazindol,0,4,4
prothromboplastin,0,4,4
gulnar,0,4,4
robetta,0,4,4
yessotoxin,0,4,4
tigogenin,0,4,4
tys799,0,4,4
kijlstra,0,4,4
porcelli,0,4,4
methionine enkephalin,0,4,4
lys120,0,4,4
neustupný,0,4,4
pentatermini,0,4,4
regofinib,0,4,4
s)-9-(3-hydroxy-2-phosphonylmethoxypropyl)adenine,0,4,4
"s)-2,4-diamino-6-[3-hydroxy-2-phosphonomethoxy)propoxy]pyrimidine",0,4,4
movicol,0,4,4
predonine,0,4,4
tripathy,0,4,4
dibenzylamine,0,4,4
gundolf,0,4,4
p173s,0,4,4
gelenkpunktat,0,4,4
jetoptimus,0,4,4
aktionismus,0,4,4
p2-leucine,0,4,4
strychnobrasiline,0,4,4
yl)-hydroquinone,0,4,4
linc00173,0,4,4
amidinopiperidine,0,4,4
androstènedione,0,4,4
bkm120,0,4,4
saimiriine,0,4,4
kajitvichyanukul,0,4,4
sodium bromide,0,4,4
piana,0,4,4
deoxyharringtonine,0,4,4
phe563,0,4,4
fushsin,0,4,4
oxocol,0,4,4
novitzky,0,4,4
casava,0,4,4
isoliquirtin,0,4,4
matriline,0,4,4
adeninobananin,0,4,4
alsachim,0,4,4
nonantigen,0,4,4
obtusin,0,4,4
antiphosphotyrosine,0,4,4
orf104,0,4,4
sulbactam sodium,0,4,4
endolysin,0,4,4
stockert,0,4,4
dodicin,0,4,4
azytromicin,0,4,4
aride,0,4,4
асіd,0,4,4
medikamentenkarenz,0,4,4
cispaltin,0,4,4
alaphosphin,0,4,4
carpusin,0,4,4
toleragen,0,4,4
weggevangen,0,4,4
soulatrolide,0,4,4
friedelin,0,4,4
roxburghii,0,4,4
vétoquinol,0,4,4
immunophilline,0,4,4
schwankungen,0,4,4
conjugaatvaccin,0,4,4
fredericksen,0,4,4
monoflavone,0,4,4
kg)/xylazine,0,4,4
\succeq,0,4,4
sofware,0,4,4
pyranoamentoflavone,0,4,4
isoinophynone,0,4,4
inophynone,0,4,4
sundaicumone,0,4,4
faulde,0,4,4
marghine,0,4,4
thioflavine,0,4,4
astilbin,0,4,4
eurospine,0,4,4
stenlid,0,4,4
grandivitinol,0,4,4
sprechunvermögen,0,4,4
butanoyl,0,4,4
tuckeyanol,0,4,4
epoxywelwitschene,0,4,4
farris,0,4,4
r-343,0,4,4
ohrläppchen,0,4,4
bepridil hydrochloride,0,4,4
pozuelo,0,4,4
cyclocreatine,0,4,4
nonane,0,4,4
thyrocalcitonin,0,4,4
trophoblasts,0,4,4
gervasi,0,4,4
lindsay,0,4,4
attacin,0,4,4
selektine,0,4,4
catharanthine,0,4,4
oncothyreon,0,4,4
amidopyrine,0,4,4
dabrafénib,0,4,4
tramétinib,0,4,4
juergens,0,4,4
j.e.h,0,4,4
s.d.s,0,4,4
argnine,0,4,4
l-138,0,4,4
rayari,0,4,4
vogelaar,0,4,4
burgerfuel,0,4,4
jongmyo,0,4,4
multipathogen,0,4,4
netobimin,0,4,4
tertile,0,4,4
trifluoromethylquinoline,0,4,4
chicoine,0,4,4
srt501,0,4,4
oldmedline,0,4,4
lipophosphoglycan,0,4,4
kocaadam,0,4,4
corrugata,0,4,4
synoxazolidinone,0,4,4
didymellamide,0,4,4
apocyanin,0,4,4
geldesivir,0,4,4
stanniocalcin,0,4,4
lentine,0,4,4
bishawi,0,4,4
langen,0,4,4
kitade,0,4,4
froeyen,0,4,4
chryseriol,0,4,4
lichochalone,0,4,4
afrormosin,0,4,4
licoagroside,0,4,4
elinav,0,4,4
galanthaminone,0,4,4
prenol,0,4,4
glossophagine,0,4,4
amidobenzimidazole,0,4,4
narceine,0,4,4
tinocordioside,0,4,4
oblongine,0,4,4
tetrahydrozoline,0,4,4
vasoinhibin,0,4,4
cholesterine,0,4,4
khattri,0,4,4
cheynet,0,4,4
janjarasskul,0,4,4
prostasin zymogen,0,4,4
antidesmone,0,4,4
phaseolin,0,4,4
fistupyrone,0,4,4
thevetin,0,4,4
mudd,0,4,4
frangione,0,4,4
lipomata,0,4,4
vestri,0,4,4
pepin,0,4,4
bipole,0,4,4
gimbrone,0,4,4
tricothecene,0,4,4
puncta,0,4,4
isodeoxyelephantopin,0,4,4
deoxyelephantopin,0,4,4
jamroz,0,4,4
galaxyrefine,0,4,4
monooxofarnesylacetone,0,4,4
pucciarelli,0,4,4
thiodigalactoside,0,4,4
glukoseanstieg,0,4,4
ethanedithiol,0,4,4
acetonyldihydrochelerythrine,0,4,4
chymotrypsine,0,4,4
vaatafwijkingen,0,4,4
cryopräzipitat,0,4,4
zaldaride,0,4,4
rotnitzky,0,4,4
benzeneethanamine,0,4,4
rnf114,0,4,4
isophysalin,0,4,4
azabipyridine,0,4,4
mossuril,0,4,4
fcγriv,0,4,4
tipdcs,0,4,4
rk1938s,0,4,4
mesopontine,0,4,4
pluviine,0,4,4
vasconine,0,4,4
narwedine,0,4,4
octahydroindole,0,4,4
acetylpseudolycorine,0,4,4
demethylhomolycorine,0,4,4
giampietro,0,4,4
restrictocin,0,4,4
strombeck,0,4,4
kg)-tenofovir,0,4,4
stigmastadienol,0,4,4
l210q,0,4,4
tetrahydropiperidine,0,4,4
picoline,0,4,4
brasiliquinone,0,4,4
tetrazolone,0,4,4
propanamide,0,4,4
midcabin,0,4,4
koebnerisin,0,4,4
pelikine,0,4,4
arzneimittelwechselwirkungen,0,4,4
mononsesin,0,4,4
murein,0,4,4
aminopterine,0,4,4
lobata,0,4,4
"spiro(benzo[e]pyrimido[1,2-c][1,3]thiazine-3,4′-piperidin)-6(4h)-imine",0,4,4
suspensa,0,4,4
pntapi,0,4,4
nieuwerburgh,0,4,4
loxistatin,0,4,4
endokrine,0,4,4
hildt,0,4,4
mitoxantrone hydrochloride,0,4,4
isoeugenol,0,4,4
pathogène,0,4,4
abl001,0,4,4
pentraxine,0,4,4
modificazione,0,4,4
intubazione,0,4,4
enterotoxine,0,4,4
perfusione,0,4,4
decarbossilazione,0,4,4
cannulazione,0,4,4
maturazione,0,4,4
correzione,0,4,4
standardabweichungen,0,4,4
remdesivir remdesivir,0,4,4
ausgewählt,0,4,4
intrabone,0,4,4
alimoghaddam,0,4,4
brissot,0,4,4
yersiniabactin,0,4,4
thirtysix,0,4,4
efgartigimod,0,4,4
endotheline,0,4,4
creatnine,0,4,4
oxybutinin,0,4,4
p=.043,0,4,4
mouritsen,0,4,4
yasothotnsrikul,0,4,4
onderarm,0,4,4
bewerkstelligen,0,4,4
bloedig,0,4,4
bruine,0,4,4
made.•,0,4,4
cortisole,0,4,4
ϫ0.76,0,4,4
nifuraldezone,0,4,4
spaltungen,0,4,4
faschismus,0,4,4
l'azythromycine,0,4,4
diéthylcarbamazine,0,4,4
ganglionnaire,0,4,4
l'antimoine,0,4,4
l'hémaglutinine,0,4,4
imipenam,0,4,4
kniazeff,0,4,4
radionuelide,0,4,4
βactin,0,4,4
orientan,0,4,4
c-400,0,4,4
testine,0,4,4
mightat,0,4,4
pasick,0,4,4
comedone,0,4,4
pelodera,0,4,4
nationalsozialismus,0,4,4
gleichkommt,0,4,4
3nitrotyrosine,0,4,4
precipitin,0,4,4
tungen,0,4,4
chimärismus,0,4,4
zielgröße,0,4,4
tokine,0,4,4
coralliks,0,4,4
l'indinavir,0,4,4
glucosylceramide,0,4,4
pyrazone,0,4,4
häufen,0,4,4
eightyone,0,4,4
thuringolysin,0,4,4
definizione,0,4,4
percussione,0,4,4
estensione,0,4,4
valutazione,0,4,4
pyomelanin,0,4,4
controindicazione,0,4,4
.lycorine,0,4,4
methohexitone,0,4,4
kribbelparästhesien,0,4,4
sensibilitätsstörungen,0,4,4
octacyclic,0,4,4
triantennary,0,4,4
q-122,0,4,4
viroide,0,4,4
sheinin,0,4,4
manihot,0,4,4
sodium nitroprusside,0,4,4
calcium oxalate,0,4,4
coralyne,0,4,4
geklärt,0,4,4
bucy,0,4,4
haematoxylineosin,0,4,4
bisimidazopyrazinone,0,4,4
grouplll,0,4,4
geranylgeranylacetone,0,4,4
synairgen,0,4,4
bauchkrämpfen,0,4,4
salazosulfopyridine,0,4,4
comedo,0,4,4
methionine sulphoxide,0,4,4
thyroïdien,0,4,4
neuroglobin,0,4,4
tabellini,0,4,4
retrorsine,0,4,4
heliotrine,0,4,4
verdrängen,0,4,4
nephrone,0,4,4
hexafluoroleucine,0,4,4
grundrechte,0,4,4
tenzij,0,4,4
periplanetasin,0,4,4
horiba,0,4,4
ovaalbumine,0,4,4
azelastine hydrochloride,0,4,4
rjhan,0,4,4
trijodothyronine,0,4,4
desmine,0,4,4
tenascine,0,4,4
synaptophysine,0,4,4
bourguiba,0,4,4
hemiarthroplasty,0,4,4
entwerfen,0,4,4
tantigen,0,4,4
sexualhormone,0,4,4
proiezione,0,4,4
rosenwax,0,4,4
sherris,0,4,4
acetylleucine,0,4,4
antragsunterlagen,0,4,4
oplaad,0,4,4
gaffkya,0,4,4
tanrine,0,4,4
staatsfi,0,4,4
mappicine ketone,0,4,4
triazolylinosine,0,4,4
elane,0,4,4
funnelin,0,4,4
beifügen,0,4,4
nline,0,4,4
facilitazione,0,4,4
petiole,0,4,4
l'ampicilline,0,4,4
eberwine,0,4,4
phosphatydilserine,0,4,4
αdystroglycan,0,4,4
ndimethylformamide,0,4,4
lipopolyssacharide,0,4,4
sinistrin,0,4,4
humaine,0,4,4
overinv,0,4,4
lisini,0,4,4
actimycin,0,4,4
tartakoff,0,4,4
iipopolysaccharide,0,4,4
treeheatr,0,4,4
dansylsarcosine,0,4,4
garciniaphenone,0,4,4
cycloaltilisin,0,4,4
antiganglioside,0,4,4
disin,0,4,4
globoside,0,4,4
h]pregnenolone,0,4,4
tumorrisiko,0,4,4
hemosiderine,0,4,4
tartakovskyi,0,4,4
zwellingen,0,4,4
butyrylglycine,0,4,4
antibodyantigen,0,4,4
trasfusione,0,4,4
sperimentazione,0,4,4
paradigma,0,4,4
nefazadone,0,4,4
dissociazione,0,4,4
ghiandole,0,4,4
costituzione,0,4,4
akin-3,0,4,4
p-349,0,4,4
z.one,0,4,4
organizzazione,0,4,4
sauvagine,0,4,4
systemin,0,4,4
motopsin,0,4,4
somaclone,0,4,4
thiodiglycol,0,4,4
canephron,0,4,4
brevianamide,0,4,4
aer270,0,4,4
hydrossichloroquine,0,4,4
penizilline,0,4,4
calphostin,0,4,4
esquirol,0,4,4
l'eccezione,0,4,4
gavras,0,4,4
fractin,0,4,4
minitab,0,4,4
coniceine,0,4,4
capsidproteine,0,4,4
regulationsmechanismus,0,4,4
val66met,0,4,4
finkenstådt,0,4,4
znf331,0,4,4
oxyurini,0,4,4
aythya,0,4,4
filr,0,4,4
tetrahydrostaurosporine,0,4,4
pshenichnaya,0,4,4
pseudoplexaura,0,4,4
gekennzeichnet,0,4,4
nordkorea,0,4,4
constantan,0,4,4
"thiazol-2,5,10-trione",0,4,4
levanol,0,4,4
sezione,0,4,4
beschaffen,0,4,4
bakirov,0,4,4
purvalanol,0,4,4
phenylacetone,0,4,4
leukocidin,0,4,4
rbpi21,0,4,4
allamandicin,0,4,4
ospedaliera,0,4,4
l. intracellularis,0,4,4
zepatier,0,4,4
attuato,0,4,4
favorevole,0,4,4
lavorazione,0,4,4
idrogeno,0,4,4
istruzione,0,4,4
formazione,0,4,4
l'esitazione,0,4,4
genotipizzazione,0,4,4
determinazione,0,4,4
intorno,0,4,4
dimissione,0,4,4
chimotripsine,0,4,4
luciférine,0,4,4
methionine sulphone,0,4,4
babbage,3,0,3
lamy,3,0,3
asn-to-ser,3,0,3
etomidaat,3,0,3
bouman,3,0,3
cinnamoni,3,0,3
mk-0991,3,0,3
sirliam,3,0,3
us11,3,0,3
nanoparticle-drug,3,0,3
np-tobramycin,3,0,3
hsa-mir-200c,3,0,3
hsa-mir-532,3,0,3
carmina,3,0,3
zoia,3,0,3
hydroquinine,3,0,3
etherum,3,0,3
anthophyllite,3,0,3
sulfadiazine/trimethoprim,3,0,3
lopinavir/ritonavir(lpv/r,3,0,3
fibralgia,3,0,3
mdrd2,3,0,3
fresenius-kabi,3,0,3
arikan,3,0,3
amc/dcbalozenge,3,0,3
bf738735,3,0,3
parnet,3,0,3
morpholino‐morpholino,3,0,3
radionuclide‐morpholino,3,0,3
β‐globin,3,0,3
flupep,3,0,3
tetin,3,0,3
caveolin1,3,0,3
keccak,3,0,3
dombi,3,0,3
tpr,3,0,3
can-b,3,0,3
floresta,3,0,3
udhr,3,0,3
epac1b,3,0,3
epac1a,3,0,3
cdc25-hd,3,0,3
asel,3,0,3
d’hydroxychloroquine,3,0,3
sadia,3,0,3
licochalconeb,3,0,3
dehydroglyasperin,3,0,3
fk506-,3,0,3
hpv18e5,3,0,3
mercer,3,0,3
sealants,3,0,3
[35s]-methionine-cysteine,3,0,3
sin-1,3,0,3
g1a8,3,0,3
cota,3,0,3
heparin/protamine,3,0,3
hasse,3,0,3
aspamidea,3,0,3
enantiomers(+)-4,3,0,3
abimbola,3,0,3
gloria,3,0,3
[1].sars-cov,3,0,3
lyd,3,0,3
pensini,3,0,3
votum,3,0,3
ropalidiasculpturata,3,0,3
ropalidiavariegata,3,0,3
11-amino-acid,3,0,3
gnetin,3,0,3
oseltamiviracid,3,0,3
matthews,3,0,3
"theaflavin-3,3′-digallate",3,0,3
wasabiajaponica,3,0,3
hq461,3,0,3
cr8,3,0,3
keratoprosthesis,3,0,3
lectura,3,0,3
montmollin,3,0,3
rosie,3,0,3
eaza,3,0,3
balai,3,0,3
mekentosj,3,0,3
nitazoxanide(ntz,3,0,3
calmet,3,0,3
carboxypeptidaseb,3,0,3
platanusacerifolia,3,0,3
mc1,3,0,3
preproinsulin,3,0,3
pro-opiomelanocortin,3,0,3
pomc,3,0,3
benzon,3,0,3
vanita,3,0,3
tak,3,0,3
novi,3,0,3
financial,3,0,3
9.it,3,0,3
hemitorax,3,0,3
rna-drug,3,0,3
plerifaxor,3,0,3
saikogenind,3,0,3
b.rotundifolium,3,0,3
ifx,3,0,3
vershinina,3,0,3
s-glutathione,3,0,3
cobaltchloride,3,0,3
tripterygiumwilfordiihook,3,0,3
posid,3,0,3
polyurethanes,3,0,3
polyflavonoidtannins,3,0,3
pateaminea,3,0,3
imeri,3,0,3
zinc/cysteine,3,0,3
zinc-sulfur,3,0,3
mactra,3,0,3
prostaglandine1,3,0,3
provitamincarotenoids,3,0,3
desitin,3,0,3
nisini,3,0,3
stanley,3,0,3
2.chloroquine,3,0,3
antifibrosis,3,0,3
heximer,3,0,3
quinin,3,0,3
poliovirusvaccines,3,0,3
penicillin-streptomycin-neomycin,3,0,3
lipowski,3,0,3
pyridoxinehydrochloride,3,0,3
cyclosporine-,3,0,3
rhifn-α2,3,0,3
vincristine/dexamethasone,3,0,3
oteracil,3,0,3
atr1,3,0,3
lalicic,3,0,3
felipecalderón,3,0,3
moussa,3,0,3
o'hagan,3,0,3
us100,3,0,3
a.herba-alba,3,0,3
rps5,3,0,3
multi-bert,3,0,3
broussonetia,3,0,3
siddharth,3,0,3
albin,3,0,3
meisel,3,0,3
bilin,3,0,3
rakta,3,0,3
go-curcumin,3,0,3
igor,3,0,3
tcda,3,0,3
er50,3,0,3
5-hydroxyuridine,3,0,3
vangelista,3,0,3
amethyst,3,0,3
daptomycine,3,0,3
estroprogestinic,3,0,3
pegifn-α-2b,3,0,3
rosmarinicacid,3,0,3
maricaria,3,0,3
orf26,3,0,3
glarum,3,0,3
gladiolum,3,0,3
proteroduboisia,3,0,3
α-ketomide,3,0,3
varicellazosterimmunoglobulin,3,0,3
cypc,3,0,3
ddx6,3,0,3
nitrenium,3,0,3
pennyroyal,3,0,3
bergamottin,3,0,3
hayball,3,0,3
phewas,3,0,3
penicillase,3,0,3
polycationic,3,0,3
txa2,3,0,3
mir-328,3,0,3
nexin-2,3,0,3
oseltamivir-d3,3,0,3
folia,3,0,3
lezhnina,3,0,3
imt,3,0,3
sting-ifn,3,0,3
anti-tbk1,3,0,3
kronecker,3,0,3
quinine).if,3,0,3
bki,3,0,3
hcv.2,3,0,3
mette,3,0,3
saon,3,0,3
jeevan,3,0,3
taraxaci,3,0,3
nosopsyllus,3,0,3
hytham,3,0,3
akebiae,3,0,3
gga-mir-203a,3,0,3
gga-mir-429-3p,3,0,3
gorgonolaureus,3,0,3
facetotecta,3,0,3
cirripedia,3,0,3
calliactis,3,0,3
tantulocarida,3,0,3
cyclopoida,3,0,3
ringuelet,3,0,3
chonopeltis,3,0,3
jarius,3,0,3
jacopo,3,0,3
rubidium,3,0,3
maltolate,3,0,3
antia,3,0,3
magnesiumformate,3,0,3
rsid,3,0,3
fiber,3,0,3
ned,3,0,3
ibrahimel,3,0,3
burdin,3,0,3
diselenides,3,0,3
4-hydroxy-cyclophosphamide,3,0,3
mitoxana,3,0,3
streptozotozin,3,0,3
methylmelamines,3,0,3
azq,3,0,3
mannosulfan,3,0,3
talampanel,3,0,3
doxorubicinol,3,0,3
camptothecin/topoisomerase,3,0,3
homocamptothecins,3,0,3
m-azidopyrimethamine,3,0,3
chloroguanine(−)-14,3,0,3
(rp/sp)-remdesivir,3,0,3
quercetin-3-beta-galactoside,3,0,3
wogonin-7-o-glucuronide,3,0,3
o-phthalaldehyde,3,0,3
ginsenan,3,0,3
aminoacidsavlq,3,0,3
gardeniajasminoides,3,0,3
codagenics,3,0,3
mahathir,3,0,3
médicos,3,0,3
goreis,3,0,3
emophilus,3,0,3
pharyngostomumcordatum,3,0,3
menger,3,0,3
hagedorn,3,0,3
ifn‐alpha,3,0,3
(n-acetyl-l-cysteine)-naoh,3,0,3
linh,3,0,3
sw-curve,3,0,3
2⋯s,3,0,3
hcv-hbv-hiv,3,0,3
srebrenica,3,0,3
wu,3,0,3
cobalt-zinc-cadmium,3,0,3
sotos©,3,0,3
argentinian,3,0,3
isg15ctd,3,0,3
okanin,3,0,3
supriya,3,0,3
racécadotril,3,0,3
mca1,3,0,3
btb,3,0,3
leetha,3,0,3
ma-xing-shi-gan-tang,3,0,3
boucher,3,0,3
faostat,3,0,3
ovispirin-1,3,0,3
ctenophora,3,0,3
madam,3,0,3
catl.,3,0,3
prodilantin,3,0,3
erythemanodosum,3,0,3
os3,3,0,3
dca,3,0,3
mir-106,3,0,3
bicarbonat,3,0,3
ψl,3,0,3
rbd-basedvaccine,3,0,3
mahuang-xingren,3,0,3
pqa,3,0,3
mometasona,3,0,3
amantana,3,0,3
avi-6003,3,0,3
nitrosoguanadine,3,0,3
mir-con,3,0,3
zydus,3,0,3
iodobenzene,3,0,3
ethanesulfonylchloride,3,0,3
n-dimethylacetamide,3,0,3
olumiant,3,0,3
covaxin,3,0,3
eif3,3,0,3
d-glutamine,3,0,3
pyridmine,3,0,3
iu/dayvitamin,3,0,3
zilina,3,0,3
provantis,3,0,3
sulphenium,3,0,3
4′-thiogemcitabine,3,0,3
sulfateesters,3,0,3
hpvadl18,3,0,3
il-33,3,0,3
15-amino-acid,3,0,3
presenilins,3,0,3
vitiligo,3,0,3
carageenan,3,0,3
zidovudine,150,3,0
medi3902,3,0,3
verruco-5,3,0,3
mir-6087,3,0,3
g20,3,0,3
debaun,3,0,3
halloran,3,0,3
avermectinb1a,3,0,3
brain,3,0,3
dompé,3,0,3
ß-mercaptoethanol,3,0,3
α-fucosidase,3,0,3
glutathionation,3,0,3
ccm,3,0,3
ly2189102,3,0,3
thrombolytika,3,0,3
adana,3,0,3
flavipectus,3,0,3
alphabaculovirus,3,0,3
hrec,3,0,3
mariano,3,0,3
viviane,3,0,3
herculase,3,0,3
nerocila,3,0,3
alcyonacea,3,0,3
melita,3,0,3
facetotectans,3,0,3
nayyar,3,0,3
ofen,3,0,3
pankaj,3,0,3
daao,3,0,3
hpv-e6,3,0,3
mir-324,3,0,3
selenium-fortified,3,0,3
shailender,3,0,3
nsun2,3,0,3
ornithobacteriumrhinotracheale,3,0,3
prunella,3,0,3
da-epoch,3,0,3
ruxiang,3,0,3
pegifn-α2β,3,0,3
lc-pufas,3,0,3
geht,3,0,3
morgen,3,0,3
mlee,3,0,3
dantu,3,0,3
who.chloroquine,3,0,3
tsa/erythromycin,3,0,3
flaa,3,0,3
snapin,3,0,3
antimycobacterial,3,0,3
aparine,3,0,3
cruciferous,3,0,3
c.asiatica,3,0,3
tanacetum,3,0,3
chamomilla,3,0,3
myrrh,3,0,3
phalloidine,3,0,3
wormwood,3,0,3
caulophyllum,3,0,3
galactagogue,3,0,3
lavandulaofficinalis,3,0,3
disophenol,3,0,3
uva,3,0,3
ukrain,3,0,3
tedrosghebreyesus,3,0,3
viceconte,3,0,3
moreso,3,0,3
quinquefaciatus,3,0,3
taihu,3,0,3
pozo,3,0,3
rigoni,3,0,3
gga-mir21,3,0,3
cebpa,3,0,3
brandwatch,3,0,3
azman,3,0,3
ja,3,0,3
3′-diaminobenzidine,3,0,3
baloxaviracid,3,0,3
homopolymer,3,0,3
f-dtw,3,0,3
urinastatin,3,0,3
bandicota,3,0,3
welisara,3,0,3
1α-hydroxyvitamind,3,0,3
bacillemia,3,0,3
kinesin-1,3,0,3
bb2,3,0,3
at1r,3,0,3
orthophosphate,3,0,3
grp78/bip,3,0,3
adiponectin/leptin,3,0,3
brinza,3,0,3
e2/e3,3,0,3
ub4,3,0,3
peneder,3,0,3
myrdal,3,0,3
t1-weighted,3,0,3
benzamine,3,0,3
lain,3,0,3
polypropylene,3,0,3
sodiumethoxide,3,0,3
karaboga,3,0,3
parsec,3,0,3
ureidopenicillins,3,0,3
treviranus,3,0,3
hs-106,3,0,3
pm-523,3,0,3
dobutamins,3,0,3
3-methylindololamine,3,0,3
jane,3,0,3
dexon,3,0,3
palipraxia,3,0,3
cladid,3,0,3
delamanide,3,0,3
lipophilia,3,0,3
cq-azithromycin,3,0,3
ang(1-7)/masr,3,0,3
gbo,3,0,3
condoms,3,0,3
ethyl3-bromopropiolate,3,0,3
mir-192,3,0,3
hsa-mir-302c-5p,3,0,3
hpvvlp,3,0,3
lipidoid98n12,3,0,3
lipidoid,3,0,3
l.aurea,3,0,3
acanthaceae,3,0,3
acanthus,3,0,3
ptp1b,3,0,3
stf-083010,3,0,3
gs-734,3,0,3
lorecivivint,3,0,3
cd4m33,3,0,3
pro15,3,0,3
mk-styx,3,0,3
grabisch,3,0,3
judge,3,0,3
cd38,3,0,3
guitar,3,0,3
olga,3,0,3
125i-albumin,3,0,3
mir150,3,0,3
dyamin,3,0,3
lumoxiti,3,0,3
dhz,3,0,3
perfumes,3,0,3
mir-39,3,0,3
cryocide20,3,0,3
asinine-94,3,0,3
12-core,3,0,3
turpentine,3,0,3
aminocombretastatin,3,0,3
w383,3,0,3
somatoforme,3,0,3
grp75,3,0,3
tuder,3,0,3
mir-466l,3,0,3
fagoniaindica,3,0,3
clematis,3,0,3
cholesterol-sirna,3,0,3
yoweri,3,0,3
museveni,3,0,3
tenuifolia,3,0,3
hypnotica,3,0,3
immuniteit,3,0,3
vancomycin)3,3,0,3
clindamycin)6,3,0,3
benes,3,0,3
yerba,3,0,3
buena,3,0,3
hrig,3,0,3
haus,3,0,3
curativa,3,0,3
5-fluorouracilo,3,0,3
kuldeep,3,0,3
sloth,3,0,3
ma-mel,3,0,3
measles-mumps-rubellavaccine,3,0,3
jmg,3,0,3
pentamidina,3,0,3
anfotericinab,3,0,3
pirimetamina,3,0,3
regranex,3,0,3
omontys,3,0,3
bismuth(iii,3,0,3
seleninic,3,0,3
stipa,3,0,3
clorfeniramina,3,0,3
clemastina,3,0,3
acyrthosiphon,3,0,3
leucogen,3,0,3
2′-fluoro-2′-deoxycytidine,3,0,3
liposome/dna,3,0,3
inspirium,3,0,3
ac-β-cd,3,0,3
zinc-conjugated,3,0,3
ketoamides,3,0,3
hemojuvelin,3,0,3
vox,3,0,3
a3a,3,0,3
forex,3,0,3
mir-98-,3,0,3
ccnd1,3,0,3
chimerivax,3,0,3
lianhuaqingwencapsules,3,0,3
nanotherapy,3,0,3
kd15,3,0,3
2019-ncov,3,0,3
sextus,3,0,3
mr,3,0,3
gastmans,3,0,3
claire,3,0,3
risankizumab-rzaa,3,0,3
optconet,3,0,3
hydrocodon,3,0,3
phellinus,3,0,3
a2ar,3,0,3
tuta,3,0,3
n-glycoside,3,0,3
arformoterol,3,0,3
anil,3,0,3
chondrosarcoma,3,0,3
cysteamide,3,0,3
cadmiumselenide,3,0,3
cd35,3,0,3
ructus,3,0,3
metilene,3,0,3
11-mercapto-1-undecanol,3,0,3
tripterygiumregelii,3,0,3
tre,3,0,3
thatgel01,3,0,3
kobe,3,0,3
pancoll,3,0,3
dsc2,3,0,3
cantoin,3,0,3
eticodell'area,3,0,3
tadin,3,0,3
vitamineb2,3,0,3
trihexyphenidyl,3,0,3
polyplexed,3,0,3
acetocholine,3,0,3
amantadine-cyclodextrin,3,0,3
ligand-sirna,3,0,3
sirna-ligand,3,0,3
pacitaxel,3,0,3
dsirna-chitosan,3,0,3
2′ome-modified,3,0,3
anti-mitf-sirnacream,3,0,3
silenseed,3,0,3
excellair,3,0,3
tristel,3,0,3
rhonin,3,0,3
simvastatins,3,0,3
meaban,3,0,3
john,3,0,3
baria,3,0,3
chlorproguanil-dapsone,3,0,3
bucladesine,3,0,3
phosphoric,3,0,3
dipin,3,0,3
vasiliki,3,0,3
wang-resin,3,0,3
schutzmasken,3,0,3
vcol,3,0,3
bgi-pup-s-1,3,0,3
limnocharis,3,0,3
ericifolia,3,0,3
flaveria,3,0,3
tamarixramosissima,3,0,3
praxelis,3,0,3
prosopisglandulosa,3,0,3
scoparius,3,0,3
goodstein,3,0,3
3).it,3,0,3
menjugate,3,0,3
2’-c-methylcytidine,3,0,3
ibso,3,0,3
icl010,3,0,3
paprika,3,0,3
fentanyl-fluanisone,3,0,3
alpha-2-agonists,3,0,3
azodicarboxamides,3,0,3
pseudoxazolones,3,0,3
amantadine/oseltamivir,3,0,3
photostability,3,0,3
ziziphi,3,0,3
saima,3,0,3
indianrotavacvaccine,3,0,3
epac2c,3,0,3
(s)-enantiomer,3,0,3
prom,3,0,3
pilates,3,0,3
bestrophin,3,0,3
damodardas,3,0,3
nephropathiaepidemica,3,0,3
prize,3,0,3
amoxacillin-clavulanate,3,0,3
trichovirus,3,0,3
yinzhihuang,3,0,3
apoha,3,0,3
curtis,3,0,3
wheatflour,3,0,3
mussini,3,0,3
omiganan,3,0,3
leana,3,0,3
eenmalig,3,0,3
goos,3,0,3
bispektralindex,3,0,3
intravesicalbcg,3,0,3
heterocapsa,3,0,3
lamium,3,0,3
kidron,3,0,3
s‐nitroso‐n‐acetylpenicillamine,3,0,3
combretastatina4,3,0,3
stereoscopy,3,0,3
phenylalaninedehydrogenase,3,0,3
sars-3clpro,3,0,3
fcg,3,0,3
organoselenium,3,0,3
mesecys,3,0,3
ebna-3c,3,0,3
huang-qin,3,0,3
endokarditis,3,0,3
mupirocin-nasensalbe,3,0,3
viruzidem,3,0,3
maske,3,0,3
glucoccorticosteroids,3,0,3
trichobilharzia,3,0,3
lampetrajaponica,3,0,3
lactat,3,0,3
ptp-1b,3,0,3
smit,3,0,3
bvid-klh,3,0,3
reddi,3,0,3
atherosclerosis,3,0,3
su1,3,0,3
pilkington,3,0,3
electron-beam,3,0,3
cristiano,3,0,3
ursonicacid,3,0,3
writing‐original,3,0,3
cangzhu,3,0,3
atractylodeslancea,3,0,3
atractylon,3,0,3
osthol,3,0,3
phellodendronbark,3,0,3
hexobarbitalsodium,3,0,3
varicellazostervaccine,3,0,3
programas,3,0,3
psychotherapeut,3,0,3
wasserstrom,3,0,3
trna,3,0,3
nup62,3,0,3
cbpv,3,0,3
tantisira,3,0,3
cysteinylleukotriene,3,0,3
antiflavivirus,3,0,3
tosin,3,0,3
ncmic,3,0,3
speakers,3,0,3
wirksamerimpfstoff,3,0,3
somatisch,3,0,3
psychisch,3,0,3
chaga,3,0,3
iopolysaccharides,3,0,3
iop,3,0,3
thiosalicylic,3,0,3
enfuviritide,3,0,3
farol,3,0,3
glu–,3,0,3
prothymosin-α,3,0,3
peg-,3,0,3
cys-cys,3,0,3
ubistatin,3,0,3
fox,3,0,3
trim79α,3,0,3
farrell,3,0,3
adrenocorticotrophin,3,0,3
helsingin,3,0,3
tu,3,0,3
acetamidase,3,0,3
panca,3,0,3
sublingualvaccine,3,0,3
agammaglobulinemia,3,0,3
ε-toxin,3,0,3
hydroxymethyl-nevirapine,3,0,3
phloxinetartrazine,3,0,3
pyrrolostatin,3,0,3
spirograterpene,3,0,3
acyclovirsodium,3,0,3
isoprene,3,0,3
ampicillin/amoxycillin,3,0,3
pres1vaccine,3,0,3
g-u.,3,0,3
makorin,3,0,3
m150,3,0,3
ml-7,3,0,3
latrunculinb,3,0,3
farinaz,3,0,3
tamra,3,0,3
sympathetic,3,0,3
ribavirun,3,0,3
0.01).ribavirin,3,0,3
vegf-targeted,3,0,3
cysb,3,0,3
polysporin,3,0,3
cholesterol-loaded,3,0,3
chaseabc,3,0,3
topisch,3,0,3
portugal,3,0,3
il-ra,3,0,3
surfactant-ta,3,0,3
aggregatibacter,3,0,3
frale,3,0,3
usp33c,3,0,3
toptica,3,0,3
lizhu,3,0,3
nsc87511,3,0,3
spla2-iid-fc,3,0,3
clindamycin/primaquine,3,0,3
bernd,3,0,3
blood-groupbombay,3,0,3
balepur,3,0,3
vidone,3,0,3
thunbergii,3,0,3
qiao,3,0,3
vicente,3,0,3
v.album,3,0,3
zfmk,3,0,3
surflex-dock,3,0,3
gp2,3,0,3
tanalgo,3,0,3
ncs,3,0,3
metabonomics,3,0,3
amphotericindeoxycholate,3,0,3
psymberin,3,0,3
carmel,3,0,3
fluoxetinehydrochloride,3,0,3
dd264,3,0,3
semaev,3,0,3
cryptominisat,3,0,3
cicero,3,0,3
asmf,3,0,3
β-lap,3,0,3
bc59,3,0,3
graphdiyne,3,0,3
didar,3,0,3
blair,3,0,3
bima,3,0,3
capsulenet,3,0,3
mughal,3,0,3
ribavirin/chlorpromazine,3,0,3
thianil,3,0,3
laminb,3,0,3
tmp/sulfonamide,3,0,3
clindamycin-,3,0,3
haeminic,3,0,3
g).glycyrrhizin,3,0,3
ofhas-mir-221-3p,3,0,3
precioso,3,0,3
artinis,3,0,3
senegal,3,0,3
glis,3,0,3
trichomys,3,0,3
no.13,3,0,3
mir-342-3p,3,0,3
mir-4661-3p,3,0,3
il-28r,3,0,3
mela,3,0,3
prolyl,3,0,3
acetyl-β-methylcholine,3,0,3
jacek,3,0,3
2′fdc,3,0,3
custodiol-n,3,0,3
pliskin,3,0,3
kodan,3,0,3
55-kda,3,0,3
hemoglobin-oxygen,3,0,3
leomil,3,0,3
öztürk,3,0,3
shergold,3,0,3
karabell,3,0,3
duchene,3,0,3
gardasilvaccine,3,0,3
semmelweiss,3,0,3
muscimol,3,0,3
una,3,0,3
richardrorty,3,0,3
virb,3,0,3
carboxypeptidasen,3,0,3
army,3,0,3
htlv-1tax,3,0,3
dc-sign-fc,3,0,3
anti-tnf-α-fitc,3,0,3
corticostatin,3,0,3
fondaparinux-sodium,3,0,3
annuaeherba,3,0,3
belamcandae,3,0,3
aspr,3,0,3
editor,3,0,3
koilin,3,0,3
geopetitia,3,0,3
fenbendazole/l,3,0,3
desulfuricans,3,0,3
halococcus,3,0,3
asci,3,0,3
tris(hydroxymethyl)aminomethane,3,0,3
penicillin/l,3,0,3
pcast,3,0,3
cyclophos-phamide,3,0,3
nil,3,0,3
paclitaxel-,3,0,3
unistat,3,0,3
ec80,3,0,3
ixazomib/dexamethasone,3,0,3
waterpik,3,0,3
icermali/ucrc,3,0,3
spn4a,3,0,3
gentamicin-,3,0,3
citar,3,0,3
truenat,3,0,3
hku4-hr2p1,3,0,3
hku4-hr2ps,3,0,3
hku4-hr2p3,3,0,3
mir‐30b,3,0,3
vitaminavitamina,3,0,3
indoloquinoxaline,3,0,3
scurf,3,0,3
ciznar,3,0,3
potassium-ion,3,0,3
emea,3,0,3
ipa3,3,0,3
grenon,3,0,3
hippuricacid,3,0,3
clindamycin.3,3,0,3
amino-penicillin,3,0,3
ultraviolet-b,3,0,3
porreca,3,0,3
methylprednisolone-based,3,0,3
ranbp2,3,0,3
pegfilgrastim/filgrastim,3,0,3
rivaltoyota,3,0,3
bioinsecticide,3,0,3
azedarach,3,0,3
deodhar,3,0,3
scf,3,0,3
pb125.it,3,0,3
cinereum,3,0,3
ovotestis,3,0,3
fidia,3,0,3
piptamine,3,0,3
ethischegesichtspunkte,3,0,3
clavulone,3,0,3
dibutyrate,3,0,3
oestradiol-bound,3,0,3
endoloop,3,0,3
bronchodilatation,3,0,3
citrome,3,0,3
mycobacteria,3,0,3
fa,3,0,3
cosi,3,0,3
ribavirin.7,3,0,3
1-drug,3,0,3
ospa,3,0,3
withanolided,3,0,3
baba,3,0,3
alferonldo,3,0,3
apolar,3,0,3
microgestin,3,0,3
lfcinb,3,0,3
antibac1,3,0,3
antibac2,3,0,3
ayushkwath,3,0,3
fp-tmd,3,0,3
cisplatin/carboplatin,3,0,3
witold,3,0,3
huamin,3,0,3
meda,3,0,3
epoetin-alfa,3,0,3
•ribavirin,3,0,3
merrin,3,0,3
tocilizumab/steroid,3,0,3
rov-asp-1+tiv,3,0,3
antiherpes,3,0,3
gelpro,3,0,3
perelman,3,0,3
umbelliferae,3,0,3
cynaroside,3,0,3
sds-tricine,3,0,3
demola,3,0,3
tindall,3,0,3
phytozome,3,0,3
cladosporiumherbarum,3,0,3
bioisosteres,3,0,3
citrat,3,0,3
theaceae,3,0,3
barbitol,3,0,3
lindemann,3,0,3
finin,3,0,3
esperamos,3,0,3
fenet-bert,3,0,3
bilirubinostasis,3,0,3
ipilimumab/nivolumab,3,0,3
streptavidin-biotin,3,0,3
hexachlorofluoroscein,3,0,3
c-jun,3,0,3
α2-adrenoceptors,3,0,3
harry,3,0,3
acertruncatum,3,0,3
beta-tubulin,3,0,3
isoflavonoidscoumestrol,3,0,3
geosmin,3,0,3
chevron,3,0,3
qingwen,3,0,3
farnesiferolb,3,0,3
bromfed,3,0,3
ergotamine/caffeine,3,0,3
almendravirus,3,0,3
headband,3,0,3
4-hydroxycytidine,3,0,3
hydroxychloroquine-induced,3,0,3
scrophularia,3,0,3
’s,3,0,3
11-hydroxyvittatine,3,0,3
iodoarene,3,0,3
aminoacid-rich,3,0,3
5’fluorouracil,3,0,3
candelabra,3,0,3
squat,3,0,3
v-erb-b,3,0,3
crmb,3,0,3
kanamycinsulfate,3,0,3
kexin,3,0,3
xiaofen,3,0,3
psychedelics,3,0,3
crytococcal,3,0,3
rbp-retinol,3,0,3
kelatorphan,3,0,3
cyclophosphamide/rituximab,3,0,3
lituya,3,0,3
chelyabinsk,3,0,3
rana,3,0,3
zoë,3,0,3
acrylates,3,0,3
pimenoff,3,0,3
eps®7630,3,0,3
arc-520,3,0,3
medice,3,0,3
niteroi,3,0,3
dopammine,3,0,3
immunochemotherapy,3,0,3
sulfo-nhs-af,3,0,3
caterpillar,3,0,3
taxpbm,3,0,3
anti-ubiquitin,3,0,3
custirsen,3,0,3
mrx34,3,0,3
schlegelmilch,3,0,3
jkb,3,0,3
streptavadin/biotin,3,0,3
ab-protamine,3,0,3
aa′,3,0,3
imukin,3,0,3
cpp,3,0,3
soapnut,3,0,3
berea,3,0,3
solasodineglycoside,3,0,3
hagelin,3,0,3
prevenar13,3,0,3
booth,3,0,3
2019.it,3,0,3
nvv,3,0,3
scintimun,3,0,3
zinequ,3,0,3
boronates,3,0,3
carba,3,0,3
flowers,3,0,3
elin,3,0,3
radić,3,0,3
emodepside/praziquantel,3,0,3
tomalin,3,0,3
dicer-1,3,0,3
pro-sirna,3,0,3
5-hydroxytryptophan,3,0,3
resaruzin,3,0,3
nordicum,3,0,3
cryptococcus,3,0,3
crepitans,3,0,3
bactoagar,3,0,3
parthenolide-saha,3,0,3
sc75,3,0,3
barrhead,3,0,3
sirna-,3,0,3
b19vvp2,3,0,3
esop,3,0,3
immunogold,3,0,3
bromamines,3,0,3
lauricidin,3,0,3
ceus,3,0,3
asparagopsis,3,0,3
dioscoreabatatas,3,0,3
paederus,3,0,3
saskia,3,0,3
nans-p,3,0,3
bauhinia,3,0,3
galactose-binding,3,0,3
jec,3,0,3
orthophosphoricacid,3,0,3
2-dichloroethane,3,0,3
anti-cancer,3,0,3
cyss,3,0,3
α-tocotrienol,3,0,3
limosa,3,0,3
mets.,3,0,3
mirna-181,3,0,3
diethelm,3,0,3
neutravidin-peroxidase,3,0,3
bcr-abl1,3,0,3
juvenal,3,0,3
pg545,3,0,3
advax-adjuvantedwiv,3,0,3
arterivirusorf1a,3,0,3
ala.,3,0,3
cw(i,3,0,3
at-lstm,3,0,3
anti-fibrosis,3,0,3
syntaxin17,3,0,3
mascolo,3,0,3
mcv4vaccine,3,0,3
nonconjugatedpolysaccharide,3,0,3
nui,3,0,3
hsa-mir-129,3,0,3
hsa-mir-382,3,0,3
hsa-mir-145,3,0,3
schalock,3,0,3
artesunate/sulfadoxine,3,0,3
repo,3,0,3
ortho-vanadate,3,0,3
claudio,3,0,3
alexandru,3,0,3
parsi,3,0,3
mylonas,3,0,3
pde5-i,3,0,3
valanimycin,3,0,3
anti-il5,3,0,3
friderica,3,0,3
dehydroascorbicacid,3,0,3
ncdr,3,0,3
branched-chain,3,0,3
papillomaviridae,3,0,3
brevig,3,0,3
2m,3,0,3
estronesulfate,3,0,3
tpc3,3,0,3
books,3,0,3
autosum,3,0,3
ironwood,3,0,3
zaia,3,0,3
acsdkp,3,0,3
wesb,3,0,3
rancid,3,0,3
sunfloweroil,3,0,3
sabah,3,0,3
fy,3,0,3
nucleasep1,3,0,3
tp6,3,0,3
xeon,3,0,3
ub-conjugating,3,0,3
cláudia,3,0,3
men,3,0,3
lytechinus,3,0,3
vapa,3,0,3
nigripes,3,0,3
peptinov,3,0,3
oisin,3,0,3
ciclesonida,3,0,3
rumman,3,0,3
5-hydroxymethylfurfural,3,0,3
urolithin,3,0,3
paraoxanase,3,0,3
pomegranatemethanol,3,0,3
morella,3,0,3
foxo4,3,0,3
±tazobactam,3,0,3
vioguard,3,0,3
dracunculus,3,0,3
pimpinella,3,0,3
xilinx,3,0,3
ibmm,3,0,3
fa-45,3,0,3
aminobenzamide,3,0,3
arie,3,0,3
ellagitannin,3,0,3
indole-3-carbinol,3,0,3
povidineiodine,3,0,3
cycladic,3,0,3
netanya,3,0,3
mophetil,3,0,3
dieter,3,0,3
bmbf,3,0,3
sodium-deoxycholate,3,0,3
leidolf,3,0,3
shaikh,3,0,3
flags,3,0,3
anti-herpesvirus,3,0,3
shai,3,0,3
verruca,3,0,3
siragy,3,0,3
deinum,3,0,3
hydrazides,3,0,3
pri-mir-23a,3,0,3
fcγriic,3,0,3
sirl-1,3,0,3
danoprevir-ritonavir,3,0,3
krasnodar,3,0,3
verrucosus,3,0,3
tamv,3,0,3
claviger,3,0,3
vexans,3,0,3
dermacentor,3,0,3
lagan,3,0,3
norusis,3,0,3
longkanker,3,0,3
echodoppler,3,0,3
flebografievan,3,0,3
hoesten,3,0,3
plasma,3,0,3
ave,3,0,3
at4r,3,0,3
β‐lactam,3,0,3
mcgowan,3,0,3
emollientcream,3,0,3
xin-yi,3,0,3
chemminer,3,0,3
konstam,3,0,3
alkaloidisaindigotone,3,0,3
lipopeptidevaccine,3,0,3
baraban,3,0,3
heteroatoms,3,0,3
urate,3,0,3
goeth,3,0,3
1875,3,0,3
mosar,3,0,3
ppv23vaccine,3,0,3
ampicillin-,3,0,3
s&p,3,0,3
hcve1e2,3,0,3
itraconazole-based,3,0,3
bismuthsalts,3,0,3
oxofumarate,3,0,3
enea,3,0,3
cmv-p.,3,0,3
hydroureteronephrosis,3,0,3
potassiumcanrenoate,3,0,3
tanax,3,0,3
indomethacin/acetaminophen,3,0,3
arab,3,0,3
zalgen,3,0,3
adv-4,3,0,3
nitroethane,3,0,3
goat,3,0,3
k-caseins,3,0,3
movat,3,0,3
zizania,3,0,3
coreg,3,0,3
vesey,3,0,3
gp15,3,0,3
gp26,3,0,3
dit,3,0,3
biotrin,3,0,3
tenascin-c,3,0,3
jiangqin,3,0,3
fgf21,3,0,3
minotaur,3,0,3
rotarod,3,0,3
nasopunctum,3,0,3
shi,3,0,3
λ12,3,0,3
taraskin,3,0,3
madeira,3,0,3
havhepatitis,3,0,3
kelvin,3,0,3
nisii,3,0,3
toxoidvaccines,3,0,3
milkcasein,3,0,3
methyl-beta-cyclodextrin,3,0,3
m.mucosicanis,3,0,3
quadrivalenthpv,3,0,3
testosteroneglucosides,3,0,3
testosterone-17-o-β-glucoside,3,0,3
fpma,3,0,3
gosalia,3,0,3
hpvi,3,0,3
fracastoro,3,0,3
terry,3,0,3
concanamycina,3,0,3
papm/bp,3,0,3
➇,3,0,3
dpb,3,0,3
atinc,3,0,3
pre-mir122,3,0,3
glucosaminesulfate,3,0,3
hominis,3,0,3
mwh,3,0,3
ulktide,3,0,3
sascha,3,0,3
amycolatum,3,0,3
erythromycin-and,3,0,3
pamidonate,3,0,3
sse,3,0,3
fab-protamine,3,0,3
succinimide,3,0,3
sd-1,3,0,3
makarov,3,0,3
miran,3,0,3
wallacea,3,0,3
17d,3,0,3
tranquilizers,3,0,3
p7viroporin,3,0,3
l1,3,0,3
enterovirusvaccine,3,0,3
selmiki,3,0,3
alboannulatus,3,0,3
warsaw,3,0,3
auristatins,3,0,3
interferon-i,3,0,3
velvet,3,0,3
spirometer,3,0,3
eaaaklinker,3,0,3
.garlic,3,0,3
arte,3,0,3
celesta,3,0,3
shirin,3,0,3
mir-212-,3,0,3
poliovirus3cd,3,0,3
γ-glutamyl-l-cysteine,3,0,3
histaminechloride,3,0,3
inna,3,0,3
cerus,3,0,3
vitamineoil,3,0,3
vassilios,3,0,3
cycloplegia,3,0,3
-previr,3,0,3
ganciclovirmonophosphat,3,0,3
chinindihydrochlorid,3,0,3
cv8,3,0,3
herc4,3,0,3
flag-isg15,3,0,3
p16shell,3,0,3
decavanadate,3,0,3
provox,3,0,3
mosae,3,0,3
benzotriazolides,3,0,3
r0=1,3,0,3
vitaminb4,3,0,3
tetramethylthiuram,3,0,3
β-lactamase-inhibitor,3,0,3
propicillin,3,0,3
isoxazolylpenicillin,3,0,3
isoniazida,3,0,3
nudt,3,0,3
burog,3,0,3
norfentanyl,3,0,3
karalis,3,0,3
vp0,3,0,3
ifn-α-,3,0,3
5-fluorouracil/capecitabine,3,0,3
fatihbirol,3,0,3
arcella,3,0,3
aromatasehemmer,3,0,3
sulfo-sanpah,3,0,3
oxymetazolinehydrochloride,3,0,3
mir-30e,3,0,3
yixin,3,0,3
2′‐o‐methyladenosines,3,0,3
2′‐o‐methyl,3,0,3
l.coreana,3,0,3
florfenicol/flunixin,3,0,3
philippe,3,0,3
gigartina,3,0,3
dihydrolipoicacid,3,0,3
tocopheryl,3,0,3
xanthine-xanthine,3,0,3
ocimumbasilicum,3,0,3
beniamino,3,0,3
β-xyloside,3,0,3
α-galactoside,3,0,3
albuferon-α,3,0,3
germacranolides,3,0,3
benhur,3,0,3
acetochlor,3,0,3
vervet,3,0,3
β1-adrenoceptors,3,0,3
ohcea,3,0,3
varnum,3,0,3
c%,3,0,3
belamcanda,3,0,3
zingiberzerumbet,3,0,3
herbaceum,3,0,3
s-allylmercaptocysteine,3,0,3
tovophyllin,3,0,3
u24,3,0,3
amphetamine/dextroamphetamine,3,0,3
cdr-l1,3,0,3
cyclosporine/prednisone/azathioprine,3,0,3
aurelius,3,0,3
abacavir/dolutegravir/lamivudine,3,0,3
im,3,0,3
geschätzte,3,0,3
flaviviruse,3,0,3
triple-s,3,0,3
fiord,3,0,3
rapamycin-,3,0,3
thenin,3,0,3
ketomethylene,3,0,3
pyranoside,3,0,3
ritonavir/liponavir,3,0,3
ont,3,0,3
t.nucifera,3,0,3
mycophenolate-induced,3,0,3
nidulans,3,0,3
hcv.hcv,3,0,3
m-tdc,3,0,3
indri,3,0,3
bra,3,0,3
udg,3,0,3
bif-1/endophilinb1,3,0,3
spira,3,0,3
pentavalentbovine,3,0,3
mesoplodon,3,0,3
ethylacetate-soluble,3,0,3
herbaeupatorii,3,0,3
daubechies,3,0,3
ca074-me,3,0,3
pesto,3,0,3
forsyth,3,0,3
angelgurría,3,0,3
diospyroskaki,3,0,3
hemarina,3,0,3
b-19,3,0,3
antipyresis,3,0,3
codycepin,3,0,3
amphiboly,3,0,3
b-52,3,0,3
nazi,3,0,3
eppler,3,0,3
plamin,3,0,3
sunblotch,3,0,3
dinucletide,3,0,3
polymyxinbhemoperfusion,3,0,3
seraph,3,0,3
fumaderm,3,0,3
oestrogens,3,0,3
ingenius,3,0,3
4-valent,3,0,3
sans,3,0,3
bromines,3,0,3
viread,3,0,3
ponseti,3,0,3
edelman,3,0,3
tmem16a,3,0,3
kinetinriboside,3,0,3
shaik,3,0,3
won,3,0,3
aimm,3,0,3
α1‐antitrypsin,3,0,3
lazzarato,3,0,3
engerixb.hbig,3,0,3
motor,3,0,3
protopanaxatriol-typeginsenosidere,3,0,3
antihbv,3,0,3
ginsenosidesre,3,0,3
cationiccds,3,0,3
hyrtl,3,0,3
moquegua,3,0,3
oralcephalosporinen,3,0,3
erythromycin-estolat,3,0,3
saleem,3,0,3
triglucosylated,3,0,3
rage,3,0,3
opticus,3,0,3
dalvit,3,0,3
cayratiatrifolia,3,0,3
saenuri,3,0,3
sulphoximine,3,0,3
centos7,3,0,3
l-xylose,3,0,3
tragelaphus,3,0,3
oromia,3,0,3
segye,3,0,3
vanua,3,0,3
icmr,3,0,3
halocidin,3,0,3
dysaphisplantaginea,3,0,3
gp4,3,0,3
benzoquinolones,3,0,3
conclusions,3,0,3
cadillac,3,0,3
gropius,3,0,3
gluteal,3,0,3
apella,3,0,3
β-mercapthoethanol,3,0,3
galvanic,3,0,3
oseltamivirethylester,3,0,3
diphtheria-tetanus-pertussis(−polio,3,0,3
oxaliplatin-induced,3,0,3
kröner,3,0,3
duressa,3,0,3
argyl,3,0,3
medela,3,0,3
mansa,3,0,3
oiladjuvant,3,0,3
meruvax,3,0,3
β-defensin-3,3,0,3
cystatinf,3,0,3
cysteinecathepsins,3,0,3
25(oh)2d,3,0,3
rahul,3,0,3
water-sodium,3,0,3
edc3,3,0,3
l1/e6/e7,3,0,3
tantam,3,0,3
icsa,3,0,3
mirsnps,3,0,3
inception-resnet-v2,3,0,3
n-acetylcysteïne,3,0,3
clotiazepam,3,0,3
•amoxicillin,3,0,3
il26,3,0,3
mir-3935,3,0,3
mir-197-5p,3,0,3
amphotericinbdesoxycholate,3,0,3
voelker,3,0,3
retinoschisis,3,0,3
cerumin,3,0,3
diazirines,3,0,3
ns5-mtase,3,0,3
barbata,3,0,3
chlamydophilapsittaci,3,0,3
togaviruses,3,0,3
rgd,3,0,3
hrd1,3,0,3
salla,3,0,3
piperaquin,3,0,3
ethylchloroacetate,3,0,3
cisplatin/docetaxel,3,0,3
denv-2,3,0,3
cgiar,3,0,3
sip2,3,0,3
daarvan,3,0,3
stellaris,3,0,3
stijnis,3,0,3
bita,3,0,3
triclofos,3,0,3
coiled-coils,3,0,3
mohw,3,0,3
zair,3,0,3
cybex,3,0,3
semenya,3,0,3
atone,3,0,3
sonosim,3,0,3
dalvik,3,0,3
lamivudine-zidovudine,3,0,3
etofenprox,3,0,3
guillotin,3,0,3
7-aminoquinoline,3,0,3
6-aminoquinoline,3,0,3
quinacridine,3,0,3
atalaphyllidine,3,0,3
thamnosma,3,0,3
isorutacridone,3,0,3
atadenovirus,3,0,3
e-toxate,3,0,3
dracocephalum,3,0,3
bcg-china,3,0,3
fluticasonepropionate,3,0,3
karakorum,3,0,3
atea,3,0,3
rhcyp3a4,3,0,3
spa.,3,0,3
quinolinium,3,0,3
reshetin,3,0,3
cretin,3,0,3
moriconi,3,0,3
nxaraga,3,0,3
csr.it,3,0,3
cpro,3,0,3
loni,3,0,3
uv/chlorine,3,0,3
neroli,3,0,3
pyroninophilic,3,0,3
debiec,3,0,3
ufficio,3,0,3
diisopropanolamine,3,0,3
sodiummonochloroacetate,3,0,3
alkalin,3,0,3
cronin,3,0,3
ser1,3,0,3
sameer,3,0,3
leuteolin,3,0,3
jacinta,3,0,3
nilotinib/ponatinib,3,0,3
allin,3,0,3
penil,3,0,3
anti-fungus,3,0,3
trimethoprim-sulfas,3,0,3
election,3,0,3
hpv-e6/e7,3,0,3
hedysarum,3,0,3
mir-mir,3,0,3
yoram,3,0,3
diogo,3,0,3
bouchet,3,0,3
iu/dayvitamine,3,0,3
r‐pci,3,0,3
l‐cysteine,3,0,3
ribaroxaban,3,0,3
comptroller,3,0,3
lan-demets,3,0,3
diabetologia,3,0,3
desonide,3,0,3
neiva,3,0,3
lil,3,0,3
p123polyprotein,3,0,3
florea,3,0,3
bellomo,3,0,3
ulixertinib,3,0,3
boumendil,3,0,3
anginosus,3,0,3
sm-tsp-2,3,0,3
shibasaburokitasato,3,0,3
brknn,3,0,3
afzelius,3,0,3
halazonetis,3,0,3
calcium/phosphate,3,0,3
asphodeloides,3,0,3
peh,3,0,3
retinoid/vitamin,3,0,3
incepta,3,0,3
intraliposomal,3,0,3
i′,3,0,3
colubrids,3,0,3
urea-sds,3,0,3
cefis,3,0,3
inhibin-a,3,0,3
tselentis,3,0,3
gram(—,3,0,3
bohemia,3,0,3
palagin,3,0,3
n-acetyl-l-cysteine-naoh,3,0,3
ticarcilline/clavoulanicacid,3,0,3
rmax,3,0,3
gluck,3,0,3
indo,3,0,3
beta-casein,3,0,3
t¯,3,0,3
ericina,3,0,3
marinum,3,0,3
znf.,3,0,3
antizyme,3,0,3
yarbus,3,0,3
gs9,3,0,3
foreword,3,0,3
iodophore,3,0,3
hypochloric,3,0,3
γ-glutamine,3,0,3
palatumdurum,3,0,3
crib,3,0,3
angiotensiniv,3,0,3
leclair,3,0,3
proserpio,3,0,3
sodiumvanadate,3,0,3
domusmedica,3,0,3
disulfideisomerase,3,0,3
giulio,3,0,3
nastaran,3,0,3
one-amino-acid,3,0,3
oxaliplatinum,3,0,3
taxila,3,0,3
catalan,3,0,3
nabarro,3,0,3
formyl-nle,3,0,3
jubril,3,0,3
flv,3,0,3
trevisan,3,0,3
gallibacterium,3,0,3
sulphadiazine-trimethoprim,3,0,3
boidinii,3,0,3
fosbretabulin,3,0,3
rebuli,3,0,3
acetomido,3,0,3
umifenovir/ritonavir,3,0,3
a.doebereinerae,3,0,3
matreya,3,0,3
n-buoh,3,0,3
swachh,3,0,3
acyclovir/valacylovir,3,0,3
enfuritide,3,0,3
zfv,3,0,3
zn-sod,3,0,3
vladimirlenin,3,0,3
pahpa,3,0,3
niedzwiedz,3,0,3
p-diphenol,3,0,3
kahun,3,0,3
curtisi,3,0,3
microgastrine,3,0,3
platycodonisradix,3,0,3
farfaraeflos,3,0,3
4-fluoro-amodiaquine,3,0,3
amoxicillin/clavulatane,3,0,3
plasposon,3,0,3
078,3,0,3
amoxicillin/clavunalic,3,0,3
imipenem+clavulanate,3,0,3
meropenem+clavulanate,3,0,3
penem+clavulanate,3,0,3
sulfactam,3,0,3
sulfactams,3,0,3
o470,3,0,3
rovigo,3,0,3
13-valentpneumococcalconjugate,3,0,3
testosterone-to-estradiol,3,0,3
flavanones,3,0,3
goodwill,3,0,3
hoek,3,0,3
berkhout,3,0,3
lumicell,3,0,3
aphthovirus,3,0,3
antiaerosol,3,0,3
opsahl,3,0,3
ppa,3,0,3
sglt2-i,3,0,3
ribet,3,0,3
"1,25(oh)2d-calcitriol",3,0,3
25ohd-calcidiol,3,0,3
theporcilis,3,0,3
epimer,3,0,3
moyo,3,0,3
jihad,3,0,3
β-nicotinamide,3,0,3
cydex,3,0,3
slobodan,3,0,3
hugo,3,0,3
tides,3,0,3
aikin,3,0,3
depressie,3,0,3
rsk,3,0,3
irbesartan/hydrochlorothiazide,3,0,3
phyllum,3,0,3
otulinum,3,0,3
perelson,3,0,3
isala,3,0,3
trimetoprim-sulfamethoxazole,3,0,3
l.p.,3,0,3
aris,3,0,3
chlorhexidine-,3,0,3
amoxicillin-sulbactam,3,0,3
ebna-1,3,0,3
il-28b/ifn-λ3,3,0,3
dpp3,3,0,3
rennie,3,0,3
reprna,3,0,3
trento,3,0,3
ics/formoterol,3,0,3
bretin,3,0,3
gcgcga,3,0,3
boone,3,0,3
epitaxy,3,0,3
rhinophyllinae,3,0,3
c003/c052,3,0,3
hpv-16e7,3,0,3
kaleta,3,0,3
bcg-cats,3,0,3
m.marinum,3,0,3
botswana,3,0,3
acetazolamida,3,0,3
intraplantar,3,0,3
gossypiumhirsutum,3,0,3
notatum,3,0,3
roqueforti,3,0,3
folacin,3,0,3
porphyrins,3,0,3
boc-avlq-cn,3,0,3
mic-avlq-cn,3,0,3
dehydroepiandosterone,3,0,3
mnpv,3,0,3
odv‐e18,3,0,3
odv‐e35,3,0,3
rantala,3,0,3
longumlinn,3,0,3
vasin,3,0,3
seapricot,3,0,3
rbm20,3,0,3
xylem,3,0,3
conve,3,0,3
macrae,3,0,3
israelitaalberteinstein,3,0,3
c4-o-acetylatedneu5ac,3,0,3
nav1.7,3,0,3
theralizumab,3,0,3
textile-face,3,0,3
"1,25-hydroxyvitamin-d3",3,0,3
aquifolium,3,0,3
statin/caffeine,3,0,3
gastrogard-r,3,0,3
resnet1,3,0,3
aal-r,3,0,3
α5,3,0,3
daviron,3,0,3
antias,3,0,3
fermin,3,0,3
glutamat,3,0,3
eye,3,0,3
ubl4a,3,0,3
cbag6,3,0,3
masquelet,3,0,3
ardeid,3,0,3
wuxinzhi,3,0,3
kao,3,0,3
re-esterified,3,0,3
alexandrov,3,0,3
taxreform,3,0,3
lobelia,3,0,3
umckaloaba,3,0,3
novemcintus,3,0,3
weiger,3,0,3
irena,3,0,3
ronaxan,3,0,3
dilek,3,0,3
orf1ab,3,0,3
cu1,3,0,3
intradermalbcg,3,0,3
adamantiades,3,0,3
gazyvaro,3,0,3
gazyva,3,0,3
brefeldin-a,3,0,3
vorum,3,0,3
sulcralfate,3,0,3
intervencionismo,3,0,3
nacc,3,0,3
cusia,3,0,3
a.angusta,3,0,3
dichlorine,3,0,3
sarracenia,3,0,3
monsanto,3,0,3
angelamerkel,3,0,3
bc-353,3,0,3
zeleny,3,0,3
4-methylpiperazine,3,0,3
furan,3,0,3
sigma-1,3,0,3
silica/polyp,3,0,3
tmprss11d,3,0,3
scvo,3,0,3
4d11,3,0,3
auron,3,0,3
obeticholic,3,0,3
peptide-pna,3,0,3
lys-rich,3,0,3
labpro,3,0,3
d16,3,0,3
vaquita,3,0,3
uromune,3,0,3
isonitrile,3,0,3
bsen,3,0,3
1884,3,0,3
athyma,3,0,3
appias,3,0,3
catapressan,3,0,3
anti-foam,3,0,3
vit-c.,3,0,3
f83,3,0,3
ub-e1,3,0,3
ub-e2,3,0,3
leu175/leu176,3,0,3
alul,3,0,3
povodine-iodine,3,0,3
iodine-povidone,3,0,3
honeybush,3,0,3
herbals,3,0,3
tlr10,3,0,3
yin/yangdoctrine,3,0,3
xoma,3,0,3
oramed,3,0,3
groes,3,0,3
o-carboranylphenoxyacetanilide,3,0,3
8-nitroguanine,3,0,3
hyccin,3,0,3
dopey1,3,0,3
2nd–3rd,3,0,3
epsteinbarr,3,0,3
salvialavandulifolia,3,0,3
songqi,3,0,3
epimedii,3,0,3
vitamine-tpgs,3,0,3
ribavirinribavirin,3,0,3
backofen,3,0,3
gga-mir-7b,3,0,3
usp47,3,0,3
kogut,3,0,3
bioavailibility,3,0,3
sulfadoxin-pyrimethamin,3,0,3
sofern,3,0,3
nitrofurazon,3,0,3
hexetidin,3,0,3
bepanthen,3,0,3
meridol,3,0,3
99mtc,3,0,3
saunakabine,3,0,3
phenylsulfonamide,3,0,3
efomycin,3,0,3
forazoline,3,0,3
mammalin,3,0,3
wortis,3,0,3
anti-ige-modified,3,0,3
fretibacterium,3,0,3
lachnospiracea,3,0,3
coxsackievirusa16(cv-a16,3,0,3
fomede,3,0,3
jp-iii,3,0,3
badia,3,0,3
steviolbioside,3,0,3
adamantylamine,3,0,3
sagif,3,0,3
doxorubicin/adriamycin,3,0,3
p1‐lactam,3,0,3
anesthe,3,0,3
mir-885-5p,3,0,3
β-defensinadjuvant,3,0,3
alx-0081,3,0,3
o-nitrophenol,3,0,3
aceticanhydride,3,0,3
aldi,3,0,3
acer2,3,0,3
natvig,3,0,3
bushra,3,0,3
2-drugs,3,0,3
adrenolumbar,3,0,3
mir-20a,3,0,3
hhv7,3,0,3
circsflprotein,3,0,3
glaeser,3,0,3
narula,3,0,3
mw-gadv-hop,3,0,3
nepad,3,0,3
tyrrell,3,0,3
[35s]-methionine,3,0,3
tetanusneonatorum,3,0,3
dtap.,3,0,3
qinhuangdao,3,0,3
echinaceaalkamides,3,0,3
sagapenon,3,0,3
penicilloides,3,0,3
ciprofloxacin/liposomes,3,0,3
voriconazole-sulfoalkyl,3,0,3
cressi,3,0,3
quentin,3,0,3
l$,3,0,3
laggera,3,0,3
drub,3,0,3
atran,3,0,3
5kl,3,0,3
orf-9b,3,0,3
thierrin,3,0,3
netncsp-nocheck,3,0,3
flumamine,3,0,3
anti‐ig,3,0,3
visb,3,0,3
tatsiramos,3,0,3
onnv,3,0,3
penicillin/streptomycin/amphotericinb,3,0,3
d-amino,3,0,3
grasshopper,3,0,3
[3].hydroxychloroquine,3,0,3
egcg-palmitate,3,0,3
metronomia,3,0,3
jojic,3,0,3
hungarian,3,0,3
dzp,3,0,3
lewerin,3,0,3
microdermabrasion,3,0,3
acropolis,3,0,3
sofia,3,0,3
wi-n,3,0,3
ambry,3,0,3
melnikov,3,0,3
verx,3,0,3
interferon-alpha/beta,3,0,3
hersh,3,0,3
ep7,3,0,3
tetrapanax,3,0,3
bromoperoxidase,3,0,3
aswsu-79-1683,3,0,3
wsu-79-1683andwsu-79-,3,0,3
thefipvprototypewsu-79,3,0,3
wsu-79-1146,3,0,3
visone,3,0,3
acupuncturist,3,0,3
antihistamine-decongestant,3,0,3
chlodronate,3,0,3
tuberculosisvaccine,3,0,3
alqaida,3,0,3
amphotericins,3,0,3
vws,3,0,3
chop-,3,0,3
artesunate-atovaquone-proguanil,3,0,3
patreon,3,0,3
gel-alcohol,3,0,3
b9vitamin,3,0,3
rosebud,3,0,3
α1-adrenergic,3,0,3
chlorquinaldol,3,0,3
bontis,3,0,3
manganeseoxide,3,0,3
antianginals,3,0,3
hruban,3,0,3
brucea,3,0,3
kaika,3,0,3
warts,3,0,3
krasnow,3,0,3
hemocue,3,0,3
isodose,3,0,3
aifen,3,0,3
vaclav,3,0,3
goran,3,0,3
saccharose,3,0,3
licochalcone-a,3,0,3
licoriceflavonoids,3,0,3
3′-hydroxy-4′-o-methylglabridin,3,0,3
tdc,3,0,3
bifidobacteriumlongum,3,0,3
tucana,3,0,3
vinol,3,0,3
diaminobenzidinetetrahydrochloride,3,0,3
hematide,3,0,3
mc3t3,3,0,3
casp8,3,0,3
tnfaip3,3,0,3
s-hdag,3,0,3
clarithromycin-rifampin,3,0,3
macrolide-rifampin,3,0,3
kisii,3,0,3
celltac,3,0,3
jiamin,3,0,3
4′-cyanothymidine,3,0,3
fleximer,3,0,3
ribavirin/arbidole,3,0,3
broussoflavonolb,3,0,3
galatin,3,0,3
prime-parenteral,3,0,3
gpgpg,3,0,3
sclerotium,3,0,3
mycologicum,3,0,3
hemanth,3,0,3
neuraminicacid,3,0,3
kafca,3,0,3
potassium-luciferin,3,0,3
acetyl-cysteine,3,0,3
apreo,3,0,3
cytovillin,3,0,3
α1-agonist,3,0,3
lithiumsulfate,3,0,3
ev71polyprotein,3,0,3
nap9nanoparticles,3,0,3
ap9,3,0,3
halin,3,0,3
vasoconstrictorangiotensin,3,0,3
walach,3,0,3
sobemovirus,3,0,3
verico,3,0,3
rpms1,3,0,3
cml-hsa,3,0,3
fl-rage,3,0,3
maxiumum,3,0,3
l-97,3,0,3
cyp3a25,3,0,3
leptomycin-b,3,0,3
ibrahima,3,0,3
β-globulin,3,0,3
ralproveravir/ritonavir,3,0,3
then-president,3,0,3
ribaviran,3,0,3
forsythiaefructus(lianqiao,3,0,3
bcr-abl/abl,3,0,3
isopropyl-β-d-thiogalactopyranoside,3,0,3
ejc,3,0,3
pellicano,3,0,3
cs2,3,0,3
squamosus,3,0,3
tbo-filgrastim,3,0,3
virb4,3,0,3
ethyl-acetate,3,0,3
mao-a-hemmer,3,0,3
ace-hemmer,3,0,3
muskelrelaxans,3,0,3
grapefruitsaft,3,0,3
compound25b,3,0,3
lansium,3,0,3
sodiumbicarbonates,3,0,3
sodiumorthophosphate,3,0,3
interleukin-22,3,0,3
feifn-α,3,0,3
mphetamine,3,0,3
l-s.,3,0,3
ballonius,3,0,3
persia,3,0,3
angpt1/2,3,0,3
betanovirus,3,0,3
andalucía,3,0,3
inhhepatitis,3,0,3
p-xylene,3,0,3
ces5a,3,0,3
acelarin,3,0,3
genocea,3,0,3
thymosin-alpha,3,0,3
ferrara,3,0,3
mannit,3,0,3
notopleuron,3,0,3
agkistrodon,3,0,3
atg29,3,0,3
tonopenavia,3,0,3
imovax,3,0,3
conepatus,3,0,3
prialt,3,0,3
suizide,3,0,3
rubalcaba,3,0,3
amodiaquine/artesunate,3,0,3
sodiumstibogluconate,3,0,3
glutaminergic,3,0,3
enrofloxacin/fluoroquinolone,3,0,3
ace-2/ang(1-7)/masr,3,0,3
lisia,3,0,3
wp,3,0,3
peracetatepulicarine,3,0,3
spc,3,0,3
ceftobiprole-levofloxacin,3,0,3
cefto-levo,3,0,3
veronate,3,0,3
acrab,3,0,3
acm,3,0,3
aminoglicosides,3,0,3
ceskebudejovice,3,0,3
ciprofloxacin-cip,3,0,3
cytochalasin‐d,3,0,3
kwatra,3,0,3
videoclip,3,0,3
ipd,3,0,3
rotavirusvp3,3,0,3
nefl,3,0,3
oncnosis,3,0,3
samarium,3,0,3
bogdanov,3,0,3
's,3,0,3
deloitte,3,0,3
gag-pro-pol,3,0,3
tetravalentdenv,3,0,3
gerberry,3,0,3
air/oxygen,3,0,3
kdr,3,0,3
cincanu,3,0,3
brbv,3,0,3
smartphoneppg,3,0,3
phospholipasea2,3,0,3
safia,3,0,3
glycyrritinicacid,3,0,3
glycyrrhitinicacid,3,0,3
gastil,3,0,3
anti-oxidized,3,0,3
cisplatin-pemetrexed,3,0,3
mir-193,3,0,3
ly3,3,0,3
ceftriaxone/azithromycin,3,0,3
bismuthcitrate,3,0,3
pilato,3,0,3
juvan,3,0,3
carboxypeptidasea2,3,0,3
ev-d70,3,0,3
osterholm,3,0,3
moz,3,0,3
lmmunoglobulin,3,0,3
panarella,3,0,3
ferox,3,0,3
samadhi,3,0,3
hadamard,3,0,3
phytocannabinoids,3,0,3
branaplam,3,0,3
hpv‐16,3,0,3
tyrosinase,3,0,3
metoxyverapamil,3,0,3
r-spondin,3,0,3
filatov,3,0,3
z-lehd-fmk,3,0,3
napthalene-based,3,0,3
hispolon,3,0,3
rpn,3,0,3
rev.,3,0,3
ctx/clavulanate,3,0,3
rifamycin-linezolid,3,0,3
linezolid-meropenem,3,0,3
mic90,3,0,3
macrolide-lincosamide-streptogramin,3,0,3
p1654,3,0,3
enrofloxaxin,3,0,3
dumitriu,3,0,3
nitrofurantoina,3,0,3
dermatomyositis,3,0,3
is5,3,0,3
o-desmethyltramadol,3,0,3
tenotomy,3,0,3
nigrini,3,0,3
silverstol,3,0,3
mir-34b,3,0,3
l-enantiomers,3,0,3
efmoga,3,0,3
chloranphenicol,3,0,3
legumin,3,0,3
3b).it,3,0,3
tenofovir-disoproxil-fumarate,3,0,3
inosines,3,0,3
mosseri,3,0,3
mirnalet-7f,3,0,3
diot,3,0,3
phaedrus,3,0,3
5-futp,3,0,3
emetine-obatoclax,3,0,3
beydv,3,0,3
dossetor,3,0,3
v.cholerae,3,0,3
lysiphyllum,3,0,3
chloro,3,0,3
gac50,3,0,3
t-705-tp,3,0,3
pinarayi,3,0,3
conatus,3,0,3
giampaolo,3,0,3
heparin(lmwh,3,0,3
cys45,3,0,3
hcmv-encoded,3,0,3
almidones,3,0,3
glucocorticoidcream,3,0,3
iminosugars,3,0,3
9-aminoquinoline,3,0,3
raney,3,0,3
pcsk4,3,0,3
backstop,3,0,3
dextran-doxorubicin,3,0,3
brevundimonas,3,0,3
bello,3,0,3
kasperbauer,3,0,3
oseltamivir-carboxilato,3,0,3
asom,3,0,3
epulis,3,0,3
rs3,3,0,3
ub-ub,3,0,3
iron-citrate,3,0,3
christin,3,0,3
cigarettesmoke,3,0,3
r-pump,3,0,3
cinnamonoil,3,0,3
teflon,3,0,3
eucomis,3,0,3
ikigai,3,0,3
nonpenicillin,3,0,3
isoflurano,3,0,3
chondroitin4-sulphate,3,0,3
radiometals,3,0,3
et‐1,3,0,3
coaxial,3,0,3
vittorio,3,0,3
disalvo,3,0,3
catania,3,0,3
omra,3,0,3
neuroimmune,3,0,3
anti-head,3,0,3
postprotamine,3,0,3
ifitm2,3,0,3
edrophonium,3,0,3
tegsedi,3,0,3
vassopressin,3,0,3
anti-weight,3,0,3
grimaldi,3,0,3
mir-194,3,0,3
poly-ubiquitin,3,0,3
mena,3,0,3
jensenii,3,0,3
peptidea2,3,0,3
gun,3,0,3
doxycyclines,3,0,3
catis,3,0,3
sumoe2,3,0,3
tzv,3,0,3
ghi,3,0,3
provitamins,3,0,3
fluanisone/fentanyl,3,0,3
edwardsiella,3,0,3
ci1,3,0,3
mousavi,3,0,3
nasab,3,0,3
virgatum,3,0,3
verbenaherb,3,0,3
omega-6fattyacids,3,0,3
dcdd,3,0,3
3it,3,0,3
svc-ci,3,0,3
apocephalus,3,0,3
borealis,3,0,3
octylglycoside,3,0,3
edrug,3,0,3
hydrogenperoxidevapor,3,0,3
introgene,3,0,3
zonmw,3,0,3
sulfo-nhs-ls-biotin,3,0,3
anti-r-cystatin,3,0,3
juristen,3,0,3
baculovirus,3,0,3
dapaglifozin,3,0,3
pedf,3,0,3
aerogeen,3,0,3
neuroschistosomiasis,3,0,3
propidiumiodide,3,0,3
testoterone/shbg,3,0,3
karakoram,3,0,3
bis-penicillin,3,0,3
bromopropylnalidixate,3,0,3
methylnalidixate,3,0,3
tmpo,3,0,3
puerta,3,0,3
go-dose,3,0,3
theologico-politicus,3,0,3
politicus,3,0,3
ebselens,3,0,3
topirazumab,3,0,3
oncopeltus,3,0,3
hyacinth,3,0,3
corynebacteriumdiphtheriae,3,0,3
samuelsen,3,0,3
alida,3,0,3
reg-1,3,0,3
regn3918,3,0,3
vaxart,3,0,3
psoraleafructus,3,0,3
lv,3,0,3
2018).more,3,0,3
azida,3,0,3
chchd2,3,0,3
vincapusine,3,0,3
groton,3,0,3
l-cystathionine,3,0,3
rs-batcov,3,0,3
negevirus,3,0,3
rotarix®vaccine,3,0,3
antithrombin-3,3,0,3
cdma,3,0,3
symapivirus,3,0,3
6m0j/delapril,3,0,3
bcl-xl/bax,3,0,3
zelenina,3,0,3
hepler,3,0,3
überlebensraten,3,0,3
rhinonicteris,3,0,3
sodiummethoxide,3,0,3
fucs,3,0,3
arl3,3,0,3
kista,3,0,3
all-transretinoicacid,3,0,3
n91,3,0,3
.gentamicin,3,0,3
reppayee,3,0,3
gst-n1-,3,0,3
hct_r2e,3,0,3
gunsalus,3,0,3
γ-tubulin,3,0,3
a.auricula-judae,3,0,3
liponovir/ritonavir,3,0,3
tama,3,0,3
hyptidinae,3,0,3
spermin,3,0,3
aavprime/aav,3,0,3
rbd-pep,3,0,3
adamou,3,0,3
vellore,3,0,3
8-hydroxyguanosine,3,0,3
glypicans,3,0,3
polyolefins,3,0,3
silver-substituted,3,0,3
nakane,3,0,3
dm-β-cd,3,0,3
ndm-1/meropenem,3,0,3
vim-2/meropenem,3,0,3
il‑6,3,0,3
indirubin-indigo,3,0,3
procapsid,3,0,3
suk-youngjee,3,0,3
aerohaler,3,0,3
elmo,3,0,3
meleney,3,0,3
nab-paclitaxel/abraxane,3,0,3
ethnopharmacology,3,0,3
α-terpinene,3,0,3
methone,3,0,3
l-4-terpineol,3,0,3
gintis,3,0,3
carubecopper,3,0,3
peloquin,3,0,3
ser-asp-his,3,0,3
verel,3,0,3
parvalbumin,3,0,3
lbsap,3,0,3
pus4,3,0,3
benzothiozole,3,0,3
sebastián,3,0,3
2-bromoethylamine,3,0,3
gy/25,3,0,3
zadeh1965,3,0,3
trigonostemon,3,0,3
adafruit,3,0,3
chamfer,3,0,3
mirna-29,3,0,3
z-resveratrol,3,0,3
4-methoxy-tempo,3,0,3
hpve5,3,0,3
excelitas,3,0,3
marta,3,0,3
shay,3,0,3
gs-9137,3,0,3
λ0,3,0,3
calophylluminophyllum,3,0,3
hydrilla,3,0,3
centispace-1,3,0,3
il-34,3,0,3
monosubstitutedisatins1a-1,3,0,3
n-alkylation,3,0,3
edgeworthia,3,0,3
fumariaindica,3,0,3
picrasidine,3,0,3
isethionate,3,0,3
povidon-iod,3,0,3
ohne,3,0,3
glutaraldehyd,3,0,3
dampf,3,0,3
betalaktamantibiotika,3,0,3
schabe,3,0,3
saei,3,0,3
huoxiangzhengqicapsule,3,0,3
suhexiang,3,0,3
five-year,3,0,3
vbg,3,0,3
bruneidarussalam,3,0,3
zapata,3,0,3
at-100,3,0,3
pedaniosdioscoride,3,0,3
anti-anxiolytic,3,0,3
cads,3,0,3
theaflavin-3′-gallate,3,0,3
cd-hit,3,0,3
trim62,3,0,3
erythopoietin,3,0,3
idil,3,0,3
glucosteroid,3,0,3
ostafin,3,0,3
tx2,3,0,3
7-hexachlorofluorescein,3,0,3
aspirin/dipyridamole,3,0,3
bcgvaccination,3,0,3
achiume,3,0,3
anti-cholinesterase,3,0,3
clutia,3,0,3
clopidogrelbisulfate,3,0,3
carbendazin,3,0,3
sedaxane,3,0,3
karaliota,3,0,3
jss,3,0,3
domiphen,3,0,3
hq,3,0,3
pyrrolidinedithiocarbamate,3,0,3
ire1,3,0,3
zaprora,3,0,3
pyi,3,0,3
prosa,3,0,3
hydroa,3,0,3
novica,3,0,3
pithophora,3,0,3
penicillun,3,0,3
cennamo,3,0,3
aagenaes,3,0,3
naccarato,3,0,3
lacz.,3,0,3
usa-ukoil,3,0,3
ethanamide,3,0,3
asn-38,3,0,3
microtubule,3,0,3
dex-verapamil,3,0,3
hypocobalaminemia,3,0,3
fructusgardeniae,3,0,3
ark,3,0,3
divaricoumarin,3,0,3
alfa-,3,0,3
sax,3,0,3
moscardo,3,0,3
zfnet,3,0,3
theacitrin,3,0,3
gentamicin-kanamycin,3,0,3
β-lapachone,3,0,3
phospholipids,3,0,3
sfss,3,0,3
amoxicillin/amoxicillin,3,0,3
kantonale,3,0,3
aventisbehring,3,0,3
osbp,3,0,3
digoxigenin-conjugated,3,0,3
h-cpap,3,0,3
spib,3,0,3
gladwell,3,0,3
leptonema,3,0,3
zygotene,3,0,3
arsenale,3,0,3
ifn-1β,3,0,3
esposito,3,0,3
aminophenoxyalkanes,3,0,3
sidenafil,3,0,3
xxvi,3,0,3
mir-19a-3p,3,0,3
sodium/chlorine,3,0,3
arja,3,0,3
cavallari,3,0,3
c.incongruusnrrl,3,0,3
rapacuronium,3,0,3
jatinder,3,0,3
glycyrrhizinacid,3,0,3
drug-herb,3,0,3
psychedelic,3,0,3
miti,3,0,3
vipin,3,0,3
phenicols,3,0,3
hpv/hpgp,3,0,3
haliplanella,3,0,3
pound,3,0,3
thiadiazines,3,0,3
vamosi,3,0,3
ribavirin/favipiravir,3,0,3
rgd-hirudin,3,0,3
thiaziden,3,0,3
knut,3,0,3
necrosulfonamide,3,0,3
hydroxylate,3,0,3
angiotensin-i,3,0,3
ribavirin-na,3,0,3
atg10,3,0,3
nadma,3,0,3
tanita,3,0,3
pinarayivijayan,3,0,3
lauris,3,0,3
harpaloides,3,0,3
ocys,3,0,3
dryops,3,0,3
choleva,3,0,3
agathidium,3,0,3
laevigatum,3,0,3
fannia,3,0,3
aeneus,3,0,3
bradycellus,3,0,3
demetrias,3,0,3
notiophilus,3,0,3
anotylus,3,0,3
oxytelus,3,0,3
obtusus,3,0,3
othius,3,0,3
agathidii,3,0,3
alvaccanarypox,3,0,3
halotane,3,0,3
sodiumacetate/ethanol,3,0,3
lvlqtm,3,0,3
sirna-atelocollagen,3,0,3
okhotin,3,0,3
polonium,3,0,3
rigas,3,0,3
delta-inulin,3,0,3
claritromicina,3,0,3
postel,3,0,3
bisaro,3,0,3
mitomo,3,0,3
quercetinglucoside,3,0,3
hcmv-encodedmir-us25,3,0,3
hcmv-mus25-,3,0,3
hcmv-mus25,3,0,3
hcmvmir-us25-,3,0,3
mir-us25-,3,0,3
hcmvus24,3,0,3
arjen,3,0,3
ampotericin,3,0,3
bnip3,3,0,3
efavirenz-based,3,0,3
pharmacogenomics,3,0,3
mafbx,3,0,3
cq1,3,0,3
cisplatin‐based,3,0,3
formestane,3,0,3
r-tree,3,0,3
g.diazotrophicus,3,0,3
resveratrol/cm-glucan,3,0,3
noos,3,0,3
zinc-knuckle,3,0,3
mds15,3,0,3
mds6,3,0,3
smqadjuvant,3,0,3
hbp,3,0,3
parramatta,3,0,3
2-ethylbutyl,3,0,3
chimmula,3,0,3
mathsat,3,0,3
n.alba,3,0,3
k5polysaccharides,3,0,3
rotavirusdlp,3,0,3
galunic,3,0,3
ammo,3,0,3
dipartimento,3,0,3
rpfa,3,0,3
fitc-tp,3,0,3
4-methylubelliferone,3,0,3
ferrochelatase,3,0,3
ltr-iv,3,0,3
pa2000,3,0,3
mir326,3,0,3
anti-hsa-mir-132,3,0,3
matthancock,3,0,3
lamc2,3,0,3
hr2-,3,0,3
rafik,3,0,3
mirvetuximab,3,0,3
icsid,3,0,3
nummularine,3,0,3
nonimmunoglobulin,3,0,3
paritaprevir/ritonavir/ombitasvir,3,0,3
c++/openmp,3,0,3
se@pei@sirna,3,0,3
viazov,3,0,3
devens,3,0,3
e1-nedd8,3,0,3
alberga,3,0,3
canopy,3,0,3
pbde,3,0,3
gp340,3,0,3
5-fluorouracil/leucovorin,3,0,3
5-iodotubercidin,3,0,3
hypercalcaemia,3,0,3
anthracycline/taxane,3,0,3
ashai,3,0,3
artemisinin/pyronaridine,3,0,3
atlin,3,0,3
sall1,3,0,3
polyfructans,3,0,3
mf59squaleneemulsion,3,0,3
anti-cd46,3,0,3
aurantiamideacetate,3,0,3
aureolatum,3,0,3
lotfizadeh,3,0,3
sintol,3,0,3
smilaxglabra,3,0,3
∆24-sterol,3,0,3
11β-,3,0,3
thienopyridone,3,0,3
sonnei,3,0,3
tei,3,0,3
hfc,3,0,3
xr-ntx,3,0,3
huli,3,0,3
cuttin,3,0,3
sfo,3,0,3
β-galactoside,3,0,3
lra,3,0,3
sulphuricether,3,0,3
soamine,3,0,3
sulfamidochrysoidine,3,0,3
cefacetrile,3,0,3
tamarinus,3,0,3
kolodziej,3,0,3
eod,3,0,3
oxygen-saturated,3,0,3
α-tryptase,3,0,3
lipoxinb4,3,0,3
ribavirin.72,3,0,3
tpca-1,3,0,3
getalbum,3,0,3
isx,3,0,3
eknn,3,0,3
stratus,3,0,3
mycolactones,3,0,3
secretary,3,0,3
rupam,3,0,3
dhruv,3,0,3
omid,3,0,3
meide,3,0,3
medronate,3,0,3
erbrechen,3,0,3
insulinanaloga,3,0,3
oraler,3,0,3
insulinther,3,0,3
sulfamethoxazol/trimethoprim,3,0,3
ciclosporinther,3,0,3
thymom,3,0,3
migräne,3,0,3
amoxillin,3,0,3
loratadin,3,0,3
parenterale,3,0,3
platanus_b.,3,0,3
platanus-allee,3,0,3
goldfire,3,0,3
k‐alpha,3,0,3
tpt1,3,0,3
acl,3,0,3
broadcom,3,0,3
iupred2a,3,0,3
usp19,3,0,3
p33,3,0,3
iraq,3,0,3
massarinolin,3,0,3
craterellin,3,0,3
sarcodonin,3,0,3
l.amethystea,3,0,3
inotopyrrole,3,0,3
inotopyrroleb,3,0,3
ramariaceae,3,0,3
p[r,3,0,3
dithiocarbazate,3,0,3
senis,3,0,3
gooseberry,3,0,3
anevlavis,3,0,3
trimetroprim-sulphamethoxazol,3,0,3
alizon,3,0,3
prota,3,0,3
kabiramide,3,0,3
gentamicin/amphotericin-b,3,0,3
humalog,3,0,3
mir-216a,3,0,3
radixpolygalae,3,0,3
rnf168,3,0,3
ae,3,0,3
sarsptm,3,0,3
hirudotherapy,3,0,3
scd-1,3,0,3
anogen,3,0,3
lopinavir/ribavirin,3,0,3
optische,3,0,3
dm,3,0,3
doxiciclina,3,0,3
pitol,3,0,3
mucronine,3,0,3
dehydron,3,0,3
aglaothamnion,3,0,3
anti-herpessimplex,3,0,3
bcip/nbt,3,0,3
dipotassiumglycyrrhetate,3,0,3
hiv-1-encoded,3,0,3
pmpc,3,0,3
covid-19.lopinavir/ritonavir,3,0,3
rump,3,0,3
fetscherin,3,0,3
pfspz,3,0,3
ibruprofen,3,0,3
pantroprazole,3,0,3
molybdopterin,3,0,3
hcv-e2,3,0,3
parole,3,0,3
jingqi,3,0,3
dialium,3,0,3
musanga,3,0,3
leukoreduced,3,0,3
cyanopyrrolidine,3,0,3
pmg,3,0,3
624/i,3,0,3
schneider,3,0,3
dnaase,3,0,3
pdcovidnet,3,0,3
motril,3,0,3
argm,3,0,3
pradaxa,3,0,3
ecsod,3,0,3
rbd-basedsubunit,3,0,3
contraceptives,3,0,3
amramina,3,0,3
kensil,3,0,3
drazin,3,0,3
yaravirus,3,0,3
joey,3,0,3
gen.nov.,3,0,3
gdp,3,0,3
β‐anti‐toxin,3,0,3
epigallocathechin-3-gallate,3,0,3
aloesecundiflora,3,0,3
lomoro,3,0,3
hhg,3,0,3
rheumtanguticum,3,0,3
fusidinezuur,3,0,3
hibiscetin,3,0,3
sodiumtrimethylgallate,3,0,3
hexamethylmyricetin,3,0,3
bdm,3,0,3
peaceark,3,0,3
genalyte,3,0,3
bromonium,3,0,3
phosphonate,3,0,3
azetidinodiazepines,3,0,3
alcohol87a,3,0,3
thiocarbamate,3,0,3
iodinemonochloride,3,0,3
artemisinin-derivedaldehydes,3,0,3
inhibitor151b,3,0,3
iodolactone,3,0,3
(r)-carvone,3,0,3
trienone,3,0,3
hexakis,3,0,3
[60]fullerene,3,0,3
monosulfate,3,0,3
salvianolicacidb,3,0,3
islamist,3,0,3
egg-white,3,0,3
lediglich,3,0,3
2014)it,3,0,3
mexiletin,3,0,3
zawi,3,0,3
benzouracil-coumarin-arene,3,0,3
colubri,3,0,3
peg-ifna2a,3,0,3
navigenics,3,0,3
dwivedi,3,0,3
glioma,3,0,3
prmc,3,0,3
antistreptokinase,3,0,3
veris,3,0,3
cys72,3,0,3
daphnia,3,0,3
potassiumcarbonate,3,0,3
bothrops,3,0,3
ari14,3,0,3
na-pentobarbital,3,0,3
duqu,3,0,3
tacrolimus/cyclosporine/everolimus,3,0,3
laminariajaponica,3,0,3
adenolex,3,0,3
stanazolol,3,0,3
ethanolaminehydrochloride,3,0,3
ppcc,3,0,3
coxsackievirusa1,3,0,3
ndea,3,0,3
jdc,3,0,3
aedesaegypti,3,0,3
bisby,3,0,3
endoglycosidases,3,0,3
l-proline(s)-140,3,0,3
2-pyrrolidone,3,0,3
selenoxide,3,0,3
lewisacid,3,0,3
amo-1,3,0,3
dalteparine,3,0,3
gen-probe,3,0,3
cefepimase,3,0,3
methicillin-s,3,0,3
erythromycin-r,3,0,3
ori,3,0,3
macrolide-,3,0,3
macrolide/tetracycline,3,0,3
erythromycin-e,3,0,3
mevius,3,0,3
caz/nxl104,3,0,3
nitrofurantion,3,0,3
trimethopim-sulfamethoxazole,3,0,3
temocin,3,0,3
cabapenems,3,0,3
cellestis,3,0,3
dizer,3,0,3
b.afzelii,3,0,3
sacubitralat,3,0,3
pentamannoside,3,0,3
nonamanoside,3,0,3
sof/velpatasvir,3,0,3
bcna-tp,3,0,3
mk-8876,3,0,3
armand,3,0,3
biafra,3,0,3
etin,3,0,3
ard,3,0,3
l28,3,0,3
α-methylhistamine,3,0,3
imetit,3,0,3
all-trans-retinal,3,0,3
brevitoxin,3,0,3
oilseeds,3,0,3
kcb,3,0,3
cosentyx,3,0,3
stelara,3,0,3
paup,3,0,3
ggrepel,3,0,3
renn,3,0,3
angelov,3,0,3
klee,3,0,3
ra-9,3,0,3
sulphamethoxazole-trimethoprim,3,0,3
oxantel,3,0,3
dopico,3,0,3
wai,3,0,3
akamine,3,0,3
roquefort,3,0,3
glycoprotein,3,0,3
gas6,3,0,3
gooseberries,3,0,3
flavanoids,3,0,3
davidigenin,3,0,3
berberinehydrochloride,3,0,3
theorem10.1007/978-3-319-,3,0,3
theorem10.1007/978-3,3,0,3
∗.,3,0,3
hku4-cov,3,0,3
goniostat,3,0,3
health,3,0,3
pacin,3,0,3
hydrochlorine,3,0,3
alpha-2-macroglobulin,3,0,3
seye,3,0,3
cystine/glutamate,3,0,3
β-dimethylcysteine,3,0,3
low-methionine,3,0,3
macola,3,0,3
air-pump,3,0,3
sulfasalazine/mesalamine,3,0,3
sargasso,3,0,3
benzeneseleninicacid,3,0,3
urea-hydrogen,3,0,3
didonet,3,0,3
morphinesulfate,3,0,3
low-oxygen,3,0,3
coprinopsis,3,0,3
iom,3,0,3
epione,3,0,3
wittine,3,0,3
gentamicin-loaded,3,0,3
dago1,3,0,3
peg11,3,0,3
pre-mir-451,3,0,3
endo-sirna,3,0,3
rangap1,3,0,3
miwi,3,0,3
as37,3,0,3
tq,3,0,3
paatero,3,0,3
specialist,3,0,3
edp-1815,3,0,3
mir15,3,0,3
fa3,3,0,3
mir-350,3,0,3
mir-326-3p,3,0,3
senp8,3,0,3
vasilchenko,3,0,3
sayeed,3,0,3
trichoderma,3,0,3
natomiast,3,0,3
erythromyeloid,3,0,3
fauci,3,0,3
malala,3,0,3
ifn‐ω,3,0,3
pip2.erythromycin,3,0,3
methylbetacyclodextrin,3,0,3
vp40,3,0,3
procarbazin,3,0,3
chop-rituximab,3,0,3
cpgb,3,0,3
ceftibuteno,3,0,3
hamar,3,0,3
potato,3,0,3
riptide,3,0,3
nuclotide,3,0,3
sentience,3,0,3
spironolactones,3,0,3
motus,3,0,3
iteron,3,0,3
cbcl-2,3,0,3
south-south,3,0,3
janthinobacterium,3,0,3
anti-amoebic,3,0,3
salicylism,3,0,3
anti-sodium,3,0,3
chlorination,3,0,3
anemarrhenaasphodeloides,3,0,3
dazaodecoction,3,0,3
poriacocos,3,0,3
bolivia,3,0,3
haplohsct,3,0,3
e-cigarette,3,0,3
zocor,3,0,3
stf,3,0,3
oit,3,0,3
met2,3,0,3
genkwanin8-c-beta-glucopyranoside,3,0,3
mg/d+azathioprine,3,0,3
thyroglobulin,3,0,3
pentose,3,0,3
jerini,3,0,3
sterix,3,0,3
typhoidvaccine,3,0,3
phylloseptin-pha,3,0,3
d-k6l9,3,0,3
nz-m16,3,0,3
fgf12,3,0,3
mir125b,3,0,3
mir30,3,0,3
mir26a,3,0,3
mir29b-3p,3,0,3
s-pyridylethylatedhrl40,3,0,3
adenovirus11a,3,0,3
echinus,3,0,3
h2dcf-da,3,0,3
orata,3,0,3
penicilling/streptomycin,3,0,3
benzamidine-hcl,3,0,3
anti-pneumococcus,3,0,3
minerva,3,0,3
trifluridine-tipiracil,3,0,3
lalrgg,3,0,3
fluval,3,0,3
rtm,3,0,3
actinium-225,3,0,3
cynara,3,0,3
sodiumcalcium,3,0,3
whirlin,3,0,3
dexamethasone-,3,0,3
ba(oh)2,3,0,3
p&g,3,0,3
seliforant,3,0,3
binhuno.2,3,0,3
non-rebreather,3,0,3
fampat,3,0,3
retinyl-palmitate,3,0,3
sunitinibor,3,0,3
methylprednisolne,3,0,3
hiv-nc,3,0,3
mulanje,3,0,3
intersol,3,0,3
hcvns4a,3,0,3
reaganligion,3,0,3
rs12979860,3,0,3
wipro,3,0,3
teriflunomid,3,0,3
isav,3,0,3
artery,3,0,3
dihydrorugosaflavonoids,3,0,3
iodoacetate,3,0,3
coniferin,3,0,3
award,3,0,3
anti-leader,3,0,3
muellerius,3,0,3
amoxicillin-a,3,0,3
pl1pro,3,0,3
maltoporin,3,0,3
msc-derived,3,0,3
apj,3,0,3
acanthisitta,3,0,3
mct-β-cd,3,0,3
benzo-α-pyrone,3,0,3
vidoni,3,0,3
antioxidantvitamins,3,0,3
scovm-sirna1,3,0,3
malis,3,0,3
ribavirin-mp,3,0,3
brine,3,0,3
manganeseacetate,3,0,3
glycyrriza,3,0,3
doctor,3,0,3
al2o3-nps,3,0,3
rc>1,3,0,3
tfmk,3,0,3
duberry,3,0,3
hpv19,3,0,3
fusayama,3,0,3
ramanna,3,0,3
adammc,3,0,3
vitaminriboflavin,3,0,3
pts2,3,0,3
e.vulgare,3,0,3
acetylshikonin,3,0,3
kumarabharana,3,0,3
mir-218-5p,3,0,3
yeah,3,0,3
erbb2,3,0,3
lisexamfetamine,3,0,3
antibiotic-coated,3,0,3
brevibacillus,3,0,3
lucretius,3,0,3
taxuscuspidata,3,0,3
nitrofurantoinlunge,3,0,3
hydralazin,3,0,3
chlorhexidindigluconat,3,0,3
mougin,3,0,3
operario,3,0,3
biotin-deoxycytidine,3,0,3
renin/prorenin,3,0,3
desf,3,0,3
dicarboxylate,3,0,3
7sl,3,0,3
if1,3,0,3
eplb,3,0,3
bromo‐,3,0,3
cryptococcalpolysaccharide,3,0,3
milkcheese,3,0,3
hydroxyvitamind3,3,0,3
lemontea,3,0,3
gob,3,0,3
histatin-1,3,0,3
samos,3,0,3
wok,3,0,3
pept-p27-c,3,0,3
34b,3,0,3
pemulwuy,3,0,3
antennapedia,3,0,3
polysulfonamide,3,0,3
kristalloidenlösungen,3,0,3
tf2,3,0,3
penicillin/gentamicin,3,0,3
il-4/il-12,3,0,3
hydroxychloroquine3,3,0,3
gnrh-agonists,3,0,3
ivomec,3,0,3
tlr21,3,0,3
b.bifidum,3,0,3
gshm,3,0,3
a.flavus,3,0,3
silos,3,0,3
paracalanus,3,0,3
mercaptopropionicacid,3,0,3
.fluoroquinolone,3,0,3
isoaplysin,3,0,3
konbamidin,3,0,3
convolutamydine,3,0,3
amathia,3,0,3
manzamineb,3,0,3
coscinamide,3,0,3
foliacea,3,0,3
β-carboline,3,0,3
7-bromoeudistomin,3,0,3
barretin,3,0,3
eudistomidina,3,0,3
znsalts,3,0,3
il4,3,0,3
bis(glutathionyl,3,0,3
indophenol,3,0,3
artemesin,3,0,3
mrs.,3,0,3
yúxīngcǎo,3,0,3
penicilin,3,0,3
shar-pei,3,0,3
oseltamivirbehandelt,3,0,3
impfschutz,3,0,3
cp2,3,0,3
2-deoxyglucose,3,0,3
adrenaline/noradrenaline,3,0,3
fastvax,3,0,3
methylenedichloride,3,0,3
lactoferrin-drug,3,0,3
lf-deferasirox,3,0,3
lf-drug,3,0,3
lf-silver,3,0,3
bovinelf,3,0,3
sievert,3,0,3
sedis,3,0,3
xuexiang,3,0,3
alcohol-basedsanitizers,3,0,3
aurein,3,0,3
bicore,3,0,3
baphicacanthus,3,0,3
iab,3,0,3
vancomycin/cephalexin,3,0,3
oeiras,3,0,3
tazocillin,3,0,3
siena,3,0,3
ferrioxamineb,3,0,3
cyclosporine-a.,3,0,3
monacelli,3,0,3
srga,3,0,3
coclavulanate,3,0,3
hcv-genotype,3,0,3
koh,3,0,3
cotrimoxasol,3,0,3
gliptines,3,0,3
panagiotis,3,0,3
kaempferoltriglycoside,3,0,3
alkylamines,3,0,3
nitrosobenzene,3,0,3
penicilline-g,3,0,3
zinc(ii)-dipicolylamine,3,0,3
acrymed,3,0,3
eigen-ad,3,0,3
adaptogen,3,0,3
ogg,3,0,3
natin,3,0,3
bsa-conjugated,3,0,3
lamaur,3,0,3
finca,3,0,3
dimethylarsinicacid,3,0,3
"wiv1,rs3367",3,0,3
melito,3,0,3
trimethoprim/sulphamethoxasole,3,0,3
tcmpolysaccharides,3,0,3
aurkb,3,0,3
spinalis,3,0,3
president-elect,3,0,3
zidovudine-loaded,3,0,3
cdac,3,0,3
lithocholicacid,3,0,3
azido-am580,3,0,3
thek2vaccine,3,0,3
gaga,3,0,3
2dr,3,0,3
her2-car,3,0,3
rasmol,3,0,3
intele5-,3,0,3
desferoxamin,3,0,3
ingmar,3,0,3
cephalosporin-derivatives,3,0,3
placlitaxel-nps,3,0,3
tobramycin-loaded,3,0,3
halo,3,0,3
cohn,3,0,3
lutonix,3,0,3
cyclosporine-based,3,0,3
contagiosum,3,0,3
myrtol®,3,0,3
seahorn,3,0,3
cvetanovich,3,0,3
lászló,3,0,3
appican,3,0,3
colistina,3,0,3
synergi,3,0,3
françois,3,0,3
apr/vitamin,3,0,3
tiga,3,0,3
monodesethyl-amodiaquine,3,0,3
dcg-04,3,0,3
vitamind-binding,3,0,3
5-nitroindole,3,0,3
at-,3,0,3
pep1,3,0,3
nitrate-nitrite,3,0,3
azithromycin8,3,0,3
egypt,3,0,3
vsirna,3,0,3
desmin,3,0,3
daad,3,0,3
maquiladoras,3,0,3
diamide13d,3,0,3
inhibitor17a,3,0,3
paracetamolintoxikation,3,0,3
nobilis®,3,0,3
nobilis®ibh120,3,0,3
[11c]methionine,3,0,3
antimonyl,3,0,3
cyclophosphamide-,3,0,3
sulfer,3,0,3
otis,3,0,3
kangfuxinyeenema,3,0,3
si0,3,0,3
asc,3,0,3
diferric,3,0,3
dithiothrietol,3,0,3
lamiacae,3,0,3
5-azacytidine-2-deoxycytidine,3,0,3
arima-svm,3,0,3
exendin,3,0,3
hulme,3,0,3
zuur,3,0,3
violaceum,3,0,3
l.a.,3,0,3
rubellaigm,3,0,3
hand-alcohol,3,0,3
larixkaempferi,3,0,3
heminperoxidation,3,0,3
hemin-g-quadruplex,3,0,3
galactans,3,0,3
smc3,3,0,3
indapamid,3,0,3
inulinpolysaccharide,3,0,3
anti-rhizomucor,3,0,3
saprophyticus,3,0,3
ags,3,0,3
pentella,3,0,3
fluoroquinolone-,3,0,3
co-amoxiclav/macrolide,3,0,3
amoxicillin/macrolide,3,0,3
api-1252,3,0,3
amidase_2,3,0,3
ricordi,3,0,3
non-ribavirin,3,0,3
gimona,3,0,3
tarda,3,0,3
cenomanian,3,0,3
digoxin-labeled,3,0,3
mazovia,3,0,3
herweg,3,0,3
echte,3,0,3
isoconazol,3,0,3
oxiconazol,3,0,3
phenoxymethylpenicillin-benzathin,3,0,3
sulfadoxin,3,0,3
penicillin.•,3,0,3
betalaktam-antibiotika,3,0,3
alder,3,0,3
australicum,3,0,3
hexaloop,3,0,3
sarecycline,3,0,3
dosierte,3,0,3
jmt,3,0,3
bacillecalmetteguerin,3,0,3
llinas,3,0,3
hashemi,3,0,3
pcpp,3,0,3
bub,3,0,3
senhora,3,0,3
heparan-sulfates,3,0,3
enterovirusd-68,3,0,3
nauru,3,0,3
rasid,3,0,3
diroximel,3,0,3
rituximab/methotrexate,3,0,3
pawlotsky,3,0,3
2-propiolactone,3,0,3
greenlight,3,0,3
desethyl-chloroquine,3,0,3
nerin,3,0,3
elora,3,0,3
alfa-2,3,0,3
ffa2,3,0,3
isotop,3,0,3
polycytidine,3,0,3
anaconda-s,3,0,3
amoxyclav,3,0,3
γ‐immunoglobulin,3,0,3
tollwut-prophylaxe,3,0,3
azolate,3,0,3
cees,3,0,3
former,3,0,3
β-propiolactone,3,0,3
weniger,3,0,3
addams,3,0,3
knoll,3,0,3
cystine-captopril,3,0,3
obi,3,0,3
manadomanzamines,3,0,3
peyton,3,0,3
desoxycholate,3,0,3
cta-imipenem,3,0,3
fis,3,0,3
hydroxyitraconazole,3,0,3
kanamycin-neomycin,3,0,3
cefur,3,0,3
ceftazidime-clavulanic,3,0,3
vrc10,3,0,3
ciprofloxacin-r,3,0,3
misprostol,3,0,3
cefoperazon,3,0,3
ivanovii,3,0,3
mercaptan,3,0,3
pech,3,0,3
lenk,3,0,3
aliso,3,0,3
decressin,3,0,3
herbapolygonis,3,0,3
paclitaxol,3,0,3
huperzinea,3,0,3
valorem,3,0,3
adane,3,0,3
tweedledee,3,0,3
hmox1,3,0,3
flaherty,3,0,3
boc-l-propargylglycine,3,0,3
rituximab/cytarabine/thiotepa,3,0,3
sid,3,0,3
spaniol,3,0,3
proantocyanidins,3,0,3
procyanidinsb1,3,0,3
mahavir,3,0,3
sitagliptine,3,0,3
chaiyaphum,3,0,3
faithnwadishi,3,0,3
8‐nitroguanosine,3,0,3
dsbm.,3,0,3
mir-5197-3p,3,0,3
mir-3611,3,0,3
opinaban,3,0,3
mirando,3,0,3
buzzard,3,0,3
anti-cd4,3,0,3
gs-7977,3,0,3
tipler,3,0,3
ifnls,3,0,3
mcf-7,3,0,3
tspo,3,0,3
flagellinadjuvanted,3,0,3
gluco,3,0,3
wetherall,3,0,3
brittonii,3,0,3
trim7,3,0,3
oribi,3,0,3
biotin-dctp,3,0,3
zinc-magnesium,3,0,3
diazomethanes,3,0,3
trendelenburg,3,0,3
shirota,3,0,3
watase,3,0,3
bbp-16,3,0,3
maltodextrin,3,0,3
rivaroxiban,3,0,3
cankaoxiaoxi,3,0,3
α-adrenoceptors,3,0,3
[3h]-yohimbine,3,0,3
dihydroalprenolol,3,0,3
potassium-channel,3,0,3
cellek,3,0,3
thiobutabarbital,3,0,3
radiotelemetry,3,0,3
pentolinium,3,0,3
palavit,3,0,3
(+)tubocurarine,3,0,3
ecg-,3,0,3
tetrazoliumchloride,3,0,3
anaphylatoxins,3,0,3
cyproxin,3,0,3
varroa,3,0,3
leukotrieneb-4,3,0,3
alpha-,3,0,3
hydroxylatedlipid,3,0,3
deloria,3,0,3
adeninenucleotide,3,0,3
krever,3,0,3
oxycodone/acetaminophen,3,0,3
drugs-herbs,3,0,3
gribbin,3,0,3
avigad,3,0,3
microsome,3,0,3
sdg12,3,0,3
lokalanästhetikum,3,0,3
pidol,3,0,3
diesohol,3,0,3
riloff,3,0,3
oph,3,0,3
nc,3,0,3
inj,3,0,3
dithiocarbamate,3,0,3
benzil,3,0,3
diuraphis,3,0,3
β-esterase,3,0,3
twinrix-junior,3,0,3
7-amino-acid,3,0,3
wnv,3,0,3
malate,3,0,3
cd44,3,0,3
elderberryinhibits,3,0,3
pgi2,3,0,3
yupingfengpowder,3,0,3
anti-rebreathing,3,0,3
e1-inhibitor,3,0,3
latrine,3,0,3
thiosulphinate,3,0,3
aculeatus,3,0,3
flavipiridol,3,0,3
wedel,3,0,3
dna-a,3,0,3
qgr,3,0,3
fhpcl2,3,0,3
amebicide,3,0,3
heterodoxus,3,0,3
oligo-mannose,3,0,3
oligofructose,3,0,3
nsp9,3,0,3
antoni,3,0,3
furosine,3,0,3
oliveri,3,0,3
ozonation,3,0,3
sita,3,0,3
maneira,3,0,3
ministrar,3,0,3
zoanthid,3,0,3
tetrazacyclopentazulene,3,0,3
sphaeroides,3,0,3
pheophytin,3,0,3
c.sativa,3,0,3
anophelene,3,0,3
na10,3,0,3
ec3,3,0,3
c.chauvoei,3,0,3
selenium/vitamin,3,0,3
captan,3,0,3
hantel,3,0,3
urethroplasty,3,0,3
brideliamicrantha,3,0,3
samarangenin,3,0,3
hydrocat,3,0,3
d-methionine,3,0,3
l-carbocysteine,3,0,3
hemotherapy,3,0,3
s-glutathionylated,3,0,3
anti-mir-34a,3,0,3
non-benzodiazepine,3,0,3
nsabpb-14,3,0,3
kunin,3,0,3
aida,3,0,3
1947,3,0,3
farvardin,3,0,3
trifluridin,3,0,3
rbv-mp,3,0,3
erythromycin-base,3,0,3
nitrofuranen,3,0,3
ravuconazol,3,0,3
fluconazols,3,0,3
vertos,3,0,3
catecolamine,3,0,3
presidentxijinping,3,0,3
pyroninb,3,0,3
santo,3,0,3
iu,3,0,3
fellous,3,0,3
rhamnan,3,0,3
sulfatepolysaccharide,3,0,3
pll,3,0,3
hadziyannis,3,0,3
thiopyridone,3,0,3
glutamine-ii,3,0,3
montaner,3,0,3
artemin,3,0,3
synulox,3,0,3
milo,3,0,3
kshv-k5,3,0,3
sargassamide,3,0,3
crambescidin826,3,0,3
zhixin,3,0,3
mind,3,0,3
panc1,3,0,3
anibal,3,0,3
rabeprazol,3,0,3
noroxin,3,0,3
flavio,3,0,3
maizel,3,0,3
bsaas,3,0,3
amastatin/bestatin,3,0,3
sctla-4,3,0,3
bifidobacterim,3,0,3
gluta,3,0,3
hypothermie,3,0,3
acyclovir-triphosphate,3,0,3
peginterferon-α-2b,3,0,3
chauhan,3,0,3
depressant,3,0,3
tie2-agonist,3,0,3
sulfadiazine/pyrimethamine,3,0,3
phosphor,3,0,3
39-amino-acid,3,0,3
streptag,3,0,3
terrapene,3,0,3
methylbenzene,3,0,3
szymon,3,0,3
ziolkowski,3,0,3
tadim,3,0,3
myrcludexb.,3,0,3
acyl,3,0,3
chloroformate,3,0,3
victrelis,3,0,3
coreir,3,0,3
cocotb,3,0,3
17-ketosteroid,3,0,3
qt-qrs,3,0,3
cladsporium,3,0,3
gdvaccine,3,0,3
folfox/bevacizumab,3,0,3
400mg/ritonavir,3,0,3
morrin,3,0,3
vinícius,3,0,3
phenil,3,0,3
photoantimicrobials,3,0,3
arc3,3,0,3
unigenes,3,0,3
mycafungin,3,0,3
echinaceasupplementation,3,0,3
d-a,3,0,3
ob98,3,0,3
command,3,0,3
aminolinker,3,0,3
antagomir-141,3,0,3
drogin,3,0,3
ashley,3,0,3
aco1,3,0,3
pecora,3,0,3
solea,3,0,3
kiran,3,0,3
trichloric,3,0,3
oxidised,3,0,3
phentermine/topiramate,3,0,3
bmp7,3,0,3
voclosporin,3,0,3
kericho,3,0,3
iodometric/thiosulfate,3,0,3
pomin,3,0,3
monophosphane,3,0,3
pd(oac)2,3,0,3
phosphane,3,0,3
umbraviruses,3,0,3
selenocysteines,3,0,3
bap1,3,0,3
oxybuprocain,3,0,3
buzhigao,3,0,3
ebov,3,0,3
sds,3,0,3
pros1,3,0,3
bremelanotide,3,0,3
afamelanotide,3,0,3
dii,3,0,3
4′-oxygen,3,0,3
acidobacterium,3,0,3
verrucomicrobium,3,0,3
tila,3,0,3
rozita,3,0,3
hydrodiplomacy,3,0,3
olymel,3,0,3
antiamyloid,3,0,3
rc-1,3,0,3
inflata,3,0,3
aichivirusb,3,0,3
dua,3,0,3
alum-mpl,3,0,3
intercalatum,3,0,3
destura,3,0,3
fusidin,3,0,3
amikacin/tobramycin,3,0,3
monosulfactam,3,0,3
oleronius,3,0,3
mytomycin,3,0,3
illumigene,3,0,3
slc6a20,3,0,3
zatariamultiflora,3,0,3
zalzitabine,3,0,3
ecotourism,3,0,3
bonacich,3,0,3
arctii,3,0,3
darrin,3,0,3
pini,3,0,3
ps-kh,3,0,3
mir-520e,3,0,3
glucose-6,3,0,3
4-oh-tamoxifen,3,0,3
schiffer,3,0,3
acervulina,3,0,3
oversulfated,3,0,3
merrill,3,0,3
morita,3,0,3
olivia,3,0,3
egypti,3,0,3
fty720/fingolimod,3,0,3
manin,3,0,3
vaezi,3,0,3
citron,3,0,3
citruspeel,3,0,3
rtube,3,0,3
asx,3,0,3
goniothalamin,3,0,3
clofilium,3,0,3
hemozin,3,0,3
anti-mir-1224,3,0,3
z-yvad-fmk,3,0,3
uaa,3,0,3
georgios,3,0,3
mesuol,3,0,3
coumarin-benzimidazole,3,0,3
coumestans,3,0,3
rheme,3,0,3
tutsi,3,0,3
alconcusí,3,0,3
vertnet,3,0,3
fifa,3,0,3
phyllanthusnirurilinn,3,0,3
lignanolides,3,0,3
haplophyllum,3,0,3
radixisatidis(banlangen,3,0,3
schisandraceae,3,0,3
fructusschizandrae,3,0,3
cy8,3,0,3
β-anti-toxin,3,0,3
n40,3,0,3
rastam,3,0,3
moassel,3,0,3
leveofloxacin,3,0,3
parviflora,3,0,3
tremmel,3,0,3
pulmonaria,3,0,3
2'-c-methyl-cytidine,3,0,3
martín,3,0,3
rafii,3,0,3
mir‐193b,3,0,3
neophema,3,0,3
tbbt,3,0,3
bach1,3,0,3
litonavir/ritonavir,3,0,3
spata31,3,0,3
pyogenes,3,0,3
hd-oa,3,0,3
iodines,3,0,3
zambezi,3,0,3
tcmv,3,0,3
coxsackievirusa2,3,0,3
cepharosporolides,3,0,3
fuzhenghuayu,3,0,3
vitamineb9,3,0,3
isoamylase,3,0,3
chloroquine/proguanil,3,0,3
darwin,3,0,3
paasche-orlow,3,0,3
penicillin-streptomycin-fungizone,3,0,3
ceftolozano-tazobactam,3,0,3
mm-121,3,0,3
.tipiracil,3,0,3
.terbutaline,3,0,3
fridy,3,0,3
bicornis,3,0,3
pxd,3,0,3
alkalol,3,0,3
cordectomy,3,0,3
bifida,3,0,3
trichlorphon,3,0,3
endothelin-3,3,0,3
e4,3,0,3
hormone,3,0,3
anti-mir-155,3,0,3
haemangiopericytoma,3,0,3
atg5/atg12-atg16,3,0,3
pannus,3,0,3
reptin-1,3,0,3
platinum-iridium,3,0,3
antimycoplasma,3,0,3
hnr,3,0,3
ets,3,0,3
epinephrine/norepinephrine,3,0,3
dimenhydramin,3,0,3
mannosylated,3,0,3
rhelix,3,0,3
shetty,3,0,3
a.phenobarbital,3,0,3
pan-azole,3,0,3
vc-vegf,3,0,3
p-diiodobenzene,3,0,3
l-fucoside,3,0,3
x-sirna,3,0,3
fullerol,3,0,3
antimycobaterium,3,0,3
nele,3,0,3
silja,3,0,3
methylbutane,3,0,3
oligrapher,3,0,3
granger,3,0,3
phyllanthopsis,3,0,3
foliifloraruiz&,3,0,3
malaspina,3,0,3
cuicocha,3,0,3
drupe,3,0,3
celestino,3,0,3
motomura,3,0,3
gorillas,3,0,3
roelens,3,0,3
l-galactose,3,0,3
pegylated-interferon-alpha,3,0,3
alnuside,3,0,3
stenophyllanin,3,0,3
inca,3,0,3
anti-ceramide,3,0,3
colella,3,0,3
phytoalexins,3,0,3
malpensa,3,0,3
kilinc,3,0,3
kgluconate,3,0,3
piccardo,3,0,3
glycine-betaine,3,0,3
dna-antibody,3,0,3
camptothecine,3,0,3
z-phe-phe-fmk,3,0,3
ammonium-chloride-potassium,3,0,3
anti-afp,3,0,3
os-9,3,0,3
hepatojejunostomy,3,0,3
sumoylation,3,0,3
π1,3,0,3
r-1,3,0,3
lactisjcm5805,3,0,3
alamast,3,0,3
tzaobactum,3,0,3
fidarestat,3,0,3
carbamidomethylation,3,0,3
sirna-plk2,3,0,3
patch-clamp,3,0,3
lincrna-cox2,3,0,3
cpac,3,0,3
loniceraejaponica,3,0,3
psoralen-crosslinked,3,0,3
senova,3,0,3
ajm,3,0,3
selenium/vitamine,3,0,3
feldene,3,0,3
brass,3,0,3
segunda,3,0,3
lactobaccillus,3,0,3
ipb08,3,0,3
trim25,3,0,3
doxorubicin-promoted,3,0,3
keap,3,0,3
seeds,3,0,3
crhr1,3,0,3
alisma,3,0,3
il17,3,0,3
achyranthes,3,0,3
menthalongifolia,3,0,3
poteligeo,3,0,3
proleukin,3,0,3
maravirac,3,0,3
gingr,3,0,3
asc09/ritonavir,3,0,3
opsporingdaarvan,3,0,3
kinidine,3,0,3
amda,3,0,3
disulfonated,3,0,3
twins,3,0,3
apomab,3,0,3
anhydramnion,3,0,3
postvaricella,3,0,3
marel,3,0,3
prampram,3,0,3
peskin,3,0,3
peioleate,3,0,3
gastrin/cck,3,0,3
kievit,3,0,3
siastatinb,3,0,3
iproniazide,3,0,3
hydroxychloroquine/azithromycine,3,0,3
polygonumcuspidatumsieb,3,0,3
holyrine,3,0,3
pityriacitrin,3,0,3
zhigao,3,0,3
mr-proadm,3,0,3
ectin,3,0,3
styloguanidines,3,0,3
polydiscamides,3,0,3
halicylindramides,3,0,3
phakellistatins,3,0,3
hymenamides,3,0,3
palauolol,3,0,3
stelliferin,3,0,3
aurorals,3,0,3
jaspolide,3,0,3
stryker,3,0,3
ceramic,3,0,3
gertrude,3,0,3
ionic,3,0,3
methlyprednisolone,3,0,3
cot,3,0,3
occidente,3,0,3
segev,3,0,3
asp47,3,0,3
maltol,3,0,3
sucrosomial,3,0,3
cytocam,3,0,3
stabilizer,3,0,3
myrtuscommunis,3,0,3
vaginum,3,0,3
m.tuberculosis,3,0,3
isav-hprδ,3,0,3
endothia,3,0,3
l-60,3,0,3
deonarine,3,0,3
atovaquon/,3,0,3
25-(oh)-vitamind,3,0,3
rivulorum,3,0,3
kassel,3,0,3
atgl-1,3,0,3
satty,3,0,3
r-da-epoch,3,0,3
chiffon,3,0,3
tripartite,3,0,3
petak,3,0,3
mir-675,3,0,3
isochrysis,3,0,3
nikethamide,3,0,3
daun,3,0,3
h.flava,3,0,3
bime,3,0,3
neoproterozoic,3,0,3
trim16,3,0,3
prosopisjuliflora,3,0,3
oxytocinase,3,0,3
metamos,3,0,3
bialystok,3,0,3
pvi/dexamethasone,3,0,3
resolvine2,3,0,3
fátima,3,0,3
hiv-nef,3,0,3
dexter,3,0,3
oran,3,0,3
noontomorrow,3,0,3
single-doseinfluenzavaccine,3,0,3
rosea,3,0,3
hydromethanolic,3,0,3
quin-c7,3,0,3
psicologia,3,0,3
o-,3,0,3
ozone-oxygen,3,0,3
anti-fibrinogen,3,0,3
(-)-ephedrine,3,0,3
antibiotics-antimycotic,3,0,3
hexahydroindazole,3,0,3
ndc80,3,0,3
ccr,3,0,3
radixbupleurae,3,0,3
lsm1,3,0,3
hacpv-5,3,0,3
desigo,3,0,3
abirami,3,0,3
novoseven,3,0,3
flea,3,0,3
benzoylperoxide,3,0,3
rapi-fit,3,0,3
mir204,3,0,3
heike,3,0,3
nephronectin,3,0,3
ten,3,0,3
dihydroteleocidin,3,0,3
bacillariolide,3,0,3
penostatins,3,0,3
nigricanoside,3,0,3
hydroxydictyodial,3,0,3
s.thunbergii,3,0,3
laurepinacine,3,0,3
telfairine,3,0,3
dichloro-acetamide,3,0,3
iso-obtusol,3,0,3
lanosol,3,0,3
snyderol,3,0,3
viceversa,3,0,3
hunnan,3,0,3
pseudomonas,3,0,3
inimex,3,0,3
yexin,3,0,3
hepta-adenosine,3,0,3
piperacillinsodium,3,0,3
kasparov,3,0,3
tononi,3,0,3
pegylatedinterferon-alpha,3,0,3
steeringgroup,3,0,3
hpv-encoded,3,0,3
a-101,3,0,3
a-132,3,0,3
a-135,3,0,3
afra,3,0,3
graphenenanosheets,3,0,3
ochratoxinb,3,0,3
potassiumthioacetate,3,0,3
thioacetate,3,0,3
pallidum,3,0,3
bowman,3,0,3
chatelain,3,0,3
amoxicillin-clavulinic,3,0,3
alagille,3,0,3
keletra,3,0,3
psmd2,3,0,3
pivalate,3,0,3
ala-me,3,0,3
alam,3,0,3
g/cephalosporin,3,0,3
phenylacetate,3,0,3
wfta,3,0,3
esme,3,0,3
hybridon,3,0,3
-dolutegravir,3,0,3
arisan,3,0,3
ml336,3,0,3
nicotamide,3,0,3
ziogas,3,0,3
jacobson,3,0,3
menofia,3,0,3
il-28rα,3,0,3
amoxicilline-clavulanate,3,0,3
met(te,3,0,3
diphenylalanine,3,0,3
leucania,3,0,3
@,3,0,3
mohapatra,3,0,3
isocoparin,3,0,3
gluconapoleiferin,3,0,3
ifosfamide/carboplatin/etoposide,3,0,3
primaquine-ferrocene,3,0,3
17b‐estradiol,3,0,3
venator,3,0,3
5-fluoro-2′-deoxyuridine,3,0,3
beyersdorff,3,0,3
varicosavirus,3,0,3
selaginelladoederleinii,3,0,3
sfsv,3,0,3
pcr.it,3,0,3
cooperia,3,0,3
zuckerfatty,3,0,3
pvp-i.,3,0,3
sirna-1,3,0,3
gnps,3,0,3
safaricom,3,0,3
musk-mg,3,0,3
calanthesimilisschltr,3,0,3
lindl,3,0,3
antiheat,3,0,3
salida,3,0,3
slaytor,3,0,3
coma-,3,0,3
sqstm1/p62,3,0,3
oudined,3,0,3
"1,25-dyhydroxyvitamind3",3,0,3
mayar,3,0,3
isoscutellarein,3,0,3
cotrim,3,0,3
cysteine/glutamate,3,0,3
peitz,3,0,3
economides,3,0,3
valman,3,0,3
metallochelating,3,0,3
mestinon,3,0,3
sor,3,0,3
endostaplers,3,0,3
citrusbergamia,3,0,3
thiocticacid,3,0,3
nakamura,3,0,3
betel,3,0,3
fauna,3,0,3
calciumsulphate,3,0,3
psilostachyin,3,0,3
surfactantlipoproteins,3,0,3
laivh7n3,3,0,3
ephrinb2,3,0,3
kissi,3,0,3
erythromycin-tetracycline,3,0,3
door,3,0,3
ley,3,0,3
stenose,3,0,3
amphob.,3,0,3
fenollar,3,0,3
3h-palmiticacid,3,0,3
p53-mut,3,0,3
deborah,3,0,3
vitavax,3,0,3
marihuana,3,0,3
nsp13-y541c,3,0,3
aggestam,3,0,3
bovinepapillomavirus,3,0,3
trigonocephalum,3,0,3
l’hydroxychloroquine,3,0,3
d’ipratropium,3,0,3
burtin,3,0,3
phytopath,3,0,3
kubica,3,0,3
mathias,3,0,3
anti-inhibitor,3,0,3
e.stolonifera,3,0,3
cytoglobin,3,0,3
anr-13-bsv3,3,0,3
fyodor,3,0,3
stinger,3,0,3
fumicino,3,0,3
gadafi,3,0,3
triglycinesulfate,3,0,3
askenazy,3,0,3
suxin,3,0,3
epa/dha,3,0,3
aq-artesunate,3,0,3
ranbp5,3,0,3
sulfosuccinimidobiotin,3,0,3
ibrutinib/,3,0,3
nsc99-2221-e-033-052,3,0,3
sycamore,3,0,3
myelin,3,0,3
amoxycillin+clavulanic,3,0,3
siglec-10,3,0,3
is1,3,0,3
dihydrocytochalasinb,3,0,3
gogas,3,0,3
duluth,3,0,3
emu,3,0,3
schiavone,3,0,3
zikvzv,3,0,3
vernix,3,0,3
monostroma,3,0,3
nim,3,0,3
leucoanthocyanidin,3,0,3
utg,3,0,3
dalfopristin-quinupristin,3,0,3
qui,3,0,3
meticilline,3,0,3
cooperative,3,0,3
mycoline,3,0,3
firsov,3,0,3
busseri,3,0,3
tataricus,3,0,3
irigenin,3,0,3
belamcandachinensis,3,0,3
crv431-,3,0,3
siramshetty,3,0,3
sophorcarpidine,3,0,3
tcant2,3,0,3
cillia,3,0,3
dicysteines,3,0,3
camet,3,0,3
ramet,3,0,3
mineraloil,3,0,3
ltr-iii,3,0,3
subrank,3,0,3
digel,3,0,3
fiblaferon,3,0,3
ifn‐α/amantadine,3,0,3
ibavirin,3,0,3
mitralic,3,0,3
prostaglandinisomer,3,0,3
ugp,3,0,3
alliumcepa,3,0,3
acridinium-labeled,3,0,3
benzopurpurinb,3,0,3
acetil,3,0,3
emm,3,0,3
zygomaticus,3,0,3
c-cbl,3,0,3
pvp-modifiedag-nps,3,0,3
v02,3,0,3
btv-3,3,0,3
hsproteoglycan,3,0,3
diabeticum,3,0,3
razor,3,0,3
ansule,3,0,3
warmest,3,0,3
ocv,3,0,3
taxcredits,3,0,3
altus,3,0,3
soyoil,3,0,3
amphotericineb,3,0,3
hyperventilation,3,0,3
pifn-beta-luc,3,0,3
prostitution,3,0,3
keto,3,0,3
epyc,3,0,3
resnet-1001-v2,3,0,3
cirna,3,0,3
leptinotarsa,3,0,3
radish,3,0,3
ev-a71vaccine,3,0,3
atrn,3,0,3
mazuri,3,0,3
hbd1,3,0,3
cyanidin-3-o-arabinoside,3,0,3
cyanidin-3-o-xyloside,3,0,3
chokeberry,3,0,3
gli-1,3,0,3
vitamind1,3,0,3
zeylanicumbark,3,0,3
silvernanocomplex,3,0,3
yada,3,0,3
roridin,3,0,3
mir‐146a,3,0,3
t-pa,3,0,3
vp1a,3,0,3
~110,3,0,3
6-shogaol,3,0,3
hcv-p7,3,0,3
soso,3,0,3
montane,3,0,3
elderberryjuice,3,0,3
reinol,3,0,3
acetylethylamine,3,0,3
dc838,3,0,3
tacrolimusdosen,3,0,3
mc160,3,0,3
malayalam,3,0,3
loggerhead,3,0,3
β-purothionin,3,0,3
potus,3,0,3
methylprednisolene,3,0,3
trichlormethiazide,3,0,3
floreana,3,0,3
azdhs,3,0,3
lwa,3,0,3
anti-c5,3,0,3
k-gluconate,3,0,3
palustris,3,0,3
h.leucospilota,3,0,3
cavourensis,3,0,3
neodiprion,3,0,3
ccr5δ32,3,0,3
etoh,3,0,3
4-(r)-hydroxyproline,3,0,3
ell,3,0,3
pentostatine,3,0,3
sudbury,3,0,3
p-nitrophenolacetate,3,0,3
l.mesenteroides,3,0,3
hfa-flunisolide,3,0,3
radixpolygonimultiflori,3,0,3
rhizomarhei,3,0,3
shrna,3,0,3
valeri,3,0,3
bcl-2/bcl-xl,3,0,3
merel,3,0,3
pul36,3,0,3
pycharm,3,0,3
5-fluorouracil-based,3,0,3
dngr-1,3,0,3
pego,3,0,3
cyclosporina-analog,3,0,3
integra,3,0,3
escrow,3,0,3
phosphinates,3,0,3
psd-95,3,0,3
mir172a,3,0,3
gnrh-i,3,0,3
microrna-17,3,0,3
andrei,3,0,3
bellucci,3,0,3
kinnier,3,0,3
uto-aztecan,3,0,3
cocoliztli,3,0,3
luteolin-7-o-glucoside,3,0,3
4cl,3,0,3
rhantus,3,0,3
krastev,3,0,3
enfurvitide,3,0,3
acetyl-ß-methylcholine,3,0,3
cys115,3,0,3
hatemi-j,3,0,3
irandost,3,0,3
valerii,3,0,3
anton,3,0,3
vandeleuria,3,0,3
kaouthiagin,3,0,3
javanainen,3,0,3
kayacetin,3,0,3
rtp,3,0,3
4egi‐1,3,0,3
docetaxol,3,0,3
ppara,3,0,3
anti-parkin,3,0,3
celloidin,3,0,3
antel,3,0,3
benzoyl,3,0,3
brenda,3,0,3
paratone,3,0,3
6lu7,3,0,3
hypo-vitamin,3,0,3
gut,3,0,3
raptor,3,0,3
cyclamate,3,0,3
anticholinergikum,3,0,3
chp.,3,0,3
romir,3,0,3
fabius,3,0,3
rhum,3,0,3
melphalan-alone,3,0,3
coxackievirusa21,3,0,3
lauria,3,0,3
maxsat,3,0,3
cxy,3,0,3
heparin-block,3,0,3
a.vulgare,3,0,3
armadillidium,3,0,3
chloroethyl,3,0,3
bortezomib-thalidomide-dexamethasone,3,0,3
bortezomib-melphalan-prednisone,3,0,3
thalidomide/,3,0,3
themf59™,3,0,3
polyprotein1a/polyprotein,3,0,3
chymotrypsin-3c,3,0,3
lactococcalvaccine,3,0,3
erginerginoz,3,0,3
tc¯,3,0,3
trovan,3,0,3
asa-plus-caffeine,3,0,3
dalcetrapib,3,0,3
virochip,3,0,3
diphosphate,3,0,3
tenofovir/emtricitabine/efavirenz,3,0,3
boeri,3,0,3
chai-hu-shu-gan,3,0,3
bupleurumfalcatum,3,0,3
"da-chai-hu-tang,xiao-chai-hu-tang",3,0,3
firas,3,0,3
aeropuertos,3,0,3
uruguay,3,0,3
tversky,3,0,3
sprays,3,0,3
waclaw,3,0,3
twfr,3,0,3
prka,3,0,3
tsamardinos,3,0,3
gautret,3,0,3
cbp/p300,3,0,3
arthur,3,0,3
tamsin,3,0,3
flis,3,0,3
lupas,3,0,3
arum,3,0,3
fpa-bpnn,3,0,3
propionylpromazine·hcl,3,0,3
pan’20,3,0,3
siamese,3,0,3
protatak,3,0,3
mir-576-3p,3,0,3
lopinavir/ritonavir/oseltamivir,3,0,3
m46,3,0,3
keratocyst,3,0,3
dtf,3,0,3
kadish,3,0,3
choriocarcinoma,3,0,3
pchs-bacillus,3,0,3
bromodichloromethane,3,0,3
n-paraffins,3,0,3
calciumhydroxyapatite,3,0,3
biofeedback,3,0,3
didan,3,0,3
bothell,3,0,3
hr@5,3,0,3
insulin/dextrose,3,0,3
tees,3,0,3
lvad,3,0,3
beta-d-glucan,3,0,3
darevskia,3,0,3
siamesenet,3,0,3
coquerel,3,0,3
dromaius,3,0,3
domi,3,0,3
erythron,3,0,3
arbab,3,0,3
rapiacta,3,0,3
galectin‐3,3,0,3
cyprianic,3,0,3
n-adenosine,3,0,3
sylvaticus,3,0,3
ma15.ribavirin,3,0,3
goosander,3,0,3
togas,3,0,3
methgb,3,0,3
busillo,3,0,3
remdesivir/fravipiravir,3,0,3
advax-adjuvantedtiv,3,0,3
nex,3,0,3
iota-caraageenan,3,0,3
closantelsodium,3,0,3
jaboticabal,3,0,3
cidofovir-dp,3,0,3
tenofovir-dp,3,0,3
emtricitabine-tp,3,0,3
gan-tp,3,0,3
gc12s,3,0,3
ayush,3,0,3
dosa,3,0,3
briganti,3,0,3
arnulf,3,0,3
solulin,3,0,3
soybeanisoflavones,3,0,3
3-methyl-pyridine,3,0,3
hygromicin,3,0,3
hrb,3,0,3
bat-sl-cov,3,0,3
philum,3,0,3
ribavirin‐,3,0,3
hpve1,3,0,3
protium,3,0,3
prednisone/dexamethasone,3,0,3
termociclador,3,0,3
pf-05175157,3,0,3
sef1,3,0,3
argatroban-thrombin,3,0,3
alg1,3,0,3
capc,3,0,3
t-001,3,0,3
xscufl,3,0,3
argaman,3,0,3
heide,3,0,3
stinson,3,0,3
rbv/rifn-α2b,3,0,3
natricum,3,0,3
cpmd,3,0,3
peginterferon-lambda,3,0,3
cyp2c19,3,0,3
omalu,3,0,3
mafia,3,0,3
chol-r9,3,0,3
bva-doxa,3,0,3
interferon-alfa-2b,3,0,3
tahsilgaraḍ,3,0,3
zakariya,3,0,3
rosadamascena,3,0,3
capsulatum,3,0,3
ligula,3,0,3
chaetocladius,3,0,3
honeysuckle-forsythia,3,0,3
att-b,3,0,3
hspa1,3,0,3
trioxane,3,0,3
orthoquinpdi,3,0,3
psychotische,3,0,3
dare,3,0,3
tp53-dd,3,0,3
rbd/heparin,3,0,3
toc.,3,0,3
dafu,3,0,3
g-odn,3,0,3
riboguanosine,3,0,3
ards,3,0,3
simetar,3,0,3
mirna-124,3,0,3
tetramethrin,3,0,3
ptgs1,3,0,3
sj02,3,0,3
mir-410,3,0,3
mir-105-5p,3,0,3
stalosan,3,0,3
dyramycin-biotin,3,0,3
clsc,3,0,3
pegylating,3,0,3
clorambucil,3,0,3
anticoagulation,3,0,3
ngr-modified,3,0,3
msc2,3,0,3
korilin,3,0,3
of,3,0,3
netica,3,0,3
solove,3,0,3
β-glo,3,0,3
ammoniumglycyrrhizate,3,0,3
militar,3,0,3
provan,3,0,3
carbodiimides,3,0,3
dunayevskaya,3,0,3
quercetin-3-o-aminoacid-esters,3,0,3
ananas,3,0,3
soymilk,3,0,3
post-melamine,3,0,3
flavacinm1,3,0,3
azithromycin-chloroquine,3,0,3
furoate,3,0,3
q3w,3,0,3
mayr,3,0,3
porcilispcv,3,0,3
ruboxistaurin,3,0,3
nlee,3,0,3
nk-lysin,3,0,3
tomasaku,3,0,3
jak1,3,0,3
bkv-mir-b1,3,0,3
molluscipoxvirus,3,0,3
deltavirus,3,0,3
erythromycin/sulfisoxazole,3,0,3
angii-sace,3,0,3
mihalcea,3,0,3
quolibetverum,3,0,3
geraldine,3,0,3
lk2-11a,3,0,3
lk2-,3,0,3
ethanercept,3,0,3
branson,3,0,3
oxymax,3,0,3
dekati,3,0,3
mdea,3,0,3
tito,3,0,3
ivax,3,0,3
hll,3,0,3
phaedranassa,3,0,3
heptane,3,0,3
hcov-nl631a,3,0,3
mir-544antagomir,3,0,3
azac,3,0,3
bertino,3,0,3
scenedesmus,3,0,3
antimoniumtungstate,3,0,3
bellardii,3,0,3
hydrochlorus,3,0,3
rapinat,3,0,3
tetraethoxypropane,3,0,3
c.asiaticum,3,0,3
longumspm1205,3,0,3
cortex-m4,3,0,3
glutathionylated,3,0,3
protectind1,3,0,3
advan,3,0,3
masulis,3,0,3
infovigil,3,0,3
merin,3,0,3
ub-conjugates,3,0,3
β-d-galactopyranoside,3,0,3
bard,3,0,3
rugosathunb,3,0,3
antisurfactant,3,0,3
landesgericht,3,0,3
neuzil,3,0,3
erdil,3,0,3
saldana,3,0,3
oxygenperoxide,3,0,3
byelorussia,3,0,3
tbe,3,0,3
sweeney,3,0,3
suls,3,0,3
pyloricus,3,0,3
n-ethylmaleimide,3,0,3
lycocarinatine,3,0,3
trev,3,0,3
d.crassirhizoma,3,0,3
p.triloba,3,0,3
phymatopteris,3,0,3
baicalin-andrographolide,3,0,3
sfdrr,3,0,3
nc8-psip409-pgsa'-s-dcpep,3,0,3
h.influenzaeconjugate,3,0,3
permethylated,3,0,3
triamcinolonehexacetonide,3,0,3
denv-28h2,3,0,3
cryogen,3,0,3
inamine,3,0,3
probioticsupplementation,3,0,3
lilrb2d1,3,0,3
mir-101-3p,3,0,3
novaferon,3,0,3
para-nitroanilin,3,0,3
kristalloider,3,0,3
kristalloidelösungen,3,0,3
isotopomers,3,0,3
denv-3,3,0,3
sodium-calcium,3,0,3
ace-angiotensin,3,0,3
tripeptideggd,3,0,3
smider,3,0,3
uberlândia,3,0,3
carboxymycobactincarboxylate,3,0,3
chlortetracyclinehydrochloride,3,0,3
maccampath,3,0,3
zolinza,3,0,3
endemisch,3,0,3
bexaroten,3,0,3
intellicyt,3,0,3
dragmacidon,3,0,3
gla-se,3,0,3
ethanol70,3,0,3
r-l3,3,0,3
agonist-antagonist,3,0,3
climbazole,3,0,3
ceacam2,3,0,3
anti-pneumococcalvaccine,3,0,3
mojica,3,0,3
ns2b/3,3,0,3
imids,3,0,3
tat(44–61,3,0,3
liposome-encapsulated,3,0,3
ev-71,3,0,3
il11,3,0,3
serotonergic,3,0,3
lh/hcg,3,0,3
6-hydroxychlorzoxazone,3,0,3
griswold,3,0,3
morabine,3,0,3
radr,3,0,3
rehmanniaeradix,3,0,3
ago3,3,0,3
ago4,3,0,3
tsc-22,3,0,3
diazo,3,0,3
1h-tetrazoles,3,0,3
bidar,3,0,3
bcss,3,0,3
lithotrity,3,0,3
cr3014,3,0,3
anti-lyndon,3,0,3
rwc,3,0,3
jean-jacques,3,0,3
macleayacordata,3,0,3
piperidines,3,0,3
anti-hemophilus,3,0,3
danzon,3,0,3
5-hexachlorofuorescein,3,0,3
dobrin,3,0,3
cdc28,3,0,3
ben-hcl,3,0,3
kip,3,0,3
chlorhexidine/2,3,0,3
quinoline-sulfonamide,3,0,3
ergen,3,0,3
encepur,3,0,3
antilocapra,3,0,3
ngf,3,0,3
cs1,3,0,3
chondrone,3,0,3
arb/arp,3,0,3
moexiprilat,3,0,3
polycytosine,3,0,3
glycopyronium,3,0,3
hydro-alcoholic,3,0,3
achillea,3,0,3
anti-annexina2,3,0,3
nos-hcq,3,0,3
prophenin,3,0,3
baceridin,3,0,3
ζ-oxygen,3,0,3
ε-oxygen,3,0,3
7)sodium,3,0,3
cytidinehydrochloride,3,0,3
diprolines,3,0,3
anti-tnfr1,3,0,3
influenzavirus,3,0,3
dopamine-agonists,3,0,3
hpvs,3,0,3
heparans,3,0,3
bendiocarb,3,0,3
artemisinin-combination,3,0,3
amfm,3,0,3
myd88,3,0,3
glox,3,0,3
ace2-s680,3,0,3
(s)-warfarin,3,0,3
rtv/indinavir,3,0,3
sr1,3,0,3
mt145,3,0,3
chrysomia,3,0,3
bu/flu,3,0,3
lmbcyclin,3,0,3
antihistaminergic,3,0,3
tamarins,3,0,3
tamarin,3,0,3
floslonicerae(jinyinhua,3,0,3
fructusforsythiae(lianqiao,3,0,3
peg3,3,0,3
isoflavanones,3,0,3
isoflavenes,3,0,3
cupridyne,3,0,3
ksbcl-2,3,0,3
o174,3,0,3
edta-imipenem,3,0,3
klaus,3,0,3
enoxaparin-de6s,3,0,3
trichothecene,3,0,3
cribrostatin,3,0,3
hamigeran,3,0,3
price,3,0,3
cholburi,3,0,3
trail-r4,3,0,3
leu-gln*ser-ala-gly,3,0,3
raltegraviris,3,0,3
m27f,3,0,3
antihuman,3,0,3
pde4dip,3,0,3
arindam,3,0,3
mir-17-,3,0,3
tnfsf,3,0,3
brd4l,3,0,3
g.pentaphyllum,3,0,3
rubeosis,3,0,3
midazolam-ketoconazole,3,0,3
omb,3,0,3
metfs,3,0,3
famosa,3,0,3
ttf-1,3,0,3
aristolochiafangchi,3,0,3
cadila,3,0,3
mangrove,3,0,3
ev-g.,3,0,3
β-carotene/linoleicacid,3,0,3
c-ring,3,0,3
metocurine,3,0,3
p.sinensis,3,0,3
confianza,3,0,3
seetin,3,0,3
zeolite,3,0,3
raptis,3,0,3
npc2,3,0,3
gadget,3,0,3
t39,3,0,3
wacc,3,0,3
pedra,3,0,3
lytafit,3,0,3
vod.,3,0,3
dithiols,3,0,3
potassiumglutamate,3,0,3
pcv,3,0,3
glicladicillin,3,0,3
gliocladicillin,3,0,3
α-secretase,3,0,3
chimerolectins,3,0,3
nitroxyl,3,0,3
heker,3,0,3
beigelii,3,0,3
mir-200,3,0,3
cefibuten,3,0,3
lnanucleotide,3,0,3
sodiumbromide,3,0,3
strazicich,3,0,3
pitta,3,0,3
friberg,3,0,3
perez-lt,3,0,3
xidu,3,0,3
monoub-conjugated,3,0,3
sordarin,3,0,3
anti-e,3,0,3
fluoro-quinolones,3,0,3
fosfomycine-trometamol,3,0,3
angiostrogylus,3,0,3
a-d-dextran,3,0,3
rtxa,3,0,3
rlg,3,0,3
jaro,3,0,3
hyopocretins,3,0,3
dantoine,3,0,3
alessia,3,0,3
katamin,3,0,3
pseudouridine-modified,3,0,3
25(oh)d2,3,0,3
ketoglutamine,3,0,3
t1249,3,0,3
mir17,3,0,3
phenylephrinehydrochloride,3,0,3
ljf,3,0,3
carfizomib,3,0,3
telesto,3,0,3
trx,3,0,3
isocyanate,3,0,3
loreau,3,0,3
ubs1,3,0,3
dipivefrin,3,0,3
bv-chp,3,0,3
oxyuranus,3,0,3
sylvester,3,0,3
bortezomib/dexamethasone,3,0,3
1-methylimidazole,3,0,3
c-rifampin,3,0,3
larp7,3,0,3
vaccinia,3,0,3
chitosan-pdna,3,0,3
etha-nol,3,0,3
βglucan,3,0,3
aetinomyein,3,0,3
bil-stm,3,0,3
succinic,3,0,3
chopra,3,0,3
chiron,3,0,3
gase,3,0,3
busulfan-fludarabine,3,0,3
o-omeprazole,3,0,3
peptoids,3,0,3
acetaldehyde-protein,3,0,3
.morphine,3,0,3
vidarabina,3,0,3
amoxicillinclavulanicacid,3,0,3
grampos,3,0,3
veraset,3,0,3
penicillingabe,3,0,3
vancomycintherapie,3,0,3
piera,3,0,3
streptavidinperoxidase,3,0,3
bolus,3,0,3
sopranos,3,0,3
tr-mra,3,0,3
sclerotheraphy,3,0,3
campath-h,3,0,3
hepcidine,3,0,3
coumadine,3,0,3
dapta,3,0,3
nervenarzt,3,0,3
aaa,3,0,3
b2-agonists,3,0,3
amodiaquin,3,0,3
b-casein,3,0,3
pilp,3,0,3
bood,3,0,3
sabellastarte,3,0,3
sasaquelpaertensis,3,0,3
skqr1,3,0,3
dobutamine-stress,3,0,3
intraarterial,3,0,3
a-205,3,0,3
ibuprofene,3,0,3
nasnetmobile,3,0,3
senantiomer,3,0,3
gdz,3,0,3
.nafamostat,3,0,3
nitex,3,0,3
hdmtx,3,0,3
chuvash,3,0,3
nrf,3,0,3
p-015,3,0,3
p-223,3,0,3
sgld,3,0,3
p-475,3,0,3
p-613,3,0,3
p-637,3,0,3
biotin-conjugated,3,0,3
.ifn-λ,3,0,3
peg-ifnalpha,3,0,3
.ammonium,3,0,3
-cyclosporine,3,0,3
nociceptin/orphanin,3,0,3
maquinal,3,0,3
tello,3,0,3
comycin,3,0,3
avitaminosis,3,0,3
pik3cd,3,0,3
ataxia,3,0,3
megalocornea,3,0,3
lenticonus,3,0,3
thelazia,3,0,3
cholecystectomy,3,0,3
.ifn-β,3,0,3
lab,3,0,3
trimethroprim-sulphamethoxazole,3,0,3
chloremphenicol,3,0,3
coxsackievirusa-4,3,0,3
sulproston,3,0,3
.tideglusib,3,0,3
leotide,3,0,3
tnfrsf4,3,0,3
zbl,3,0,3
heparin-biotin,3,0,3
pizzol,3,0,3
3d-resnet-gan,3,0,3
oseltami6ir,3,0,3
syntao,3,0,3
gonozyme,3,0,3
acepta,3,0,3
gilead,3,0,3
l-lactate,3,0,3
s.marianum,3,0,3
meroney,3,0,3
citrex,3,0,3
fride,3,0,3
s-hydroxychloroquine,3,0,3
(s)-hydroxychloroquine,3,0,3
bernadine,3,0,3
alis,3,0,3
hydroxicobalamin,3,0,3
asaii-iii,3,0,3
hatum,3,0,3
aerovanc,3,0,3
a-011,3,0,3
femur,3,0,3
fastrak,3,0,3
fuat,3,0,3
cruroraphy,3,0,3
inotrop,3,0,3
vitalik,3,0,3
hemos,3,0,3
impftabellarium,3,0,3
tollwut-impfung,3,0,3
obidoxim,3,0,3
saparin,3,0,3
woronin,3,0,3
se-i,3,0,3
hdaci,3,0,3
ebv-mir-bart6,3,0,3
d-viniferin,3,0,3
diaphragm,3,0,3
vivinex,3,0,3
thealoz,3,0,3
visus,3,0,3
prednisona,3,0,3
fxiiia,3,0,3
verril,3,0,3
yunnanbaiyao,3,0,3
alvedia,3,0,3
ß-hexosaminidase,3,0,3
polaramine,3,0,3
aubergine,3,0,3
bikini,3,0,3
benzyl-penicillin,3,0,3
minsk,3,0,3
mercurialis,3,0,3
antileucotriene,3,0,3
.cisplatin,3,0,3
wgg,3,0,3
insecta,3,0,3
5-methyl-cytosine,3,0,3
tnfrsf21,3,0,3
gemba,3,0,3
llins,3,0,3
thera,3,0,3
peginterferon-α-2a,3,0,3
azathioprindosis,3,0,3
diaphanous,3,0,3
ferenc,3,0,3
prox-1,3,0,3
brms1,3,0,3
argentophyllic,3,0,3
surfactan,3,0,3
papanicolao,3,0,3
teucrium,3,0,3
teucriumpolium,3,0,3
rainfall,3,0,3
auramin,3,0,3
mar,3,0,3
phenylthiocarbamide,3,0,3
quinine-hcl,3,0,3
urethralis,3,0,3
selenium-sulfur,3,0,3
peg-ifn-l1,3,0,3
etomidato,3,0,3
i'amantadine,3,0,3
iron-chelator,3,0,3
surfactant-defi,3,0,3
cpc-em,3,0,3
metformin+hcq,3,0,3
pparγ-ragaglitazar,3,0,3
juniperuscommunis,3,0,3
corylus,3,0,3
hydrocharis,3,0,3
cintia,3,0,3
saracen,3,0,3
.eucalyptus,3,0,3
evangelisches,3,0,3
mozambique,3,0,3
ftorafur,3,0,3
mazor,3,0,3
trimethadione,3,0,3
pentoxyfyllin,3,0,3
orampicillin/sulbactam,3,0,3
c1indamycin,3,0,3
gefitinb,3,0,3
g-pga,3,0,3
tillotts,3,0,3
chazin,3,0,3
denil,3,0,3
timoshenko,3,0,3
silveryoga,3,0,3
metimazol,3,0,3
proctor,3,0,3
n39k-cystatin,3,0,3
hypnoanalgesia,3,0,3
midazolam+,3,0,3
f-049,3,0,3
risto,3,0,3
alphalactalbumin,3,0,3
histaminehydrochloride,3,0,3
olopatadinehydrochloride,3,0,3
antihistamin,3,0,3
dexameth,3,0,3
scarpa,3,0,3
botnar,3,0,3
ifdil,3,0,3
anti-bactin,3,0,3
sufentanilmidazolam,3,0,3
lagartococha,3,0,3
piperacillina/tazobactam,3,0,3
phs,3,0,3
syrië,3,0,3
prima,3,0,3
teodorin,3,0,3
ant,3,0,3
ruzizi,3,0,3
testosteronecream,3,0,3
nthamine,3,0,3
amoxicillina,3,0,3
sulc,3,0,3
xerostomia,3,0,3
tricyclics,3,0,3
triethylamine-sulfur,3,0,3
fritillaria,3,0,3
raadp,3,0,3
eltroxin,3,0,3
klipstein,3,0,3
methadonehydrochloride,3,0,3
sulfurdioxide,3,0,3
hpv8,3,0,3
viagra1,3,0,3
nanospheres,3,0,3
abb.2,3,0,3
palabras,3,0,3
ace-2/ang(1-7)/mas,3,0,3
rfeifn-u,3,0,3
biovitrum,3,0,3
n-methanocarbathymidine,3,0,3
ketamine/diazepam,3,0,3
bmnpv,3,0,3
huemophilus,3,0,3
theophylline/kg,3,0,3
doxorubicinesalicylamide,3,0,3
scat,3,0,3
noether,3,0,3
prethrombin-2,3,0,3
ang(1-,3,0,3
sodiumphosphate,3,0,3
hbsaglipoprotein,3,0,3
amplatz,3,0,3
antiinsulin,3,0,3
escg,3,0,3
esvim,3,0,3
vitamined3,3,0,3
dace,3,0,3
paritaprevir/ritonavir,3,0,3
cervarixò,3,0,3
measles-mumpsrubella,3,0,3
phosphene,3,0,3
infliximabtherapie,3,0,3
4-methylumbelliferyl,3,0,3
acetyl-salicylate,3,0,3
ademe,3,0,3
ole1,3,0,3
chlo,3,0,3
heb,3,0,3
biotinavidin,3,0,3
radionuclide-morpholino,3,0,3
morpholino-peptide,3,0,3
melexis,3,0,3
starvax,3,0,3
gynoflor,3,0,3
samsara,3,0,3
foscarnetsodium,3,0,3
jacie,3,0,3
tartars,3,0,3
xed-dose,3,0,3
trishydrochloride,3,0,3
prius,3,0,3
ethanol/,3,0,3
präv,3,0,3
harmony,3,0,3
ahora,3,0,3
-pinene,3,0,3
-palivizumab,3,0,3
pegylatedinterferon,3,0,3
uros,3,0,3
galvan,3,0,3
nacetyl-cysteine,3,0,3
.kaempferol,3,0,3
s]-cysteine/methionine,3,0,3
.efavirenz,3,0,3
amylmetacresol,3,0,3
cit,3,0,3
zymosan,3,0,3
radiolabeling,3,0,3
kiprov,3,0,3
d-35,3,0,3
helmer,3,0,3
nsaid-bc,3,0,3
strike,3,0,3
pea,3,0,3
.n-acetylcysteine,3,0,3
myorelaxant,3,0,3
umifenovirumifenovir,3,0,3
eff-1,3,0,3
myotubularin,3,0,3
chd6,3,0,3
celerus,3,0,3
mir-172,3,0,3
detemir,3,0,3
rhtsh,3,0,3
mcgrath,3,0,3
capnobase,3,0,3
globe,3,0,3
hbv/b,3,0,3
dipivoxil/lamivudine,3,0,3
peginterferon-alfa-2a,3,0,3
fuso,3,0,3
aplio,3,0,3
ethash,3,0,3
lem,3,0,3
clemastinefumarate,3,0,3
4methylumbelliferone,3,0,3
varius,3,0,3
intravenöse,3,0,3
ribavirintherapie,3,0,3
h-mercaptoethanol,3,0,3
seguros,3,0,3
rubia,3,0,3
tnf-tx,3,0,3
maquin,3,0,3
stel,3,0,3
bactam,3,0,3
ha-vlp,3,0,3
comt,3,0,3
rose-anthocyanins,3,0,3
natriumbikarbonat,3,0,3
hydrocortisongabe,3,0,3
-streptomycin,3,0,3
urushiol,3,0,3
zanfel,3,0,3
nafcillin/oxacillin,3,0,3
zidovudine/,3,0,3
s-nitroso-nacetylpenicillamine,3,0,3
angiotensiniii,3,0,3
tolic,3,0,3
methylnitrosourea,3,0,3
.immunoglobulin,3,0,3
richardson,3,0,3
oseltamivir-or,3,0,3
scfg,3,0,3
vpg,3,0,3
ptide,3,0,3
cocleatum,3,0,3
nogen,3,0,3
jagam,3,0,3
cel-mir-39-3p,3,0,3
bucolic,3,0,3
dupraz,3,0,3
flupirtin,3,0,3
clemastin,3,0,3
epinastin,3,0,3
antiasthmatika,3,0,3
tiotropiumbromid,3,0,3
hexoprenalin,3,0,3
.sildenafil,3,0,3
pegfilgrastrim,3,0,3
polychemotherapie,3,0,3
metergolin,3,0,3
adiuretin,3,0,3
tolbutamid,3,0,3
estrogene,3,0,3
antiandrogene,3,0,3
choriongonadotropin,3,0,3
dermatika,3,0,3
eigene,3,0,3
alamin,3,0,3
alana,3,0,3
sulfosalicylic,3,0,3
denguevaccine,3,0,3
uryasev,3,0,3
higgs,3,0,3
d-36,3,0,3
o137,3,0,3
procain,3,0,3
kaempferolglycosides,3,0,3
hsk,3,0,3
isopropyl-,3,0,3
á/clavulanate,3,0,3
interferon/ribavirin,3,0,3
quinupristin/,3,0,3
ursofalk,3,0,3
rhugm-csf,3,0,3
telluric,3,0,3
blactams,3,0,3
acriflavin,3,0,3
noom,3,0,3
hashemian,3,0,3
withˇ-glucuronidase,3,0,3
vadim,3,0,3
politica,3,0,3
milne,3,0,3
p'50,3,0,3
dihydroxycholecalciferol,3,0,3
ll-gnn,3,0,3
mirvaso,3,0,3
atheris,3,0,3
dobutamine-tee,3,0,3
ioxaglate,3,0,3
collimator,3,0,3
c5ar1,3,0,3
estrus,3,0,3
nnmt,3,0,3
cysd,3,0,3
sed5p,3,0,3
betaxanthin,3,0,3
aetin,3,0,3
rhirudin,3,0,3
hlrudin,3,0,3
lmwheparin,3,0,3
clivadne,3,0,3
pfa-100,3,0,3
nedeed,3,0,3
.hydrocortisone,3,0,3
gelbfieber,3,0,3
heparin-mnc1,3,0,3
kerem,3,0,3
tiotropiumbromide,3,0,3
soskolne,3,0,3
tellina,3,0,3
tacrolimusspiegel,3,0,3
phentolamin,3,0,3
sympathische,3,0,3
bradykarde,3,0,3
enterobiasis,3,0,3
mansonella,3,0,3
pyrazolones,3,0,3
co-oximeter,3,0,3
flox,3,0,3
a-116,3,0,3
alara,3,0,3
lomycina1,3,0,3
crananidin,3,0,3
profender,3,0,3
emodepside,3,0,3
da-bert,3,0,3
mupirocineneuszalf,3,0,3
branta,3,0,3
comrad,3,0,3
visto,3,0,3
heparina,3,0,3
erp99,3,0,3
spirometrie,3,0,3
akh,3,0,3
motifolio,3,0,3
degas,3,0,3
arin,3,0,3
colitis,3,0,3
jakarta,3,0,3
rhupus,3,0,3
stene,3,0,3
trimethoprim±sulphamethoxazole,3,0,3
australiensis,3,0,3
jamaraat,3,0,3
glehniae,3,0,3
eritromicina,3,0,3
.celecoxib,3,0,3
-propranolol,3,0,3
insulin-transferrin-selenium,3,0,3
saline-cocaine,3,0,3
gabon,3,0,3
evento,3,0,3
~-agonist,3,0,3
~-agonists,3,0,3
herp,3,0,3
svn,3,0,3
cvd,3,0,3
mir200,3,0,3
estrogen-progesterone,3,0,3
gastromiro,3,0,3
t-12,3,0,3
multislice-ct,3,0,3
ketogene,3,0,3
8methoxypsoralen,3,0,3
ivermectin-a,3,0,3
hemopoietin,3,0,3
mycenae,3,0,3
eutin,3,0,3
josef,3,0,3
talaporfin,3,0,3
rotablator,3,0,3
iodizedoil,3,0,3
duplex,3,0,3
n-butylcyanoacrylate,3,0,3
gyn,3,0,3
p-35,3,0,3
p-48,3,0,3
acstb,3,0,3
p-59,3,0,3
p-60,3,0,3
p-83,3,0,3
p-90,3,0,3
p-91,3,0,3
p-447,3,0,3
dopo,3,0,3
nrp1,3,0,3
medetomidine-ketamine,3,0,3
ammonium-chloridepotassium,3,0,3
fludarabine-based,3,0,3
tbi/cyclophosphamide,3,0,3
fludarabine/melphalan,3,0,3
filgrastrim,3,0,3
p837,3,0,3
nhf,3,0,3
oxidants,3,0,3
kitami,3,0,3
venustatriol,3,0,3
erythrolide,3,0,3
hypoxanthineguanine,3,0,3
mifare,3,0,3
c]-chloramphenicol,3,0,3
donut,3,0,3
bariumenema,3,0,3
bhs,3,0,3
gadget2,3,0,3
hearin,3,0,3
ziberov,3,0,3
antiannexin,3,0,3
inophyllums,3,0,3
bulgaricus,3,0,3
rudr-bert,3,0,3
kardiovaskuläre,3,0,3
agin,3,0,3
aplicando,3,0,3
transarterial,3,0,3
acetabuloplasty,3,0,3
sede,3,0,3
azs,3,0,3
p-52,3,0,3
p-67,3,0,3
p-68,3,0,3
p-71,3,0,3
p-80,3,0,3
p-94,3,0,3
p-96,3,0,3
p-99,3,0,3
p-420,3,0,3
p-462,3,0,3
p-490,3,0,3
p-609,3,0,3
p-612,3,0,3
p-620,3,0,3
p-648,3,0,3
p-655,3,0,3
p-664,3,0,3
amphetaminen,3,0,3
chol-r,3,0,3
3ss-methionine,3,0,3
casperome,3,0,3
dunlap,3,0,3
pochet,3,0,3
xiang,3,0,3
diofant,3,0,3
antip,3,0,3
benoxaprofen,3,0,3
mav,3,0,3
enero,3,0,3
eotide,3,0,3
serol,3,0,3
eucine,3,0,3
hlgalactose,3,0,3
avidinebiotineperoxidase,3,0,3
pde10,3,0,3
diflorasone,3,0,3
3-hpma,3,0,3
.pneumococcus,3,0,3
o-068,3,0,3
o-071,3,0,3
o-079,3,0,3
o-092,3,0,3
5-aza-2'deoxycytidine,3,0,3
o-101,3,0,3
o-106,3,0,3
o-152,3,0,3
madura,3,0,3
osteoclastoma,3,0,3
p-388,3,0,3
cladosporiumbantianum,3,0,3
p-429,3,0,3
p-435,3,0,3
p-466,3,0,3
wagner,3,0,3
calcetines,3,0,3
fluticasone/eformoterol,3,0,3
summary/conclusions,3,0,3
tocodynamometer,3,0,3
ecc1,3,0,3
tlr-4,3,0,3
thrombospondin-1,3,0,3
asoprisnil,3,0,3
heparin-protamine,3,0,3
.progesterone,3,0,3
pelagidis,3,0,3
theravance,3,0,3
heap,3,0,3
sh-uridine,3,0,3
a57,3,0,3
orem,3,0,3
gsnor,3,0,3
hatha,3,0,3
propranol,3,0,3
hypnotherapy,3,0,3
a2-adrenergic,3,0,3
dexeus,3,0,3
s.boulardii,3,0,3
hisrs,3,0,3
"1,25dihydroxyvitamind3",3,0,3
p1077,3,0,3
lascorbicacid,3,0,3
clorsulon,3,0,3
o-034,3,0,3
o-064,3,0,3
o-065,3,0,3
x-proline,3,0,3
carglumicacid,3,0,3
agat,3,0,3
drotaa,3,0,3
trichoecius,3,0,3
berol,3,0,3
energel,3,0,3
lamol,3,0,3
medika,3,0,3
o16,3,0,3
furosemida,3,0,3
antiadenoviral,3,0,3
anticholesterol,3,0,3
photometry,3,0,3
ioxiglumide,3,0,3
lilac,3,0,3
lexipafant,3,0,3
polymake.jl,3,0,3
mologen,3,0,3
niels,3,0,3
"mirnas-namelyaae-mir-10-5p,aae-mir-11-5p,aar-mir-278-3p,aae-mir-282-5p,aae-mir-286a-3p,aae-mir-286b-3p,aae-mir-316-5p",3,0,3
oxalicum,3,0,3
icaria,3,0,3
arthritisrheum,3,0,3
fluticasone-salmeterol,3,0,3
oxacarbazepine,3,0,3
pnu,3,0,3
holography,3,0,3
narghile,3,0,3
yeastolate,3,0,3
nevada,3,0,3
tiamazol,3,0,3
serraria,3,0,3
gemcitabinebased,3,0,3
doce,3,0,3
curso,3,0,3
u.jaculata,3,0,3
e.armeniaca,3,0,3
euribia,3,0,3
b-purothionin,3,0,3
4-aminopyridine,3,0,3
silverin,3,0,3
clamin,3,0,3
erol,3,0,3
ferrioxamine,3,0,3
bia,3,0,3
fl-glucuronidase,3,0,3
.^^'^^,3,0,3
md-80,3,0,3
metaneumovirus,3,0,3
btc/usdt,3,0,3
inogen,3,0,3
gik,3,0,3
thatwe,3,0,3
.pleconaril,3,0,3
kotil,3,0,3
opal,3,0,3
rchspb,3,0,3
trexate,3,0,3
stomaphyx,3,0,3
methylen,3,0,3
piedra,3,0,3
±nelfinavir,3,0,3
roactemra,3,0,3
anti-tocilizumab,3,0,3
erythromycin/,3,0,3
haplosamate,3,0,3
kaolinpectin,3,0,3
sm).it,3,0,3
gemin4,3,0,3
gnx,3,0,3
intracarotid,3,0,3
morvan,3,0,3
hershey,3,0,3
chloroformimethanol,3,0,3
pbsglycine,3,0,3
igin,3,0,3
ankylostomiasis,3,0,3
sporanox,3,0,3
sunyaev,3,0,3
hidradenitis,3,0,3
parafilaria,3,0,3
kirilin,3,0,3
.leflunomide,3,0,3
hydroxycholoroquine+azithromycin,3,0,3
siva,3,0,3
bronchodilative,3,0,3
tarsus,3,0,3
daminoacids,3,0,3
sws,3,0,3
bilioplasty,3,0,3
f24,3,0,3
descemetocele,3,0,3
xanthones,3,0,3
isorank,3,0,3
-ivermectin,3,0,3
fukase,3,0,3
ie,3,0,3
shellpetroleum,3,0,3
sumo-fgf21,3,0,3
rfgf21,3,0,3
mucositis,3,0,3
c]-methylated,3,0,3
-omtase-bictegravir,3,0,3
p32,3,0,3
ganciclovir-and,3,0,3
boosterdosis,3,0,3
ٗ,3,0,3
mir-331,3,0,3
ld-2,3,0,3
saxiphilin,3,0,3
murametide,3,0,3
toit,3,0,3
spycatcher,3,0,3
afs,3,0,3
-demeclocycline,3,0,3
-minocycline,3,0,3
itraconazolprofylaxe,3,0,3
calcofluor,3,0,3
ecdi,3,0,3
curcumin-2fa,3,0,3
amined,3,0,3
zbmd-1,3,0,3
c-secretase,3,0,3
obovatol,3,0,3
fludarabine-cyclophosphamide,3,0,3
atg/campath,3,0,3
kiadis,3,0,3
carreras,3,0,3
rgrfs,3,0,3
ad41,3,0,3
surfactant-a,3,0,3
wn50,3,0,3
diagnostiek,3,0,3
licogliflozin,3,0,3
lanifibranor,3,0,3
pifithrin-a,3,0,3
post-methylprednisolone,3,0,3
alexei,3,0,3
proetin,3,0,3
lipotropin-β,3,0,3
urotensin-2,3,0,3
epidaurus,3,0,3
danny,3,0,3
fosfomycin-trometamol,3,0,3
cardiol,3,0,3
korte,3,0,3
trudie,3,0,3
mir-219,3,0,3
ndp-msh,3,0,3
.digoxin,3,0,3
trichothecenes,3,0,3
gonzalo,3,0,3
asesorar,3,0,3
regionalanästhesie,3,0,3
sinc,3,0,3
mir2118,3,0,3
dornasealfa,3,0,3
triene,3,0,3
protamine/mrna,3,0,3
hivint,3,0,3
4aminoantipyrine,3,0,3
antifungale,3,0,3
clorox,3,0,3
cimisidee,3,0,3
rotavirion,3,0,3
l-leucine,3,0,3
.rimantadine,3,0,3
h-ezetimibe,3,0,3
terasvirta,3,0,3
mir-570-3p,3,0,3
sm/fp,3,0,3
gp69,3,0,3
giesen,3,0,3
noglobulin,3,0,3
matyash,3,0,3
trastuzumab-ifnα2b,3,0,3
prolinamide,3,0,3
á-tocopherol,3,0,3
palonosetron-bound,3,0,3
/isoflurane,3,0,3
-clindamycin,3,0,3
csa-2,3,0,3
pramāṇ,3,0,3
isodispar,3,0,3
c-t,3,0,3
pipercyclobutanamideb,3,0,3
-cyclophosphamide,3,0,3
mycophenolat-natrium,3,0,3
ang-(1,3,0,3
sema3a,3,0,3
neurosteroid,3,0,3
prrp,3,0,3
schisandrachinensislignans,3,0,3
-montelukast,3,0,3
temuco,3,0,3
craterostomum,3,0,3
stilesia,3,0,3
precontrast,3,0,3
zoönosen,3,0,3
idine,3,0,3
phenolchloroform-isoamylalcohol,3,0,3
junaid,3,0,3
hand-gel,3,0,3
doogh,3,0,3
mir-542,3,0,3
bafas,3,0,3
ebmt,3,0,3
p729,3,0,3
anti-estrogen,3,0,3
polyvidone-iodine,3,0,3
sodium-water,3,0,3
ductus,3,0,3
mra-19/20,3,0,3
p-glucan,3,0,3
fertilizers,3,0,3
lithotriptor,3,0,3
pcnl,3,0,3
arid1b,3,0,3
ureterostomy,3,0,3
rf-01.07,3,0,3
fournier,3,0,3
vgg19-rnn,3,0,3
seahorse,3,0,3
gq,3,0,3
dextromethorphane,3,0,3
elb,3,0,3
-dose,3,0,3
carboplatin-etoposide,3,0,3
tacrolimus/mycophenolate,3,0,3
buli,3,0,3
cefox,3,0,3
evenin,3,0,3
dialdehydes,3,0,3
oreophilum,3,0,3
methyl-dnj,3,0,3
oint,3,0,3
ub-gly75,3,0,3
bdz,3,0,3
simva,3,0,3
sp1098,3,0,3
o-088,3,0,3
cinchonaglycoside,3,0,3
rapeseedoil,3,0,3
gluathione,3,0,3
.emodin,3,0,3
adrenomed,3,0,3
www.oncotarget.com,3,0,3
lifr,3,0,3
cystinosis,3,0,3
hypothiazide,3,0,3
sedana,3,0,3
apolectol,3,0,3
seleniumselenium,3,0,3
hydroxychloroquine-sulfate,3,0,3
da-,3,0,3
fihrinogen,3,0,3
c.prednisolone,3,0,3
gemcitabine-cisplatin,3,0,3
-epinephrine,3,0,3
p-84,3,0,3
kilic,3,0,3
baglin,3,0,3
-fludarabine,3,0,3
resnet3d101,3,0,3
conricode,3,0,3
weigert,3,0,3
b-share,3,0,3
amoxicillineclavulanate,3,0,3
soleus,3,0,3
andaluza,3,0,3
española,3,0,3
reanim,3,0,3
mir-363,3,0,3
mir-363-3p,3,0,3
bariumsulphate,3,0,3
rhone,3,0,3
aketoamide,3,0,3
revotar,3,0,3
flt3-itd,3,0,3
indolaceticacid,3,0,3
cq-chloroquine,3,0,3
cg-cd,3,0,3
neuwirth,3,0,3
nocan,3,0,3
theodore,3,0,3
chikungunya-fieber,3,0,3
virostatika,3,0,3
avidinebiotin,3,0,3
simvastatina,3,0,3
vermin,3,0,3
sacubitril/,3,0,3
alwp,3,0,3
hi-meth,3,0,3
z-beam,3,0,3
amn,3,0,3
busulphan-cyclophosphamide,3,0,3
cmv-d,3,0,3
insaid,3,0,3
libya,3,0,3
rheb,3,0,3
prostenoid,3,0,3
cisplatins,3,0,3
ssdd,3,0,3
abtr,3,0,3
lip-amb,3,0,3
s]-methioninecysteine,3,0,3
bronchospasmolyse-test,3,0,3
mir-539,3,0,3
boosterdosen,3,0,3
fetine,3,0,3
toxoptasmosis,3,0,3
masaxis,3,0,3
.ifn-,3,0,3
contusio,3,0,3
d-and,3,0,3
serrapilheira1812,3,0,3
bcggroup,3,0,3
.leptin,3,0,3
targon,3,0,3
q-defensin,3,0,3
tmpa,3,0,3
p940,3,0,3
burst,3,0,3
tver,3,0,3
metylprednisolon,3,0,3
doss,3,0,3
deodorizers,3,0,3
tuazon,3,0,3
rmpc,3,0,3
bisset,3,0,3
cyclosporine/mycophenolate,3,0,3
peg-ifn-alpha/rbv,3,0,3
piperacilline-tazobactam,3,0,3
mmu-mir-124,3,0,3
tisa,3,0,3
bovinepdc-e2,3,0,3
-blocked,3,0,3
obesity,3,0,3
µcfi,3,0,3
deltaran,3,0,3
endomorphin-2,3,0,3
larazotideacetate,3,0,3
valacyclovir-therapy,3,0,3
-ticagrelor,3,0,3
granins,3,0,3
flint,3,0,3
o35,3,0,3
socs,3,0,3
machu,3,0,3
dinucleotidegg,3,0,3
neuroma,3,0,3
-dexamethasone,3,0,3
hydroxy(chloroquine,3,0,3
iv-ganciclovir,3,0,3
nhr-49,3,0,3
radius,3,0,3
ro1,3,0,3
pl-2,3,0,3
oscillometry,3,0,3
g-glutamylcysteine,3,0,3
pharmacol,3,0,3
-ebselen,3,0,3
thepol,3,0,3
prosaptide,3,0,3
presidio,3,0,3
gadolin,3,0,3
agnesium,3,0,3
busulfan-melphalan,3,0,3
anti-asthmatic,3,0,3
antispam,3,0,3
c]progesterone,3,0,3
ganodermalucidum,3,0,3
collaco,3,0,3
vapocoolant,3,0,3
j-tip,3,0,3
acoep,3,0,3
artervac,3,0,3
atf6α,3,0,3
segnet,3,0,3
cardiopexy,3,0,3
orvil,3,0,3
kariin,3,0,3
ipna,3,0,3
cyelosporine,3,0,3
vitamindsterol,3,0,3
heparin-warfarin,3,0,3
tp52,3,0,3
aciclovir-gabe,3,0,3
-bieckol,3,0,3
aculeiferum,3,0,3
uromycladium,3,0,3
qumb,3,0,3
-oh-progesterone,3,0,3
fastin,3,0,3
canrenoate,3,0,3
insulin/,3,0,3
progesterone/progestin,3,0,3
g.a.,3,0,3
phyllocladus,3,0,3
pseudopanax,3,0,3
tetenov,3,0,3
merkle,3,0,3
acetonitrile−water,3,0,3
sulphadoxinepyrimethamine,3,0,3
nifurtimox-eflornithine,3,0,3
tau,3,0,3
illin,3,0,3
k-alpha,3,0,3
mercaptopurin,3,0,3
silicium,3,0,3
trim3,3,0,3
(r)-warfarin,3,0,3
rfeifn-c,3,0,3
lexi,3,0,3
pan-ebolavirus,3,0,3
fvm04,3,0,3
dara,3,0,3
coxsackiea21,3,0,3
tartronate,3,0,3
cu-methionine,3,0,3
urachus,3,0,3
vinyasa,3,0,3
.ifn-λ1,3,0,3
thiadiazolthioneisomer,3,0,3
perricone,3,0,3
cl/f,3,0,3
lithocholate,3,0,3
hogg,3,0,3
yf-s0,3,0,3
dinocera,3,0,3
tetanusimmunoglobulin,3,0,3
l.cusei,3,0,3
[3h]-vasopressin,3,0,3
hy-1,3,0,3
yefenof,3,0,3
carboxypeptidasee,3,0,3
breng,3,0,3
epab,3,0,3
rhprorenin,3,0,3
"1,25-hydroxyvitamind",3,0,3
o-102,3,0,3
t-067,3,0,3
t-083,3,0,3
t-120,3,0,3
t-125,3,0,3
t-131,3,0,3
t-135,3,0,3
t-161,3,0,3
t-192,3,0,3
f-035,3,0,3
f-133,3,0,3
f-164,3,0,3
f-184,3,0,3
sildenafilcitrate,3,0,3
vegf-165,3,0,3
s-014,3,0,3
s-023,3,0,3
s-032,3,0,3
s-070,3,0,3
flutreo,3,0,3
staphylokokken,3,0,3
eviplera,3,0,3
adotrastuzumab,3,0,3
achl,3,0,3
sodium-iodide,3,0,3
glucokinase,3,0,3
antihistamínicos,3,0,3
.budesonide,3,0,3
pam,3,0,3
cim,3,0,3
yincai,3,0,3
dnp,3,0,3
n-dna,3,0,3
.thalidomide,3,0,3
flosealò,3,0,3
surgifloò,3,0,3
d-galn.,3,0,3
offene,3,0,3
iso¯urane,3,0,3
ketotofen,3,0,3
trimethoprin,3,0,3
fbz,3,0,3
prednisolone/,3,0,3
coas,3,0,3
scc-ag,3,0,3
se-75-hcat,3,0,3
thyroidectomy,3,0,3
radioidine,3,0,3
123-iodine,3,0,3
isomer,3,0,3
lehr,3,0,3
nifédipine,3,0,3
acétylsalicylate,3,0,3
palatoschisis,3,0,3
misericordia,3,0,3
b-pgg,3,0,3
zygo,3,0,3
p19-,3,0,3
c-urea,3,0,3
benzo(±)pyrene,3,0,3
mirna-451,3,0,3
phyllozyme,3,0,3
abp,3,0,3
βcatenin,3,0,3
braco-19,3,0,3
r(q,3,0,3
conoco,3,0,3
glum,3,0,3
garanina,3,0,3
spirit,3,0,3
atovaquoneproguanil,3,0,3
r-afp,3,0,3
dendrimer-aptamer,3,0,3
orygoceras,3,0,3
dinaride,3,0,3
guesalaga,3,0,3
scorpionic,3,0,3
androgel,3,0,3
imipenem-meropenem,3,0,3
midazolam-fentanyl,3,0,3
,3,0,3
decalcifi,3,0,3
etc-flomoxef,3,0,3
neplanocins,3,0,3
amicetin,3,0,3
tetracenomycin,3,0,3
ofloxacino,3,0,3
"theaflavin-3,3'-digallate",3,0,3
α-tocopherol-conjugated,3,0,3
nv556/,3,0,3
sangamide,3,0,3
a-fucosidase,3,0,3
mirena,3,0,3
dna-d,3,0,3
desferal,3,0,3
homicide,3,0,3
eyclophosphamide,3,0,3
ga]dota-octreotide,3,0,3
theft,3,0,3
s-l-cysteine,3,0,3
echoviruses,3,0,3
fino,3,0,3
glucose/glutamine,3,0,3
hcv-hbv,3,0,3
lopinavir/ritonavir/arbidol,3,0,3
daruma,3,0,3
clobetasolpropionat,3,0,3
α-methyldopa,3,0,3
thiobarbiturates,3,0,3
teton,3,0,3
chlorphenoxy,3,0,3
sodiumfluoroacetate,3,0,3
hrv-c,3,0,3
ass-methionine,3,0,3
insomnia,3,0,3
kombinierte,3,0,3
volcanoes,3,0,3
diarylheptanoid,3,0,3
.vasopressin,3,0,3
cynoacrylate,3,0,3
.ifnβ,3,0,3
b-carotenes,3,0,3
ivmtx,3,0,3
covaccine,3,0,3
acusticum,3,0,3
lenabasum,3,0,3
hiv-pol,3,0,3
haifa,3,0,3
gush-dan,3,0,3
-c-me-cytidine,3,0,3
hcv-abxtl,3,0,3
hcv-ab,3,0,3
hdp-(s)-hpmpa,3,0,3
nalgiovensis,3,0,3
verdiperstat,3,0,3
dri,3,0,3
fk-50,3,0,3
shavasan,3,0,3
impt,3,0,3
cisplatindosis,3,0,3
aiz,3,0,3
antiaritmicum,3,0,3
-verapamil,3,0,3
caedta,3,0,3
virino,3,0,3
tanoglidis,3,0,3
vad,3,0,3
rga,3,0,3
imatinibmesylate,3,0,3
tld,3,0,3
hcpap,3,0,3
mistra,3,0,3
kirby,3,0,3
phyla,3,0,3
lipiodol-epirubicin,3,0,3
privacy&,3,0,3
eroderm,3,0,3
eroderm-3,3,0,3
nifedipen,3,0,3
hepadn,3,0,3
sulfs,3,0,3
f-0,3,0,3
sulfation,3,0,3
hpvi8,3,0,3
thionein,3,0,3
cyprofl,3,0,3
subcutan,3,0,3
cy6,3,0,3
peg-f18,3,0,3
cloridronate,3,0,3
treosulfan-based,3,0,3
xt5,3,0,3
b-cyclodextrin,3,0,3
centranthus,3,0,3
kafirin,3,0,3
is03-,3,0,3
cs14,3,0,3
pp13,3,0,3
ramat-gan,3,0,3
pp17,3,0,3
naltrexon,3,0,3
rhiannon,3,0,3
doxoves,3,0,3
nhs-biotin,3,0,3
.ifn-ω,3,0,3
antieil-5,3,0,3
acetylators,3,0,3
tubocurarin,3,0,3
emopamil,3,0,3
176-estradiol,3,0,3
ketorolac-trometamol,3,0,3
~2-adrenergic,3,0,3
dhec,3,0,3
5ht1a-agonist,3,0,3
99mtc-depreotide,3,0,3
meth1,3,0,3
alpharadin,3,0,3
mo-bilenet+sam,3,0,3
phentanyl,3,0,3
pi-plasty,3,0,3
cr2,3,0,3
.tetracycline,3,0,3
poliquin,3,0,3
mep,3,0,3
fsa,3,0,3
pegylated-ifna,3,0,3
imiquimode,3,0,3
calci,3,0,3
b-galactoside,3,0,3
amygdala,3,0,3
maberry,3,0,3
hydrocyanicacid,3,0,3
hydrogen-oxygen,3,0,3
vy3,3,0,3
anti-p,3,0,3
.bifidobacterium,3,0,3
oseltamivir-d,3,0,3
cyclosporinee,3,0,3
mtx/csa,3,0,3
c-amb,3,0,3
allostem,3,0,3
alphacalcidol,3,0,3
pe-formula,3,0,3
propofol+fentanyl,3,0,3
estrogen/progesterone,3,0,3
oranjestad,3,0,3
let-7c,3,0,3
nwo,3,0,3
rhinophototherapy,3,0,3
zlatica,3,0,3
horacio,3,0,3
mallol,3,0,3
gos/fos,3,0,3
bet,3,0,3
salmeterol/,3,0,3
mustaphairaqui,3,0,3
quassinoide,3,0,3
mitoneet,3,0,3
isoprex,3,0,3
gelatinolytic,3,0,3
gastrograffin,3,0,3
aminocyclitol,3,0,3
remantadinum,3,0,3
βcellulin,3,0,3
.imipenem,3,0,3
0·02azithromycin,3,0,3
brentoil,3,0,3
steroiddosen,3,0,3
nuskoisporites,3,0,3
verrucosisporites,3,0,3
jansonius,3,0,3
lunatisporitesleschik1956aemend,3,0,3
taeniaesporitesleschik1956aemend,3,0,3
ansonius,3,0,3
taeniaepollenites,3,0,3
ratifi,3,0,3
buprenorphine/naloxone,3,0,3
aratana,3,0,3
tribe,3,0,3
campania,3,0,3
dayl,3,0,3
taz/pip,3,0,3
tricuspidal,3,0,3
bumetanide+dma,3,0,3
cy40,3,0,3
luzula,3,0,3
risparmio,3,0,3
al-kayat,3,0,3
carnoys,3,0,3
89zr-rituximab,3,0,3
otb,3,0,3
topica,3,0,3
cordyceptin,3,0,3
cefotaxime/piperacillin,3,0,3
epimod,3,0,3
kopfschmerzen,3,0,3
flavonoidquercetin,3,0,3
octarellin,3,0,3
-lymecycline,3,0,3
cefai,3,0,3
rp-b,3,0,3
rlukast,3,0,3
rhythmus,3,0,3
anti-antibody,3,0,3
vantin,3,0,3
alem,3,0,3
tacrolimus+4d11,3,0,3
harein,3,0,3
suprasorb,3,0,3
neph1,3,0,3
laxatives,3,0,3
na-thiosulphate,3,0,3
ferritinnp-pres1,3,0,3
ferritinnp-pres1vaccine,3,0,3
phelix,3,0,3
alkylators,3,0,3
fludarabinebased,3,0,3
aica,3,0,3
mib1,3,0,3
aminoacid-long,3,0,3
-gingerol,3,0,3
aprotinin-rimantadine,3,0,3
tigertriever,3,0,3
tipp,3,0,3
guardia,3,0,3
clev,3,0,3
hcoelenterazine,3,0,3
nax,3,0,3
molybdenium,3,0,3
mirna-146,3,0,3
@10,3,0,3
dexzopiclone,3,0,3
heus,3,0,3
p-cystatin,3,0,3
n-ethyl-l-glutamine,3,0,3
insb9,3,0,3
roquinimex,3,0,3
2080,3,0,3
ndia,3,0,3
stea,3,0,3
tamoxifene,3,0,3
virinos,3,0,3
proguanil-zn,3,0,3
hit,3,0,3
v14,3,0,3
ahct1,3,0,3
peggcsf,3,0,3
alcaina,3,0,3
[3h]proline,3,0,3
lachnella,3,0,3
albis,3,0,3
strobi,3,0,3
kalin,3,0,3
xingwen,3,0,3
weidong,3,0,3
lump,3,0,3
bavaricum,3,0,3
.norepinephrine,3,0,3
cerithium,3,0,3
somamers,3,0,3
dumay,3,0,3
unisa,3,0,3
golgin-95,3,0,3
mfnn,3,0,3
rhophylac,3,0,3
ocr,3,0,3
girf,3,0,3
srtdspcc,3,0,3
bcg-dosis,3,0,3
sexualität,3,0,3
llin,3,0,3
naxalite,3,0,3
l-eflornithine,3,0,3
cefriaxone,3,0,3
kala,3,0,3
devir,3,0,3
mébendazole,3,0,3
di-lysine,3,0,3
sovrin,3,0,3
linezolida,3,0,3
e.hirsutum,3,0,3
cysda,3,0,3
r3l6-dexamethasone,3,0,3
tepro,3,0,3
melphalane,3,0,3
mybll-tide,3,0,3
~-toxin,3,0,3
demšar,3,0,3
andrastin,3,0,3
d-mdl,3,0,3
photopheresis,3,0,3
fentanyl/midazolam,3,0,3
eberconazole,3,0,3
hibitane,3,0,3
/-hydroxychloroquine,3,0,3
velagliflozin,3,0,3
peg+rbv,3,0,3
thatz,3,0,3
olacaftor,3,0,3
lumacaftor+ivacaftor,3,0,3
fdl176,3,0,3
ftavan,3,0,3
octenisan,3,0,3
ginsenosiden,3,0,3
panaxatriol,3,0,3
gxspla,3,0,3
~2-antiplasmin,3,0,3
cl-esterase-inhibitor,3,0,3
lactobionicacid,3,0,3
mastectomy,3,0,3
acta,3,0,3
elt,3,0,3
platymiscium,3,0,3
sik,3,0,3
carlip,3,0,3
ferristene,3,0,3
th6ophylline,3,0,3
turbuhaler,3,0,3
hiv-in,3,0,3
zikaenvelope,3,0,3
hbv.c,3,0,3
bekenstein,3,0,3
mejicano,3,0,3
f-18-sodiumfluoride,3,0,3
3h-palmitate,3,0,3
velardi,3,0,3
renine,3,0,3
67ga-citrate,3,0,3
-pentatreotide,3,0,3
dlib,3,0,3
retinaface,3,0,3
lamivudineresistant,3,0,3
ascoids,3,0,3
arabic,3,0,3
gougis,3,0,3
lwli,3,0,3
po-onko,3,0,3
bulkamid,3,0,3
po-gyn,3,0,3
po-repro,3,0,3
vitamin-k-antagonists,3,0,3
jnk-inhibitor,3,0,3
hampa,3,0,3
f-trail,3,0,3
devireddy,3,0,3
dovonex,3,0,3
anti-hirudin,3,0,3
haemuetin,3,0,3
parade,3,0,3
a2a-adrenoceptor,3,0,3
iv-lev,3,0,3
cpi-006,3,0,3
tasirna-arf,3,0,3
introcan,3,0,3
nscr,3,0,3
laxans,3,0,3
a[f,3,0,3
ganp,3,0,3
azr,3,0,3
fluorouracile,3,0,3
sm153-lexidronam,3,0,3
dabrafenib+trametinib,3,0,3
procoralan,3,0,3
tf#11,3,0,3
tf#15,3,0,3
us19,3,0,3
suramin/doxorubicin,3,0,3
substrate-conjugated,3,0,3
pos12,3,0,3
horace,3,0,3
anthoptilum,3,0,3
grandiflorum,3,0,3
oxyria,3,0,3
clindamycin-quinine,3,0,3
citalopram/escitalopram,3,0,3
biex,3,0,3
car-t-19,3,0,3
hd-car-1,3,0,3
rad52,3,0,3
cpc3,3,0,3
azithromycin/fluoroquinolone,3,0,3
ernail,3,0,3
ofp-15,3,0,3
lrbp,3,0,3
hmsmc,3,0,3
t-032,3,0,3
t-133,3,0,3
t-191,3,0,3
f-099,3,0,3
f-165,3,0,3
f-181,3,0,3
mamestra,3,0,3
polia,3,0,3
langmuir-wilhelmy,3,0,3
acupuntura,3,0,3
curcuma,3,0,3
ha-13-,3,0,3
b/neomycin,3,0,3
zantrex-3,3,0,3
baptista,3,0,3
amblyomin-x,3,0,3
riparin,3,0,3
harpalycin,3,0,3
hpv-b19,3,0,3
dminteginter,3,0,3
jhbv,3,0,3
rombin,3,0,3
crt/39,3,0,3
clathiram,3,0,3
daunorubicin/,3,0,3
nsd1,3,0,3
cooperaci,3,0,3
tharidin,3,0,3
racycline,3,0,3
n.origanifolium,3,0,3
fb1a2,3,0,3
diclofenac-hsa,3,0,3
peanutoil,3,0,3
sodiumpersulphate,3,0,3
her2-ecd,3,0,3
caprin,3,0,3
uvc,3,0,3
arvensis,3,0,3
thiazovivin,3,0,3
mouaddib,3,0,3
hcv-lvp,3,0,3
hcv-pt,3,0,3
exisulind,3,0,3
franka,3,0,3
camos,3,0,3
guanidine-hydrochloride,3,0,3
ipamorelin,3,0,3
rivaroxaban+anxa,3,0,3
morphine-6-glucuronide,3,0,3
vedaprofen,3,0,3
spilanthol,3,0,3
fluvastatina,3,0,3
l-csa,3,0,3
pulmozyme,3,0,3
metsovo,3,0,3
turcu,3,0,3
melampyra,3,0,3
castanotus,3,0,3
vaphor,3,0,3
unichristus,3,0,3
levobupivacainehydrochloride,3,0,3
democrazia,3,0,3
nurek,3,0,3
r-gdt,3,0,3
4-hpr,3,0,3
dxs,3,0,3
antril,3,0,3
d-gas,3,0,3
si00,3,0,3
l.hirsutus,3,0,3
-lactams,3,0,3
levacic,3,0,3
audicorv,3,0,3
baerum,3,0,3
δ-agonist,3,0,3
fcgriiia,3,0,3
lps/imiquimod,3,0,3
gshr,3,0,3
gw5,3,0,3
q-viniferin,3,0,3
neuroprosthesis,3,0,3
beta-nad+,3,0,3
voltarol,2,1,3
metoclopromide,2,1,3
eproprostenol,2,1,3
thiocyanide,2,1,3
maleate,2,1,3
adnectin,2,1,3
isodiphyllin,2,1,3
virgatenol,2,1,3
chaihuxinoside,2,1,3
toxoide,2,1,3
punilagin,2,1,3
dimethylcytosine,2,1,3
triacetin,2,1,3
anol,2,1,3
butoconazole,2,1,3
croconazole,2,1,3
fenticonazole,2,1,3
omoconazole,2,1,3
methylglycinamide,2,1,3
allopurine,2,1,3
d.busulfan,2,1,3
spiroplatin,2,1,3
chromocyclomycin,2,1,3
berubicin,2,1,3
vinostatin,2,1,3
indotecan,2,1,3
formylmethionine,2,1,3
methylnitronitrosoguanidine,2,1,3
dashehari,2,1,3
pentostan,2,1,3
acidocin,2,1,3
tolevofloxacin,2,1,3
methylselenol,2,1,3
p1-glutamine,2,1,3
talaramide,2,1,3
hiamine,2,1,3
laine,2,1,3
hydroxyanisodamine,2,1,3
iodate,2,1,3
catelicidine,2,1,3
veratramine,2,1,3
kirstine,2,1,3
dyenin,2,1,3
minervini,2,1,3
bisulfide,2,1,3
dehydroxymethylepoxyquinomicin,2,1,3
usa.nitazoxanide,2,1,3
corydaldine,2,1,3
bendectin,2,1,3
butanamide,2,1,3
faslodex,2,1,3
oxaamantadine,2,1,3
nifedepine,2,1,3
trifacta,2,1,3
nesin,2,1,3
bromma,2,1,3
dimethyloxalylglycine,2,1,3
bisquinoline,2,1,3
poviodine,2,1,3
oocide,2,1,3
dibromoethane,2,1,3
anastraozole,2,1,3
tetrahydrochloride,2,1,3
ophirapstanol,2,1,3
parastatin,2,1,3
sulfobetaine,2,1,3
pyrraline,2,1,3
babineuzumab,2,1,3
honam,2,1,3
pracinostat,2,1,3
oseltamivir.76,2,1,3
trovafloxacine,2,1,3
divinylsulphone,2,1,3
crovirin,2,1,3
istaroxin,2,1,3
ceftizoxima,2,1,3
gallotannin,2,1,3
milosevic,2,1,3
dihydroepiandrosterone,2,1,3
oxaciline,2,1,3
vivazine,2,1,3
proadrenomedullin,2,1,3
argipressin,2,1,3
frullanolide,2,1,3
azacarbazole,2,1,3
pyrrolidinol,2,1,3
di‐glycine,2,1,3
glyantrypine,2,1,3
citruline,2,1,3
nicardipin,2,1,3
halichomycin,2,1,3
tectin,2,1,3
cymbalta,2,1,3
postprednisone,2,1,3
sulphamethazine,2,1,3
misakinolide,2,1,3
isone,2,1,3
homopiperazine,2,1,3
spicigerolide,2,1,3
anisofolin,2,1,3
ranalexin,2,1,3
pluripotin,2,1,3
telratolimod,2,1,3
natriumhypochlorit,2,1,3
fathatan,2,1,3
methylbromide,2,1,3
naphtoquinone,2,1,3
osteoglycin,2,1,3
isolensinine,2,1,3
dibromoketone,2,1,3
mycosporine,2,1,3
bisphosphoramide,2,1,3
hibvaccine,2,1,3
moupinamide,2,1,3
arcitumomab,2,1,3
triptane,2,1,3
ankinra,2,1,3
riluzol,2,1,3
roeder,2,1,3
clyndamycin,2,1,3
anfotericin,2,1,3
toonaciliatin,2,1,3
nuyts,2,1,3
oxoselenium,2,1,3
paclytaxel,2,1,3
vistatin,2,1,3
nifdepine,2,1,3
atri,2,1,3
mabini,2,1,3
oxane,2,1,3
nictonamide,2,1,3
hemidiaptomus,2,1,3
alisiaquinol,2,1,3
unnarmicine,2,1,3
curvularin,2,1,3
streptidine,2,1,3
lomidine,2,1,3
serpine2,2,1,3
benzamycin,2,1,3
parasporin,2,1,3
hydroxochloroquine,2,1,3
chuine,2,1,3
dimenhydrinate,2,1,3
oxalylchloride,2,1,3
cyclomarin,2,1,3
erythromycinestolat,2,1,3
methylpropiophenone,2,1,3
selerostin,2,1,3
benzosceptrin,2,1,3
benzypenicillin,2,1,3
hidroxichloroquine,2,1,3
aleurone,2,1,3
solutionsphloxine,2,1,3
tetralone,2,1,3
atriopeptin,2,1,3
naline,2,1,3
terone,2,1,3
vesamicol,2,1,3
mastellone,2,1,3
acetazola,2,1,3
ayamycin,2,1,3
bipinnapterolide,2,1,3
doxyclin,2,1,3
ranin,2,1,3
eirolimus,2,1,3
dihydrotachysterol,2,1,3
lefradafiban,2,1,3
beractan,2,1,3
rutarensin,2,1,3
fadrozole,2,1,3
amifostin,2,1,3
pteryxin,2,1,3
jaceidin,2,1,3
dichlorotetrafluoromethane,2,1,3
tetrabromine,2,1,3
auy922,2,1,3
c.panitumumab,2,1,3
prestinomycin,2,1,3
dioxopiperazine,2,1,3
triazide,2,1,3
hircinol,2,1,3
serazide,2,1,3
loniceroside,2,1,3
tropinin,2,1,3
oxycyclostylidol,2,1,3
bromoageliferin,2,1,3
luffariellolide,2,1,3
sokodoside,2,1,3
mycaloside,2,1,3
interscalene,2,1,3
tribenoside,2,1,3
mirtazipine,2,1,3
propenicillin,2,1,3
norvancomycin,2,1,3
dematin,2,1,3
pyrenemethanol,2,1,3
monocholaramine,2,1,3
decursin,2,1,3
a.metronidazole,2,1,3
bananins,2,1,3
hydroquine,2,1,3
artemsinine,2,1,3
cholecystokinine,2,1,3
tocilizomab,2,1,3
ampicilin,2,1,3
nikisin,2,1,3
ethylephrine,2,1,3
licochalone,2,1,3
medermycin,2,1,3
jararhagin,2,1,3
dimethylaminopyridine,2,1,3
cevoglitazar,2,1,3
carbazepine,2,1,3
chloroprocaine,2,1,3
clathrin,2,1,3
dihydrouridine,2,1,3
corbulasulcata,2,1,3
scine,2,1,3
kirac,2,1,3
benzoyladenine,2,1,3
seemine,2,1,3
eutigoside,2,1,3
scrophuloside,2,1,3
rimatadine,2,1,3
sauroxine,2,1,3
tetrabromobisphenol,2,1,3
hloroquine,2,1,3
solnatide,2,1,3
darafenib,2,1,3
nafa,2,1,3
gavilimomab,2,1,3
toradol,2,1,3
ulocuplumab,2,1,3
opicinumab,2,1,3
ricinine,2,1,3
arnantadine,2,1,3
monamine,2,1,3
cylosporine,2,1,3
desmetilclozapine,2,1,3
quinagolide,2,1,3
cimaterol,2,1,3
lipomodulin,2,1,3
dexmethasone,2,1,3
.eculizumab,2,1,3
ioxtidine,2,1,3
pestizide,2,1,3
piridostigmine,2,1,3
methacoline,2,1,3
lysineaspirin,2,1,3
ythromycin,2,1,3
2aminobenzimidazole,2,1,3
progastriscin,2,1,3
4aminophenol,2,1,3
.levamisole,2,1,3
zepam,2,1,3
/-bevacizumab,2,1,3
antiserine,2,1,3
.piperaquine,2,1,3
desmethyldiazepam,2,1,3
trientin,2,1,3
amsacrin,2,1,3
insulinglusilin,2,1,3
fantel,2,1,3
aldasoro,2,1,3
muristerone,2,1,3
beparin,2,1,3
atorvostatin,2,1,3
nanotechnol,2,1,3
praed,2,1,3
senem,2,1,3
gordh,2,1,3
edobacomab,2,1,3
-famciclovir,2,1,3
snitrosocysteine,2,1,3
.ibrutinib,2,1,3
.lamivudine,2,1,3
calocoumarin,2,1,3
.etoposide,2,1,3
amthamine,2,1,3
hercep,2,1,3
topyranoside,2,1,3
.tipranavir,2,1,3
cetoconazol,2,1,3
sevofluoraneremifentanil,2,1,3
nucleophil,2,1,3
azophenine,2,1,3
pipericillin,2,1,3
norepinefrine,2,1,3
menadiol,2,1,3
dalframpridine,2,1,3
.epirubicin,2,1,3
fosamax,2,1,3
trogen,2,1,3
h]dopamine,2,1,3
penicillinamine,2,1,3
norephinephrine,2,1,3
immunoglohulin,2,1,3
cutan,2,1,3
kabine,2,1,3
balaglitazone,2,1,3
deferroxamine,2,1,3
-actinomycin,2,1,3
dirucotide,2,1,3
amlodipin,2,1,3
chabamide,2,1,3
.buprenorphine,2,1,3
.halofuginone,2,1,3
uorocytidine,2,1,3
trichodermin,2,1,3
nitropruside,2,1,3
wolffi,2,1,3
pembroluzimab,2,1,3
vidaribine,2,1,3
isoxuprine,2,1,3
phorone,2,1,3
γtocotrienol,2,1,3
triseglycine,2,1,3
topk,2,1,3
penicilamine,2,1,3
tamicin,2,1,3
.galidesivir,2,1,3
aspartimide,2,1,3
flumethasone,2,1,3
cefovicin,2,1,3
bancrofti,2,1,3
aluminiumchloride,2,1,3
saramycetin,2,1,3
ethasone,2,1,3
robenidine,2,1,3
.boceprevir,2,1,3
chioramphenicol,2,1,3
onapristone,2,1,3
monodesethylamodiaquine,2,1,3
fampridine,2,1,3
gavrilov,2,1,3
grtine,2,1,3
nisone,2,1,3
acidacetone,2,1,3
serotoninnorepinephrine,2,1,3
ketoconzole,2,1,3
isoquinuclidine,2,1,3
uypsin,2,1,3
vorozole,2,1,3
cylosporin,2,1,3
noscapin,2,1,3
agomelatin,2,1,3
clofarabin,2,1,3
tiotropine,2,1,3
eastanospermine,2,1,3
.ricin,2,1,3
mycine,2,1,3
sirulimus,2,1,3
epinine,2,1,3
.baloxavir,2,1,3
cefpodoximeproxetil,2,1,3
bisabololoxide,2,1,3
eridine,2,1,3
5¢-azadeoxycytidine,2,1,3
idarrubicin,2,1,3
epoietin,2,1,3
airseal,2,1,3
intexine,2,1,3
cionidine,2,1,3
intergen,2,1,3
cerfuroxime,2,1,3
etamide,2,1,3
barictinib,2,1,3
.epinephrine,2,1,3
coumarinbenzimidazole,2,1,3
holotransferrin,2,1,3
dabrafanib,2,1,3
pulvomycin,2,1,3
lactaptin,2,1,3
citreoviridin,2,1,3
neoxaline,2,1,3
.sitagliptin,2,1,3
lecirelin,2,1,3
c]iodoantipyrine,2,1,3
foetal,2,1,3
oceanapamine,2,1,3
tamsulosine,2,1,3
5hydroxymethylcytosine,2,1,3
epibrassinolide,2,1,3
amanitine,2,1,3
1-deoxynojirimycin,2,1,3
prazepam,2,1,3
liquiritigen,2,1,3
cogoni,2,1,3
furanocoumarins,2,1,3
etanidazole,2,1,3
forsythide,2,1,3
collybistin,2,1,3
methacholin,2,1,3
catini,1,2,3
azaserine,1,2,3
radiologen,1,2,3
pileamartine,1,2,3
nup214,1,2,3
isorhapontigenin,1,2,3
thiophosgene,1,2,3
cmacitentan,1,2,3
szeczecin,1,2,3
berberastine,1,2,3
tailin,1,2,3
danorevir,1,2,3
proventil,1,2,3
axxin,1,2,3
niedriger,1,2,3
phacelianin,1,2,3
cmv1,1,2,3
fnec,1,2,3
miharamycin,1,2,3
dithiothereitol,1,2,3
apoptozole,1,2,3
patrinoside,1,2,3
stigmastanol,1,2,3
day)/ritonavir,1,2,3
gemone,1,2,3
asparagamine,1,2,3
pseudouiridine,1,2,3
neoastilbin,1,2,3
benzocoumarin,1,2,3
triazolothiadiazole,1,2,3
cspine,1,2,3
zymosterol,1,2,3
gyroxin,1,2,3
mycostatine,1,2,3
clarithormycin,1,2,3
zygocin,1,2,3
thienopyrimidine,1,2,3
cakakinumab,1,2,3
noureddine,1,2,3
sulfamethoxasole,1,2,3
cyclopentylamine,1,2,3
roblin,1,2,3
spermatinamine,1,2,3
lovinavir,1,2,3
hejnol,1,2,3
ofatimumab,1,2,3
satapathy,1,2,3
sulphamethoxasole,1,2,3
xygen,1,2,3
tristetraproline,1,2,3
azatinavir,1,2,3
shaio,1,2,3
minocicline,1,2,3
quattrone,1,2,3
theophilline,1,2,3
norisoguaiacin,1,2,3
prezcobix,1,2,3
itx-5061,1,2,3
tinosporinone,1,2,3
disabilit,1,2,3
rosmaricin,1,2,3
spiraprilat,1,2,3
zofenapril,1,2,3
ceranopril,1,2,3
rhonavir,1,2,3
isokaempferide,1,2,3
.canakinumab,1,2,3
cglutamylcysteine,1,2,3
emalapumab,1,2,3
α2-globulin,1,2,3
dipyridylphenazine,1,2,3
optovue,1,2,3
paraphenylenediamine,1,2,3
conduritol,1,2,3
nitrofuroxone,1,2,3
musclecomb,1,2,3
azorubine,1,2,3
coccinine,1,2,3
hepatocarcinogen,1,2,3
felypressin,1,2,3
norpethidine,1,2,3
ginkolide,1,2,3
bessin,1,2,3
chlortalidone,1,2,3
isoamylamine,1,2,3
postbleomycin,1,2,3
caninsulin,1,2,3
spasmofen,1,2,3
dimidine,1,2,3
amoxycilline,1,2,3
lamviudine,1,2,3
pessin,1,2,3
ciproflxacin,1,2,3
lidonavir,1,2,3
demethylneodrupacine,1,2,3
chicine,1,2,3
rutiximab,1,2,3
skorpione,1,2,3
zotepin,1,2,3
metallothionine,1,2,3
nycteris,1,2,3
iprindole,1,2,3
velpastasvir,1,2,3
hydroxylysine,1,2,3
thalassornis,1,2,3
arakylaminopyridine,1,2,3
6chloropurine,1,2,3
jnj-7777120,1,2,3
crackcocaine,1,2,3
peunicin,1,2,3
methylcantharidimide,1,2,3
costatolide,1,2,3
dicyclohexylurea,1,2,3
zearalenol,1,2,3
hydatid,1,2,3
mantisalca,1,2,3
carthamus,1,2,3
conazole,1,2,3
jenem,1,2,3
lactarcin,1,2,3
tectonin,1,2,3
phosmidosine,1,2,3
reparixin,1,2,3
provera,1,2,3
fragmine,1,2,3
azithromyzin,1,2,3
donin,1,2,3
methylmercaptoimidazole,1,2,3
ifg,1,2,3
earnitine,1,2,3
imidazoquinolone,1,2,3
dydrogesterone,1,2,3
hespiridine,1,2,3
daphlongeranine,1,2,3
epitaondiol,1,2,3
momab,1,2,3
dehydroampelosin,1,2,3
l'halofantrine,1,2,3
méfloquine,1,2,3
hydroxypyridinethione,1,2,3
chloroethylnitrosourea,1,2,3
neosugar,1,2,3
.plazomicin,1,2,3
ditryptophenaline,1,2,3
cyclotheonamide,1,2,3
pexiganan,1,2,3
a~-antichymotrypsin,1,2,3
hydroindolinol,1,2,3
cyanoketone,1,2,3
cefodizime,1,2,3
toluamide,1,2,3
metrodidazole,1,2,3
honoone,1,2,3
.tetrandrine,1,2,3
cyclolinopeptide,1,2,3
oselmativir,1,2,3
h]glucosamine,1,2,3
humide,1,2,3
normetanefrine,1,2,3
metanefrine,1,2,3
renzoni,1,2,3
kennis,1,2,3
brassicicola,1,2,3
clindarnycin,1,2,3
l-13slmethionine,1,2,3
alloisoleucin,1,2,3
formonetin,1,2,3
antiguanidine,1,2,3
euchrenone,1,2,3
.simeprevir,1,2,3
diglycol,1,2,3
reserpin,1,2,3
ribomustin,1,2,3
spermizide,1,2,3
throat,1,2,3
goniothalamus,1,2,3
mifespristone,1,2,3
cysteinecysteine,1,2,3
bisimidazole,1,2,3
trombopoetin,1,2,3
uvomorulin,1,2,3
diglucuronide,1,2,3
dichlorovinylcysteine,1,2,3
norantipyrine,1,2,3
roxindole,1,2,3
fluoromisonidazole,1,2,3
moviol,1,2,3
hogbin,1,2,3
lasiocarpine,1,2,3
pronectin,1,2,3
.filgotinib,1,2,3
urethrogram,1,2,3
resquimod,1,2,3
acteone,1,2,3
paralundbladispora,1,2,3
bacot,1,2,3
ramadaan,1,2,3
methyloxytocin,1,2,3
netromycin,1,2,3
p1-imidazole,1,2,3
strictosidine,1,2,3
rubicin,1,2,3
.indinavir,1,2,3
arsenoxide,1,2,3
mepivicaine,1,2,3
sporine,1,2,3
cretinine,1,2,3
correolide,1,2,3
prednizolone,1,2,3
quinolinone,1,2,3
danuravir,1,2,3
maduramycin,1,2,3
cispentacin,1,2,3
cystacin,1,2,3
nicarpidine,1,2,3
hydroxizine,1,2,3
guafenesin,1,2,3
betaglobin,1,2,3
sulfomethoxazole,1,2,3
certulizumab,1,2,3
lévothyroxine,1,2,3
hydroxyprogestérone,1,2,3
photoproline,1,2,3
methylchloride,1,2,3
pnitroaniline,1,2,3
phebestin,1,2,3
stanole,1,2,3
panaxadiol,1,2,3
östradiol,1,2,3
sofosbuvirvelpatasvir,1,2,3
antithrombinlll,1,2,3
sorafinib,1,2,3
tetramethoxyflavone,1,2,3
posoconazole,1,2,3
.infliximab,1,2,3
caval,1,2,3
imidazolide,1,2,3
cystodamine,1,2,3
deoxyamphimedine,1,2,3
isodiplamine,1,2,3
bromoleptoclinidone,1,2,3
aplysepine,1,2,3
thromycin,1,2,3
tripalmitin,1,2,3
bunamidine,1,2,3
vinoelbine,1,2,3
cyproheptidine,1,2,3
platyphyllone,1,2,3
pyrazolopyridine,1,2,3
septadine,1,2,3
oxaliplatine,1,2,3
pergolid,1,2,3
pirolin,1,2,3
ala-171,1,2,3
céfuroxime,1,2,3
sulfametrole,1,2,3
anagyrine,1,2,3
thalidezine,1,2,3
ryazan,1,2,3
cycin,1,2,3
podocine,1,2,3
coronamycin,1,2,3
1deoxynojirimycin,1,2,3
youyang,1,2,3
.carbamazepine,1,2,3
rabiesvakzine,1,2,3
oxazolopyrrolidine,1,2,3
terin,1,2,3
carvacol,1,2,3
picosulfat,1,2,3
mucosyte,1,2,3
hydroxyphenylglycine,1,2,3
kiziltan,1,2,3
levetiracitam,1,2,3
triazoloquinoline,1,2,3
oxyphenylbutazone,1,2,3
ribavrin,1,2,3
daclisumab,1,2,3
nidazole,1,2,3
dexamathasone,1,2,3
flbrinogen,1,2,3
micofenolato,1,2,3
polyspermine,1,2,3
ferrández,0,3,3
gilterinib,0,3,3
tenuigenin,0,3,3
shorea,0,3,3
oxgen,0,3,3
neopeptone,0,3,3
verschärft,0,3,3
logfc.threshold=0.25,0,3,3
entwicklungen,0,3,3
ribobenzimidazole,0,3,3
feruloyltyramine,0,3,3
feruloyloctopamine,0,3,3
kieliszek,0,3,3
auxinole,0,3,3
kaffine,0,3,3
bbas,0,3,3
ser494,0,3,3
cyclohexyl,0,3,3
pregl,0,3,3
keiper,0,3,3
celsentri,0,3,3
kumarine,0,3,3
mikroorganismus,0,3,3
erwägen,0,3,3
serumferritin,0,3,3
westine,0,3,3
butylhydroxyanisole,0,3,3
gln192,0,3,3
freeline,0,3,3
neoaplaminone,0,3,3
sasanquasaponin,0,3,3
triethylsilane,0,3,3
racemic ketamine,0,3,3
givlaari,0,3,3
atovoquone,0,3,3
yashtimadhura,0,3,3
naphtylenediamine,0,3,3
sulfonylimine,0,3,3
zmol,0,3,3
scytokine,0,3,3
uchemokine,0,3,3
δtimmune,0,3,3
saini,0,3,3
atipamezole hydrochloride,0,3,3
immunogloblin,0,3,3
lichaamsvloeistoffen,0,3,3
asongu,0,3,3
polypeptone,0,3,3
isothiazole,0,3,3
gregoire,0,3,3
zetstra,0,3,3
tavio,0,3,3
rückfallrisiko,0,3,3
ppe.b,0,3,3
tryrosine,0,3,3
goddeeris,0,3,3
bronchospam,0,3,3
sophoranone,0,3,3
trephine,0,3,3
carcassone,0,3,3
phosphonato,0,3,3
dmtmm·bf4,0,3,3
cyclohexapeptide,0,3,3
bijgedragen,0,3,3
vindingen,0,3,3
verbeteringen,0,3,3
pyrrolidinone,0,3,3
özkul,0,3,3
disease.20,0,3,3
tryptophanamide,0,3,3
fcɣriii,0,3,3
raunemaa,0,3,3
g4000,0,3,3
frati,0,3,3
ribaudo,0,3,3
adewole,0,3,3
pyolysin,0,3,3
cannabichromene,0,3,3
taxadiene,0,3,3
cyclohexadienone,0,3,3
isoprenylcysteine,0,3,3
virhostnet,0,3,3
guideline.9,0,3,3
aktivkohle,0,3,3
b57-ns1,0,3,3
mangelerscheinungen,0,3,3
ethylendiamintetraazetat,0,3,3
dhara,0,3,3
carboxamidine,0,3,3
plänen,0,3,3
tomassini,0,3,3
azido teicoplanin,0,3,3
emiko,0,3,3
lungengewebe,0,3,3
progabide,0,3,3
augenmaß,0,3,3
sarulimab,0,3,3
dermatologen,0,3,3
"benzyl-2,2-dibromo-2-fluoroacetamide",0,3,3
diisopropylcarbodiimide,0,3,3
transplant.1,0,3,3
frühgeburten,0,3,3
quinqueginsin,0,3,3
pleuraempyem,0,3,3
therapien,0,3,3
totvakzine,0,3,3
fibronektin,0,3,3
szczuka,0,3,3
sputniks,0,3,3
nakazato,0,3,3
maintin,0,3,3
alkanethios,0,3,3
app770,0,3,3
care.9,0,3,3
chlorolactophenol,0,3,3
antigoat,0,3,3
fravipiravir,0,3,3
chalpin,0,3,3
hierarchiestufen,0,3,3
fahim,0,3,3
benzisoxazole,0,3,3
mizel,0,3,3
triethylammonium,0,3,3
phenylpyridine,0,3,3
isoanabasine,0,3,3
mollissima,0,3,3
balestri,0,3,3
chlorotaurine,0,3,3
magtivio,0,3,3
orabi,0,3,3
cercopithicine,0,3,3
dulbecos,0,3,3
lipoarabinomannan,0,3,3
melperone,0,3,3
najmi,0,3,3
kole,0,3,3
myoclone,0,3,3
alternariol,0,3,3
anthraglycoside,0,3,3
vincathine,0,3,3
krankheitserscheinungen,0,3,3
überschwemmungen,0,3,3
ultraglutamine,0,3,3
dyramycin,0,3,3
benzamido,0,3,3
daltoniks,0,3,3
guynn,0,3,3
methoxysarcolysin,0,3,3
food‐grade,0,3,3
dehydrocheilanthifoline,0,3,3
n-352,0,3,3
manyando,0,3,3
deajeon,0,3,3
produktionsmenge,0,3,3
insee,0,3,3
thr345,0,3,3
phaitanthrin,0,3,3
holzgerlingen,0,3,3
trifluorothymine,0,3,3
"r)-9-(2-hydroxypropyl)-2,6-diaminopurine",0,3,3
longhini,0,3,3
νmax,0,3,3
promegestone,0,3,3
greyzone,0,3,3
lycotoxin,0,3,3
trippestad,0,3,3
respectively.69,0,3,3
wettkämpfen,0,3,3
aminosäurensequenz,0,3,3
angegriffen,0,3,3
altruismus,0,3,3
coversin,0,3,3
gilham,0,3,3
roulin,0,3,3
indoleamine,0,3,3
rettungskräfte,0,3,3
pessimismus,0,3,3
isosilychristin,0,3,3
soekarno,0,3,3
zusammenzufassen,0,3,3
leserazole,0,3,3
guerrini,0,3,3
alanio,0,3,3
stieber,0,3,3
monomethine,0,3,3
tet21c,0,3,3
arcsine,0,3,3
flufirvitide,0,3,3
liquiriteginin,0,3,3
epiinfo,0,3,3
turkekul,0,3,3
anthropoidea,0,3,3
routin,0,3,3
influenza.76,0,3,3
kalzifizierungen,0,3,3
klassifiziert,0,3,3
tritylchloride,0,3,3
enamelysin,0,3,3
methoxylamine hydrochloride,0,3,3
capensin,0,3,3
imepenem,0,3,3
scharlachtoxine,0,3,3
onkogene,0,3,3
trichine,0,3,3
benzanthrone,0,3,3
meromyosin,0,3,3
croitoru,0,3,3
ethylcarboxamidoadenosine,0,3,3
onderdrukken,0,3,3
duméril,0,3,3
trioleoylglycerol,0,3,3
plurol,0,3,3
fidani,0,3,3
trypsin chymotrypsin,0,3,3
nitrogen trioxide,0,3,3
concavalin,0,3,3
nondihydropyridine calcium,0,3,3
lysophosphatidycholine,0,3,3
übertragungsrisiko,0,3,3
farchione,0,3,3
iopc.online,0,3,3
trehazolin,0,3,3
penicillolysin,0,3,3
säuglingsbotulismus,0,3,3
zinksulfat,0,3,3
aminoanhydride,0,3,3
gefrorenem,0,3,3
\begin{document}$$t_{j+1}$$\end{document}tj+1,0,3,3
gliquidone,0,3,3
pelegrin,0,3,3
bertholf,0,3,3
nabawi,0,3,3
iztapalapa,0,3,3
lamisil,0,3,3
chlorhexidine)•antihistamine,0,3,3
yedavalli,0,3,3
trans-10ay,0,3,3
homoorientin,0,3,3
lumigen,0,3,3
altun,0,3,3
tajikistan,0,3,3
beatmungen,0,3,3
methylisobutylxanthine,0,3,3
paraıba,0,3,3
trijodthyronin,0,3,3
acetylglukosaminide,0,3,3
karotinoide,0,3,3
momattin,0,3,3
magnesium hydroxide,0,3,3
pbv125,0,3,3
virusvaccin,0,3,3
interchromatin,0,3,3
rusovastatin,0,3,3
mannoside,0,3,3
lypopolysaccaride,0,3,3
stizolicin,0,3,3
monzo,0,3,3
oxythiamine,0,3,3
coronaropathy,0,3,3
sophoracoumestan,0,3,3
carboxamide oxygen,0,3,3
karamitri,0,3,3
calcium chloride,0,3,3
liponovir,0,3,3
olide,0,3,3
cirsiliol,0,3,3
esculentin,0,3,3
resistance.9,0,3,3
baicaline,0,3,3
heteroarylpyrimidine,0,3,3
lysophosphatidylinositol,0,3,3
cycloheptyl,0,3,3
godderis,0,3,3
zuschreiben,0,3,3
freshippo,0,3,3
doramapimod,0,3,3
bulletkit,0,3,3
medikamentennebenwirkungen,0,3,3
colimicine,0,3,3
cavazzana,0,3,3
pβs,0,3,3
compoundsin,0,3,3
nrmegs,0,3,3
flavononol,0,3,3
flavonone,0,3,3
ofatunumab,0,3,3
eurovir,0,3,3
potassium dihydrogen,0,3,3
"thiadiazolo[2,3-a]pyrimidine",0,3,3
ribothymidine,0,3,3
wyosine,0,3,3
zukommt,0,3,3
helleborine,0,3,3
hirsunin,0,3,3
rugosin,0,3,3
chaconine,0,3,3
tatsumi,0,3,3
yintan,0,3,3
giacomini,0,3,3
sonntagsfragen,0,3,3
ansteckungen,0,3,3
abzuwägen,0,3,3
snurportin,0,3,3
tiecoplanin,0,3,3
cephalochordata,0,3,3
salinipostin,0,3,3
dentigerumycin,0,3,3
neothioviridamide,0,3,3
pentsuk,0,3,3
geschiedt,0,3,3
rispéridone,0,3,3
remdésivir,0,3,3
squadrone,0,3,3
rheumatol,0,3,3
re)define,0,3,3
gecompliceerde,0,3,3
tributylphosphine,0,3,3
garfinkel,0,3,3
lifegrade,0,3,3
cyclandelate,0,3,3
naphthylalanine,0,3,3
flohé,0,3,3
nitrosomorpholine,0,3,3
lopinarvir,0,3,3
algozzine,0,3,3
kitajima,0,3,3
rates.69,0,3,3
methylaplysinopsin,0,3,3
homofascaplysin,0,3,3
monem,0,3,3
sio2-ag,0,3,3
dehydrobatzelladine,0,3,3
overexpressd,0,3,3
theraclone,0,3,3
limitin,0,3,3
tramadole,0,3,3
diagnosealgorithmus,0,3,3
cylohexylamine,0,3,3
oligoengine,0,3,3
redivue,0,3,3
semicrystalline,0,3,3
tetraethoxysilane,0,3,3
hydroxyguanidine,0,3,3
nab)-paclitaxel,0,3,3
placlitaxel,0,3,3
fredholm,0,3,3
asarinin,0,3,3
konjugatvakzine,0,3,3
dsr660,0,3,3
arnoczky,0,3,3
hydroxylamine oxygen,0,3,3
quarantaine,0,3,3
carisoprodol,0,3,3
methyleneketone,0,3,3
oxyphencyclimine,0,3,3
karacan,0,3,3
modini,0,3,3
acetylatractylodinol,0,3,3
methylpredinisolone,0,3,3
lymphknotenvergrößerungen,0,3,3
antibovine,0,3,3
tofade,0,3,3
isceftriaxone,0,3,3
trmacitentan,0,3,3
glaciapyrrole,0,3,3
ainigmaptilone,0,3,3
membranolide,0,3,3
dosage,0,3,3
jervine,0,3,3
dihydrosphingosine,0,3,3
platinol,0,3,3
oxacilin,0,3,3
salomone,0,3,3
haberl,0,3,3
canovi,0,3,3
iacovelli,0,3,3
vacuole,0,3,3
hébert,0,3,3
seroquel,0,3,3
tocilixumab,0,3,3
acylamide,0,3,3
s121a,0,3,3
periungual,0,3,3
deijs,0,3,3
osilodrostat,0,3,3
hanifah,0,3,3
moxifloxacin hydrochloride,0,3,3
shepstone,0,3,3
benzenamine,0,3,3
polypropylenimine,0,3,3
khine,0,3,3
rpa2-ps33,0,3,3
methionine sulfone,0,3,3
tolstoy,0,3,3
fugizone,0,3,3
tris(2-carboxyethyl)-phosphine,0,3,3
dufour,0,3,3
j.u.j,0,3,3
seaplaque,0,3,3
oxohydroxide,0,3,3
calabaxanthone,0,3,3
trp349,0,3,3
carabapenem,0,3,3
rubini,0,3,3
pyridostigmine bromide,0,3,3
uncoat,0,3,3
maytansine,0,3,3
fluorescin,0,3,3
jararweh,0,3,3
opatz,0,3,3
bleselumab,0,3,3
moutzouris,0,3,3
nab046,0,3,3
porphyra,0,3,3
butenone,0,3,3
transgelin,0,3,3
lyngbyatoxin,0,3,3
tolytoxin,0,3,3
crenulata,0,3,3
sargaquinone,0,3,3
thyresenol,0,3,3
pseudolysin,0,3,3
serralysin,0,3,3
biomacromolecules,0,3,3
diarylurea,0,3,3
professorin,0,3,3
kavernen,0,3,3
ramazzini,0,3,3
fauvert,0,3,3
pollastri,0,3,3
sodium ampicillin,0,3,3
dihydroquinolizinone,0,3,3
diarylbenzopyrimidine,0,3,3
malonylindican,0,3,3
petrapole,0,3,3
diketene,0,3,3
togaviridade,0,3,3
huibin,0,3,3
isabelline,0,3,3
vitamin b,0,3,3
ascione,0,3,3
maclura,0,3,3
tadschikistan,0,3,3
adenovir,0,3,3
cephalea,0,3,3
biophenol,0,3,3
"l-3,4-dihydroxyphenylalanine",0,3,3
rechtvaardigen,0,3,3
cyanodelphin,0,3,3
igepal,0,3,3
heclin,0,3,3
androstadienone,0,3,3
ammonium thiocyanate,0,3,3
benzylidine,0,3,3
autogrid,0,3,3
neocalliactine,0,3,3
vithayathil,0,3,3
neutrol,0,3,3
goslin,0,3,3
tyr456,0,3,3
ala688,0,3,3
tolfedine,0,3,3
nisole,0,3,3
cloza­pine,0,3,3
paine,0,3,3
pharmeks,0,3,3
deletérea,0,3,3
andriole,0,3,3
spirostan,0,3,3
szénási,0,3,3
homopyrimidine,0,3,3
thrombopathy,0,3,3
lexogen,0,3,3
gulick,0,3,3
t5648,0,3,3
"b8,9-epoxide",0,3,3
mobicol,0,3,3
melaminophenylarsine,0,3,3
diarylquinoline,0,3,3
fraktalkine,0,3,3
darmerkrankungen,0,3,3
immundefizienz,0,3,3
fehlt,0,3,3
lidphlegmone,0,3,3
allylamine,0,3,3
kyorin,0,3,3
benzothiazinone,0,3,3
lysolethicin,0,3,3
abszedierungen,0,3,3
l260f,0,3,3
cycloheptapeptide,0,3,3
candidaspongiolide,0,3,3
mirabilin,0,3,3
xestospongia,0,3,3
polyvinylpyrrolidine,0,3,3
theyyathel,0,3,3
atebrin,0,3,3
schutzkolloide,0,3,3
needlestick,0,3,3
tumwine,0,3,3
fibronetin,0,3,3
dihydroergocristine,0,3,3
despejos,0,3,3
fuscata,0,3,3
strokeprone,0,3,3
hemocyanine,0,3,3
giotensin,0,3,3
akkawi,0,3,3
loconsole,0,3,3
ekpini,0,3,3
ngs_backbone,0,3,3
lycroine,0,3,3
ser128,0,3,3
arvicoline,0,3,3
methylisopelletierine,0,3,3
hygrine,0,3,3
punigluconin,0,3,3
orthosiphonone,0,3,3
macedonoside,0,3,3
ρ¯1m,0,3,3
diethoxyphosphoryl)isoxazolidine,0,3,3
octadecylrhodamine,0,3,3
luzindole,0,3,3
pseudocysts,0,3,3
tycko,0,3,3
gaactccagcaggaccatgt,0,3,3
röntgenuntersuchungen,0,3,3
bromotrichloromethane,0,3,3
vohl,0,3,3
lysozime,0,3,3
abgeklungen,0,3,3
maimone,0,3,3
faini,0,3,3
tamiphosphor,0,3,3
trihydroxytetrahydroxazine,0,3,3
kametani,0,3,3
methylphosphoramide,0,3,3
yl)guanosine,0,3,3
lexiscan,0,3,3
multiscan,0,3,3
inkompetenz,0,3,3
pulmonologen,0,3,3
softmax,0,3,3
fortini,0,3,3
christofk,0,3,3
verapamil hydrochloride,0,3,3
patole,0,3,3
strockbine,0,3,3
florini,0,3,3
fistel,0,3,3
lodzi,0,3,3
raschky,0,3,3
temperature.9,0,3,3
werno,0,3,3
methyl)prednisolone,0,3,3
benzo[d]isothiazole,0,3,3
arabinofuranosyladenine,0,3,3
cefalothin,0,3,3
сеll,0,3,3
marsupsin,0,3,3
piccone,0,3,3
provir,0,3,3
promokine,0,3,3
parolini,0,3,3
codéine,0,3,3
tetraethylthiuram,0,3,3
claypoole,0,3,3
inoxanthone,0,3,3
nexrutine,0,3,3
fiorini,0,3,3
cubenol,0,3,3
aridis,0,3,3
falcone,0,3,3
whithin,0,3,3
dileucine,0,3,3
recedesolide,0,3,3
acetylblancoxanthone,0,3,3
pyranojacaeubin,0,3,3
pyranochromanone,0,3,3
neigen,0,3,3
verfügen,0,3,3
pyrethroide,0,3,3
dihydrolycorine,0,3,3
violaine,0,3,3
polyallyamine,0,3,3
cosmelli,0,3,3
amithiozone,0,3,3
dikpinar,0,3,3
crenulatin,0,3,3
phenanthridinium,0,3,3
benzylpiperidine,0,3,3
xanthotol,0,3,3
fluopyram,0,3,3
bixafen,0,3,3
vorbeugen,0,3,3
systole,0,3,3
beatmungsmaschine,0,3,3
indol-2-one,0,3,3
japodagrone,0,3,3
butomus,0,3,3
neurotactin,0,3,3
vatiquinone,0,3,3
propacaine,0,3,3
oxymyoglobin,0,3,3
cyclosieversiodide,0,3,3
methaqualone,0,3,3
ostiole,0,3,3
n6-benzyladenosine,0,3,3
galactonojirimycin,0,3,3
lifescan,0,3,3
diethylenetriamine,0,3,3
javaberine,0,3,3
rhamnoisoliquiritin,0,3,3
remedisvir,0,3,3
cantaxanthin,0,3,3
viridiol,0,3,3
dihydroflavonol,0,3,3
gii.4.1987/2006d,0,3,3
cryostat,0,3,3
anthrone,0,3,3
flüchtlingsströme,0,3,3
perivitelline,0,3,3
bromopropylamine,0,3,3
baycol,0,3,3
guanzhou,0,3,3
remick,0,3,3
sendide,0,3,3
macrocypin,0,3,3
kadsurenone,0,3,3
cyclohexenylguanine,0,3,3
rendesivir,0,3,3
racemoside,0,3,3
dithiazolylketone,0,3,3
granolysin,0,3,3
enterokine,0,3,3
torchillin,0,3,3
g.f.g,0,3,3
carbothioamide,0,3,3
entsorgen,0,3,3
premarineosin,0,3,3
sophoroside,0,3,3
lcl204,0,3,3
maestrini,0,3,3
reichlin,0,3,3
vetnil,0,3,3
airyscan,0,3,3
rahim,0,3,3
rajakumar,0,3,3
harbone,0,3,3
transanethole,0,3,3
fenchone,0,3,3
beziehungen,0,3,3
mihara,0,3,3
undecane,0,3,3
qd alisporivir,0,3,3
thiazolobenzimidazole,0,3,3
skyscan,0,3,3
dnl104,0,3,3
sodium penicillin,0,3,3
arbidole,0,3,3
n9-diarylurea,0,3,3
cercropin,0,3,3
manire,0,3,3
mescaline,0,3,3
imbricatine,0,3,3
bezieht,0,3,3
tagesdosierungen,0,3,3
flavanthrinin,0,3,3
infectionem,0,3,3
juziphine,0,3,3
ethoheptazine,0,3,3
biphenylalanine,0,3,3
calliphora,0,3,3
oxopyrimidine,0,3,3
triethylammonium bicarbonate,0,3,3
pon812,0,3,3
anonaine,0,3,3
quinet,0,3,3
bandyopadhyay,0,3,3
goetz,0,3,3
frankopan,0,3,3
vicinanzo,0,3,3
festlegungen,0,3,3
n6-adenosine,0,3,3
ferner,0,3,3
p4-methylisoxazole,0,3,3
p3-threonine,0,3,3
grazeprovir,0,3,3
kasserine,0,3,3
flowkit,0,3,3
glyceollin,0,3,3
capsidiol,0,3,3
thiopyrimidine,0,3,3
livide,0,3,3
thirty‐one,0,3,3
rivalutazione,0,3,3
dioleoylphosphotidylethanolamine,0,3,3
lipopolyamine,0,3,3
maclachlin,0,3,3
rtp801,0,3,3
benzaclin,0,3,3
guarurine,0,3,3
biomembrane,0,3,3
sodium diclofenac,0,3,3
hydroxypestalopyrone,0,3,3
soucy,0,3,3
fluoroquinalone,0,3,3
wachstumshormone,0,3,3
lalitkumar,0,3,3
führungsaufgaben,0,3,3
tetrathiafulvalene,0,3,3
prandtl,0,3,3
leukotriens,0,3,3
coproantigens,0,3,3
neuts,0,3,3
commonl,0,3,3
accuracy=64.1,0,3,3
paragrafen,0,3,3
allylthiourea,0,3,3
gelsemine,0,3,3
castellana,0,3,3
souha,0,3,3
belacol,0,3,3
thienoimidazole,0,3,3
hemoglobulin,0,3,3
tilarone,0,3,3
amixin,0,3,3
gastrografine,0,3,3
semisolid,0,3,3
sivaprasad,0,3,3
cagnol,0,3,3
thapa,0,3,3
"pyrimido[4,5-d][1,3]oxazin-2-one",0,3,3
h162a,0,3,3
turbospin,0,3,3
3-iodothyronamine,0,3,3
limone,0,3,3
antennule,0,3,3
palmitoylethanomide,0,3,3
ebrahim,0,3,3
faridi,0,3,3
tris-[2-carboxyethyl]-phosphine,0,3,3
projektionen,0,3,3
ribonavir,0,3,3
butyldeoxynojirimycin,0,3,3
tetradehydroscoulerine,0,3,3
coptisonine,0,3,3
imo-2125,0,3,3
phenyltoloxamine,0,3,3
ornade,0,3,3
ondansetron hydrochloride,0,3,3
rinner,0,3,3
narcissidine,0,3,3
oxocrinine,0,3,3
cyclohexenol,0,3,3
curran,0,3,3
killed•april,0,3,3
solamargine,0,3,3
colonywide,0,3,3
dodecanol,0,3,3
frondoside,0,3,3
ammonium bromide,0,3,3
rubranol,0,3,3
cadinol,0,3,3
egfp,0,3,3
tollefsbol,0,3,3
lepidimoide,0,3,3
gallidermin,0,3,3
des‐arg9‐bradykinin,0,3,3
rezaee,0,3,3
itakura,0,3,3
diarrhorea,0,3,3
ralproveravir,0,3,3
intravascular,0,3,3
schamgefühle,0,3,3
carragen,0,3,3
nicodemus,0,3,3
tetrazoliumbromide,0,3,3
singen,0,3,3
tigecicline,0,3,3
flankenschmerz,0,3,3
chlorochine,0,3,3
micromole,0,3,3
mecamylamide,0,3,3
asmáticos,0,3,3
arylurea,0,3,3
comportato,0,3,3
cucurbitine,0,3,3
fagarine,0,3,3
gngn,0,3,3
isochaihulactone,0,3,3
taxomifene,0,3,3
dieke,0,3,3
galectine,0,3,3
dystroglycanopathy,0,3,3
p-478,0,3,3
gailione,0,3,3
rianimazione,0,3,3
misurata,0,3,3
espirazione,0,3,3
sedazione,0,3,3
hounsfi,0,3,3
yasuhiko,0,3,3
lipodepsipeptide,0,3,3
lehrstühle,0,3,3
ytokine,0,3,3
laskey,0,3,3
abrufen,0,3,3
nucleotídicos,0,3,3
amanpathiks,0,3,3
rückbildungstendenz,0,3,3
bonemarrow,0,3,3
cytokeratine,0,3,3
sulamaa,0,3,3
testicoli,0,3,3
colorazione,0,3,3
fecondazione,0,3,3
normalizzazione,0,3,3
erfolgt,0,3,3
fludarbine,0,3,3
differin,0,3,3
nannf,0,3,3
fiyaline,0,3,3
toxylin,0,3,3
ml)streptomycin,0,3,3
villigen,0,3,3
yl)hydroquinone,0,3,3
rethy,0,3,3
onderhuidse,0,3,3
ferric ammonium,0,3,3
cilistatin,0,3,3
mitoxatrone,0,3,3
oogspierverlammingen,0,3,3
zenuwen,0,3,3
botafwijkingen,0,3,3
polyacrylamide,0,3,3
propantheline bromide,0,3,3
o'berine,0,3,3
realismus,0,3,3
maschine,0,3,3
gesprächen,0,3,3
aldostérone,0,3,3
népal,0,3,3
d'albendazole,0,3,3
l'atovaquone,0,3,3
cnucleoside,0,3,3
kunststoffen,0,3,3
practicesin,0,3,3
.quinine,0,3,3
metmyoglobin,0,3,3
propranolol hydrochloride,0,3,3
hartkloppingen,0,3,3
glycerophosphorylcholine,0,3,3
trypetesa,0,3,3
flomax,0,3,3
lacune,0,3,3
genomewide,0,3,3
lphenylalanine,0,3,3
nikitara,0,3,3
renin angiotensin,0,3,3
perilymph,0,3,3
vigilanz,0,3,3
prothocol,0,3,3
muricola,0,3,3
verhelfen,0,3,3
leichnam,0,3,3
glomerulitis,0,3,3
replantationsrisiko,0,3,3
hydroxypyrimidinone,0,3,3
furfurylamine,0,3,3
nuraini,0,3,3
thiodiketopiperazine,0,3,3
porphyrias,0,3,3
ouaknine,0,3,3
lhistidine,0,3,3
biotin azide,0,3,3
aerosole,0,3,3
fibromax,0,3,3
taura,0,3,3
p2-decahydroisoquinoline,0,3,3
signalpeptide,0,3,3
anfügen,0,3,3
aminosäuresequenz,0,3,3
influenzaviren,0,3,3
vitamin c,0,3,3
formalinfixed,0,3,3
isoguanine,0,3,3
mikrobiozide,0,3,3
vorliegen,0,3,3
fswcnt,0,3,3
beëindigen,0,3,3
triphenylene,0,3,3
cftr-/-swine,0,3,3
debride,0,3,3
neurogranin,0,3,3
caudalis,0,3,3
properdine,0,3,3
cevimeline,0,3,3
seventynine,0,3,3
immunreaktivität,0,3,3
risikogene,0,3,3
pyridoxine hydrochloride,0,3,3
mucke,0,3,3
coliforms,0,3,3
caeine,0,3,3
4benzylpiperidine,0,3,3
polyactylamide,0,3,3
dentine,0,3,3
multitine,0,3,3
ledispavir,0,3,3
terminnähe,0,3,3
anonymus,0,3,3
rt3dtee,0,3,3
nacteylpenicillamine,0,3,3
savelsbergh,0,3,3
dennett,0,3,3
pyrrolophenanthridine,0,3,3
chloroformmethanol,0,3,3
razione,0,3,3
corthier,0,3,3
levocabastin,0,3,3
risiko,0,3,3
releasinghormone,0,3,3
einzelfallbeschreibungen,0,3,3
leukämierisiko,0,3,3
nnitrosodimethylamine,0,3,3
thysanone,0,3,3
megsin,0,3,3
ioban,0,3,3
brofaromine,0,3,3
hedione,0,3,3
histofine,0,3,3
thrornbin,0,3,3
clivarine,0,3,3
sialopeptide,0,3,3
this?we,0,3,3
zukünftigen,0,3,3
paravisini,0,3,3
δcreatine,0,3,3
entzª,0,3,3
blanchini,0,3,3
riaxone,0,3,3
brachyphalangy,0,3,3
l'endocol,0,3,3
médiastin,0,3,3
l'urine,0,3,3
calcitonine,0,3,3
l'imatinib,0,3,3
adrénaline,0,3,3
l'hepcidine,0,3,3
l'hémojuvéline,0,3,3
l'haleine,0,3,3
duroziez,0,3,3
reticulocalbin,0,3,3
betadefensin,0,3,3
benefi,0,3,3
sensit,0,3,3
operiert,0,3,3
bronchodilatat,0,3,3
tejima,0,3,3
f311l,0,3,3
sulfamoylbenzamide,0,3,3
bcytokine,0,3,3
bulmuş,0,3,3
cholangiole,0,3,3
giaever,0,3,3
methaemoglobin,0,3,3
naciri,0,3,3
lithocholic,0,3,3
fcaghv,0,3,3
diamos,0,3,3
impromidine,0,3,3
vynckier,0,3,3
laryngopharynx,0,3,3
effectivein,0,3,3
raucherinnen,0,3,3
benhocine,0,3,3
cocaine hydrochloride,0,3,3
reportan,0,3,3
coronavir,0,3,3
pregnanetriol,0,3,3
sulfaméthoxazole,0,3,3
youngner,0,3,3
verstöße,0,3,3
vervellingen,0,3,3
oxybutynine,0,3,3
overwegingen,0,3,3
discov,0,3,3
clare,0,3,3
mchlorophenylhydrazone,0,3,3
odgin,0,3,3
l'amphotéricine,0,3,3
alanin,0,3,3
gewalttat,0,3,3
terrorismusfragen,0,3,3
.ovomucin,0,3,3
hsa800,0,3,3
linchpin,0,3,3
methyldeoxynojirimycin,0,3,3
abyssinoflavanone,0,3,3
attenuazione,0,3,3
l'interno,0,3,3
medzihradszky,0,3,3
kryptorchismus,0,3,3
cerebroside,0,3,3
lympadenopathy,0,3,3
αchymotrypsin,0,3,3
bà,0,3,3
thromboembolismus,0,3,3
gse7895,0,3,3
triterpenalkohole,0,3,3
augenentzündungen,0,3,3
lleucine,0,3,3
polietilenglicole,0,3,3
nmethylmorpholine,0,3,3
gairola,0,3,3
erythropoeitin,0,3,3
monolete,0,3,3
kynicky,0,3,3
negen,0,3,3
thonzylamine,0,3,3
übergewichtigen,0,3,3
agtep1,0,3,3
sokal,0,3,3
gilioli,0,3,3
aljitawi,0,3,3
yantorno,0,3,3
telomerenproteine,0,3,3
fluoreszenzfarbstoffen,0,3,3
übertragen,0,3,3
miniswine,0,3,3
liquémine,0,3,3
glycohemoglobin,0,3,3
ecv304,0,3,3
ipsapirone,0,3,3
quartarone,0,3,3
ibuprophen,0,3,3
peptaibol,0,3,3
abdurahman,0,3,3
lissoclinamide,0,3,3
tetrahydrorobustaflavone,0,3,3
orbitaflegmone,0,3,3
laktoferrin,0,3,3
syntrophomonas,0,3,3
resatorvid,0,3,3
todetermine,0,3,3
sircol,0,3,3
erscheinungen,0,3,3
polline,0,3,3
trappole,0,3,3
bogaert,0,3,3
gly616,0,3,3
trp800,0,3,3
debromopetrosamine,0,3,3
elbasvir qd,0,3,3
gˆttingen,0,3,3
androstendione,0,3,3
pyranopterin,0,3,3
nϭ4,0,3,3
terrestris,0,3,3
oleylphosphocholine,0,3,3
titanosiloxane,0,3,3
centerwide,0,3,3
pankeratin,0,3,3
chloronapthol,0,3,3
flatapole,0,3,3
preprotocol,0,3,3
.aside,0,3,3
aanwijzingen,0,3,3
kulturbedingungen,0,3,3
regolazione,0,3,3
teilgebiet,0,3,3
oberjura,0,3,3
defizienz,0,3,3
woodpigeon,0,3,3
senkirkine,0,3,3
picomole,0,3,3
limitazione,0,3,3
broncocostrizione,0,3,3
alterazione,0,3,3
broncodilatazione,0,3,3
l'apparato,0,3,3
nebenwirkungsbedingt,0,3,3
klin,0,3,3
ahemolysin,0,3,3
kawade,0,3,3
yurko,0,3,3
lowenstein,0,3,3
kornblit,0,3,3
labopin,0,3,3
thatone,0,3,3
ldd175,0,3,3
bspline,0,3,3
d3+epi,0,3,3
znf403,0,3,3
severini,0,3,3
s3-guideline,0,3,3
misurare,0,3,3
−)-carbovir,0,3,3
randomizzato,0,3,3
cultureinquarantine,0,3,3
mutato,0,3,3
adinopectin,0,3,3
oligoproline,0,3,3
lymphokine,0,3,3
regulatorproteine,0,3,3
taspine,0,3,3
fachgruppe,0,3,3
osteochondropathy,0,3,3
gerdyi,0,3,3
obsignata,0,3,3
coagulogram,0,3,3
myritonine,0,3,3
fütterstörungen,0,3,3
peridiniphycean,0,3,3
frebini,0,3,3
polyethylenglykollösungen,0,3,3
eloesser,0,3,3
l'immunité,0,3,3
talfan,0,3,3
opposizione,0,3,3
conformazione,0,3,3
filone,0,3,3
electroretinography,0,3,3
annimmt,0,3,3
folgebeziehungen,0,3,3
oxoglaucin,0,3,3
dosisabweichungen,0,3,3
klepoppervlak,0,3,3
lochner,0,3,3
tevagastrim,0,3,3
ankiri,0,3,3
linnaeus,0,3,3
calprotecin,0,3,3
nramp1,0,3,3
spm287,0,3,3
tubulysin,0,3,3
pinaka,0,3,3
redcap,0,3,3
chondrotin,0,3,3
subfalcine,0,3,3
.capsaicin,0,3,3
ontspringt,0,3,3
terga,0,3,3
girault,0,3,3
c2-ceramide,0,3,3
l'histone,0,3,3
biosis,0,3,3
h]tiotidine,0,3,3
jeunicin,0,3,3
suizidrisiko,0,3,3
mvine,0,3,3
cementoplasty,0,3,3
consapevole,0,3,3
epikurone,0,3,3
ketoleucine,0,3,3
chhatim,0,3,3
l'adalimumab,0,3,3
phytomenadione,0,3,3
cardiopalmus,0,3,3
cohibin,0,3,3
allapinin,0,3,3
postiglione,0,3,3
percutan,0,3,3
musikjournalismus,0,3,3
liposomepeptide,0,3,3
infiammazione,0,3,3
pregnenelone,0,3,3
levobupivacaine hydrochloride,0,3,3
kingiside,0,3,3
noncanine,0,3,3
trolline,0,3,3
varimax,0,3,3
exifone,0,3,3
fungine,0,3,3
egglestone,0,3,3
gammaherpesvir,0,3,3
rückwärtsversagen,0,3,3
indolealkylamine,0,3,3
miziorko,0,3,3
spiradoline,0,3,3
bromoindole,0,3,3
papcone,0,3,3
gerufen,0,3,3
tetanospasmine,0,3,3
tetanusvaccin,0,3,3
corporeo,0,3,3
finanziato,0,3,3
sedimentazione,0,3,3
pubblicata,0,3,3
l'attitudine,0,3,3
climatici,0,3,3
eliminazione,0,3,3
l'immunizzazione,0,3,3
dotazione,0,3,3
considerato,0,3,3
dispensazione,0,3,3
d'indagine,0,3,3
confezionato,0,3,3
ottenuti,0,3,3
gestazione,0,3,3
individuazione,0,3,3
prescrizione,0,3,3
registrata,0,3,3
conservazione,0,3,3
mansione,0,3,3
residenti,0,3,3
rifusione,0,3,3
ereatinine,0,3,3
familienangehörigen,0,3,3
autorennen,0,3,3
darstellungen,0,3,3
muleba,0,3,3
detennine,0,3,3
ru16,0,3,3
mueopeptide,0,3,3
neonaticide,0,3,3
istam,2,0,2
31-mer,2,0,2
salzer,2,0,2
csfvns3,2,0,2
il‐18bp,2,0,2
meropenem/levofloxacin,2,0,2
darr,2,0,2
non-glycosylated,2,0,2
amfetaminen,2,0,2
magnesiumsulfaat,2,0,2
rocuroniumbromide,2,0,2
ethanol/isopropanol,2,0,2
bleomycin‐,2,0,2
pro-hydroxyproline-gly,2,0,2
glu-lys-gly,2,0,2
mitosanes,2,0,2
lemmer,2,0,2
hcl-glycin,2,0,2
isopropy,2,0,2
yt-ampicillin,2,0,2
hongqi,2,0,2
pathatrix,2,0,2
verbs,2,0,2
thee3-e2-6k-e1,2,0,2
boeckh,2,0,2
rollin,2,0,2
drosou,2,0,2
efavirens,2,0,2
pegylatedinterferon-α-2a,2,0,2
interferon-α-1b,2,0,2
methyl-a-pyranoside,2,0,2
dialyte,2,0,2
hsa-mir-100,2,0,2
hsa-mir-21-5p,2,0,2
hsa-mir-122-5p,2,0,2
"hsa-mir-24-3p,hsa-mir-21-5p,hsa-mir-93-5p,hsa-mir-100-5p",2,0,2
5-fluorouracil/cisplatin,2,0,2
hsa-mir-126-5p,2,0,2
hsa-mir-144-,2,0,2
hsa-mir-10b,2,0,2
hsa-mir-25,2,0,2
cel-mir-54,2,0,2
hsa-mir-451,2,0,2
hsa-mir-103,2,0,2
hsa-mir-16a,2,0,2
megavesica,2,0,2
iv3,2,0,2
chloroquine-plasmodium,2,0,2
adamantane-oseltamivir,2,0,2
4.cyclosporine,2,0,2
melius,2,0,2
nullum,2,0,2
ambrish,2,0,2
uncleaved,2,0,2
compound16b,2,0,2
inhibitor16a,2,0,2
ferricoxyhydroxide,2,0,2
bolivars,2,0,2
adjuran,2,0,2
rendille,2,0,2
podophyllumpeltatum,2,0,2
sulfadiazine/pyrinrethamine,2,0,2
trichasomoides,2,0,2
cisplatin-ccnu-vincristine,2,0,2
busca,2,0,2
gururangan,2,0,2
arifin,2,0,2
expectancy,2,0,2
ecevit,2,0,2
carmustine.5,2,0,2
bleomycin.89,2,0,2
tetralaris,2,0,2
oliverio,2,0,2
colubraria,2,0,2
remipedia,2,0,2
conoporin,2,0,2
gemmula,2,0,2
bromo-uridine,2,0,2
darunavir+cobicistat,2,0,2
cefaperazone/sulbactum,2,0,2
deltatherm,2,0,2
stabisol,2,0,2
umf,2,0,2
crtt,2,0,2
alsius,2,0,2
pump/oxygenator,2,0,2
clopidogrel(900,2,0,2
ceftriaxone-clindamicin,2,0,2
bpropiolactone,2,0,2
cucumovirus,2,0,2
ztb,2,0,2
corda,2,0,2
cvitbc,2,0,2
sadomba,2,0,2
das18,2,0,2
stela,2,0,2
stavros,2,0,2
arvicanthis,2,0,2
vellodi,2,0,2
duchamp,2,0,2
dogon,2,0,2
lrelu,2,0,2
fumariaofficinalis,2,0,2
caco3,2,0,2
sodiumfumarate,2,0,2
cisplatinand,2,0,2
catty,2,0,2
valap,2,0,2
sirna-viperin,2,0,2
pambuccian,2,0,2
3hp-modified,2,0,2
α-2,2,0,2
azithromycin-,2,0,2
bovinelactoferrin,2,0,2
medchem,2,0,2
alisolb23-acetate,2,0,2
sitapara,2,0,2
α7nachr-agonist,2,0,2
resolvind1,2,0,2
d-37pa,2,0,2
cyclosporinh,2,0,2
fpr2-,2,0,2
galloylpaeoniflorin,2,0,2
benzoyloxypaeoniflorin,2,0,2
ic3,2,0,2
lenalidomide.4,2,0,2
aviah,2,0,2
cavin2,2,0,2
eubacteria,2,0,2
ndm-1/imipenem,2,0,2
mansour,2,0,2
hsa-mir-146a,2,0,2
hsa-mir-29a,2,0,2
shulin,2,0,2
chuanhua,2,0,2
ssrf,2,0,2
cisplatin-195pt,2,0,2
pella,2,0,2
streptavidin-alkaline,2,0,2
bta23,2,0,2
aptis,2,0,2
can-m.,2,0,2
can-b.,2,0,2
pentabody,2,0,2
mupapillomavirus,2,0,2
nupapillomavirus,2,0,2
biotin-tyramine,2,0,2
kenworth,2,0,2
navantia,2,0,2
ansaldo,2,0,2
5.hydroxychloroquine,2,0,2
disoproxil-emtricitabine-efavirenz,2,0,2
(hydro)chlorquinine,2,0,2
gsgp,2,0,2
vitvarene,2,0,2
epac/camp-gef,2,0,2
isoproterenol-,2,0,2
liprin-α,2,0,2
lin-32,2,0,2
innexin,2,0,2
lovastatine,2,0,2
rosuvastatine,2,0,2
nobilisibma5,2,0,2
aatika,2,0,2
glepidotinb,2,0,2
glycybridind,2,0,2
glycybridin,2,0,2
acetol,2,0,2
buzhongyiqi,2,0,2
bencaogangmu,2,0,2
mk-8931,2,0,2
donepezilhydrochloride,2,0,2
dl0410,2,0,2
sap-lap,2,0,2
pranayam,2,0,2
maxing-shigan-tangandyinqiao-san,2,0,2
csa-,2,0,2
gs-9450,2,0,2
streptomicine,2,0,2
hcv.azithromycin,2,0,2
α-1at,2,0,2
p.canaliculata,2,0,2
sayasone,2,0,2
sia-gal,2,0,2
palmidronate,2,0,2
doxorubicin/pazopanib,2,0,2
hecataeus,2,0,2
serrato,2,0,2
fe/isoflurane,2,0,2
kazem,2,0,2
fatemeh,2,0,2
kla,2,0,2
7-amino,2,0,2
gga-mir-200b,2,0,2
gelatin-sucrose,2,0,2
mir-125bsponge,2,0,2
mir-200bsponge,2,0,2
disodium-ethylenediaminetetraacetate,2,0,2
4-methyl-piperazine,2,0,2
cisplatin/premetrexed,2,0,2
mec-2015,2,0,2
tonosafe,2,0,2
saguinine,2,0,2
limonium,2,0,2
jacet,2,0,2
monteluksat,2,0,2
anti-pdgf,2,0,2
peg-conjugated,2,0,2
raninizumab,2,0,2
as411,2,0,2
rb006,2,0,2
grigory,2,0,2
xuebijin,2,0,2
cobamamide,2,0,2
aldine,2,0,2
zacharias,2,0,2
osumahoarhe,2,0,2
salafists,2,0,2
chikwe,2,0,2
bokokaram,2,0,2
dinis,2,0,2
tunnicliffe,2,0,2
sabinoralpolio,2,0,2
parasiticides,2,0,2
pyrethrin-based,2,0,2
azoxide,2,0,2
diazoxid,2,0,2
croup.181,2,0,2
amel,2,0,2
ropalidiasantoshae,2,0,2
r.flavopicta,2,0,2
chlorhexidine-sulfadiazine,2,0,2
i-fibrinogen,2,0,2
hcv-1b,2,0,2
ketamine-acepromazine-xylazine,2,0,2
dormeau,2,0,2
mougi,2,0,2
hashish,2,0,2
hyper-immunoglobulin,2,0,2
stegomya,2,0,2
rosavirusm-7,2,0,2
a.enterovirusa,2,0,2
mark,2,0,2
codiictus,2,0,2
peramivir.90,2,0,2
valpromide,2,0,2
cdk13,2,0,2
cell-permeantantioxidant,2,0,2
z-ht,2,0,2
b-hl,2,0,2
bacto-agar,2,0,2
daoxin,2,0,2
peg1450,2,0,2
α-bergamotene,2,0,2
3-isobutyl-1-methylxanthine,2,0,2
rhdobacter,2,0,2
nd.,2,0,2
hemaxis,2,0,2
b23,2,0,2
sulphydrilic,2,0,2
phytophtora,2,0,2
beta-lactamase-1,2,0,2
uterotonics,2,0,2
dexmedetominide,2,0,2
ace-inhibitors,2,0,2
teplice,2,0,2
mutagens,2,0,2
pulsioximetría,2,0,2
metilxantinas,2,0,2
quinepristin/dalfopristin,2,0,2
tivirapine,2,0,2
mir‐224,2,0,2
oseltamivir).data,2,0,2
azor,2,0,2
amino-niclosamide,2,0,2
karakostas,2,0,2
borodin,2,0,2
da-9601,2,0,2
8-cineole,2,0,2
sodiumsalts,2,0,2
co-carcinogen,2,0,2
streptozotocin-diabetes,2,0,2
chlorodibromomethane,2,0,2
strobino,2,0,2
lactamase_b,2,0,2
citrate_ly_lig,2,0,2
lanthionines,2,0,2
amelin,2,0,2
soho,2,0,2
hkwsic,2,0,2
azithromycin2,2,0,2
candesartan/hydrochlorothiazide,2,0,2
palmitoleateffa,2,0,2
achetinocholine,2,0,2
lipp,2,0,2
lipc,2,0,2
apom+,2,0,2
apoa.,2,0,2
apoe3,2,0,2
gluco-,2,0,2
sirtuin-1,2,0,2
mir16,2,0,2
mir201,2,0,2
adiponectinemia,2,0,2
adipor2,2,0,2
angiotensin(1–7,2,0,2
corticotropin-releasing,2,0,2
preproglucagon,2,0,2
isovalerate,2,0,2
ghsr1a,2,0,2
uridinemia,2,0,2
pegifn-alpha-2a,2,0,2
ngin,2,0,2
intracerebroventricular,2,0,2
sariol,2,0,2
kanamycillin,2,0,2
beida,2,0,2
adrinamycin,2,0,2
podob,2,0,2
mongabay,2,0,2
pegylated-ifn-alpha2b,2,0,2
atacicept,2,0,2
fried,2,0,2
dx26,2,0,2
sirna-directed,2,0,2
mirna-antagomir,2,0,2
ompf.,2,0,2
prednisolon/methyl-prednisolon,2,0,2
lopinavir(lpv)/ritonavir,2,0,2
sbe-cd,2,0,2
alveron,2,0,2
d=5,2,0,2
garc,2,0,2
lindi,2,0,2
polito,2,0,2
"5,6-dimethylbenzimidazole",2,0,2
4-chloro-1-naphthol,2,0,2
hendley,2,0,2
gortazar,2,0,2
bortezomib/carfilzomib,2,0,2
nacitrate,2,0,2
amitava,2,0,2
duboisii,2,0,2
csr,2,0,2
tetrahydrofurofuranes,2,0,2
apiacae,2,0,2
b.wenchuanense,2,0,2
gamma,2,0,2
anfossi,2,0,2
escarpa,2,0,2
alpha-oxygen,2,0,2
herbsaxifragastoloniferameerb,2,0,2
herbalsaxifrage,2,0,2
livostin,2,0,2
isopropylene,2,0,2
anti-vegfs,2,0,2
retinits,2,0,2
shaocapsule,2,0,2
aclitaxel,2,0,2
glycerinum,2,0,2
gefitinib-2oh,2,0,2
vescalagin,2,0,2
flavonoidtannins,2,0,2
schinopsis,2,0,2
epichlorhydrin,2,0,2
sulphonation,2,0,2
ceze,2,0,2
mitosox,2,0,2
scotin,2,0,2
gpr-14/urotensinii,2,0,2
lipomics,2,0,2
albuminbovine,2,0,2
mknk,2,0,2
sbi-756,2,0,2
braf-inhibitor,2,0,2
dmda-pateamine,2,0,2
nsaidsglucocorticoids,2,0,2
flucloxacillin/vancomycin,2,0,2
pellino2,2,0,2
kaempferol-7-o-glucoside,2,0,2
hesperetin-7-glucoside,2,0,2
sovran,2,0,2
sulaimaniah,2,0,2
sulmania,2,0,2
tk-esha.,2,0,2
moracin,2,0,2
mormin,2,0,2
bace,2,0,2
zn-pyrithione,2,0,2
seleniumsupplements,2,0,2
umbertide,2,0,2
flamazine,2,0,2
trim30d,2,0,2
trimethoprim/sulfamethoxizole,2,0,2
rapakivi,2,0,2
dvv,2,0,2
cannabisina,2,0,2
quercetin7-o-rutinoside,2,0,2
prx002/,2,0,2
kurze,2,0,2
12-uridine,2,0,2
bigelow,2,0,2
trigoniida,2,0,2
m.chinensis,2,0,2
tocopherol-conjugated,2,0,2
ai)ketoconazole,2,0,2
lrp-2,2,0,2
lithol,2,0,2
indocyanin,2,0,2
quinizarin,2,0,2
magnesiumbicarbonate,2,0,2
glyburide/glibenclamide,2,0,2
pma-anfis,2,0,2
mpa-anfis,2,0,2
imizol,2,0,2
vangelis,2,0,2
orf-1b,2,0,2
"1α,25(oh)2d3",2,0,2
da-dkp,2,0,2
dcam,2,0,2
t-cnn,2,0,2
doxorubicin+ifosfamide,2,0,2
epirubicin+ifosfamide,2,0,2
doxorubicin+dacarbazine,2,0,2
rnacofold,2,0,2
reeseirutc30,2,0,2
rutc30,2,0,2
anfinsen´s,2,0,2
johnsonii,2,0,2
casei,2,0,2
polymyxinb/hydrocortisone,2,0,2
bacitracin-polymyxin,2,0,2
trimethoprim-polymyxin,2,0,2
nitrofurantonin,2,0,2
nedry,2,0,2
cu/zn-superoxide,2,0,2
tocilizumab/sarilumab,2,0,2
gbp,2,0,2
megalovirus,2,0,2
vaconstrictor,2,0,2
aviolet,2,0,2
zucolotto,2,0,2
bovinecoronavirusvaccine,2,0,2
endostatins,2,0,2
doxorubicin.7,2,0,2
angelab.,2,0,2
urogen,2,0,2
sabinanti-polio,2,0,2
chadox1vaccine,2,0,2
chadox1,2,0,2
qs21saponinadjuvant,2,0,2
magnesium-l-threonate,2,0,2
tulasi,2,0,2
telegraf,2,0,2
chronograf,2,0,2
no-umifenovir,2,0,2
arsenides,2,0,2
arsenobenzene,2,0,2
arsenicumalbum30c,2,0,2
lewisite,2,0,2
emeramide,2,0,2
cysteamines,2,0,2
hcv‐1,2,0,2
phe/ant,2,0,2
anti-mannose,2,0,2
edimir,2,0,2
vincristine/steroid,2,0,2
1h-indazole,2,0,2
detragiache,2,0,2
o/n-alkylated,2,0,2
fintel,2,0,2
merinides,2,0,2
ocak,2,0,2
artemisiaherba-albaasso,2,0,2
ub-chain,2,0,2
baihualin,2,0,2
enugt,2,0,2
bicornin,2,0,2
gallotannins,2,0,2
assis,2,0,2
sena,2,0,2
acre,2,0,2
bookstaver,2,0,2
preprovasopressin,2,0,2
sunscreencream,2,0,2
il-10,2,0,2
cornububali,2,0,2
dan-shen-yin,2,0,2
rp13,2,0,2
meg8,2,0,2
mir17hg,2,0,2
let-7d,2,0,2
paip2,2,0,2
axil,2,0,2
fizi,2,0,2
laika,2,0,2
interferon-gamma,2,0,2
malnic,2,0,2
dna23,2,0,2
anti-antisense,2,0,2
creophilus,2,0,2
ebov-gp,2,0,2
gennadiy,2,0,2
tenin,2,0,2
guzel,2,0,2
boceprevir/telaprevir,2,0,2
butterfat-diet,2,0,2
fatuma,2,0,2
pyrx,2,0,2
hsa-mir-6125,2,0,2
hsa-mir-296,2,0,2
hsa-mir-4459,2,0,2
hsa-mir-494-3p,2,0,2
hsa-mir-638,2,0,2
csnps,2,0,2
csnps/chlorhexidine,2,0,2
plga/csnps/lovastatin-tetracycline,2,0,2
gnps-antibiotic,2,0,2
cgsurf,2,0,2
rt-pa/tocilizumab,2,0,2
satini,2,0,2
bordetellabacterin,2,0,2
conitzer,2,0,2
ibuprofene/ketoprofen,2,0,2
fluoroquinolones.34,2,0,2
sirit,2,0,2
betancourt,2,0,2
carmellia,2,0,2
flavonoidanthocyanins,2,0,2
s.nigraberries,2,0,2
kaempferols,2,0,2
isorhamnetins,2,0,2
dfdc-mp,2,0,2
5-iodotubercidine,2,0,2
6-azacytidine,2,0,2
floslonicerajaponica(,2,0,2
floslonicerajaponica,2,0,2
xinyi,2,0,2
isoflorane,2,0,2
eptv-wa,2,0,2
eptv-134,2,0,2
eptv-010,2,0,2
eptv-020,2,0,2
eptv-178,2,0,2
cotv,2,0,2
"1,25‐dihydroxyvitamind3",2,0,2
vitamin‐d3,2,0,2
β-lactamine,2,0,2
puccini,2,0,2
icopeapp,2,0,2
schiffenbauer,2,0,2
narda,2,0,2
leerdoelen,2,0,2
amoxicilline/ampicilline,2,0,2
nitro-imidazolen,2,0,2
anticoagulantia,2,0,2
fenprocoumon,2,0,2
dopaminergicum,2,0,2
mentholpoeder,2,0,2
zai-79,2,0,2
cepheid,2,0,2
trillas,2,0,2
shaw,2,0,2
zugelassener,2,0,2
mirna-184,2,0,2
5′-azacytidine,2,0,2
cisplatinum/carboplatinum,2,0,2
carbomyl,2,0,2
pegifn-α-2a,2,0,2
α-bisabolol,2,0,2
cane,2,0,2
d′,2,0,2
oseltamivir.44,2,0,2
hyaluronicacid-curcumin,2,0,2
hyaluronicacid-curcuminconjugates,2,0,2
demarin,2,0,2
hydroxylaminehydrochloride,2,0,2
compound41a,2,0,2
α2-adrenoceptor,2,0,2
cyclopion,2,0,2
ophiodiplostominae,2,0,2
americaniense,2,0,2
polycotyle,2,0,2
ophidum,2,0,2
folicaeous,2,0,2
cheloniodiplostomum,2,0,2
herpetodiplostomum,2,0,2
heterodiplostomumlanceolatum,2,0,2
4-methylmorpholine,2,0,2
cooperator,2,0,2
agastachisherba,2,0,2
advocin,2,0,2
16-aminoacid,2,0,2
tmuvns1,2,0,2
stopgo,2,0,2
crm,2,0,2
afadin,2,0,2
pentahistidine,2,0,2
m-cl,2,0,2
deri,2,0,2
nimetazepam,2,0,2
b.subtilis,2,0,2
1uo1,2,0,2
ddx6/dimethylcytosine,2,0,2
hoft,2,0,2
teucrin,2,0,2
glabridin-alkylated,2,0,2
parapred,2,0,2
xeoene5,2,0,2
liposome-modifiedsublingual,2,0,2
β-metasone,2,0,2
β-methasone,2,0,2
–artemether,2,0,2
tocolacetate,2,0,2
fluconazole-encapsulated,2,0,2
cationicchitosan,2,0,2
dextransulphate,2,0,2
bovilis®,2,0,2
shank,2,0,2
flumazemil,2,0,2
salicyclate,2,0,2
5-hydroxydiclofenac,2,0,2
friedrichengels,2,0,2
maximgorky,2,0,2
protasov,2,0,2
h3-cytidine,2,0,2
calciumsoaps,2,0,2
nembutal/chlorprothixene,2,0,2
surgeon,2,0,2
prymidone,2,0,2
nsp-16-raltegravir,2,0,2
panavir®,2,0,2
quercetin3-rhamnoside,2,0,2
hippomanin,2,0,2
cl097,2,0,2
anti-pd1/pd-l1,2,0,2
sapin,2,0,2
dimitriiosifovich,2,0,2
jamunapari,2,0,2
rai,2,0,2
5-hydroxyflunixin,2,0,2
hydroxyflunixin,2,0,2
stephanostomum,2,0,2
balatidium,2,0,2
hemazoin,2,0,2
semendeferi,2,0,2
gucov,2,0,2
mareeva,2,0,2
lwoga,2,0,2
idrizi,2,0,2
comoro,2,0,2
hpv-26,2,0,2
brandimarte,2,0,2
copray,2,0,2
quentiapine,2,0,2
hydroxychloroquine-,2,0,2
lopinavir-ritonavir-hydroxychloroquine,2,0,2
quercetin7-o,2,0,2
quercetin3-o,2,0,2
macrocanthorhyncus,2,0,2
dewitteijaponica,2,0,2
o.dewitteijaponica,2,0,2
eucharius,2,0,2
leonellus,2,0,2
rilliet,2,0,2
sulfachrysoidine,2,0,2
lip-n223,2,0,2
aln,2,0,2
belvisia,2,0,2
mirb,2,0,2
platycerium,2,0,2
peltatum,2,0,2
obtusatum,2,0,2
suppositumhieron,2,0,2
gailis,2,0,2
antiwar,2,0,2
teargas,2,0,2
camaran,2,0,2
hpv-11p90,2,0,2
zanamivir19,2,0,2
ribavirin20,2,0,2
amantadine21,2,0,2
lumbrokinase,2,0,2
sulfatedpolysaccharide,2,0,2
conjugatehib,2,0,2
pailin,2,0,2
neuromatch,2,0,2
evangelic-lutheran,2,0,2
breivik,2,0,2
jimmie,2,0,2
pussy,2,0,2
pizza,2,0,2
grillo,2,0,2
erythomycinestolate,2,0,2
sulfamethoxzole,2,0,2
schizonticide,2,0,2
praziquatel,2,0,2
tilorone-platinum,2,0,2
potassiumtetrachloroplatinate,2,0,2
tiloronehydrochloride,2,0,2
oxygen-reduced,2,0,2
mgnrega,2,0,2
panchayati,2,0,2
9-bit,2,0,2
oseltamivir.5,2,0,2
dragonfly,2,0,2
glycerrhiza,2,0,2
vahya,2,0,2
umso,2,0,2
meist,2,0,2
bambusae,2,0,2
karunananthan,2,0,2
dudine,2,0,2
salby,2,0,2
boullata,2,0,2
hedyotis,2,0,2
c.sativus,2,0,2
straca,2,0,2
adipocin,2,0,2
perstorp,2,0,2
tricolsanj,2,0,2
tricolsan,2,0,2
kiro,2,0,2
macon,2,0,2
9-deazaneplanocin,2,0,2
radygin,2,0,2
scina,2,0,2
bopyrus,2,0,2
bopyrina,2,0,2
ascothoracida,2,0,2
sarsia,2,0,2
synagoga,2,0,2
grygier,2,0,2
kentrogonida,2,0,2
peronius,2,0,2
cyclopoids,2,0,2
vulcanoctopusi,2,0,2
chondracanthidae,2,0,2
lomanoticola,2,0,2
tucca,2,0,2
taeniacanthids,2,0,2
copepoda,2,0,2
rogercresseyi,2,0,2
heterocladius,2,0,2
nemesis,2,0,2
yelirella,2,0,2
ostracoda,2,0,2
cinefro,2,0,2
asarta,2,0,2
azomahou,2,0,2
f˜,2,0,2
semimetals,2,0,2
maxinová,2,0,2
potassiumsalts,2,0,2
pb-cysteine,2,0,2
peroxovanadium,2,0,2
peroxovanadate,2,0,2
peroxovanadates,2,0,2
sulfiteoxidase,2,0,2
cyclams,2,0,2
sodiumhalide,2,0,2
hydroxyoctanoicacid,2,0,2
mitotoyo,2,0,2
dihydroartemisinicacid,2,0,2
lenflunomide/teriflunomide,2,0,2
ubvme,2,0,2
uch-l1/hausp,2,0,2
fa12,2,0,2
mc12,2,0,2
mazanec,2,0,2
wannacry,2,0,2
gerstein,2,0,2
martinich,2,0,2
decadal,2,0,2
tango1,2,0,2
bazofin,2,0,2
opticum,2,0,2
mdacc,2,0,2
bäzner,2,0,2
meletus,2,0,2
goldhirsch,2,0,2
sliwka,2,0,2
reijer,2,0,2
traci,2,0,2
bercerra,2,0,2
arsenio,2,0,2
selenazoles,2,0,2
selenocyanates,2,0,2
selenocoxib,2,0,2
selenourea,2,0,2
selenohydantoin,2,0,2
a_br28,2,0,2
sule,2,0,2
hrv-a89,2,0,2
chlorethylnitrosoureas,2,0,2
mechlorethaminehydrochloride,2,0,2
.melphalan,2,0,2
3-dechloroethyl-ifosfamide,2,0,2
trofosfamida,2,0,2
nitromin,2,0,2
ethylenimmonium,2,0,2
sarcnu,2,0,2
methazolastone,2,0,2
zyloprim,2,0,2
l-diepoxybutane,2,0,2
phenytek,2,0,2
abiplatin,2,0,2
briplatin,2,0,2
cisplatin-damaged,2,0,2
heptaplatin,2,0,2
carbosin,2,0,2
zelensis,2,0,2
(+)-duocarmycin,2,0,2
uch9,2,0,2
ecteinascidins,2,0,2
pre-mithramycinone,2,0,2
mithracin,2,0,2
metal-streptonigrin,2,0,2
peucetius,2,0,2
doxorubicin-hpma,2,0,2
d-ala-phe-lys,2,0,2
leu-doxorubicin,2,0,2
d.anthracyclines,2,0,2
zucchi,2,0,2
thp-doxorubicin,2,0,2
4′-deoxydoxorubicin,2,0,2
aminoglycone,2,0,2
cynamid,2,0,2
esperamicina1,2,0,2
kedarcidin,2,0,2
carzinostaticus,2,0,2
9-nitro-camptothecin,2,0,2
9-amino-camptothecin,2,0,2
11c-topotecan,2,0,2
endotecarin,2,0,2
lam-501,2,0,2
indimitecan,2,0,2
podophyllotoxins,2,0,2
razoxin,2,0,2
dichloromethotrexate,2,0,2
7-hydroxymethotrexate,2,0,2
nolatrexed,2,0,2
5-fluoroxyuridine,2,0,2
efudex,2,0,2
droxia,2,0,2
anti-pyrimidines,2,0,2
β-thioguanine,2,0,2
6-thioinosine,2,0,2
inosinedialdehyde,2,0,2
ethenolate,2,0,2
epi-4′-homoabacavir(+)-4b,2,0,2
diaminobendizine,2,0,2
boulis,2,0,2
p&i.,2,0,2
cisplatin/carboplatin/oxaliplatin,2,0,2
lopinavir/ritonavir/interferon,2,0,2
drifa,2,0,2
glycyrrhiziae,2,0,2
o-phthalaldehyde/2-mercaptoethanol,2,0,2
"theaflavin‐3,3′‐digallate",2,0,2
plasmoquine(tm,2,0,2
mercaptopropionic,2,0,2
chuansheng,2,0,2
trans-coniferin,2,0,2
jurisdoctor,2,0,2
25-hd-25-hydroxyvitamind,2,0,2
najah,2,0,2
binotto,2,0,2
todt,2,0,2
mepraia,2,0,2
diisopropylbromomethanephosphonate,2,0,2
teleconsulting,2,0,2
oseltamivir.9,2,0,2
herpes-,2,0,2
festus,2,0,2
chitosannanovaccines,2,0,2
baa,2,0,2
bone?leptin,2,0,2
leptin-agonist,2,0,2
angiii,2,0,2
histomodule,2,0,2
elda,2,0,2
gardnerella,2,0,2
sen's,2,0,2
amartyasensaid,2,0,2
xbw,2,0,2
packin,2,0,2
wezel,2,0,2
fca/da,2,0,2
curcumin-capped,2,0,2
ipulimumab,2,0,2
",p",2,0,2
mk-curve24,2,0,2
karacali,2,0,2
lopinavir/indinavir,2,0,2
grl-09,2,0,2
hegemony,2,0,2
3-core,2,0,2
os-cfi,2,0,2
pt-cfi,2,0,2
dinitrochlorobenzene,2,0,2
biocidal,2,0,2
pbs/aprotinin,2,0,2
saha/vorinostat,2,0,2
suplatast,2,0,2
mmrvaccine(measles-mumps-rubella).the,2,0,2
hayee,2,0,2
bexsero,2,0,2
plcop,2,0,2
cyclophosphamide-methotrexate-fluorouracil,2,0,2
ectapenem,2,0,2
zyvixam,2,0,2
linospan,2,0,2
mirkogrmek,2,0,2
genk,2,0,2
advns1,2,0,2
vasileios,2,0,2
spruit,2,0,2
auroneglycosides,2,0,2
priestap,2,0,2
butyricimonas,2,0,2
bx-795.sorafenib,2,0,2
alfaestradiol,2,0,2
melanee,2,0,2
tetravalentdengvaxia,2,0,2
symb,2,0,2
medenox,2,0,2
nanotoxoid,2,0,2
tecemotide,2,0,2
ag/cuzeolite,2,0,2
sostena,2,0,2
catelicidines,2,0,2
foscarnet-sodium,2,0,2
acyclovir/foscarnet,2,0,2
pelagibacter,2,0,2
vanspanje,2,0,2
music.,2,0,2
andronico,2,0,2
wamala,2,0,2
cinnamomumcamphora,2,0,2
geniculosporium,2,0,2
phyllosphere,2,0,2
otm,2,0,2
blastomycetica,2,0,2
acmg,2,0,2
islj,2,0,2
pentium,2,0,2
hsa-mir-99b,2,0,2
mir-1777,2,0,2
mir-458,2,0,2
mir-199-3p,2,0,2
mdv1-mir-m4,2,0,2
mir-1723,2,0,2
mir-7b,2,0,2
mir-455-5p,2,0,2
mir-1658,2,0,2
mir-3525,2,0,2
mir-215-5p,2,0,2
antiseptikaverwenden,2,0,2
nadel,2,0,2
tiotropium-salmeterol,2,0,2
iodine-uptake,2,0,2
hendolin,2,0,2
strogard,2,0,2
shengshigao,2,0,2
exchequer,2,0,2
rotarixrotavirus,2,0,2
trade-nameingelvac®,2,0,2
"1α,25-dihydroxivitamind3",2,0,2
bcg-i,2,0,2
(r)-tylocrebrine,2,0,2
pileamartined,2,0,2
s-cryptopleurine,2,0,2
(±)-tylophorine,2,0,2
biodivhealthsea,2,0,2
mir-122a,2,0,2
clorfenamina,2,0,2
tetralysal,2,0,2
zincselenide,2,0,2
remdesivir.18,2,0,2
ube,2,0,2
boc-baricitinib,2,0,2
xinafoate,2,0,2
abt-738,2,0,2
sodiumamide,2,0,2
alui,2,0,2
berberine-9,2,0,2
xiapires,2,0,2
bag-iires,2,0,2
ola1,2,0,2
zorg,2,0,2
h.10.1007/978-90,2,0,2
victoza,2,0,2
tripeptide1,2,0,2
carbonateminerals,2,0,2
mesoproterozoic,2,0,2
sciatica,2,0,2
luhmannian,2,0,2
flemish,2,0,2
ayrton,2,0,2
savana,2,0,2
sunitinib-erlotinib,2,0,2
captozyme,2,0,2
4′-thia-2′-deoxycytidine,2,0,2
mthebei,2,0,2
yinqiaojiedu,2,0,2
kdn,2,0,2
di-isopropyl,2,0,2
erskine,2,0,2
ciclovía,2,0,2
poly-zinc,2,0,2
nazla,2,0,2
savory,2,0,2
supramid,2,0,2
ire1-bzip60arm,2,0,2
yos9,2,0,2
metkinine,2,0,2
epetide,2,0,2
nadoc,2,0,2
quinquenio,2,0,2
tenofovir-alafenamide/emtricitabine,2,0,2
dqn-vae,2,0,2
steroid-sulfatase,2,0,2
budowsky,2,0,2
mendola,2,0,2
brandreth,2,0,2
matysiak,2,0,2
diphenicacid,2,0,2
bismuthnitrate,2,0,2
ortho-,2,0,2
emivirin,2,0,2
robtoreki,2,0,2
ll-2,2,0,2
pulex,2,0,2
adm-adrecuzimab,2,0,2
insuranceschemes,2,0,2
mellander,2,0,2
veneri,2,0,2
dyphyllin,2,0,2
gs-4,2,0,2
sobuzoxan,2,0,2
ammonitenartenerreichte,2,0,2
metazoen,2,0,2
meeresspiegel,2,0,2
statt,2,0,2
zelte,2,0,2
pegasi,2,0,2
theologen,2,0,2
hegyi,2,0,2
17α-hydroxypregnanolone,2,0,2
mulgan,2,0,2
daglutril,2,0,2
s-ketamine,2,0,2
alfentanyl,2,0,2
mln-2222,2,0,2
mubodina,2,0,2
aurin,2,0,2
dystonin-b1,2,0,2
dystonin-a,2,0,2
dystonin-e,2,0,2
multi-cultural,2,0,2
ebd,2,0,2
xfr-135,2,0,2
vitamind-fortifiedmilk,2,0,2
ec/dg,2,0,2
kimberlyclark,2,0,2
alnuheptanoidb,2,0,2
myricanol,2,0,2
pmch,2,0,2
lepisosteus,2,0,2
rms5,2,0,2
tetrachloroethane,2,0,2
trifluoromethanesulfonicacid,2,0,2
racemicdiastereomers,2,0,2
carbamate14a,2,0,2
carbamate14b,2,0,2
ketamin-xylazine,2,0,2
mir-bart15,2,0,2
gerolamofracastoro,2,0,2
chondramide,2,0,2
abf,2,0,2
c21-steroids,2,0,2
20α-dihydroxyprogesterone,2,0,2
20α-hydroxyprogesterone,2,0,2
glutathionated,2,0,2
mef2b,2,0,2
sglutathionation,2,0,2
deglutathionation,2,0,2
digitoxin).sodium,2,0,2
phospholemman,2,0,2
tmem100,2,0,2
panmycin,2,0,2
corticoids,2,0,2
oleic,2,0,2
anakinra/kineret,2,0,2
rilonacept/arcalyst,2,0,2
β-adrenerge,2,0,2
gradalis,2,0,2
oskam,2,0,2
duderija,2,0,2
gbp4,2,0,2
ribavirin/f,2,0,2
aamantadine,2,0,2
β-anomer,2,0,2
cyclophosphamide-bortezomib-dexamethasone,2,0,2
bleomycins,2,0,2
norcantharimide,2,0,2
ham,2,0,2
trimenopan,2,0,2
pld-inhibitor,2,0,2
cholesterol-modified,2,0,2
yamaguti,2,0,2
baia,2,0,2
j-fx,2,0,2
armillifer,2,0,2
frölich,2,0,2
echinophilus,2,0,2
sheina,2,0,2
pectinophilus,2,0,2
harpacticus,2,0,2
clavella,2,0,2
trochicola,2,0,2
cucumaricolids,2,0,2
cancerilla,2,0,2
mycid,2,0,2
nesippus,2,0,2
trifur,2,0,2
tricornis,2,0,2
hemiramphi,2,0,2
decapoda,2,0,2
richa,2,0,2
hydrurga,2,0,2
cipa,2,0,2
pneumobacter,2,0,2
inhibitor-sorafenib,2,0,2
avkiran,2,0,2
dfp20,2,0,2
dtap)vaccine,2,0,2
cholesterol-conjugate,2,0,2
apob-sirna,2,0,2
adamantane-peg5000,2,0,2
atelocollagen-sirna,2,0,2
antibody-protamine,2,0,2
penetratin-sirna,2,0,2
heaphy,2,0,2
5′-bromodeoxyuridine,2,0,2
ethylacohol,2,0,2
[32].favipiravir,2,0,2
deoxycholatic,2,0,2
banganapalli,2,0,2
alochol,2,0,2
"2,2,6-trimethyl-6-vinyltetrahydropyran",2,0,2
sulfadoxine-pyramethamine,2,0,2
alcigir,2,0,2
populist,2,0,2
micali,2,0,2
melanthiou,2,0,2
hypogen,2,0,2
iobenguane,2,0,2
tissier,2,0,2
panenterovirus,2,0,2
arsenic/interferon-alpha/zidovudine,2,0,2
arsenic/ifn/zidovudine,2,0,2
prednisolone/vincristine,2,0,2
chop-l,2,0,2
muraglitazaar,2,0,2
aliskerin,2,0,2
bacillusmarisflavi,2,0,2
town,2,0,2
ap00180,2,0,2
ssdt,2,0,2
valorex,2,0,2
rencana,2,0,2
yixinw,2,0,2
zwanzig,2,0,2
rocha,2,0,2
trivoli,2,0,2
bulmash,2,0,2
ifn-λ4–s70,2,0,2
thaddeus,2,0,2
rnazol,2,0,2
vdsupplementation,2,0,2
ecr.,2,0,2
dope,2,0,2
fenoxifenadina,2,0,2
pulina,2,0,2
"zam,aiz",2,0,2
anticoagulantherbs,2,0,2
cibere,2,0,2
blood,2,0,2
sawpalmetto,2,0,2
azathioprine-,2,0,2
anthocyanosides,2,0,2
hemitoxin,2,0,2
hoxsey,2,0,2
cascarasagrada,2,0,2
lavandulifolioside,2,0,2
avenasativa,2,0,2
armoracia,2,0,2
jellin,2,0,2
rhyncophylline,2,0,2
oolong,2,0,2
11β-ohsd,2,0,2
castus,2,0,2
artemisiaabsinthium,2,0,2
cardamomoil,2,0,2
articum,2,0,2
senna,2,0,2
ispaghula,2,0,2
carum,2,0,2
pectin/chamomile,2,0,2
grapeseed,2,0,2
sarsaparilla,2,0,2
choleretics,2,0,2
lupulin,2,0,2
jujubosidea,2,0,2
passionflower,2,0,2
kavapyrone,2,0,2
eleuthero,2,0,2
gelsemium,2,0,2
mitchella,2,0,2
antitussiveherbs,2,0,2
senega,2,0,2
deglycyrrhizinateddgl,2,0,2
sulphoraphanes,2,0,2
emolliency,2,0,2
khella,2,0,2
ephedratincture,2,0,2
terpenin-4-ol,2,0,2
sodiumferulate,2,0,2
buchu,2,0,2
choreito,2,0,2
tripolide,2,0,2
carpinella,2,0,2
baylaurel,2,0,2
neuroprotector,2,0,2
leucocyanidin,2,0,2
artocarpus,2,0,2
osrhsa,2,0,2
tamarind,2,0,2
l-val,2,0,2
shatin,2,0,2
alum-adjuvanthbv,2,0,2
bogae,2,0,2
mesonivirus,2,0,2
sulu,2,0,2
aquilonius,2,0,2
hemipenis,2,0,2
otosaurus,2,0,2
oulasvirta,2,0,2
walas,2,0,2
3-cysteine,2,0,2
teicholzef,2,0,2
hhv,2,0,2
mir375,2,0,2
gga-mir19a,2,0,2
gga-mir1624,2,0,2
gga-mir1809,2,0,2
gga-mir2131,2,0,2
gga-mir24,2,0,2
gga-mir106,2,0,2
gga-mir122b,2,0,2
gga-mir1607,2,0,2
gga-mir1601,2,0,2
gga-mir1816,2,0,2
gga-mir1694,2,0,2
cebpa-gga-mir-21,2,0,2
gga-mir-135a,2,0,2
gga-mir-7471,2,0,2
gga-mir-7453,2,0,2
gga-mir-7443,2,0,2
gga-mir-1695,2,0,2
gga-mir-2954,2,0,2
gga-mir-215,2,0,2
lembke,2,0,2
žilina,2,0,2
grx,2,0,2
kwame,2,0,2
glassine,2,0,2
haplogroupb2b,2,0,2
cnbs,2,0,2
csnb,2,0,2
moncla,2,0,2
brabender,2,0,2
cherrie,2,0,2
lasofoxifene,2,0,2
melanins,2,0,2
tadb,2,0,2
nica,2,0,2
chloracetaldehyde,2,0,2
chemotherapies,2,0,2
"p72,p90",2,0,2
sucala,2,0,2
nrti-tp,2,0,2
jansenn,2,0,2
disulfiram-a,2,0,2
antibiotic-azithromycin,2,0,2
anakinra-,2,0,2
glucosides,2,0,2
curcumin-glucoside,2,0,2
aeromp,2,0,2
hypomagnesium,2,0,2
ifi-35,2,0,2
acetaminophen?fever,2,0,2
drug-cyclodextrin,2,0,2
pvp-hypericin,2,0,2
guha,2,0,2
anolide,2,0,2
flucytosines,2,0,2
penicillin/streptomycin/glutamine,2,0,2
2′500,2,0,2
β‐cn,2,0,2
lacefield,2,0,2
wn83,2,0,2
avp-p,2,0,2
enfuvirtide/gp41,2,0,2
flupep4,2,0,2
sherone,2,0,2
tt-118,2,0,2
mirna-142-3p,2,0,2
mirna-194,2,0,2
bortezomib-targeted,2,0,2
healthinitiative,2,0,2
il-10r2,2,0,2
il-10r2.ifn-λ1,2,0,2
aristolochiaherbal,2,0,2
epoxylated,2,0,2
lyche,2,0,2
wormer,2,0,2
windapo,2,0,2
skx,2,0,2
bdw,2,0,2
alfalfabarley,2,0,2
hemel,2,0,2
acetris,2,0,2
aflatoxin.5,2,0,2
herbicidesh,2,0,2
toxaphenes,2,0,2
baroreflex,2,0,2
setd5-as1,2,0,2
lvp,2,0,2
anti-rhinovirus,2,0,2
p4‐oxazole,2,0,2
5‐chlorofuran,2,0,2
paraffin,2,0,2
terpinol,2,0,2
kalanatarifard,2,0,2
antimetabolites,2,0,2
ace-inhibitor/arb,2,0,2
beta-coronavirus,2,0,2
purfalcamine,2,0,2
ml10,2,0,2
mito-probe,2,0,2
nanoplatelet,2,0,2
mbcd-mevinolin,2,0,2
α-casein,2,0,2
modoc,2,0,2
broad-spectrum,2,0,2
mers-covs-hr2,2,0,2
mulone,2,0,2
desmanol,2,0,2
r74,2,0,2
ub-thioesters,2,0,2
panc,2,0,2
capriati,2,0,2
aginger,2,0,2
chloroquine/hydrochloquine,2,0,2
n-dimethylethanolamine,2,0,2
hdr,2,0,2
cladribine/alemtuzumab,2,0,2
pentetrazole,2,0,2
ketamine-,2,0,2
/palivizumab,2,0,2
ephb4,2,0,2
endon,2,0,2
acylsulfamide,2,0,2
cidofovir.3,2,0,2
defo,2,0,2
her2-ecd-tm,2,0,2
l00798,2,0,2
l00798k11/14,2,0,2
posavirus,2,0,2
d-microrna,2,0,2
lps/nigericin,2,0,2
damedeidrehine,2,0,2
sanchi,2,0,2
ifnl43′,2,0,2
cerel,2,0,2
ganeden,2,0,2
yewbark,2,0,2
lavendulae,2,0,2
sulphonium,2,0,2
methyl-rna,2,0,2
methyltranferase,2,0,2
emcdda,2,0,2
hypa,2,0,2
sisomer,2,0,2
phyto,2,0,2
inpe,2,0,2
schueller,2,0,2
brov,2,0,2
ep-booster,2,0,2
derma,2,0,2
tat-antigenconjugates,2,0,2
schaeffer,2,0,2
decongestants,2,0,2
quercetum,2,0,2
c-quercetin,2,0,2
tolone,2,0,2
nicholasgeorgescu-roegen,2,0,2
juvin,2,0,2
sisodia,2,0,2
ryzin,2,0,2
onychomadesis,2,0,2
streptomycinsulicoricehate,2,0,2
wisel,2,0,2
methylglutathione,2,0,2
tryptophan-richmpr,2,0,2
andzabofloxacin,2,0,2
netwerk,2,0,2
dromenvan,2,0,2
enisei,2,0,2
sanxia,2,0,2
fluoromethane,2,0,2
datenschutz,2,0,2
s-iv,2,0,2
nonamino-acid,2,0,2
balanus,2,0,2
vincamineteproside,2,0,2
c-scopolamine,2,0,2
psychotria,2,0,2
emetineditartrate,2,0,2
tubocurarinechloride,2,0,2
godronii,2,0,2
bellasanol,2,0,2
codipront,2,0,2
ergostat,2,0,2
yohimex,2,0,2
mazhuang,2,0,2
ns5ad1,2,0,2
haswelle5-,2,0,2
ilarviruses,2,0,2
fat-soluble,2,0,2
magnesiumchlorid,2,0,2
tophi,2,0,2
manyglucose,2,0,2
bromopropiolate,2,0,2
hisitidine,2,0,2
xt2,2,0,2
esters31,2,0,2
ensifolia,2,0,2
yakuchinone,2,0,2
krämer,2,0,2
θd,2,0,2
mir-19b,2,0,2
antimir-192,2,0,2
antimir-93,2,0,2
mir-4262,2,0,2
antimir-483,2,0,2
gax,2,0,2
antimir,2,0,2
barbatum,2,0,2
skelton,2,0,2
latam,2,0,2
medetomide,2,0,2
mkd,2,0,2
rhinovirusvaccineimmunogen,2,0,2
ghulam,2,0,2
haeckel,2,0,2
sachalinensis,2,0,2
puertea,2,0,2
phlobatannin,2,0,2
ribavirin-monophosphate,2,0,2
ca).7-aminoactinomycin,2,0,2
m.visibilis,2,0,2
amphoterocin,2,0,2
tetravalentinfluenzavaccine,2,0,2
ribavirin.54,2,0,2
vicenin,2,0,2
consultingayurveda,2,0,2
hyaluronicacid-gel,2,0,2
fangchi,2,0,2
hp1036hp1239,2,0,2
cbta,2,0,2
kti,2,0,2
imbhb,2,0,2
economics,2,0,2
incpetion_resnet_v2,2,0,2
inception_resnet_v2,2,0,2
proline-cysteine,2,0,2
dehydrodidemnin,2,0,2
fml-12,2,0,2
ambainis,2,0,2
chloropeptins,2,0,2
haemaphysalisjaponica,2,0,2
raciti,2,0,2
osei-assibey,2,0,2
olya,2,0,2
agag,2,0,2
ampicillin.28,2,0,2
smvo2,2,0,2
midazolam-opioid,2,0,2
itraconazole(it,2,0,2
voriconazole(vo,2,0,2
vest,2,0,2
leamedizintechnik,2,0,2
deltex,2,0,2
xigrisr,2,0,2
xigrisr.,2,0,2
cysteine-linked,2,0,2
elonginb/c,2,0,2
enzymee2,2,0,2
crl1,2,0,2
sporox,2,0,2
alcohol-chlorhexidine,2,0,2
malloy,2,0,2
gga-mir-125b,2,0,2
gga-mir-1650,2,0,2
humanmir-28-3p,2,0,2
blv-mir-b2-5p,2,0,2
mir-tar-5p,2,0,2
rpl5,2,0,2
lipofactamin,2,0,2
flesch,2,0,2
kevinbacon,2,0,2
lunasin,2,0,2
taheiho,2,0,2
antiplague,2,0,2
glu25,2,0,2
pro26,2,0,2
juramaiasinensis,2,0,2
(oh)2,2,0,2
karnib,2,0,2
eisomer,2,0,2
ramizol,2,0,2
monomethylpinosylvin,2,0,2
cyclofenil,2,0,2
combretastatinca-4,2,0,2
rudis,2,0,2
gypsi,2,0,2
2-aba,2,0,2
rotamix,2,0,2
core2,2,0,2
rhavaccine,2,0,2
cvcva5adjuvants,2,0,2
sabia,2,0,2
aesop,2,0,2
dec20,2,0,2
ono-5046,2,0,2
erpred,2,0,2
stivalius,2,0,2
gentamycinhydrochloride,2,0,2
bacteriocinllpa,2,0,2
schizonepeta,2,0,2
sb202190,2,0,2
schizonepetatenuifoliabriq,2,0,2
cth-103-3-5-,2,0,2
benodigdheden,2,0,2
nazorg,2,0,2
methhb,2,0,2
anti-malarialvaccine,2,0,2
salmerón,2,0,2
achieve,2,0,2
imogam,2,0,2
tlr-7,2,0,2
frb1,2,0,2
lactulosa,2,0,2
hipercarbia,2,0,2
jama,2,0,2
fenoprofeno,2,0,2
indometacina,2,0,2
rohit,2,0,2
jigyasa,2,0,2
repellent,2,0,2
•oxygen,2,0,2
co-amoxyclavulanicacid,2,0,2
methicillin/flucloxacillin,2,0,2
hylan,2,0,2
hmf,2,0,2
diphtheria-antitoxin,2,0,2
nephtys,2,0,2
ampelisca,2,0,2
mpi-i/o,2,0,2
viaprobe,2,0,2
ilyichlenin,2,0,2
1-dosemeasles-mumps-rubellavaccine,2,0,2
rustin,2,0,2
arthritogenic,2,0,2
de-wormer,2,0,2
epinomectrin,2,0,2
ivermectin-antibiotic,2,0,2
methoxime,2,0,2
avermectinb1,2,0,2
accademia,2,0,2
khalife,2,0,2
fadd,2,0,2
polyvinylchlorid,2,0,2
oseltamivir/abidol,2,0,2
karin,2,0,2
ormontys,2,0,2
anti-corazol,2,0,2
dithiocarbazates,2,0,2
triostam,2,0,2
antimony(v,2,0,2
ayurvedaherbashwagandha,2,0,2
flujo,2,0,2
federalism,2,0,2
5-methyltryptamine,2,0,2
4-methylbenzenesulfonamide,2,0,2
5-oxoproline,2,0,2
clit,2,0,2
ethidiumbromid,2,0,2
maruzen,2,0,2
cpp-asos,2,0,2
antimeasles,2,0,2
dihydropyrimidone,2,0,2
stylianos,2,0,2
trevan,2,0,2
luteo,2,0,2
pisum,2,0,2
hannanum,2,0,2
flume,2,0,2
a7-nicotinic,2,0,2
unconjugatedapob-1-sirna,2,0,2
ng-016-,2,0,2
sulperazon,2,0,2
cvb4e2,2,0,2
piselli,2,0,2
itene,2,0,2
metsä,2,0,2
ekoportal2035,2,0,2
hmw-hyaluronicacid,2,0,2
yekaterinburg,2,0,2
bcla,2,0,2
ms19,2,0,2
ps-modifiedodn,2,0,2
a.hydrophila,2,0,2
rev,2,0,2
centiloid,2,0,2
pib,2,0,2
reslice,2,0,2
brener,2,0,2
linden,2,0,2
toril,2,0,2
egoic,2,0,2
hiv-o,2,0,2
(-)-isoprenaline,2,0,2
cogena,2,0,2
trilaurin,2,0,2
zygodontomys,2,0,2
ohfv,2,0,2
philanthropistbill,2,0,2
f3c,2,0,2
aflibercet,2,0,2
clomiphene-,2,0,2
acustar,2,0,2
ufh/enoxaparin,2,0,2
prochymaltm,2,0,2
aza-epoxide,2,0,2
farabeuf,2,0,2
kawata,2,0,2
pregibon,2,0,2
regin,2,0,2
5-fudr,2,0,2
trevarthen,2,0,2
angeli,2,0,2
kaplon-schilis,2,0,2
tavlas,2,0,2
eao-c,2,0,2
rvxf,2,0,2
k-glutamate,2,0,2
plummeting,2,0,2
foxen,2,0,2
petrorock,2,0,2
refugio,2,0,2
magnoli,2,0,2
scutellariaeradix(sr,2,0,2
anemarrhenaerhizoma(ar,2,0,2
ent-epicatechin,2,0,2
s-esba,2,0,2
mir-188-5p,2,0,2
mir-365-3p,2,0,2
fechin,2,0,2
oasl1,2,0,2
fahad,2,0,2
sos2,2,0,2
shoot,2,0,2
rizi,2,0,2
carrotedible,2,0,2
vibrio,2,0,2
monteleukast,2,0,2
β-thiopropionate,2,0,2
polyoxalate,2,0,2
gastrodiaelata,2,0,2
selenone,2,0,2
tpca-1nanotherapy,2,0,2
camptothecin-11,2,0,2
tacrolimus-loaded,2,0,2
rdha,2,0,2
bromoxynil,2,0,2
ar30,2,0,2
emanuel,2,0,2
özkaraca,2,0,2
wren,2,0,2
lilis,2,0,2
cxcr7,2,0,2
desfuroylceftiofur,2,0,2
alvini.goldman,2,0,2
kitcher,2,0,2
dasabuvir/ombitasvir/paritaprevir,2,0,2
tenofovirdifumarate,2,0,2
d-glucan,2,0,2
dabcyl-ynstlq↓aglrkme-edans,2,0,2
tsavlq↓sgfrk,2,0,2
nlrp1,2,0,2
cy-09,2,0,2
fenamates,2,0,2
typhoidconjugate,2,0,2
sindh,2,0,2
olgaloblova,2,0,2
alps-acer,2,0,2
ala-16,2,0,2
lenalidomine,2,0,2
medi-546,2,0,2
monatox,2,0,2
vicinium,2,0,2
y-mabs,2,0,2
gwo,2,0,2
anti‐tnf‐α,2,0,2
herbamenthae,2,0,2
leju,2,0,2
epigoitrin((+)-(r)-goitrin,2,0,2
rudolphautopol,2,0,2
squill,2,0,2
quercetin-bound,2,0,2
mandapam,2,0,2
phytostabilization,2,0,2
etim,2,0,2
suaedajaponica,2,0,2
albizia,2,0,2
ocanadensis,2,0,2
trifoliumaureum,2,0,2
5-fluroruracil,2,0,2
samoan,2,0,2
mycorrhizal,2,0,2
phytophthoracinnamomi,2,0,2
apigeninidin,2,0,2
luteolinidin,2,0,2
enfumafungin,2,0,2
isocoumarin,2,0,2
fusarentin,2,0,2
prestonia,2,0,2
ceratocystisulmi,2,0,2
chitin-vitamin,2,0,2
mildiomycin,2,0,2
rungin,2,0,2
naphthomycins,2,0,2
pestalotia,2,0,2
cl-ib-meca,2,0,2
densnet,2,0,2
scholin,2,0,2
transplantierte,2,0,2
halastavi,2,0,2
cucurbit,2,0,2
algonot,2,0,2
1.vitamin,2,0,2
acnet,2,0,2
angolankwanza,2,0,2
bulge-loopmmu-mir-221,2,0,2
salvignol,2,0,2
vikram,2,0,2
ccd.,2,0,2
ccd,2,0,2
hiv-peptide,2,0,2
pf14nanocomplexes,2,0,2
stearylated,2,0,2
illiberalism,2,0,2
salicide,2,0,2
si-silicide,2,0,2
anti-ultraviolet,2,0,2
nanofilm,2,0,2
optiva,2,0,2
pmx-53,2,0,2
kaldi,2,0,2
uberi,2,0,2
seppro,2,0,2
san-rin,2,0,2
breinl,2,0,2
thiobarbituricacid,2,0,2
yaun,2,0,2
2-mercaptoethylamine,2,0,2
oulamara,2,0,2
1′-oh-midazolam,2,0,2
cyp3a4/cyp3a2,2,0,2
dinucleotidegc,2,0,2
avi-7288,2,0,2
shashen,2,0,2
neomycin-polymyxin-dexamethasone,2,0,2
potschin,2,0,2
presillas,2,0,2
povoranca,2,0,2
deepred,2,0,2
cmx,2,0,2
mega-project,2,0,2
akademgorodok,2,0,2
cyclophosmide,2,0,2
mentorshipgroup,2,0,2
thegel01,2,0,2
adjuvantgel01,2,0,2
seniorexpert,2,0,2
mir-278-5p,2,0,2
turbinata,2,0,2
endl,2,0,2
quercetin3-rutinoside,2,0,2
pentagalloylglulcose,2,0,2
cyp26,2,0,2
19k-ld,2,0,2
adv-d8,2,0,2
css,2,0,2
sebelius,2,0,2
hbv-m,2,0,2
dai-huang-fu-zi-tang,2,0,2
pre-cisplatin,2,0,2
decadron,2,0,2
calciumhydroxylapatite,2,0,2
zolodronate,2,0,2
methylprednisolone/hydrocortisone,2,0,2
anti-il1rap,2,0,2
paleogene,2,0,2
wcga,2,0,2
meningococcalpolysaccharides,2,0,2
interberry-alpha,2,0,2
keampferol,2,0,2
ringger,2,0,2
coppers,2,0,2
hydrox-ychloroquine,2,0,2
±azithromycin,2,0,2
etomo,2,0,2
moumo,2,0,2
roseolovirus,2,0,2
chlorodeoxyuridine,2,0,2
mird-net,2,0,2
mird,2,0,2
morgenstein,2,0,2
antimonals,2,0,2
hakaloba,2,0,2
mrna.chloroquine,2,0,2
canarella,2,0,2
aja-mir-2013-,2,0,2
aja-mir-2013-3p,2,0,2
favipiravir-,2,0,2
alfani&,2,0,2
kalantari,2,0,2
calonectris,2,0,2
2‐aminobenzimidazole,2,0,2
kbma,2,0,2
mesquita,2,0,2
biotherapeutics,2,0,2
kleanthous,2,0,2
humabody,2,0,2
dna-alkylator,2,0,2
binh21,2,0,2
micar,2,0,2
opteron,2,0,2
safotibant,2,0,2
visulex,2,0,2
alfoscerate,2,0,2
foscavir/,2,0,2
orazol/,2,0,2
constantinosxenofontos,2,0,2
constantinos,2,0,2
leyva,2,0,2
núria,2,0,2
chrysikou,2,0,2
valinomycine,2,0,2
brcfi,2,0,2
arimoclomol,2,0,2
aptamer-nanoparticle,2,0,2
mucormycotina,2,0,2
antihelminth,2,0,2
volcanii,2,0,2
cep76,2,0,2
",polyprotein1a",2,0,2
arytenoidectomy,2,0,2
a/equine-1,2,0,2
a/equine-2,2,0,2
disodiumcromoglycate,2,0,2
sollami,2,0,2
tb018,2,0,2
radiant,2,0,2
jews,2,0,2
lysimachiamauritiana,2,0,2
spicatosidea,2,0,2
ifn‐λ3,2,0,2
hcv-rdrp,2,0,2
haplin,2,0,2
bupivacaine-hcl,2,0,2
post-adrenaline,2,0,2
ao-peptide,2,0,2
4).canakinumab,2,0,2
(peg)-ifn-α,2,0,2
remcos,2,0,2
ketamine-fentanyl,2,0,2
medetomidine/kg,2,0,2
manganous,2,0,2
weightlifter,2,0,2
proteind,2,0,2
phen-dc,2,0,2
7-deaza-2′-c-methyladenosine,2,0,2
5-aza-7-deazaguanosine,2,0,2
rhodia,2,0,2
pmos,2,0,2
al-kut,2,0,2
zanamivir/peramivir,2,0,2
seaby,2,0,2
diaphus,2,0,2
myxomavirus,2,0,2
compounddanshen,2,0,2
danshenzaoren,2,0,2
venoruton,2,0,2
mecobalamin,2,0,2
salvianolate,2,0,2
habito,2,0,2
aelius,2,0,2
coumachlor,2,0,2
orchopeas,2,0,2
iviga,2,0,2
lepecki,2,0,2
iyengaryoga,2,0,2
feldenkrais,2,0,2
tratak,2,0,2
rapalogues,2,0,2
thapar,2,0,2
hmetis,2,0,2
cichlid,2,0,2
mansholt,2,0,2
jostein,2,0,2
danah,2,0,2
anandgiridharadas,2,0,2
carbidopa-levodopa,2,0,2
beng,2,0,2
reynosa,2,0,2
nilavembukudineerchooranam,2,0,2
gliptans,2,0,2
kostamis,2,0,2
alamerew,2,0,2
reducte,2,0,2
xpl,2,0,2
uricosurics,2,0,2
hbcspike,2,0,2
hirsutanonol,2,0,2
cymodocea,2,0,2
cymodienol,2,0,2
gingerenones,2,0,2
aframomummelegueta,2,0,2
dihydrogingerenone,2,0,2
d.spongiosa,2,0,2
carbohydrate-oligonucleotide,2,0,2
sodium-potasium,2,0,2
a9-genolin,2,0,2
7-deazaadenosine,2,0,2
clavarioides,2,0,2
pestalachlorides,2,0,2
sotcm,2,0,2
jiawei-yupingfeng-tang,2,0,2
pa-msha,2,0,2
bevacizumaborafliberceptwas,2,0,2
"β-1,3-galactan",2,0,2
kawachii,2,0,2
sacbm42,2,0,2
zebu,2,0,2
ciprofloxacin/ornidazole,2,0,2
imam,2,0,2
trimethorprim-sulfamethoxazole,2,0,2
hydroxyscopolamine,2,0,2
ciwujia,2,0,2
radixbupleuriherbal,2,0,2
qingkailing,2,0,2
bhatnagar,2,0,2
bardothodol,2,0,2
crashes,2,0,2
laris,2,0,2
ns3a,2,0,2
malariavax,2,0,2
α-galactosylceramide,2,0,2
esophography,2,0,2
chlorofluorocarbons,2,0,2
nusselt,2,0,2
moringin,2,0,2
grasp65,2,0,2
42-amino-acid,2,0,2
β-amyloid,2,0,2
tak-779,2,0,2
benzoxepine,2,0,2
n-dimethylsulfonamide,2,0,2
ccr5-maraviroc,2,0,2
benzazocine,2,0,2
methlyprednisone,2,0,2
phe140,2,0,2
s139a,2,0,2
ω-viniferin,2,0,2
vinferifuran,2,0,2
cyclosporine.9,2,0,2
acerta,2,0,2
heterin-2,2,0,2
mucroporinm1,2,0,2
meucin-13,2,0,2
pantinin-1,2,0,2
pin-2,2,0,2
brandeli,2,0,2
meuris,2,0,2
melumad,2,0,2
presidents,2,0,2
monga,2,0,2
aluminiumsalts,2,0,2
tdb-adjuvated,2,0,2
nitrogen-gas,2,0,2
scucuglia,2,0,2
1′-hydroxymidazolam,2,0,2
trichomonasvirus,2,0,2
taxcredit,2,0,2
tev,2,0,2
gsk2656157,2,0,2
versipelostatin,2,0,2
l%,2,0,2
mobilenetv1,2,0,2
sherwood,2,0,2
tris‐hcl,2,0,2
taslypharmaceutical,2,0,2
hemorphin,2,0,2
acetamidomethyl,2,0,2
cngr-biotin,2,0,2
szeliski,2,0,2
ton,2,0,2
enterokokken,2,0,2
vibavirin,2,0,2
montamide,2,0,2
β-site,2,0,2
glycyl-l-histidyl-l-lysine-copper,2,0,2
gly-pro-glu,2,0,2
ncaids,2,0,2
ventri,2,0,2
hav/hbv,2,0,2
pimers,2,0,2
aldens,2,0,2
benow,2,0,2
majella,2,0,2
bassa,2,0,2
saxatoxin,2,0,2
autoimune,2,0,2
9-amide,2,0,2
megrivirus,2,0,2
s-methylmethionine,2,0,2
nicoderm,2,0,2
arg479,2,0,2
vytenis,2,0,2
yang,2,0,2
gvp,2,0,2
ketamine/xylezine,2,0,2
matrix-m,2,0,2
post-chloroquine,2,0,2
hepatopancreas,2,0,2
koi,2,0,2
dose30,2,0,2
fibrosum,2,0,2
agii,2,0,2
daffodil,2,0,2
di-adenosine,2,0,2
rimantadine-hcl,2,0,2
sporozid,2,0,2
pflegeutensilien/medizinprodukte,2,0,2
naohcl,2,0,2
oderamoxicillin,2,0,2
spandauer,2,0,2
welke,2,0,2
kwf,2,0,2
banderol,2,0,2
miramax,2,0,2
eaea,2,0,2
hansa,2,0,2
oseltamivir.46,2,0,2
bertella,2,0,2
anselmi,2,0,2
diplostomum,2,0,2
ruditapes,2,0,2
didemnum,2,0,2
hcvnon-structural,2,0,2
s-transferase,2,0,2
luminols,2,0,2
thecastvsga2011,2,0,2
ta2r10,2,0,2
annecy,2,0,2
surah,2,0,2
yogyakarta,2,0,2
muhamdiyah,2,0,2
impfstoffarten,2,0,2
dbm,2,0,2
cora,2,0,2
apetx2,2,0,2
pesola,2,0,2
ekinox,2,0,2
hc-adc,2,0,2
erhard,2,0,2
a.anti-influenza,2,0,2
arsu,2,0,2
gezi,2,0,2
arsan,2,0,2
alpay,2,0,2
macroglobulin,2,0,2
f95,2,0,2
dioctophyma,2,0,2
romanemperormarcusaurelius,2,0,2
isofluran/oxygen,2,0,2
flossophorae,2,0,2
ryh,2,0,2
hydroxychloroquine.4,2,0,2
nod1/nod2,2,0,2
p1234polyprotein,2,0,2
interleukin‐6,2,0,2
3ß-hydroxsteroid,2,0,2
trim6,2,0,2
caspase1,2,0,2
pukovnik,2,0,2
siruin-2,2,0,2
ec-epc,2,0,2
saponin-leishmune,2,0,2
cistein,2,0,2
hpv-1a,2,0,2
lshade,2,0,2
hsma_woa,2,0,2
polylactosaminoglycan,2,0,2
serban,2,0,2
mitt,2,0,2
krestel,2,0,2
gillene,2,0,2
tbwcl-adjuvantednp-kag,2,0,2
glycans,2,0,2
β-galactosidase,2,0,2
atractans,2,0,2
8-gingerol,2,0,2
β-cineole,2,0,2
raper,2,0,2
spcamps,2,0,2
tasb,2,0,2
tuan,2,0,2
para-dibromoxylene,2,0,2
para-xylene,2,0,2
bertachong,2,0,2
hhbv,2,0,2
antihistamine-h2,2,0,2
tretracycline,2,0,2
gemin7,2,0,2
gemin-2,2,0,2
inter-alpha-trypsin,2,0,2
cilicytophthoria,2,0,2
sayem,2,0,2
loniceraejaponicathunb,2,0,2
vytautas,2,0,2
droughts,2,0,2
ganv,2,0,2
nsdv/ganv,2,0,2
tunicamycins,2,0,2
duvoglustat,2,0,2
thioxylosides,2,0,2
isovue,2,0,2
ofn,2,0,2
saugeen,2,0,2
bortezomib-cyclophosphamide-dexamethasone,2,0,2
bortezomib-lenalidomide,2,0,2
ns252,2,0,2
freycinet,2,0,2
phakopsorapachyrhizi,2,0,2
rilprivirine,2,0,2
salmeterol/formoterol,2,0,2
ac-asp-2,2,0,2
mssv,2,0,2
t705,2,0,2
davood,2,0,2
inception_v2,2,0,2
telezol,2,0,2
amlaner,2,0,2
fractyl,2,0,2
pulmoquine,2,0,2
acei-2,2,0,2
depolymerized,2,0,2
bcr/abl-nilotinib,2,0,2
povidonjodium,2,0,2
chloorhexidinegluconaat,2,0,2
satallax,2,0,2
pauli,2,0,2
anti-mir-200c-5p,2,0,2
rhil-13,2,0,2
2019).it,2,0,2
biarsenic,2,0,2
αgal,2,0,2
comabella,2,0,2
antichloramphenicol,2,0,2
esgab,2,0,2
2′-c-me-amp,2,0,2
eoa,2,0,2
quintel,2,0,2
predicthaplo,2,0,2
penycillin,2,0,2
nonmetformin,2,0,2
metronidazolemuscle,2,0,2
acidmetronidazole,2,0,2
azithromycinis,2,0,2
withpenicillin,2,0,2
osteogenic,2,0,2
chlorihexidine,2,0,2
adenovirus.32,2,0,2
demeclocycline.3,2,0,2
rsom,2,0,2
khomych,2,0,2
dopram-v,2,0,2
mcelvaney,2,0,2
sironis,2,0,2
bakrie,2,0,2
nalukolongo,2,0,2
celastraceae,2,0,2
haptaglobin,2,0,2
ι-toxin,2,0,2
renalin,2,0,2
cidofovir-,2,0,2
hiv-2.enfuvirtide,2,0,2
halofogger,2,0,2
nafcillin-oxacillin,2,0,2
tumin,2,0,2
azril,2,0,2
dg/gl,2,0,2
atcm,2,0,2
antifungal-azole,2,0,2
ampicillin-ils,2,0,2
heroïne,2,0,2
drugsverslaving,2,0,2
dm-zno-i3cnanoemulsion,2,0,2
dendropanax,2,0,2
evm004,2,0,2
vecil,2,0,2
lisinopril-treated,2,0,2
cab,2,0,2
povidoniodine,2,0,2
biotinlylatedtylophorine,2,0,2
landesaerztekammerhessen,2,0,2
adnexa,2,0,2
tommy,2,0,2
blackpool,2,0,2
klt,2,0,2
a.triloba,2,0,2
azarole,2,0,2
mulberryfruits,2,0,2
mulberries,2,0,2
sweetserviceberry,2,0,2
adenoiden,2,0,2
f.benghalensis,2,0,2
schlozman,2,0,2
fk-81,2,0,2
tadei,2,0,2
coquillettidiairacunda,2,0,2
lncrna-acod1,2,0,2
viridine,2,0,2
mloc,2,0,2
abtaa,2,0,2
tie2,2,0,2
kassel-calden,2,0,2
atropine/glycopyrrolate,2,0,2
tripmethoprim,2,0,2
cefoperazone‐sulbactam,2,0,2
as,2,0,2
finox,2,0,2
rosina,2,0,2
dolutegraviran,2,0,2
cyclodextrin-adjuvanted,2,0,2
leishmanicidal,2,0,2
oxidizedcholesterol,2,0,2
hpβcd·cholesterol,2,0,2
rameb·cholesterol,2,0,2
sirna704,2,0,2
doxycyclin/tetracyclin,2,0,2
shaper,2,0,2
bikashi,2,0,2
pro-dipeptide,2,0,2
acanthatrium,2,0,2
mella,2,0,2
ester7a,2,0,2
hclsalt,2,0,2
rm-50618a,2,0,2
compound27b,2,0,2
novoloid,2,0,2
trevira,2,0,2
ammoniumpersulfate,2,0,2
antiultraviolet,2,0,2
montmorillonoid,2,0,2
fluvirucins,2,0,2
macgowan,2,0,2
okamoto-chernoff,2,0,2
non-metformin,2,0,2
hcv.isg15,2,0,2
petralia,2,0,2
backoff,2,0,2
theophylline-toxic,2,0,2
p-toluenesulfonamide,2,0,2
shuangliu,2,0,2
vitamin-c-rich,2,0,2
anti-neu5gc,2,0,2
microneedles,2,0,2
giovanis,2,0,2
tiloronedihydrochloride,2,0,2
arzneien,2,0,2
病,2,0,2
kalt,2,0,2
sophoraeflavescentis,2,0,2
dahuricae,2,0,2
protein1a/1b,2,0,2
panera,2,0,2
proveratrine,2,0,2
xanthiispinosi,2,0,2
rutaceae,2,0,2
mabira,2,0,2
pae.as,2,0,2
bitisnasicornis,2,0,2
bitisgabonica,2,0,2
korup,2,0,2
gabonica,2,0,2
quinquetaeniata,2,0,2
philothamnus,2,0,2
atherishispida,2,0,2
brenan,2,0,2
ha-tag,2,0,2
emilin3a,2,0,2
nitrothyrosine,2,0,2
dawber1960,2,0,2
acam,2,0,2
toxinpederin,2,0,2
aphloia,2,0,2
lasotab1,2,0,2
scarfi,2,0,2
daruich,2,0,2
collagen/gelatin,2,0,2
wdsat,2,0,2
herpesvirus,2,0,2
α1-sgc,2,0,2
tenopir,2,0,2
proa,2,0,2
phytoceramide,2,0,2
musil,2,0,2
hydroxymethyluracil,2,0,2
csec,2,0,2
narathiwat,2,0,2
β-keto-amphetamine,2,0,2
phosphorene,2,0,2
β2-adrenoreceptor,2,0,2
caim,2,0,2
csf1-fc,2,0,2
bismarck,2,0,2
isg15-vinylsulfone,2,0,2
zeae,2,0,2
3.favipiravir,2,0,2
fructusschisandraechinensis,2,0,2
aads,2,0,2
csp,2,0,2
hcv1,2,0,2
her2/pertuzumab,2,0,2
her2/trastuzumab,2,0,2
torbay,2,0,2
geselavirus,2,0,2
amplius,2,0,2
demetrios,2,0,2
grassland,2,0,2
nobilisma5,2,0,2
chloroquine/ribavirin,2,0,2
cq/ribavirin,2,0,2
elderd,2,0,2
quadrivalenthpvl1,2,0,2
credentis,2,0,2
ofloxacin.56,2,0,2
cephalosporins.8,2,0,2
lincosamides,2,0,2
karabin,2,0,2
aminoacids898–1005,2,0,2
ib-var,2,0,2
2014).ribavirin,2,0,2
zabofloxaxin,2,0,2
phyllostomidae,2,0,2
striped,2,0,2
ammospermophilus,2,0,2
azara,2,0,2
lagurus,2,0,2
hippopotamus,2,0,2
deepfruits,2,0,2
g-chop,2,0,2
bellamine,2,0,2
demissie,2,0,2
cerella,2,0,2
mir-466-3p,2,0,2
ethanyl,2,0,2
silveria,2,0,2
hydroxychloroquine6,2,0,2
hydroyxchloroquine,2,0,2
ep-2,2,0,2
ceftriaxone-ofloxacin,2,0,2
perindopril/amlodipine,2,0,2
onchoceriacis,2,0,2
parp-inhibitor,2,0,2
egcg.n-acetyl-l-cysteine,2,0,2
kaliuresis,2,0,2
taxas,2,0,2
bilineata,2,0,2
54-kda,2,0,2
57-kda,2,0,2
iflaviral,2,0,2
carboxyhemoglobinemia,2,0,2
guanidinehcl,2,0,2
pantocin,2,0,2
vaejovis,2,0,2
griselimycin,2,0,2
ovispirin,2,0,2
isoniazids,2,0,2
trimethoprim-suphamethoxazole,2,0,2
methamine-silver,2,0,2
tulis,2,0,2
trumans,2,0,2
olympia,2,0,2
vanburen,2,0,2
streptomycin.2,2,0,2
l1l,2,0,2
dlepv,2,0,2
ribavirin.36,2,0,2
(−)-epigallocatechin-3-gallate,2,0,2
vpic2,2,0,2
.vanadate,2,0,2
v(iii)-l-cysteine,2,0,2
sh-alrt,2,0,2
sbcnv-5,2,0,2
25(oh)ds,2,0,2
papillomavirusvlp,2,0,2
jdr,2,0,2
sporizide,2,0,2
únkp-16,2,0,2
sulfentanyl,2,0,2
rautava,2,0,2
methotrexat-arm,2,0,2
citizen,2,0,2
kt,2,0,2
peg-ifα,2,0,2
nap-du,2,0,2
prazinquantel,2,0,2
antiseptic-impregnated,2,0,2
bactine,2,0,2
miltvuur,2,0,2
lasb,2,0,2
ironist,2,0,2
rorty,2,0,2
anti-fraud,2,0,2
(−)‐epicatechin,2,0,2
fric,2,0,2
morentin,2,0,2
microcins,2,0,2
benzylurea,2,0,2
cunila,2,0,2
bovinelh,2,0,2
formaldehyds,2,0,2
lactamis,2,0,2
rvfl,2,0,2
drostein,2,0,2
icescr,2,0,2
end,2,0,2
antimycina,2,0,2
guangfa,2,0,2
anti-dcir,2,0,2
sulfo-lewis,2,0,2
azd-n1,2,0,2
pdgfr-β,2,0,2
adjuvant-hpv,2,0,2
α‐terpineol,2,0,2
helenioides,2,0,2
glixoxepide,2,0,2
seralose,2,0,2
pentaerythritol,2,0,2
carbosilanes,2,0,2
acetobromomannose,2,0,2
dendronizedglycopolymers,2,0,2
n-methyl-glucamine,2,0,2
sulforaphanes,2,0,2
γ‐tocopherol,2,0,2
beta‐carotene,2,0,2
lrml,2,0,2
hedil,2,0,2
flusin,2,0,2
ira,2,0,2
saponin-adjuvanated,2,0,2
trim21,2,0,2
c.wilfordii,2,0,2
caroluslinnaeus,2,0,2
thermodesulfobacterium,2,0,2
pirella,2,0,2
prostheca,2,0,2
corynebacteria,2,0,2
­oxygen,2,0,2
methanopyrus,2,0,2
desulforococcus,2,0,2
aviadenovirus,2,0,2
tgf-βri,2,0,2
pknox,2,0,2
mir-let-7c,2,0,2
orthomyxovirus,2,0,2
hemolin,2,0,2
nasarawa,2,0,2
corc,2,0,2
hilu,2,0,2
aif1,2,0,2
thymbra,2,0,2
alphatetravirus,2,0,2
citartan,2,0,2
biotin-dna,2,0,2
cimsilg30,2,0,2
q203,2,0,2
magnesiaalba,2,0,2
diplomatic,2,0,2
sokonafin,2,0,2
anti-cytochrome,2,0,2
loperomide,2,0,2
trimethoprim-suphadoxine,2,0,2
delvoprim,2,0,2
cxcr4,2,0,2
litscher,2,0,2
asp45,2,0,2
halfdan,2,0,2
hku4,2,0,2
mers-hr2p/mers-hr1p,2,0,2
hku4-hr2p,2,0,2
anti-aidsnano-vaccines,2,0,2
tricon,2,0,2
mgk,2,0,2
anodized,2,0,2
"1,25-hydroxycholecalciferol",2,0,2
bayan,2,0,2
hydrogenfluoride,2,0,2
xitang,2,0,2
cote-muñoz,2,0,2
strep/ampicillin,2,0,2
hbv/ospa,2,0,2
d-magazine,2,0,2
mph,2,0,2
pb,2,0,2
thed,2,0,2
anti-fat,2,0,2
locustatachykinin,2,0,2
thiorpan,2,0,2
antianthrax,2,0,2
daiseiryuto,2,0,2
nobilispericarpium,2,0,2
loranthi,2,0,2
taxilluschinensis,2,0,2
cibotiirhizoma,2,0,2
polygallate,2,0,2
hainosankyuto,2,0,2
salvifolium,2,0,2
z-citral,2,0,2
methol,2,0,2
m.vaccae,2,0,2
e1e2,2,0,2
smg7,2,0,2
desumoylated,2,0,2
jiamei,2,0,2
jabalia,2,0,2
17β‐estradiol,2,0,2
co-artemether,2,0,2
cetylalcohol,2,0,2
isopropylmyristate,2,0,2
igy.a,2,0,2
tetracycline/tigecycline,2,0,2
niclosamides,2,0,2
/sofosbuvir,2,0,2
sierraleone,2,0,2
tyrphostina23,2,0,2
barkoils,2,0,2
γ-curcumene,2,0,2
cantrel,2,0,2
a.juss,2,0,2
upavanavinos,2,0,2
popilliajaponica,2,0,2
ecdysones,2,0,2
insecticideneem,2,0,2
neemoils,2,0,2
azadirakhti,2,0,2
caffeicacids,2,0,2
mono-,2,0,2
s.myrtoides,2,0,2
sgt1,2,0,2
papillomaviruse1,2,0,2
saffron,2,0,2
salviamiltiorrhizae,2,0,2
candraprabha,2,0,2
embryoscope,2,0,2
smg-snu,2,0,2
arcene,2,0,2
albicantia,2,0,2
17α-oh-progesterone,2,0,2
azfc,2,0,2
macrodontia,2,0,2
hypogonadotropic,2,0,2
adrenoleukodystrophy,2,0,2
dibromochloropropane,2,0,2
phyllaria,2,0,2
b.gladioli,2,0,2
certara,2,0,2
kalati,2,0,2
eui-64,2,0,2
mycobank,2,0,2
sirna-loadedcap/plga,2,0,2
fuscosideb,2,0,2
majusculamides,2,0,2
isostatine,2,0,2
manoa,2,0,2
vira-a,2,0,2
cefoperazonesulbactum,2,0,2
gokaldas,2,0,2
ps−protein,2,0,2
eudicots,2,0,2
viton,2,0,2
thiolvapors,2,0,2
wisam,2,0,2
acetylatedprodrug,2,0,2
"4,5-diiodoimidazole",2,0,2
hsa-mir-3130,2,0,2
mir-inhibitor,2,0,2
mir-nc,2,0,2
mir-inihibitor,2,0,2
szymczak,2,0,2
grandisol,2,0,2
lpv/arbidol,2,0,2
taccaplantaginea,2,0,2
chondro,2,0,2
withanolidetubocapsenolide,2,0,2
lotrimin,2,0,2
amifn-α,2,0,2
sellin,2,0,2
everolimus/letrozole,2,0,2
paclitaxel/cisplatin,2,0,2
-dactinomycin,2,0,2
westin,2,0,2
vavotar,2,0,2
mofetil/azathioprine,2,0,2
anti-metabolite,2,0,2
herpein,2,0,2
az/cg,2,0,2
swiber,2,0,2
deltatek,2,0,2
norskan,2,0,2
berhad,2,0,2
bisso,2,0,2
dcvaegir,2,0,2
batu,2,0,2
sarica,2,0,2
interferonα-2b,2,0,2
metap2,2,0,2
3-aminophenoxazone,2,0,2
actd/actinomycin,2,0,2
protein-actinomycin,2,0,2
d-val,2,0,2
oxy+,2,0,2
cinnamophilin,2,0,2
marich,2,0,2
radixatractylodis,2,0,2
mytomicin,2,0,2
taxanen,2,0,2
sulformethoxine,2,0,2
amaryta,2,0,2
usr,2,0,2
cloros,2,0,2
senp1,2,0,2
biccheri,2,0,2
jihadi,2,0,2
ards.ketoconazole,2,0,2
indelicato,2,0,2
mediterranean,2,0,2
vardasca,2,0,2
afri,2,0,2
piperidine/imidazole,2,0,2
dnase-i,2,0,2
nanophotemeter,2,0,2
oestradiol-to-progesterone,2,0,2
mathialagan,2,0,2
pesticidegas,2,0,2
acicloguanosine,2,0,2
ziqi,2,0,2
kol,2,0,2
marglin,2,0,2
lenny,2,0,2
etikakomisia,2,0,2
succinates,2,0,2
seaweedpolysaccharides,2,0,2
el-shazoly,2,0,2
p.pavonica,2,0,2
dolomite,2,0,2
gogu,2,0,2
teasaponins,2,0,2
tocopheroxyl,2,0,2
se-cystathionine,2,0,2
seleniferous,2,0,2
narinosa,2,0,2
betamethasone/dexamethasone,2,0,2
stem-chain,2,0,2
comenius,2,0,2
hsa-mir-332,2,0,2
mirnahsa-mir-1267,2,0,2
mirnahsa-mir-1-,2,0,2
anti-pyrine,2,0,2
mytilius,2,0,2
marinetti,2,0,2
methylprednisolone/soc,2,0,2
cfps,2,0,2
feifnω,2,0,2
dexamethasone6,2,0,2
glutamylated,2,0,2
felce,2,0,2
trata,2,0,2
grd,2,0,2
salib,2,0,2
dose†,2,0,2
googlenet-ri-h,2,0,2
alexnet-tl,2,0,2
halistanolsulfates,2,0,2
aal-mir-281,2,0,2
mirnaaae-mir-316-5p,2,0,2
",aae-mir-124-3p,aae-mir-281-3p",2,0,2
2.).4,2,0,2
kutas,2,0,2
succinyl-l-proline,2,0,2
cosolvent,2,0,2
savira,2,0,2
gs-5086,2,0,2
palivizumab/motavizumab,2,0,2
trevejo,2,0,2
3-hydroxyphthalicanhydride,2,0,2
nucleosil,2,0,2
3-hp-lysine,2,0,2
3-hp,2,0,2
ketamine−xylazine,2,0,2
ornithorhynchus,2,0,2
silversulfide,2,0,2
fp-2,2,0,2
egii,2,0,2
gh10,2,0,2
ce16,2,0,2
rhga,2,0,2
dzau,2,0,2
fonofos,2,0,2
tetani,2,0,2
carbofuram,2,0,2
c.mitomycin,2,0,2
iproniazid,2,0,2
chlorotetracyclines,2,0,2
porcilis,2,0,2
ladouche,2,0,2
lippianodiflora,2,0,2
t.geniculata,2,0,2
hermia,2,0,2
bgi-pup5,2,0,2
phenobarbitalum,2,0,2
zelkova,2,0,2
androgen/estrogen,2,0,2
cottam,2,0,2
zingiberofficinalerosc,2,0,2
emei,2,0,2
noroxyhydrastinine,2,0,2
iri.berberine,2,0,2
txy.,2,0,2
trudell,2,0,2
resilinc,2,0,2
xirallic,2,0,2
laurolactam,2,0,2
tryptophan-glycine-arginine,2,0,2
chromo,2,0,2
l‐epinephrine,2,0,2
lukast,2,0,2
3d-3ab,2,0,2
ev71vlpvaccine,2,0,2
verapamilhydrochloride,2,0,2
veratradine,2,0,2
larrabee,2,0,2
parasympathetic-cholinergic,2,0,2
poalis,2,0,2
naxcel,2,0,2
matricariaeflos,2,0,2
sanicle,2,0,2
zingiberofficinaleroscoe,2,0,2
α-conotoxin,2,0,2
toxoida,2,0,2
zanvil,2,0,2
ganciclovir/kg,2,0,2
antidigitalis,2,0,2
digoxin-serum,2,0,2
hexachlorobiphenyl,2,0,2
trimethoprim‐sulphamethoxazole,2,0,2
everolimus/tacrolimus,2,0,2
"1,3,5-trioxane",2,0,2
va-044,2,0,2
dagmar,2,0,2
consulcicero,2,0,2
leupeptinhemisulfate,2,0,2
baş,2,0,2
aikina,2,0,2
karatay,2,0,2
phytolaccaamericana,2,0,2
marinasilveira,2,0,2
linzolid,2,0,2
chad3-cea,2,0,2
nn04,2,0,2
heptapeptideang1-,2,0,2
belussi,2,0,2
sedita,2,0,2
jikayakikwete,2,0,2
adedibu,2,0,2
parkgeun-hye,2,0,2
.triptolide,2,0,2
cicer,2,0,2
maenggol,2,0,2
undinemarine,2,0,2
rhodostomin,2,0,2
tesoro,2,0,2
mexicanum,2,0,2
no.2020-,2,0,2
orobol,2,0,2
argy,2,0,2
siklos,2,0,2
supar,2,0,2
pancratistatin/ent-pancratistatin,2,0,2
hydroxyacetate,2,0,2
hyllus,2,0,2
sulfamethoxazole/trimethroprim,2,0,2
candid#,2,0,2
phenolformaldehyde,2,0,2
triple-a,2,0,2
stephania,2,0,2
veraflox,2,0,2
rhifn-alpha,2,0,2
interferon-τ,2,0,2
spirovac,2,0,2
pirita,2,0,2
jnj-678,2,0,2
cilicicus,2,0,2
telastasine,2,0,2
papyramine/6-epipapiramine,2,0,2
leucojum,2,0,2
tritium-labeled,2,0,2
aza-galanthamine,2,0,2
d-gulonolactone,2,0,2
ent-lycoricidine,2,0,2
hydroxyester,2,0,2
nitroethylene,2,0,2
methylenic,2,0,2
papiramine,2,0,2
mesembrenone,2,0,2
haemaglutinin,2,0,2
buniifolium,2,0,2
ballotaefolium,2,0,2
bosan,2,0,2
cholinesterases,2,0,2
afafp,2,0,2
metanephroi,2,0,2
sulfadimethoxine/sulfamethazine,2,0,2
ketamine/xylasine/isoflurane,2,0,2
lavon,2,0,2
coniam,2,0,2
24-mer,2,0,2
cinnamonthiamine,2,0,2
gamma-herpesviruses,2,0,2
mpcn,2,0,2
balan,2,0,2
telovamer,2,0,2
protana,2,0,2
spertus,2,0,2
apelin-36,2,0,2
apelin-77,2,0,2
apelin-31,2,0,2
apelin-55,2,0,2
htlv‐i,2,0,2
dimethylthiazolidine,2,0,2
leuprorelinacetate,2,0,2
pyruvat,2,0,2
vitamina-hypervitaminose,2,0,2
phelorphan,2,0,2
mercaptoamines,2,0,2
enk,2,0,2
g.herbaceum,2,0,2
g.hirsutum,2,0,2
phenylmagnesiumchloride,2,0,2
isopropylacetate,2,0,2
christiankerrigan,2,0,2
optos,2,0,2
eidon,2,0,2
arias,2,0,2
fv-movmf,2,0,2
nitsch,2,0,2
theory,2,0,2
bevölkerungsschutz,2,0,2
pre-mirna,2,0,2
bta-mir-205,2,0,2
bta-mir-22-5p,2,0,2
bta-mir-154a,2,0,2
mir-22-5p,2,0,2
mir-369-3p,2,0,2
bta-mir-455,2,0,2
dithiotheritol,2,0,2
sulaimani,2,0,2
vetrone,2,0,2
natricine,2,0,2
sulina,2,0,2
negotium,2,0,2
vattimo,2,0,2
vedius,2,0,2
fresnadillo,2,0,2
famos,2,0,2
prosaposine,2,0,2
calcyon,2,0,2
brachyaria,2,0,2
hortoflorestal,2,0,2
jaima,2,0,2
fcγri,2,0,2
unileverplc,2,0,2
ramy,2,0,2
af-liposome,2,0,2
rh-af-liposomes,2,0,2
af-liposomal,2,0,2
hpv40,2,0,2
orum,2,0,2
antisenseodn,2,0,2
gob.,2,0,2
b.c2-a,2,0,2
zifeng,2,0,2
dexolyte,2,0,2
amphoprim,2,0,2
buvinic,2,0,2
automobile,2,0,2
s-iga,2,0,2
plant-hcvcp,2,0,2
prna/sirna,2,0,2
mavirus,2,0,2
cockatiel,2,0,2
shariah,2,0,2
assetpricing,2,0,2
g.etunicatum,2,0,2
dapirolizumab,2,0,2
rituximab/tacrolimus/basiliximab,2,0,2
peg-ifn-alpha2a,2,0,2
ifn-alpha2a,2,0,2
resorcinolnaphthalein,2,0,2
spk2,2,0,2
ascensão,2,0,2
sanity,2,0,2
perindopril-indapamide,2,0,2
telmisartan-amlodipine,2,0,2
pb1046,2,0,2
edge-vertex,2,0,2
flunet,2,0,2
sirnadb,2,0,2
dlv,2,0,2
palivizumab11,2,0,2
tetralith,2,0,2
sidney,2,0,2
mcgovern,2,0,2
hgst,2,0,2
tri-aldehyde,2,0,2
hydrazide41d,2,0,2
atropine/dobutamine,2,0,2
guttiferae,2,0,2
cancv,2,0,2
dsrna-2a,2,0,2
acetyl-penicillamine,2,0,2
larkin,2,0,2
14c-erythromycin,2,0,2
daclastavir/sofosbuvir/ribavirin,2,0,2
fexofenadinecetirizine,2,0,2
ire1a,2,0,2
kulula,2,0,2
dolutegravir-lamivudine,2,0,2
5fluorouracil-carboplatin,2,0,2
verole,2,0,2
ghitm,2,0,2
sofosbuvir-based,2,0,2
pengerang,2,0,2
tennamaram,2,0,2
palmoil,2,0,2
cisplatin-eligible,2,0,2
lornixicam,2,0,2
v-fc,2,0,2
plank,2,0,2
mucroporin‐m1,2,0,2
brill,2,0,2
sspna,2,0,2
alpha-cobratoxin,2,0,2
phlol,2,0,2
β-syntrophin,2,0,2
mep3,2,0,2
sarcin/ricin,2,0,2
fumitremorgin,2,0,2
coccidioides,2,0,2
catalaseb,2,0,2
seeber,2,0,2
rhizoferrin,2,0,2
moquilea,2,0,2
persicariasenegalense,2,0,2
p.boydii,2,0,2
adiaspiromycosis,2,0,2
bonafede,2,0,2
ironsulfide,2,0,2
apr,2,0,2
n-peptide,2,0,2
schüttelfrost,2,0,2
pn/paclitaxel,2,0,2
docetaxel-,2,0,2
pn/sulindac,2,0,2
sabarubicin,2,0,2
"1α,25-dihdroxyvitamind3",2,0,2
"1α,25-dihdroxyvitamin",2,0,2
jelena,2,0,2
vallor,2,0,2
reginald,2,0,2
ra.houttuynia,2,0,2
unscr,2,0,2
unscr1540,2,0,2
metj,2,0,2
sulphoridazine,2,0,2
kinapp,2,0,2
sunlight/vitamind,2,0,2
laamcqds,2,0,2
aspartate-conjugated,2,0,2
lat1,2,0,2
asl1,2,0,2
celecoxib-sulfonamides,2,0,2
bromohydrosulfonylacetamides,2,0,2
hydroxyethylpiperazine,2,0,2
acridine-sulfonamide,2,0,2
sulfoonamide,2,0,2
methyl-sulfonamide,2,0,2
mednet,2,0,2
[46].chloroquine,2,0,2
hydroxychloroquines,2,0,2
penta-o-galloyl-β-d-glucosehydrate,2,0,2
scherbina,2,0,2
bvl,2,0,2
contol,2,0,2
β-phellandrene,2,0,2
myrtillin,2,0,2
isothiocynates,2,0,2
wasabigarlic,2,0,2
bluefenugreek,2,0,2
ascaridol,2,0,2
eryngiumfoetidum,2,0,2
gluconasturin,2,0,2
cvb3vp1protein,2,0,2
peg-300,2,0,2
tabutin,2,0,2
deglin,2,0,2
neoaves,2,0,2
ferriprotoporphyrin,2,0,2
artemis-,2,0,2
boilout,2,0,2
hydrochlorousacid,2,0,2
chlorine/ammonia,2,0,2
halohydantoins,2,0,2
halosulfamates,2,0,2
bromosulfamate,2,0,2
isocyanurate,2,0,2
halocyanurates,2,0,2
methylethylhydantoin,2,0,2
ammonia-nitrogen,2,0,2
nitroethanol,2,0,2
bromonitro,2,0,2
5-chloro-2-methyl-4-isothiazolin-3-one/2-methyl-4-isothiazolin-3-one,2,0,2
dow,2,0,2
"2,2-dibromo-3-nitrilopropionamide",2,0,2
2-n-octyl-4-isothiazolin-3-one,2,0,2
ondeo,2,0,2
oligofructans,2,0,2
lignosulfonate,2,0,2
petromontan,2,0,2
lignosulfonates,2,0,2
giere,2,0,2
wazwaz,2,0,2
pesaran,2,0,2
dansyl,2,0,2
eka,2,0,2
b.benedikt,2,0,2
anti-ace2,2,0,2
euretos,2,0,2
ac152,2,0,2
acmnpvdsr,2,0,2
dsc-protein,2,0,2
alphabaculoviruscne,2,0,2
btsa,2,0,2
la2016,2,0,2
agracetus,2,0,2
popenici,2,0,2
2016).pentoxifylline,2,0,2
narodytska,2,0,2
5-hydroxymethylcytosines,2,0,2
methylc-seq,2,0,2
biweight,2,0,2
oxydol,2,0,2
ijns,2,0,2
intermedia,2,0,2
norepinephrindosen,2,0,2
zfea,2,0,2
lapalme,2,0,2
zachman,2,0,2
zhongnanshan,2,0,2
turkey,2,0,2
vosviewer,2,0,2
cagayan,2,0,2
mati,2,0,2
"ribavirin(2,000",2,0,2
ssri-cbt,2,0,2
2020.favipiravir,2,0,2
bioavailavility,2,0,2
iiv3,2,0,2
apocalypse,2,0,2
gascuel,2,0,2
fluozin-3,2,0,2
enterolert,2,0,2
eisc,2,0,2
proglutamide,2,0,2
rehydroxylated,2,0,2
sucrase,2,0,2
vitaminaalcohol,2,0,2
retinylpalmitase,2,0,2
bentiromide/d-xylose,2,0,2
demethtylcolchicine,2,0,2
anti-colchicine,2,0,2
mg/kg)-tenofovir,2,0,2
mg/kg)-ritonavir,2,0,2
fonseca,2,0,2
o-phthaldialdehyde,2,0,2
enterovirusa71/homo,2,0,2
nε-carboxymethyllysine,2,0,2
β-tocopherol,2,0,2
γ)-tocopherol,2,0,2
tocochromanols,2,0,2
barleypolyphenols,2,0,2
barleypolysaccharide,2,0,2
tocotrienols,2,0,2
chloroprostol,2,0,2
sargsyan,2,0,2
msc-evs,2,0,2
anti-mir-27a-3p,2,0,2
framycitin,2,0,2
amylyx,2,0,2
magnesium-chelating,2,0,2
hcq-,2,0,2
aerin,2,0,2
alcoholmeter,2,0,2
nsaids/ibuprofen,2,0,2
vrieze,2,0,2
acyclovir.19,2,0,2
nrb,2,0,2
glycrrhizin,2,0,2
nucifera,2,0,2
gerasimos,2,0,2
tabumin,2,0,2
boj.,2,0,2
motorcycles,2,0,2
aisin,2,0,2
favipiravirs,2,0,2
galipeau,2,0,2
ifn-ß,2,0,2
vuorinen,2,0,2
keskinen,2,0,2
s-cysteinylation,2,0,2
heparastatin,2,0,2
nanoclay,2,0,2
oa+alprostadil,2,0,2
wivadjuvanted,2,0,2
dimazon,2,0,2
verdinixor,2,0,2
janet,2,0,2
mir-142a,2,0,2
topliss,2,0,2
solon,2,0,2
5′-hydroxylated,2,0,2
xiaochaihudecoction,2,0,2
armeniacaeamarum,2,0,2
vitamine.,2,0,2
trombe,2,0,2
guizhimahuanggebantang,2,0,2
od-fc,2,0,2
amitavacharya,2,0,2
cholesterol-containing,2,0,2
coca-2,2,0,2
ul11,2,0,2
aeronáutica,2,0,2
ribavirin/pegylated,2,0,2
tencerova,2,0,2
hsa-mir-194,2,0,2
hsa-mir-10a-5p,2,0,2
hsa-mir-133b,2,0,2
hsa-mir-382-3p,2,0,2
mmu-mir-140,2,0,2
hsa-mir-204,2,0,2
hsa-mir-409,2,0,2
mir-409,2,0,2
hsa-mir-22-3p,2,0,2
hsa-mir-106b-5p,2,0,2
kypta,2,0,2
hsa-mir-335,2,0,2
hsa-mir-139,2,0,2
hsa-mir-105,2,0,2
literatura,2,0,2
dock2,2,0,2
quinine/clindamycin,2,0,2
ferroquines,2,0,2
indoloquinolines,2,0,2
absalon,2,0,2
marjane,2,0,2
baloxivir-marboxil,2,0,2
hivck,2,0,2
shrna-plasmid-ldh,2,0,2
gouldii,2,0,2
disulide,2,0,2
insgesamtgaben,2,0,2
anti-oxazolone,2,0,2
anti-il4,2,0,2
3′-methoxy-4′-nitroflavone,2,0,2
progerine,2,0,2
ketoconazole.1,2,0,2
sitagliptinphosphate,2,0,2
1).hydroxychloroquine,2,0,2
dimethysulfoxide,2,0,2
ganjianggancaodecoction,2,0,2
zhuqi,2,0,2
bumiphol,2,0,2
f).tofacitinib,2,0,2
6-arylindazole,2,0,2
jakis,2,0,2
ilybius,2,0,2
arovet,2,0,2
cd40-targeted,2,0,2
7291,2,0,2
fecalibacterium,2,0,2
puech,2,0,2
phenacoccusaceris,2,0,2
sinaci,2,0,2
ffp-masken,2,0,2
hultin,2,0,2
l-spectra,2,0,2
k-ld,2,0,2
neuroheal-fine-tuned,2,0,2
mølbak,2,0,2
pleskac,2,0,2
ifn-ω9,2,0,2
osazone,2,0,2
chca,2,0,2
glucosone,2,0,2
β‐lactoglobulin,2,0,2
acidhydrolysate,2,0,2
propionicum,2,0,2
potassiumhydroxides,2,0,2
anisimova,2,0,2
negrar,2,0,2
msit,2,0,2
zitat,2,0,2
ecamsule,2,0,2
gcs-neurocovid,2,0,2
aβ1–40,2,0,2
prorenin-renin,2,0,2
cyclosporine/cyclophilin,2,0,2
peg-344,2,0,2
komagataeibacter,2,0,2
antichrome,2,0,2
ointmentlacrilube,2,0,2
gs-,2,0,2
dmem-gentamicin,2,0,2
vrsa,2,0,2
sftsv.favipiravir,2,0,2
charoen,2,0,2
microbisporicin,2,0,2
caseidn114,2,0,2
savoxepine,2,0,2
kunak,2,0,2
pgeac,2,0,2
"mk-p10,mk-p10-v",2,0,2
gyrodactylus,2,0,2
denosmab,2,0,2
gbca,2,0,2
redfield,2,0,2
irajharirchi,2,0,2
3-methylquercetin,2,0,2
pdcov,2,0,2
fenoclofenac,2,0,2
azt/3tc,2,0,2
orguanidinehcl,2,0,2
treponemal,2,0,2
dopamine/serotonin,2,0,2
md.drug,2,0,2
tsinlingensis,2,0,2
hache,2,0,2
delphinidin-3-o-glucoside,2,0,2
anna-lee,2,0,2
caldari,2,0,2
adiv,2,0,2
concord,2,0,2
eptifibatideacetate,2,0,2
ub-ligase,2,0,2
westar,2,0,2
prinstinamycin,2,0,2
cavarzere,2,0,2
ns2b-ns3,2,0,2
hcvns3/4,2,0,2
zikvns5,2,0,2
rank-rankl,2,0,2
byrom,2,0,2
nl4-3-sl,2,0,2
herc1,2,0,2
osw-1,2,0,2
ceftiofurhydrochloride,2,0,2
hin-glove,2,0,2
jak1/jak2/jak3,2,0,2
recall@20,2,0,2
zinc00003118440,2,0,2
5-iodo-2′-deoxyuridine,2,0,2
sigrin,2,0,2
laurita,2,0,2
cq-np,2,0,2
dzoma,2,0,2
kuttin,2,0,2
dess-martin,2,0,2
epimerizedaldehyde,2,0,2
dabcyl-ktsavlq/sgfrkme-edans,2,0,2
torenia,2,0,2
acerosum,2,0,2
hypericin-go,2,0,2
go-hypericin,2,0,2
wsu-79-1683,2,0,2
koreae,2,0,2
blarina,2,0,2
tanganya,2,0,2
civic,2,0,2
dewey,2,0,2
anticoagulans,2,0,2
ureido-penicillin,2,0,2
ribavirin.10,2,0,2
puja,2,0,2
onesmolukoko,2,0,2
ulrika,2,0,2
matija,2,0,2
jānis,2,0,2
kulpreet,2,0,2
folasadebolanle,2,0,2
methotrexate/leflunomide,2,0,2
silenciosa,2,0,2
eje,2,0,2
pentoside,2,0,2
pomegranatefruits,2,0,2
5-hydroxymethyl,2,0,2
ellagitannins,2,0,2
punicalagins,2,0,2
p.granatumpeel,2,0,2
ethanolpomegranate,2,0,2
pomegranate-dosed,2,0,2
cva12,2,0,2
enterovirusa71(ev-a71,2,0,2
sobenin,2,0,2
cedrelasinensis,2,0,2
procyanidinb3,2,0,2
linderacitriodora,2,0,2
quintinia,2,0,2
myrsine,2,0,2
lomatia,2,0,2
pittosporum,2,0,2
lithocarpus,2,0,2
livistona,2,0,2
freycinetia,2,0,2
medchex,2,0,2
gardasil9,2,0,2
hyperkg,2,0,2
cys78,2,0,2
isg15-thioester,2,0,2
phenolaxidase,2,0,2
il-11,2,0,2
symphysodon,2,0,2
heroini,2,0,2
pirapo,2,0,2
arroyo,2,0,2
frontend,2,0,2
object,2,0,2
anthonius,2,0,2
tartarus,2,0,2
mesodinium,2,0,2
hirudine,2,0,2
teaniae,2,0,2
aud37,2,0,2
glycyrrhyzin,2,0,2
liquorice-flavouredtobacco,2,0,2
cirmf,2,0,2
dendrimersomes,2,0,2
pamam,2,0,2
axi-dma,2,0,2
axi,2,0,2
cva-16,2,0,2
mua.,2,0,2
mpro_talampicillin,2,0,2
tmprss2_rubitecan,2,0,2
echidnina,2,0,2
tetraisopropyl,2,0,2
oash,2,0,2
amoxicillin/clavulanic-acid,2,0,2
fusim,2,0,2
src/abl,2,0,2
methylnaphthalene,2,0,2
stem,2,0,2
fhr-a,2,0,2
fhr-b,2,0,2
fhr-1/2/5,2,0,2
dipropyl,2,0,2
garlicoils,2,0,2
rtanjensis,2,0,2
smilagenin,2,0,2
daphnegenkwasieb,2,0,2
genkwasieb,2,0,2
daphnegenkwa,2,0,2
gfw,2,0,2
no2,2,0,2
zagster,2,0,2
ibafloxacin,2,0,2
lpp,2,0,2
nastou,2,0,2
farassat,2,0,2
levitt,2,0,2
acetone/methanol,2,0,2
simvastain,2,0,2
sterinis,2,0,2
pcp1β,2,0,2
r.xiao,2,0,2
xenofeminist,2,0,2
laboria,2,0,2
nacanti-influenza,2,0,2
humulus,2,0,2
selenium-based,2,0,2
bmsg,2,0,2
nus,2,0,2
lynk,2,0,2
restenosis,2,0,2
medlogics,2,0,2
daa-i,2,0,2
marmara,2,0,2
sayek,2,0,2
mpro-isorhamnetin-3-o-β-d,2,0,2
mpro-calendoflaside,2,0,2
rompin,2,0,2
demil,2,0,2
kullak,2,0,2
booster-dose,2,0,2
aptamerno.28,2,0,2
bonum,2,0,2
banjul,2,0,2
isoniazid/pyrazinamide,2,0,2
ellinas,2,0,2
weimin,2,0,2
prrsv-2,2,0,2
zuckermann,2,0,2
sulfosite,2,0,2
ld3,2,0,2
as2,2,0,2
iodine131-metaiodobenzylguanidine,2,0,2
archazolids,2,0,2
hcathepsinb,2,0,2
preprocathepsin,2,0,2
4-amino-acid,2,0,2
fortaleza,2,0,2
azd8154,2,0,2
belavina,2,0,2
beta-strand,2,0,2
langerin-targeting,2,0,2
h1-drug,2,0,2
ppmo4p1,2,0,2
zurayk,2,0,2
pm-kisan,2,0,2
rabc,2,0,2
amoxiciline,2,0,2
lemos,2,0,2
liushou,2,0,2
ringeracetate,2,0,2
is6110,2,0,2
yumab,2,0,2
crtc2,2,0,2
carboxyamidomethyl,2,0,2
folfoxiri,2,0,2
hsa-mir-424,2,0,2
evangelou,2,0,2
nini,2,0,2
a(h3n2).amantadine,2,0,2
shrna-1370,2,0,2
henec,2,0,2
fentanylcitrate,2,0,2
juniperusrigida,2,0,2
vasileiou,2,0,2
ngcv,2,0,2
reflovet,2,0,2
glabrolides,2,0,2
apioglycyrrhizin,2,0,2
araboglycyrrhizin,2,0,2
gl(1).gl,2,0,2
tfsc,2,0,2
gsk-126,2,0,2
il-18r,2,0,2
wikipedia,2,0,2
ilida,2,0,2
eustathios,2,0,2
nucleotidevp1,2,0,2
asiaticumin,2,0,2
artsv,2,0,2
h.asiaticum,2,0,2
hexodontus,2,0,2
ohfv/kubrin,2,0,2
apronophorus,2,0,2
volga,2,0,2
pluvialis,2,0,2
hyrcanus,2,0,2
vlaev,2,0,2
bulbocavernosus,2,0,2
chimpanzeeadenovirus-vectoredvaccines,2,0,2
ocvd.it,2,0,2
dimethoxyethane,2,0,2
onderhoudstherapie,2,0,2
reninvaccine,2,0,2
fenoaltea,2,0,2
andalo,2,0,2
gracel,2,0,2
anti-dandruff,2,0,2
labor,2,0,2
de7-,2,0,2
vlaar,2,0,2
hilleman,2,0,2
bulbusfritillaria,2,0,2
jie-geng,2,0,2
bulbusfritillariae,2,0,2
fritillariadelavay,2,0,2
mir-526a,2,0,2
4-epidoxycycline,2,0,2
kortrijik,2,0,2
cinnirella,2,0,2
anothervaccine,2,0,2
mediastinitis,2,0,2
peas,2,0,2
hebdomidis,2,0,2
haemalaelaps,2,0,2
cpp-antigen,2,0,2
gnp-peptide,2,0,2
vetriolo,2,0,2
madariaga,2,0,2
bi5,2,0,2
corentin,2,0,2
ci.it,2,0,2
chlorazole,2,0,2
pholichora,2,0,2
cystomastax,2,0,2
spinariina,2,0,2
rogas,2,0,2
yelicones,2,0,2
smz-tmp,2,0,2
verruconis,2,0,2
xenogen,2,0,2
aastra,2,0,2
cs-rif,2,0,2
ceftazidime/azide,2,0,2
ceph/quinolone,2,0,2
nitrocefin,2,0,2
cigana,2,0,2
astragaus,2,0,2
(-)-patchoulol,2,0,2
lagom,2,0,2
raunkiaer,2,0,2
caucalis,2,0,2
anti-btvns4antiserum,2,0,2
cricetinae,2,0,2
aciclovir-resistant,2,0,2
lasala,2,0,2
3cl,2,0,2
sulfoether,2,0,2
albican,2,0,2
yantian,2,0,2
moo-rm,2,0,2
mts-verapamil,2,0,2
cis-(z)-flupentixol,2,0,2
optretina,2,0,2
cysatracurium,2,0,2
rhytidophyllumvernicosum,2,0,2
paliavana,2,0,2
vanhouttea,2,0,2
koellikeria,2,0,2
cuneifolia,2,0,2
niphaea,2,0,2
neomortonia,2,0,2
pheidonocarpal.e.skog,2,0,2
oxelman,2,0,2
solenophora,2,0,2
curtiflora,2,0,2
mekoniumileus,2,0,2
ar-15,2,0,2
ferroxidaseceruloplasmin,2,0,2
isoflurane-inhaled,2,0,2
se-fut,2,0,2
ladin,2,0,2
husin,2,0,2
taj,2,0,2
bomb,2,0,2
sprinklers,2,0,2
arup,2,0,2
edificio,2,0,2
cobicistat-rdrp,2,0,2
daclatasvir-rdrp,2,0,2
daclatasvir-mpro,2,0,2
rdrp-simeprevir,2,0,2
urochinasi,2,0,2
florphenicol/chloramphenicol,2,0,2
chlorisgayana,2,0,2
dactyloctenium,2,0,2
radulans,2,0,2
gomphrena,2,0,2
brachiaria,2,0,2
heteropogon,2,0,2
rhil1ra,2,0,2
flsc,2,0,2
b).more,2,0,2
hypsarrhythmia,2,0,2
stylocheiron,2,0,2
joban,2,0,2
neocalanus,2,0,2
ft,2,0,2
karbuz,2,0,2
tenofovir-based,2,0,2
birth-dosehbv,2,0,2
air-pulse,2,0,2
chrobak,2,0,2
veratrylalcohol,2,0,2
methyltrioxorhenium,2,0,2
hs4,2,0,2
caseins,2,0,2
cyclophosphamide/cisplatin,2,0,2
waranyoo,2,0,2
mesopotamia,2,0,2
pravastatine,2,0,2
ccl14,2,0,2
naspro,2,0,2
lepinic,2,0,2
phe60,2,0,2
met61,2,0,2
duucus,2,0,2
paulinemuljana,2,0,2
kiranbudhrani,2,0,2
ceratostigmawillmottianum,2,0,2
giovanniboccaccio,2,0,2
cda3,2,0,2
ba20,2,0,2
harpster,2,0,2
im/sq,2,0,2
resnet_densenet-darknet-53,2,0,2
l-selenomethionine,2,0,2
lactic,2,0,2
histamine-leukotriene,2,0,2
paf-acether,2,0,2
gpi-linked,2,0,2
cooling,2,0,2
fat-fat,2,0,2
themir-221-5p,2,0,2
zata,2,0,2
lebtja,2,0,2
matthias,2,0,2
quercetin3‐β‐d‐glucoside,2,0,2
polyphenols/flavonoids,2,0,2
kaolin/pectin,2,0,2
80α,2,0,2
trkola,2,0,2
abutilon,2,0,2
huisarts,2,0,2
dhrystone,2,0,2
asic,2,0,2
capone,2,0,2
pooja,2,0,2
suvarnabhasma,2,0,2
mirca,2,0,2
vicari,2,0,2
klaricid,2,0,2
2-bromomethoxyethylacetate,2,0,2
fas-agonist,2,0,2
pei.atelocollagen,2,0,2
icnp,2,0,2
pegrna,2,0,2
raney-ni,2,0,2
trifluoromethylated,2,0,2
alh3,2,0,2
trifluomethyl,2,0,2
trifluoromethylatedalcohols,2,0,2
adlatus,2,0,2
ssd-mobilenet,2,0,2
125i-labelled,2,0,2
minoic,2,0,2
sidol,2,0,2
albacore,2,0,2
butyrricum,2,0,2
calaxin,2,0,2
yxm-109,2,0,2
yxm-140,2,0,2
sentosa,2,0,2
verdinexors,2,0,2
tnfα-blockers,2,0,2
heparin/n-acetylcysteine,2,0,2
tilzolan,2,0,2
mandrup,2,0,2
ps-p167,2,0,2
chartrin,2,0,2
rubbers,2,0,2
α>1,2,0,2
potdar,2,0,2
chloroquine.4,2,0,2
nutch,2,0,2
orf1b-encoded,2,0,2
tp-5,2,0,2
lamivudine/ifna,2,0,2
post-hydroxychloroquine,2,0,2
bocavirusbpv,2,0,2
nanoparticle-antibody,2,0,2
muscadine,2,0,2
5b).it,2,0,2
m.maculosum,2,0,2
cg7870,2,0,2
sch58500,2,0,2
liran,2,0,2
giulia,2,0,2
thepedvprototype,2,0,2
ghemawat,2,0,2
nsgc,2,0,2
michele,2,0,2
gper1,2,0,2
estradiol-17-o-β-glucoside,2,0,2
sgts,2,0,2
16α-oh-testosterone,2,0,2
testosteroneglucoside,2,0,2
testosterone17-o-β-glucoside,2,0,2
estradiol17-o-β-glucoside,2,0,2
α-estradiol,2,0,2
[21].azithromycin,2,0,2
paidb,2,0,2
sgp130fc,2,0,2
holbrooke,2,0,2
bioavailableminerals,2,0,2
maugeri,2,0,2
citronellaoils,2,0,2
cinnamonbarkoil,2,0,2
ceasa-rj,2,0,2
pegna,2,0,2
trichospirura,2,0,2
rictularia,2,0,2
paramomycinsulfate,2,0,2
sulfazalazine,2,0,2
d-galactosamine,2,0,2
advb1,2,0,2
anti-anaerobe,2,0,2
tegafur-/gimeracil-/oteracil,2,0,2
trimethoprim/3,2,0,2
days-laninamivir,2,0,2
dose-peramivir,2,0,2
pienta,2,0,2
samonas,2,0,2
guacamole,2,0,2
.lactis,2,0,2
mirna122,2,0,2
ginsengstarch,2,0,2
flaxseedoil,2,0,2
carbopoladjuvant,2,0,2
laniquidar,2,0,2
gutenberg,2,0,2
adamantane-,2,0,2
conestoga,2,0,2
sirtuin-2,2,0,2
lockheed,2,0,2
gasmask,2,0,2
pedvnon-s-indel,2,0,2
haglin,2,0,2
ve,2,0,2
stx17,2,0,2
rituximab-cd20,2,0,2
katarina,2,0,2
vlastakis,2,0,2
tri-boc-cytosine,2,0,2
otu-wt,2,0,2
acuff,2,0,2
vikki,2,0,2
capnogard,2,0,2
scap,2,0,2
pex3p,2,0,2
clarithromicyn,2,0,2
c.asperum,2,0,2
antimocrobial,2,0,2
methicillin/oxacillin,2,0,2
tobramicine,2,0,2
aminoglycosides-r,2,0,2
melitansis,2,0,2
blatella,2,0,2
sodiumcholeate,2,0,2
sancycline,2,0,2
wib,2,0,2
mensa,2,0,2
aspyrif,2,0,2
fluconazole/itraconazole,2,0,2
pipera/tazobactam,2,0,2
amoxi/clavulanate,2,0,2
belec-3,2,0,2
mh-oxacillin,2,0,2
hiq,2,0,2
4-dibiotinylbutane,2,0,2
rf-adenosine,2,0,2
moticam,2,0,2
alfavirus,2,0,2
usp2-inhibitor,2,0,2
hcvp7polypeptide,2,0,2
protamine/sirna,2,0,2
prutor,2,0,2
dartg,2,0,2
diphtamide,2,0,2
lemongrassoil,2,0,2
baccharistrinervis,2,0,2
methyl-cysteine,2,0,2
methyl-his,2,0,2
thio-gly,2,0,2
lys-acetylation,2,0,2
acetyl-glutathione,2,0,2
sidj,2,0,2
mitotoic,2,0,2
magrane,2,0,2
β-trcp,2,0,2
ciap2,2,0,2
pellino1,2,0,2
cd63/syntenin-1,2,0,2
cowdenvp1,2,0,2
telazol-ketamine-xylazine,2,0,2
shufengjiedu,2,0,2
gz,2,0,2
m252,2,0,2
irenic,2,0,2
aphtovirus,2,0,2
ph-pepsin,2,0,2
luine,2,0,2
lilrb4,2,0,2
obioavail,2,0,2
[60].azithromycin,2,0,2
bb-cl-amidine,2,0,2
anti-hemagglutinin,2,0,2
gs4104,2,0,2
sangin,2,0,2
bolaven,2,0,2
kaempferol-arabinoside,2,0,2
sc-54,2,0,2
obtuse,2,0,2
chitosan/ciprofloxacin/zein,2,0,2
mbom,2,0,2
azithromycin40,2,0,2
chlorpromazinechloride,2,0,2
ljee,2,0,2
hydramethylnon,2,0,2
sodiummetabisulfite,2,0,2
kormendi,2,0,2
oseltamivir.29,2,0,2
tcm-tag,2,0,2
braf-mt,2,0,2
•fluconazole,2,0,2
sgf,2,0,2
sulphurhexafluoride,2,0,2
flirt,2,0,2
hydroxycholoroquine/azithromycin,2,0,2
masucci,2,0,2
rotaviruses,2,0,2
lactispepx,2,0,2
organophosphorus,2,0,2
quercetin3-o-galactoside,2,0,2
kaempferol3-o-rhamnoside,2,0,2
flavonolglycosides,2,0,2
rhucin,2,0,2
multiferon,2,0,2
darbepoetin-α,2,0,2
edulib,2,0,2
nascimento,2,0,2
nicaraguan,2,0,2
alliumsativum,2,0,2
clemir,2,0,2
wanier,2,0,2
5-hydrodeoxycytidine,2,0,2
heerlen,2,0,2
buyi,2,0,2
kuhn,2,0,2
heptapeptideang-(1-,2,0,2
sesc,2,0,2
makarikov,2,0,2
inventar,2,0,2
realistisch,2,0,2
anti-mmu-mir-34,2,0,2
antitussic,2,0,2
bicoll,2,0,2
novel_20-3p,2,0,2
novel_21-3p,2,0,2
novel_1,2,0,2
"-3p,novel_4-5p",2,0,2
micrornamir-378j,2,0,2
mir-1260a/b,2,0,2
novel_12,2,0,2
mir132-5p,2,0,2
4-piperidone,2,0,2
caffeinealcohol,2,0,2
mln492,2,0,2
isg15-vme,2,0,2
ub-amc,2,0,2
pyrase,2,0,2
rab25,2,0,2
benzodiazepine-free,2,0,2
np1,2,0,2
pbovns1,2,0,2
gazpromneft,2,0,2
butylophillin,2,0,2
κ-biotin,2,0,2
λ-biotin,2,0,2
thymosinbeta-4,2,0,2
stanasolol,2,0,2
timbetasin,2,0,2
β‐1b,2,0,2
wisuthiphaet,2,0,2
β-galactopyranoside,2,0,2
zanamivir.28,2,0,2
ser31).amantadine,2,0,2
diiodofluorescein,2,0,2
hechinger,2,0,2
gaba-benzodiazepine,2,0,2
gallium-citrate,2,0,2
floschrysanthemi,2,0,2
chrysoerioldiosmetin,2,0,2
sincelejo,2,0,2
acetylpromazine-ketamine,2,0,2
piperaceas,2,0,2
30-aminoacid,2,0,2
300-aminoacid,2,0,2
ellagitanin,2,0,2
stora,2,0,2
m.phil,2,0,2
mercapturates,2,0,2
5-s-l-cysteinyldopamine,2,0,2
s-d-lactoylglutathione,2,0,2
s-mercapto-l-cysteine,2,0,2
α-methyl,2,0,2
frumin,2,0,2
nih.hydroxychloroquine,2,0,2
egypt06,2,0,2
grisofulvin,2,0,2
dexa-methasone,2,0,2
oecophylla,2,0,2
usp2/ubiquitin,2,0,2
vitellogenin-2,2,0,2
vitellogenin-3,2,0,2
butyric,2,0,2
minibinder,2,0,2
il-6/il6r,2,0,2
cefotaxima-rifampicina,2,0,2
kazaa,2,0,2
flavescentisradix,2,0,2
tfn-alpha,2,0,2
methuen,2,0,2
burkholideria,2,0,2
astragulusmembranaceus,2,0,2
cockroachflour,2,0,2
aluna,2,0,2
ribavirin/amantadine,2,0,2
interferon/ribavirin/amantadine,2,0,2
pegylatedinterferon/ribavirin,2,0,2
silver-tio2,2,0,2
novoselov,2,0,2
tetraselmis,2,0,2
ha/tio2,2,0,2
bienmasterol,2,0,2
xestokerol,2,0,2
antifibrinolytika,2,0,2
systol,2,0,2
"4-chloro-1h-pyrrolo[2,3-b]pyridine",2,0,2
ciach,2,0,2
legein,2,0,2
kapok,2,0,2
lubeoil,2,0,2
binyamin,2,0,2
cholesterol-25-hydroxylase,2,0,2
slfn11,2,0,2
cigarettes,2,0,2
moxibusiton,2,0,2
leprosaria,2,0,2
pouchet,2,0,2
arc-1,2,0,2
arc-2,2,0,2
yigong,2,0,2
cecropin-melittin,2,0,2
myxinidin,2,0,2
smp,2,0,2
cf-magainin,2,0,2
amavadin,2,0,2
vanadinite,2,0,2
d-block,2,0,2
proscan,2,0,2
prosab,2,0,2
citrisolv,2,0,2
ress.,2,0,2
bay61,2,0,2
sirnaa,2,0,2
trifluoromethylacylsemicarbazide,2,0,2
ngsp1,2,0,2
mehg,2,0,2
sufv,2,0,2
tidey,2,0,2
hrc3,2,0,2
flu/rsv,2,0,2
tranquilli,2,0,2
shixin,2,0,2
acetylsalicylicacidin,2,0,2
penicillin-g-,2,0,2
pseudomonas-penicillin,2,0,2
benzathin-benzylpenicillin,2,0,2
procainpenicillin,2,0,2
g-/sulbactam,2,0,2
stolker,2,0,2
snel,2,0,2
järvelin,2,0,2
hexamethrine,2,0,2
pcv3orf2,2,0,2
b.antistraina,2,0,2
oxygenatoren,2,0,2
heparindosen,2,0,2
greenhouse,2,0,2
vlaamse,2,0,2
hemer,2,0,2
elisa,2,0,2
snd1kd2,2,0,2
mettl3kd2,2,0,2
lactoferrin/gelatinase,2,0,2
rhizanthella,2,0,2
lycophyte,2,0,2
melampsoralaricipopulina,2,0,2
buspironehydrochloride,2,0,2
unicornis,2,0,2
trimethoprim/sulphadoxine,2,0,2
gemcitabine-mitomycin,2,0,2
pf-18,2,0,2
picc,2,0,2
alfa-interferon,2,0,2
chloroquine/chloroquine,2,0,2
metilprednisolon,2,0,2
oryeong-san,2,0,2
pyrenebutyrate,2,0,2
folini,2,0,2
vasudevan,2,0,2
anti-ddos,2,0,2
m2-,2,0,2
jθ,2,0,2
lidocaine/phenylephrine,2,0,2
psoropha,2,0,2
msd,2,0,2
tritc,2,0,2
carboxymethyl,2,0,2
quadrivalentrotavirusvaccine,2,0,2
bacillecalmette,2,0,2
3-methoxylated,2,0,2
dehydroepiandrosterone-sulfate,2,0,2
starch-iodine,2,0,2
soheila,2,0,2
β-globin,2,0,2
remdesivir.19,2,0,2
bailly,2,0,2
oedipus,2,0,2
semadeni,2,0,2
trevis,2,0,2
fxii,2,0,2
prekallikrein,2,0,2
bovineifitm3,2,0,2
nipponicae,2,0,2
anthoninsen,2,0,2
ebacc,2,0,2
nanoinsecticide,2,0,2
netzsch,2,0,2
abdulel-sayed,2,0,2
t16,2,0,2
strepcococcus,2,0,2
dama,2,0,2
mapafu,2,0,2
mbuzi,2,0,2
anma,2,0,2
mir-208a-antagomir,2,0,2
folfoxiri/bevacizumab/atezolizumab,2,0,2
cisplatin/pemetrexed/pembrolizumab,2,0,2
lufeng,2,0,2
6-aminocaproicacid,2,0,2
aldershot,2,0,2
2003).amantadine,2,0,2
pinelliaternata,2,0,2
fordiipolysaccharides,2,0,2
tac1,2,0,2
2′‐o‐methylated,2,0,2
gaia,2,0,2
silvetia,2,0,2
centra,2,0,2
carapax,2,0,2
radicis,2,0,2
zactran,2,0,2
nucleicacidvaccine,2,0,2
naswar,2,0,2
steinert,2,0,2
grange,2,0,2
cdoc,2,0,2
mertensii,2,0,2
cystoseiraindica,2,0,2
liesap,2,0,2
l.brasiliensis-saponin,2,0,2
emtricitabine/ftc,2,0,2
man-d3,2,0,2
all-trans-retinoicacid,2,0,2
nitrit,2,0,2
mitochip,2,0,2
2′omtase-irinotecan,2,0,2
pitter,2,0,2
7.ribavirin,2,0,2
olcese,2,0,2
asm/ceramide,2,0,2
imafidon,2,0,2
phosphonoacetic,2,0,2
rifamycin-sv,2,0,2
flunisyntm,2,0,2
atlantia,2,0,2
alair,2,0,2
psi-6130,2,0,2
zanamivir.92,2,0,2
sonchifolius,2,0,2
s.sonchifolius,2,0,2
melampolide,2,0,2
eremanthin,2,0,2
germacrolide,2,0,2
micheliolide,2,0,2
byrsonima,2,0,2
b.crassifolia,2,0,2
lactucain,2,0,2
cumambrin,2,0,2
verazin,2,0,2
aulus,2,0,2
glucose-analog,2,0,2
cisi,2,0,2
chryses,2,0,2
wartet,2,0,2
micrornamir-509-3p,2,0,2
mir-509-3p,2,0,2
ritonavir/lopinovir,2,0,2
remtp,2,0,2
sotiris,2,0,2
woza,2,0,2
arp-2,2,0,2
deepa,2,0,2
conjugatemeningococcal,2,0,2
emtricitabine-loaded,2,0,2
genistein-loaded,2,0,2
cosurfactants,2,0,2
bruguiera,2,0,2
inhibitor27a,2,0,2
prrsv/dexamethasone,2,0,2
yengin,2,0,2
ifinedo,2,0,2
anti-atrazine,2,0,2
sulfanilazochromotrop,2,0,2
phytobacter,2,0,2
co‐amoxiclav,2,0,2
rhizomacurcuma,2,0,2
tharide,2,0,2
lasswell,2,0,2
ifx-1,2,0,2
stemonajaponica,2,0,2
3-dehydroandrographolide,2,0,2
lindex,2,0,2
mirna-140-5p,2,0,2
asperuloside,2,0,2
iibavirin,2,0,2
mir-514,2,0,2
mir-465,2,0,2
gga-mir-1761,2,0,2
lumosa,2,0,2
blastp,2,0,2
lipophilin,2,0,2
gemcitabine/gemzar,2,0,2
epoxyketonecarfilzomib,2,0,2
msip,2,0,2
dimethylcyclopropylproline,2,0,2
gmpro-boceprevir,2,0,2
cyclosporine/prednisone/mycophenolate,2,0,2
lattin,2,0,2
poliovirussabinvaccine,2,0,2
anti-stigma,2,0,2
gavocciolo,2,0,2
mcc-sp,2,0,2
zambon,2,0,2
vincristine-loaded,2,0,2
entspanntereradtouren,2,0,2
casamassimo,2,0,2
ampicillins,2,0,2
yushen,2,0,2
fp4,2,0,2
epidithiapiperazinedione,2,0,2
tilia,2,0,2
matricariachamomilla,2,0,2
funded,2,0,2
α-ketamide,2,0,2
brevicornumaxim,2,0,2
karthik,2,0,2
coreabc,2,0,2
fy2013,2,0,2
menegus,2,0,2
kakao,2,0,2
miacis,2,0,2
tariffs,2,0,2
intralipids,2,0,2
darren,2,0,2
macalalag,2,0,2
sulston,2,0,2
bemanonga,2,0,2
spiroadamantaneamine,2,0,2
isothiourea,2,0,2
rapamycin-bafilomycina1-entacapone,2,0,2
cq/chlorpheniramine,2,0,2
methenamine-sodium,2,0,2
mencin,2,0,2
trail-fc,2,0,2
afonin,2,0,2
beta‐propiolactone,2,0,2
bapa,2,0,2
sugartax,2,0,2
bacigalupi,2,0,2
fans,2,0,2
leah,2,0,2
coast,2,0,2
sulfonyladenosine,2,0,2
zmab,2,0,2
cad3,2,0,2
penicillin-g-gaben,2,0,2
fetanat,2,0,2
cathelicidins,2,0,2
cdaa,2,0,2
bcg-immunisation,2,0,2
hydroxycholecalciferol,2,0,2
acetyl-leu-phe-cho/trypsin,2,0,2
dosieraerosolen,2,0,2
nauclea,2,0,2
isoactinic,2,0,2
morpholino-modified,2,0,2
budesonide-formoterol,2,0,2
phenol/guanidine,2,0,2
sarlizumab,2,0,2
eswc,2,0,2
anacystis,2,0,2
e2/e1,2,0,2
anti-aldol,2,0,2
mesylation,2,0,2
sophya,2,0,2
tfc2,2,0,2
phe-60,2,0,2
rankl-rank,2,0,2
whitaferin-a,2,0,2
pelouze,2,0,2
amarone,2,0,2
debenhams,2,0,2
opiumtincture,2,0,2
ub-uchl3,2,0,2
ub-uchl3-1-acc,2,0,2
gilet,2,0,2
kokkos,2,0,2
pracetam,2,0,2
moxifloxacin).2,2,0,2
lin7a,2,0,2
epcs,2,0,2
adenoviralvaccine,2,0,2
ebro,2,0,2
p-hydroxyacephenone,2,0,2
acaciin,2,0,2
badan,2,0,2
3-methylkaempferol,2,0,2
glucosteroids,2,0,2
saltine,2,0,2
molisch,2,0,2
eviana,2,0,2
nethong,2,0,2
anti-mir-141,2,0,2
lingeling,2,0,2
monopoly,2,0,2
delir,2,0,2
hypercarbia,2,0,2
mbsaqip,2,0,2
bilberrypolyphenols,2,0,2
monoglucuronides,2,0,2
scudeller,2,0,2
resnet-v1,2,0,2
jetson,2,0,2
ncsdk,2,0,2
pnma,2,0,2
cso2,2,0,2
caulobacter,2,0,2
anti-shine,2,0,2
lagmuir,2,0,2
nsc23766,2,0,2
veriben,2,0,2
facetime,2,0,2
cefas,2,0,2
asbv,2,0,2
allergomedag,2,0,2
apometallothionein,2,0,2
vanhaperen,2,0,2
stsg,2,0,2
third-gen,2,0,2
cordycein,2,0,2
cmess,2,0,2
xiii,2,0,2
t∼f,2,0,2
mycillin,2,0,2
fadiran,2,0,2
ipsos,2,0,2
(2013)65,2,0,2
fontela,2,0,2
gnf5/gnf2/imatinib,2,0,2
curcumin/antihistaminic,2,0,2
rotavirusiga,2,0,2
hevesy,2,0,2
calethicidin,2,0,2
[3h]estradiol,2,0,2
[3h]verapamil,2,0,2
nipradilol,2,0,2
[3h]biotin,2,0,2
4′-map,2,0,2
neis,2,0,2
bidle,2,0,2
hussin,2,0,2
pennine,2,0,2
anti-d8,2,0,2
hs-c,2,0,2
2′‐deoxyuridine,2,0,2
seroamphotericin,2,0,2
eml,2,0,2
bcg.it,2,0,2
acr1,2,0,2
zilstorff,2,0,2
phosphothionate,2,0,2
rfp-endophilina2,2,0,2
•paracetamol,2,0,2
copyrnn,2,0,2
rifampin/rifabutin,2,0,2
gfpolysaccharide,2,0,2
geir,2,0,2
egil,2,0,2
siân,2,0,2
quercetin-3β-galactoside,2,0,2
rusong,2,0,2
neuhauser,2,0,2
nystose,2,0,2
simglycan,2,0,2
chalagalla,2,0,2
ammoniumcarbamate,2,0,2
(arg‐gly)15,2,0,2
lyss,2,0,2
manolo,2,0,2
faucher,2,0,2
henribergson,2,0,2
arumae,2,0,2
aβ,2,0,2
donanemab,2,0,2
13c3,2,0,2
at8,2,0,2
desferol,2,0,2
buder,2,0,2
freight,2,0,2
petrfiala,2,0,2
vithloušek,2,0,2
lenka,2,0,2
bustikova,2,0,2
malgorzata,2,0,2
yanshi,2,0,2
3-mercaptoethylsulfonate,2,0,2
ufovax,2,0,2
furfurals,2,0,2
amoxicillin-clavulansäure,2,0,2
ciprofloxacin-ohrentropfen,2,0,2
sublingualis,2,0,2
orelox,2,0,2
coico,2,0,2
radiolabel,2,0,2
wittig,2,0,2
pterostilbenes,2,0,2
4-methylpiperidine,2,0,2
homeopatia,2,0,2
tetravalentdenvaccine,2,0,2
albumen,2,0,2
cuo,2,0,2
heparin1,2,0,2
mumps,2,0,2
hbv-b2,2,0,2
bifidobactrium,2,0,2
prednisolone21,2,0,2
malonaticus,2,0,2
atorvastatincalcium,2,0,2
statin-alone,2,0,2
hemiscorpius,2,0,2
laoticus,2,0,2
serrumab,2,0,2
stiga16,2,0,2
ledina,2,0,2
yadin,2,0,2
ushahidi,2,0,2
xylitolsugar,2,0,2
xylitol-based,2,0,2
thomasma,2,0,2
v.teleflex,2,0,2
bismuthporphyrin,2,0,2
billionairejackma,2,0,2
presidentrhee,2,0,2
syngmanrhee,2,0,2
jong-cheol,2,0,2
vice-minister,2,0,2
dangsan,2,0,2
brice,2,0,2
arturo,2,0,2
abridol,2,0,2
pikirayi,2,0,2
hogwood,2,0,2
ivoclaassen,2,0,2
fathelrahman,2,0,2
morgall,2,0,2
plactaricin,2,0,2
onaizi,2,0,2
ifnd,2,0,2
2020).vitamin,2,0,2
glacis,2,0,2
aceo,2,0,2
pavel,2,0,2
taraxacummongolicum,2,0,2
grp170,2,0,2
hoechest,2,0,2
nonide,2,0,2
wosnitzer,2,0,2
gh50,2,0,2
acetoin,2,0,2
corest,2,0,2
pml-rarα,2,0,2
5-azacytidine/butyrate,2,0,2
spiruchostatin,2,0,2
mecea,2,0,2
echovirus(e)-9,2,0,2
191-palivizumab,2,0,2
puizina,2,0,2
fluoroquinolone/β-lactams,2,0,2
hydroxyvanillin,2,0,2
chloroauricacid,2,0,2
β-me,2,0,2
cogan,2,0,2
proteinvii,2,0,2
copper-8-quinolinolate,2,0,2
vgg,2,0,2
frangi,2,0,2
mc-cnn,2,0,2
santosh,2,0,2
oncostatinm,2,0,2
mocodazole,2,0,2
∎,2,0,2
halogenacids,2,0,2
mirwalk,2,0,2
pterocarpans,2,0,2
formononetinglucuronide,2,0,2
calycosin-7-β-d-glucoside,2,0,2
chenoll,2,0,2
beta-lactam/lactamase,2,0,2
sulaicillin,2,0,2
azathiotpine,2,0,2
ceftazidime/ciprofloxazin,2,0,2
rashad,2,0,2
mirna-615,2,0,2
chymotrypsin-,2,0,2
nutrient/vitamin,2,0,2
jplink-emb,2,0,2
rasb,2,0,2
atovaquone-adrenal,2,0,2
deferoxamine-spleen,2,0,2
captopril-liver,2,0,2
ccdr,2,0,2
dna-intercalating,2,0,2
flotillin-2,2,0,2
cofen,2,0,2
sodiumortho-vanadate,2,0,2
szilagyl,2,0,2
14-valentpolysaccharide,2,0,2
marcel,2,0,2
wieb,2,0,2
another,2,0,2
icst,2,0,2
iamil,2,0,2
erigo,2,0,2
betnesol,2,0,2
thioredoxin-1,2,0,2
tris(hydroxymethyl)-aminomethane,2,0,2
liefbroer,2,0,2
hydrochloride-isopropanol,2,0,2
peptidedendrimers,2,0,2
ceropithicine,2,0,2
cathepsinh,2,0,2
pro-trpdipeptide,2,0,2
cystatin-t,2,0,2
penicillin/β-lactamase,2,0,2
vasopressin/terlipressin,2,0,2
"bioavailable1,25(oh)2d",2,0,2
myf5,2,0,2
levodopa/dopamine,2,0,2
dabigitran,2,0,2
fosinapril,2,0,2
ginsamin,2,0,2
mirna-class,2,0,2
sirna-pathway,2,0,2
laregina,2,0,2
hedgefund,2,0,2
folf,2,0,2
orf1a-encoded,2,0,2
atmp,2,0,2
gcn2,2,0,2
ace2-angiotensin(1-7)-mas,2,0,2
daguang,2,0,2
dictum,2,0,2
isotopoic,2,0,2
melindagates,2,0,2
archaeosome-pdna,2,0,2
archaeosome/pdna,2,0,2
archaeosome/l1/e6/e7,2,0,2
hpv-e7oncoprotein,2,0,2
praecox,2,0,2
simonato,2,0,2
cuisinart,2,0,2
giacaman,2,0,2
nitritecream,2,0,2
hpv-opc,2,0,2
dacarabazine,2,0,2
cel-mir-67,2,0,2
mir-301,2,0,2
conestatalfa,2,0,2
hbv.s.,2,0,2
erdjs,2,0,2
ganciclovir).er,2,0,2
"2,6-diaminopurine",2,0,2
rapamycinbafilomycin,2,0,2
ehv,2,0,2
lagottoromagnolo,2,0,2
glucan-encapsulated,2,0,2
"β-1,3-d-glucan-encapsulatedvp28-sirna",2,0,2
gustavo,2,0,2
yeller,2,0,2
penicillinase-penicillin,2,0,2
acticin,2,0,2
paronychia,2,0,2
•metronidazole,2,0,2
il-26,2,0,2
il-26r,2,0,2
tv5,2,0,2
bluetooth,2,0,2
adeel,2,0,2
mir-197-,2,0,2
mir-18b,2,0,2
fentanyl-droperidol,2,0,2
d/cholecalciferol,2,0,2
tipula,2,0,2
adanson,2,0,2
cholesterol-water,2,0,2
agonistgw3965,2,0,2
siah-1,2,0,2
batricide,2,0,2
tbk,2,0,2
"1,25(oh)2vitamind3",2,0,2
fluoro,2,0,2
ivium,2,0,2
hermle,2,0,2
tenon,2,0,2
20-methylcholanthrene,2,0,2
porphrin,2,0,2
dimethylpyrazine,2,0,2
glenodinium,2,0,2
arinamipathy,2,0,2
l-homocysteine,2,0,2
isoflu,2,0,2
w190,2,0,2
ceftriaxone-tazobactam,2,0,2
thiostatin,2,0,2
t-kininogen,2,0,2
celostatin,2,0,2
crestatin,2,0,2
enzyme-cystatin,2,0,2
price-smith,2,0,2
laitin,2,0,2
delijan,2,0,2
rpsp-a,2,0,2
arylthioglycosides,2,0,2
selenoglycosides,2,0,2
carbohydrates,2,0,2
kanamycins,2,0,2
alpha-adducin,2,0,2
s.baicalensis,2,0,2
wagonin,2,0,2
pla2g2d,2,0,2
schistoma,2,0,2
vinita,2,0,2
dickmann,2,0,2
wavetronix,2,0,2
neoponera,2,0,2
cupiennius,2,0,2
bicarinatum,2,0,2
lactarcin-1,2,0,2
soret,2,0,2
murabutideadjuvantedin-delivered,2,0,2
gardiquimodadjuvant,2,0,2
er008,2,0,2
dushianthan,2,0,2
densenet201,2,0,2
ramstein,2,0,2
dastin,2,0,2
sirleaf,2,0,2
cysteinase,2,0,2
digoxin-bsa,2,0,2
n-boc-piperazine,2,0,2
3cpro,2,0,2
gp78,2,0,2
dilmahtea,2,0,2
dilmah,2,0,2
dnvgl,2,0,2
jamshedpur,2,0,2
muriel,2,0,2
cidofovir.49,2,0,2
cobaltoxide,2,0,2
νt,2,0,2
shaalan,2,0,2
rellina,2,0,2
sa526,2,0,2
hpv-18circe7,2,0,2
cethrin,2,0,2
blix,2,0,2
hydroxylase,2,0,2
sialidosis,2,0,2
eleftheria,2,0,2
anti-rsvvaccine,2,0,2
microdebriders,2,0,2
compound61b,2,0,2
4-thiazolidine,2,0,2
flosloniceraejaponicae(,2,0,2
lucerastat,2,0,2
benzolactoneenamides,2,0,2
aegyptus,2,0,2
cyclophosphamide/doxorubicin/vincristine,2,0,2
rhinophylla,2,0,2
flaviviruse-ns1,2,0,2
medshare,2,0,2
biochanina-hspa5,2,0,2
maiz,2,0,2
cyathulaofficinalis,2,0,2
camelliasinensis,2,0,2
(s)-armepavine,2,0,2
secpoo,2,0,2
clarithromycin/azithromycin,2,0,2
dic.ticagrelor,2,0,2
5-fu/capecitabine,2,0,2
laifer,2,0,2
slavutich,2,0,2
desna,2,0,2
aggeli,2,0,2
suo,2,0,2
seobongbiobestech,2,0,2
turbine,2,0,2
kincom,2,0,2
williamj.clinton,2,0,2
lemco,2,0,2
billc-43,2,0,2
physiologist®,2,0,2
folinsbee,2,0,2
yuriverkhoshansky,2,0,2
pravosudov,2,0,2
psychomotor,2,0,2
garnerin,2,0,2
anklam,2,0,2
gillooly,2,0,2
mossad,2,0,2
amidar,2,0,2
maxeler,2,0,2
claus,2,0,2
esketamin,2,0,2
2g/d,2,0,2
asc-em,2,0,2
diphenyliodonium-2-carboxylate,2,0,2
shermilamineb,2,0,2
meli,2,0,2
benzyne,2,0,2
5-aminoindazole,2,0,2
hallacridone,2,0,2
furoacridines,2,0,2
"sfv-hpv6,7",2,0,2
piperacillin/tazobactam).from,2,0,2
asco-,2,0,2
bicakcilar,2,0,2
beta-propionolactone,2,0,2
thane,2,0,2
topsia,2,0,2
metiaburuz,2,0,2
hestridine,2,0,2
hsa-mir-1307-,2,0,2
kemp,2,0,2
2011).it,2,0,2
gotree,2,0,2
begrafenis,2,0,2
hpv-fin864,2,0,2
sirna.it,2,0,2
procollagen,2,0,2
lavenex,2,0,2
grix,2,0,2
facebooka/b,2,0,2
warkentin,2,0,2
cp,2,0,2
bcg-birkhaug,2,0,2
ortogonblender,2,0,2
shimonoseki,2,0,2
boao,2,0,2
wetsel,2,0,2
sbi,2,0,2
motamarri,2,0,2
dest,2,0,2
daniella,2,0,2
uspa.,2,0,2
sittinan,2,0,2
paclitaxel-induced,2,0,2
anti-ctla-4/pd-1,2,0,2
il-1α,2,0,2
doxycycline+glucocorticoids,2,0,2
hydroxymethoxyflavones,2,0,2
webber,2,0,2
paracetamol-,2,0,2
ca,2,0,2
folateester,2,0,2
daarin,2,0,2
lingao,2,0,2
kuksin,2,0,2
uttar,2,0,2
hemsley,2,0,2
limin,2,0,2
holdemanella,2,0,2
tbis,2,0,2
collagen-epinephrine,2,0,2
pegcetacoplan,2,0,2
randič,2,0,2
malformin,2,0,2
12).it,2,0,2
emtricitabine/tenofovir-alafenamide,2,0,2
pharmgkb.ribavirin,2,0,2
allopurinol38,2,0,2
senectus,2,0,2
n-nitrosamine,2,0,2
andrographolidederivatives,2,0,2
prodelphinidin,2,0,2
sds/β-mercaptoethanol,2,0,2
nigelledine,2,0,2
sorocaba,2,0,2
sgl,2,0,2
cyrtomium,2,0,2
antillas,2,0,2
podocyte,2,0,2
aloeveragel,2,0,2
natrosol,2,0,2
2017).hpc,2,0,2
bacillecalmett-guerin,2,0,2
chromism,2,0,2
lumo,2,0,2
l-ala-mna,2,0,2
bhq,2,0,2
baggio,2,0,2
xuetangx,2,0,2
nascimbeni,2,0,2
zanamivir.37,2,0,2
oseltamivir.2,2,0,2
kitasato93,2,0,2
multi-objective,2,0,2
can.,2,0,2
acrylate-copolymer,2,0,2
[3h]-leucine,2,0,2
deductivism,2,0,2
fosteratm,2,0,2
allwormer,2,0,2
amino-bisphosphonates,2,0,2
ardern,2,0,2
televisits,2,0,2
khyber,2,0,2
phenyl-chloroform,2,0,2
nurmi,2,0,2
cv4,2,0,2
glutaldehyde,2,0,2
alidornase,2,0,2
sartre,2,0,2
hemofilters,2,0,2
cp4,2,0,2
bicyclis,2,0,2
chestnuttannin,2,0,2
bovilisdictol,2,0,2
penthetor,2,0,2
chothia,2,0,2
liposomevads,2,0,2
2020).favipiravir,2,0,2
remdesivir/chloroquine,2,0,2
b13,2,0,2
metal-indomethacin,2,0,2
dna-eb,2,0,2
cu-indomethacin,2,0,2
ni-indomethacin,2,0,2
gawrychowski,2,0,2
simtron,2,0,2
mirna-133a,2,0,2
kshv-mir-12,2,0,2
pianura,2,0,2
ba11,2,0,2
belova,2,0,2
il-17f,2,0,2
tadr,2,0,2
kazakhstan,2,0,2
ribiera,2,0,2
oiml,2,0,2
r-76,2,0,2
sr,2,0,2
sader,2,0,2
potassiumcitrate,2,0,2
thalasseus,2,0,2
hylophilus,2,0,2
vitaminadeficiency,2,0,2
multivitamin/mineral,2,0,2
cymbus,2,0,2
.benserazide,2,0,2
carboplatin/etoposide/atezolizumab,2,0,2
nd-amoxicillin,2,0,2
nd-drug,2,0,2
son-shi-baku,2,0,2
thiamine/riboflavin,2,0,2
sweetenwine,2,0,2
phenylethanoidglycosides,2,0,2
gan-shen,2,0,2
neostigminebromide,2,0,2
zn-zincon,2,0,2
konstantine,2,0,2
ammoniumsurfactants,2,0,2
deleidi,2,0,2
ykw,2,0,2
thatqx-likejs,2,0,2
bioavailablephosphorus,2,0,2
xylarium,2,0,2
x*.,2,0,2
gemel,2,0,2
betaarterivirus,2,0,2
n-halamine,2,0,2
noro-,2,0,2
ffp2-masken,2,0,2
vormonat,2,0,2
walmartpay,2,0,2
ombudsman,2,0,2
oseltamivir.1,2,0,2
gabapentin/pregabalin,2,0,2
michalis,2,0,2
crlb,2,0,2
shanchiao,2,0,2
gri,2,0,2
decachlorobiphenyl,2,0,2
prostaglandins,2,0,2
ergonul,2,0,2
ifnl4-tt,2,0,2
polycysteine,2,0,2
dilger,2,0,2
dpav4,2,0,2
campolitis,2,0,2
campopleginae,2,0,2
dpav4orf-90,2,0,2
campoletis,2,0,2
lemonoil,2,0,2
chungman,2,0,2
kanshengel,2,0,2
kyzlorda,2,0,2
kanshenegel,2,0,2
how?losartan,2,0,2
amapari,2,0,2
assistancescheme,2,0,2
glutathione/glutathione,2,0,2
mcghee,2,0,2
hpv‐1,2,0,2
boomers,2,0,2
mir-186,2,0,2
mir-25,2,0,2
hydro,2,0,2
b-er-101,2,0,2
hemoximeter,2,0,2
vasev,2,0,2
lipomed,2,0,2
orthomcl,2,0,2
venaecava,2,0,2
nace,2,0,2
imo-3100,2,0,2
bms-986142,2,0,2
fenebrutinib,2,0,2
entevir/tenofovir,2,0,2
salsalate,2,0,2
tucidinostat,2,0,2
feraheme,2,0,2
periplocoside,2,0,2
brodimoprim,2,0,2
dihydrofthalazine,2,0,2
epiroprim,2,0,2
f]-azepines,2,0,2
apnoeic,2,0,2
hav3cpro,2,0,2
anti-cl,2,0,2
rodham,2,0,2
hussey,2,0,2
dl-adrenalin,2,0,2
ad.phentolamine,2,0,2
7-aminocoumarin,2,0,2
ecto-apyrase,2,0,2
hemisodium,2,0,2
coagonist,2,0,2
kawazone,2,0,2
opoterapia,2,0,2
ciprofloxacino-imipenem,2,0,2
girasol,2,0,2
tolbutamida,2,0,2
evangelicalism,2,0,2
cob-187,2,0,2
bulinus,2,0,2
sm-p80,2,0,2
pulse-ox,2,0,2
seregin,2,0,2
dch5t4,2,0,2
forsythiavahl,2,0,2
cistusincanus,2,0,2
conclusies,2,0,2
ni-albumin,2,0,2
sulfo-,2,0,2
hip-hop,2,0,2
bisaria,2,0,2
surfactant-free,2,0,2
albumin-drug,2,0,2
nab-rapamycin,2,0,2
nab-docetaxel,2,0,2
thiocolchicine,2,0,2
albumin-lidamycin,2,0,2
albumin-lidamycinconjugate,2,0,2
kalepu,2,0,2
janib,2,0,2
rlp-elp,2,0,2
gulfam,2,0,2
α-zein,2,0,2
tinicum,2,0,2
sfgc,2,0,2
desbutylhalofantrine,2,0,2
cyp3as,2,0,2
ub-azide,2,0,2
hosea,2,0,2
proverbs,2,0,2
dionysius,2,0,2
areopagite,2,0,2
polygonumaviculare,2,0,2
soxtherm,2,0,2
chicoric,2,0,2
luteolinglycosides,2,0,2
alloprevotella,2,0,2
probiotics/prebiotics,2,0,2
sanguibacteroides,2,0,2
bordetella,2,0,2
sel1,2,0,2
lemelin,2,0,2
baffin,2,0,2
prosapogenin,2,0,2
dioscoreajaponica,2,0,2
d.opposita,2,0,2
dihydrostilbene,2,0,2
preussii,2,0,2
bambui,2,0,2
dioscoreazingiberensis,2,0,2
d.japonica,2,0,2
d.batatasdecne,2,0,2
etoh-ulcer,2,0,2
dioscoreasaponins,2,0,2
dioscoreaenipponicae,2,0,2
assurancescheme,2,0,2
shelley-egan,2,0,2
dratwa,2,0,2
illicit,2,0,2
argued,2,0,2
follistatin-315,2,0,2
cracow,2,0,2
w-gr,2,0,2
thrace,2,0,2
ortho-k,2,0,2
amx-clavulanate,2,0,2
macrolide-lincosamides,2,0,2
lowenstein-jensen,2,0,2
pireus,2,0,2
ticarcilline/clavoulanic,2,0,2
amoxocillin/clavulanate,2,0,2
gulldager,2,0,2
sgc2,2,0,2
metranidazol,2,0,2
sulphomethoxazole/trimethoprim,2,0,2
hadar,2,0,2
trimethoprime-sulphamethoxazol,2,0,2
tamiflu/oseltamivir,2,0,2
jaunary,2,0,2
arginine-serine,2,0,2
viverrin,2,0,2
peroxymonocarbonate,2,0,2
dds/pyrimethamine,2,0,2
petrochina,2,0,2
isoleucines,2,0,2
um1,2,0,2
b.potassium,2,0,2
pepto-bismol,2,0,2
b.itraconazole,2,0,2
b.chemotherapy,2,0,2
methylphosphonates,2,0,2
protamine-antibody,2,0,2
bradykininb1,2,0,2
anti-glucocorticoid,2,0,2
isoaho,2,0,2
gemeda,2,0,2
forestry,2,0,2
azathioprine.1,2,0,2
xanthin,2,0,2
álvaroplanchuelo-gómez,2,0,2
hipel,2,0,2
hydroxychloroquindosen,2,0,2
paraloid,2,0,2
a.katumadai,2,0,2
a.katsumadaii,2,0,2
voriconazole-breakthrough,2,0,2
hydrochroquine,2,0,2
cys-sulfenicacid,2,0,2
selleris,2,0,2
sprinzak,2,0,2
dacapo,2,0,2
hammersley,2,0,2
bintu,2,0,2
quila.,2,0,2
pectenotoxin,2,0,2
botryllus,2,0,2
phenolooxidase,2,0,2
metronidazole-,2,0,2
thiol-free,2,0,2
tx14,2,0,2
dithiopurines,2,0,2
monothiolated,2,0,2
hrv-a8,2,0,2
cdc.ribavirin,2,0,2
choleate,2,0,2
thelotornis,2,0,2
dna-invertase,2,0,2
amirna-based,2,0,2
fiumicino,2,0,2
xors,2,0,2
tios,2,0,2
trust,2,0,2
disinfectant/detergent,2,0,2
laparoscope,2,0,2
czar,2,0,2
gramsci,2,0,2
lópez,2,0,2
n-chloramines,2,0,2
papilloma,2,0,2
sulfonamide-induced,2,0,2
clinidipin,2,0,2
dioula,2,0,2
vidaver-cohen,2,0,2
zma,2,0,2
abilene,2,0,2
eif2,2,0,2
sm98,2,0,2
montano,2,0,2
sulfamethoxine,2,0,2
maspero,2,0,2
eozine,2,0,2
"azithromycin,33",2,0,2
ade3,2,0,2
rwj,2,0,2
erik,2,0,2
sodiumn-lauroylsarcosine,2,0,2
x11α,2,0,2
fingertnet,2,0,2
minuatiaenet,2,0,2
fdpmnet,2,0,2
apolipoproteina-i,2,0,2
anti-fungi,2,0,2
anti-trcwp,2,0,2
pricing,2,0,2
pricingcarbon,2,0,2
randiulbricht,2,0,2
parvaneh,2,0,2
baghaeishiva,2,0,2
cov,2,0,2
onions,2,0,2
prostamate,2,0,2
lavandulyl,2,0,2
flavoneglycosides,2,0,2
shaoxin,2,0,2
codoil,2,0,2
uk).it,2,0,2
es-sadki,2,0,2
imugen,2,0,2
hcv-o,2,0,2
mir-3940-5p,2,0,2
cobbett,2,0,2
ethambutolm,2,0,2
alexandrine,2,0,2
thiovulum,2,0,2
arvidafzelius,2,0,2
centanni,2,0,2
metaloproeinase,2,0,2
notabilis,2,0,2
oiladjuvinated,2,0,2
opam,2,0,2
peroxins,2,0,2
cocochanel,2,0,2
medusa,2,0,2
fendi,2,0,2
moët,2,0,2
s)-enantiomer,2,0,2
14c-methionine,2,0,2
polynesiensis,2,0,2
ardacisvaric,2,0,2
c118p,2,0,2
presidiums,2,0,2
dagr,2,0,2
astm-e,2,0,2
nevaxar,2,0,2
gallicin,2,0,2
gallicins,2,0,2
dihydroxytoluene,2,0,2
upshur,2,0,2
imog,2,0,2
lccs,2,0,2
cq-sln,2,0,2
mycobactrium,2,0,2
oleg,2,0,2
sapoviren,2,0,2
rotaviren,2,0,2
bufaviren,2,0,2
baracatec,2,0,2
rovira,2,0,2
coxsackievirusa-21,2,0,2
adolescentisspm,2,0,2
aajeevika,2,0,2
seabass,2,0,2
aquavaciridovvaccine,2,0,2
calcarifer,2,0,2
mcl-pha,2,0,2
phananoparticles,2,0,2
ceftazidime/cefepime,2,0,2
plax,2,0,2
l-cytosine,2,0,2
glycine-tryptophan,2,0,2
calciumamide,2,0,2
rhizomabelamcandae,2,0,2
lambuth,2,0,2
ardil,2,0,2
cu/estel,2,0,2
estel,2,0,2
scrubtyphus,2,0,2
dibutylphthalate,2,0,2
dicer1,2,0,2
nasal-steroid,2,0,2
cpafp,2,0,2
enterovirus(pev)-8,2,0,2
xerocomellus,2,0,2
d-vitamin,2,0,2
zeb1,2,0,2
decontagione,2,0,2
ilych,2,0,2
theophile,2,0,2
balaklava,2,0,2
ept-2,2,0,2
doldol,2,0,2
anti-melaninigm,2,0,2
oseltamivir/ganciclovir,2,0,2
ginsenosiderf,2,0,2
neochlorogenicacid,2,0,2
triptriolide,2,0,2
xst,2,0,2
rhodiolapolysaccharide,2,0,2
quiniodochlor,2,0,2
kelestyn,2,0,2
leonardodavinci,2,0,2
dgea,2,0,2
saushec,2,0,2
fornicia,2,0,2
mendesellinae,2,0,2
bat-covzxc21,2,0,2
hbvenvelope,2,0,2
rotinavir/lotanavir,2,0,2
reinsurer,2,0,2
denicola,2,0,2
bhabaprakasa,2,0,2
coxackievirusb3,2,0,2
met67/ser,2,0,2
dmitrijiosifovič,2,0,2
bawden,2,0,2
egcgglucosides,2,0,2
haploclique,2,0,2
butyltins,2,0,2
qald-2,2,0,2
jaya,2,0,2
ochoterana,2,0,2
winbond,2,0,2
fudarabine,2,0,2
predgpi,2,0,2
boost,2,0,2
vinitzky,2,0,2
belacostin,2,0,2
actimomycind,2,0,2
diperoxovanadate,2,0,2
gcp-2,2,0,2
arylpiperazines,2,0,2
sspalm,2,0,2
nf-κb-sirna,2,0,2
vivalyte,2,0,2
neo4j,2,0,2
topn,2,0,2
v1b,2,0,2
msf,2,0,2
dfid,2,0,2
dkk,2,0,2
deq,2,0,2
gapiii,2,0,2
portuguesegeração,2,0,2
geração,2,0,2
mir-4507,2,0,2
mir-638,2,0,2
mir-3150b-3p,2,0,2
nogalito,2,0,2
danilin,2,0,2
methionine/methionine,2,0,2
taxol/paclitaxel,2,0,2
sulfates,2,0,2
geodon,2,0,2
ozaltin,2,0,2
democrats,2,0,2
chávismo,2,0,2
chávez,2,0,2
teflonic,2,0,2
kronen,2,0,2
hutaree,2,0,2
1972,2,0,2
hungarian-born,2,0,2
jean-marie,2,0,2
neocon,2,0,2
intradermalbcg-moreauvaccine,2,0,2
walvax,2,0,2
sinergium,2,0,2
cysteine145,2,0,2
picryl,2,0,2
base-triplet,2,0,2
dc.it,2,0,2
overlevingstafel,2,0,2
levensverwachting,2,0,2
propargylamides,2,0,2
enamides,2,0,2
troester,2,0,2
kramah,2,0,2
eugenics,2,0,2
iona,2,0,2
nickwoznitza,2,0,2
sistemi,2,0,2
nhgm,2,0,2
anakinra/emapalumab,2,0,2
pneumococcus23-valent,2,0,2
ts-pfe,2,0,2
dicv.,2,0,2
masood,2,0,2
spolaore,2,0,2
moniz,2,0,2
nitrothiazolide,2,0,2
nitroimadazole,2,0,2
uplift,2,0,2
pertussis/diphtheria/tetanus,2,0,2
"hzq,htc",2,0,2
stk11,2,0,2
gag-env,2,0,2
hyaluran,2,0,2
choleraeel,2,0,2
pityriasisrosea,2,0,2
mg)-sulfamethoxazole,2,0,2
antituberculotic,2,0,2
diyarbakir,2,0,2
sherrisii,2,0,2
di-cloxacillin,2,0,2
vaticanolb,2,0,2
sambucusflos,2,0,2
cinnabaris,2,0,2
ferrumphosphoricumd3,2,0,2
mercurius,2,0,2
teklemariam,2,0,2
terk,2,0,2
an2017,2,0,2
endurazine,2,0,2
f11,2,0,2
laurusnobilis,2,0,2
kearsley,2,0,2
fadila,2,0,2
bromel,2,0,2
n-ceacam-fc,2,0,2
bart16,2,0,2
kaposinb,2,0,2
acetylthiocholineiodide,2,0,2
macklin,2,0,2
ifn-λ3rs8099917,2,0,2
uiv,2,0,2
2177,2,0,2
sd-indo,2,0,2
phylloxera,2,0,2
cyclind3-m2,2,0,2
wee1,2,0,2
kenneth,2,0,2
benmabrouk,2,0,2
litimi,2,0,2
tabaco,2,0,2
tsavlq,2,0,2
aphid,2,0,2
dilshad,2,0,2
[85].chloroquine,2,0,2
mithril,2,0,2
calotriton,2,0,2
neurinoma,2,0,2
levetiraceta,2,0,2
hcv.12,2,0,2
sofosbuvir-velpatasvir,2,0,2
betamimetika,2,0,2
hydrochloroquin,2,0,2
danzi,2,0,2
zostavaxvaccine,2,0,2
l-nil,2,0,2
1854,2,0,2
cub,2,0,2
avengers,2,0,2
fmb,2,0,2
s377,2,0,2
theorf1b,2,0,2
benzylcysteine,2,0,2
6-amine-thiouracil,2,0,2
prednisolone/cyclosporin,2,0,2
boonecardiovirus,2,0,2
epitaxial,2,0,2
ly6e,2,0,2
yfvbafilomycina1,2,0,2
ameliasancilio,2,0,2
siginifanclty,2,0,2
nanoprism,2,0,2
nanoprisms,2,0,2
chrotopterus,2,0,2
tonatia,2,0,2
cushen,2,0,2
medi-524,2,0,2
si50,2,0,2
ic3b,2,0,2
icnf,2,0,2
paracooba,2,0,2
mg/day).statin,2,0,2
demetoxycurcumin,2,0,2
magainin-2amide,2,0,2
hbds,2,0,2
magnesio,2,0,2
csa/methotrexate,2,0,2
surfactant-amps,2,0,2
cox-2/isopulegol,2,0,2
bisabolol,2,0,2
cobine,2,0,2
pi/chloroquine,2,0,2
polerovirus,2,0,2
1).chloroquine,2,0,2
shadi,2,0,2
mariana,2,0,2
pericona,2,0,2
bafilomycin-a1,2,0,2
ergothionine,2,0,2
semetsupplementation,2,0,2
bh3s,2,0,2
bimonte,2,0,2
gentianascabra,2,0,2
elke,2,0,2
byroncaminero-santangelo,2,0,2
credits,2,0,2
metronidazole/spiramycin,2,0,2
trovato,2,0,2
krait,2,0,2
opmnpv,2,0,2
odv‐e56,2,0,2
dicapua,2,0,2
maseno,2,0,2
adrenarche,2,0,2
sex-steroid,2,0,2
grenade,2,0,2
ocimumsanctumlinn,2,0,2
ocimumsanctum,2,0,2
holarrhena,2,0,2
hr-flavone,2,0,2
hridayamrith,2,0,2
ß-d-n4-hydroxycytidine,2,0,2
mrpl11,2,0,2
mantin,2,0,2
hadv‐55,2,0,2
parp-1,2,0,2
lactobacilluscaseioral,2,0,2
aegyptii,2,0,2
rhizobacterium,2,0,2
tamoxifen/clomiphene/u18666a,2,0,2
sava,2,0,2
calool,2,0,2
ffp2-masks,2,0,2
andropogon,2,0,2
fluren,2,0,2
lacapra,2,0,2
ranciere,2,0,2
des,2,0,2
pepe,2,0,2
gondwana,2,0,2
malee,2,0,2
linsen,2,0,2
sandel,2,0,2
compound10o,2,0,2
nafenopin,2,0,2
heba,2,0,2
sag1,2,0,2
prontosan,2,0,2
antibiotikametronidazol,2,0,2
nephroblastoma,2,0,2
il1s,2,0,2
aldosteron,2,0,2
serruto,2,0,2
zangfu,2,0,2
heparin-ma,2,0,2
replenine,2,0,2
ghannam,2,0,2
kotelnikova,2,0,2
estriolcream,2,0,2
mahonia,2,0,2
cinnamom,2,0,2
trans-cinnamaldehyde,2,0,2
haplotype-p1,2,0,2
ferrocene-chloroquine,2,0,2
linkerssg,2,0,2
ssglinker,2,0,2
fluorescein-labeledhtcc,2,0,2
se-nl63,2,0,2
18ß-glycyrrhetinicacid,2,0,2
18ß-glycyrrhetinic,2,0,2
nelumbo,2,0,2
aspalathus,2,0,2
bunyamweraorthobunyavirus,2,0,2
spp-l2a,2,0,2
meruvaxii,2,0,2
ventana,2,0,2
fcn,2,0,2
mendras,2,0,2
phalan,2,0,2
c005,2,0,2
c006,2,0,2
cshnet,2,0,2
lunar,2,0,2
xiomaramaduro,2,0,2
mediko,2,0,2
iiq,2,0,2
palmityl,2,0,2
calciumhydroxidescavenger,2,0,2
mummia,2,0,2
riek,2,0,2
bioimmagini,2,0,2
microrna-27a,2,0,2
sglt2,2,0,2
bustard,2,0,2
paesel,2,0,2
plateletthromboxane,2,0,2
pensinsula,2,0,2
avsr,2,0,2
lactamas,2,0,2
methylprednisolonesuccinate,2,0,2
sars-lice,2,0,2
camosy,2,0,2
liposomalvaccine,2,0,2
asclepiascurrasavica,2,0,2
androvax,2,0,2
ovastim,2,0,2
ffp2/ffp3,2,0,2
kieler,2,0,2
tricalciumphosphate,2,0,2
elm,2,0,2
-ginta,2,0,2
lyssavir,2,0,2
yuanmouman,2,0,2
abuel-haj,2,0,2
silver-to-ampicillin,2,0,2
montmorillonites,2,0,2
nano-drugs,2,0,2
makato,2,0,2
mir-34-5p,2,0,2
peravimir,2,0,2
mpa-arg(no,2,0,2
mpa-d-arg(no,2,0,2
kafil,2,0,2
dimethyl-fumarate,2,0,2
pulseoxymetric,2,0,2
cardior,2,0,2
ramino,2,0,2
liposomally,2,0,2
grollo,2,0,2
biphenylimidazopyridines,2,0,2
5-bromofuranyl,2,0,2
infura,2,0,2
anti-dppx,2,0,2
herce,2,0,2
azium,2,0,2
wiswedel,2,0,2
tugba,2,0,2
slv,2,0,2
bpyv,2,0,2
piperacillin/tazobactams,2,0,2
diazapyrenes,2,0,2
midazole,2,0,2
e.bicuspid,2,0,2
ssnm,2,0,2
astana,2,0,2
pethidine/fentanyl,2,0,2
dcl-2,2,0,2
glucose-citrate,2,0,2
kcv,2,0,2
magnololisomers,2,0,2
magnololacetonide,2,0,2
yang-yin-qing-fei-tang,2,0,2
narigenin,2,0,2
kravis,2,0,2
tentagel,2,0,2
succinamic,2,0,2
trichloracetamide,2,0,2
youdex,2,0,2
nikshay,2,0,2
bocavirusns1,2,0,2
pedv,2,0,2
m-ras,2,0,2
corporate,2,0,2
coxsackiea-16,2,0,2
afutuzumab,2,0,2
necitumumab-gemcitabine-cisplatin,2,0,2
mab-docetaxel,2,0,2
perjeta,2,0,2
pertuzumab-trastuzumab,2,0,2
anti-dinutuximab,2,0,2
mid-april,2,0,2
ocean,2,0,2
kethoxal,2,0,2
usherin,2,0,2
ush2a,2,0,2
methyladenosines,2,0,2
bvgas,2,0,2
hiv-m,2,0,2
quininesulphate,2,0,2
iriart,2,0,2
athas,2,0,2
oxymetazoline.15,2,0,2
vestold,2,0,2
sinar,2,0,2
mir608,2,0,2
pear,2,0,2
qurayat,2,0,2
pulse-oximeter,2,0,2
d-monomer,2,0,2
coumermycina1,2,0,2
aptamera2,2,0,2
pegnivacogin,2,0,2
diethylthiobarbituric,2,0,2
ferroussulfate,2,0,2
khusid,2,0,2
rhdimmunoglobulin,2,0,2
peptidecp-1,2,0,2
biotinylatedcp-1,2,0,2
dmfo/sulindac,2,0,2
bid/erlotinib,2,0,2
epa-ffa,2,0,2
sulindac/erlotinib,2,0,2
angustatin,2,0,2
folicur,2,0,2
marchantina,2,0,2
muscicola,2,0,2
riccardin,2,0,2
polychlorinatedbibenzyls,2,0,2
perrottetinene,2,0,2
perrottetinen,2,0,2
fluorenones,2,0,2
bifluranolhas,2,0,2
d.crepidatum,2,0,2
bulbophyllumkwangtungense,2,0,2
cirrhopetalidin,2,0,2
cirrhopetalinin,2,0,2
r.appressa,2,0,2
oxepines,2,0,2
riccardind,2,0,2
bifluranol,2,0,2
lithiumsuccinate,2,0,2
methaneethorn,2,0,2
cde/proglumide,2,0,2
kalimeris,2,0,2
thromboxaneb2,2,0,2
saltzam,2,0,2
laodelphax,2,0,2
streptococcaceae,2,0,2
ifitm10,2,0,2
randeria,2,0,2
ssdj,2,0,2
g-strophanthin,2,0,2
bufadenolides,2,0,2
dafen,2,0,2
gimlet,2,0,2
treefam,2,0,2
cold-alcohol,2,0,2
gastrel,2,0,2
estrumate,2,0,2
riketron,2,0,2
gozo,2,0,2
thermoheliox,2,0,2
savirin,2,0,2
gouy,2,0,2
cebul,2,0,2
pocef,2,0,2
celestron,2,0,2
kobuvirusiress,2,0,2
rolicycline,2,0,2
ketonic,2,0,2
isovanillin,2,0,2
8-hydroquinoline,2,0,2
n-ethylmethylamine,2,0,2
indophenazine,2,0,2
aminopurine,2,0,2
emoxypine,2,0,2
flavanoneoroxylin,2,0,2
4-acetylpiperazine,2,0,2
4-benzylpiperazine,2,0,2
xeone7,2,0,2
diplacone,2,0,2
silica/polyp-np,2,0,2
anti-gelatin,2,0,2
crone,2,0,2
kardashev,2,0,2
1i/2017,2,0,2
ace1-ang,2,0,2
thesm98vaccine,2,0,2
linac,2,0,2
aichivirusc,2,0,2
pacifastin,2,0,2
blficin,2,0,2
hlfcin,2,0,2
blfcin,2,0,2
alt2,2,0,2
shufeng,2,0,2
mir-295,2,0,2
peg-lys,2,0,2
pentastarches,2,0,2
isopropanol/1,2,0,2
propan-2-ol,2,0,2
alarum,2,0,2
niacinb-vitamin,2,0,2
zita,2,0,2
govender,2,0,2
bonita,2,0,2
guillaume,2,0,2
natsios,2,0,2
hydrochlorothiazide/losartan,2,0,2
ribvarin,2,0,2
uch,2,0,2
phenylmethanesulfonylfluoride,2,0,2
h.influenzaeomv,2,0,2
interferon-γ,2,0,2
anti-ficolin,2,0,2
phenylacetic,2,0,2
melarsan,2,0,2
melarsen,2,0,2
isometamidium,2,0,2
go-pro,2,0,2
leucogaster,2,0,2
trivirgatus,2,0,2
aphislion,2,0,2
isopropaonol,2,0,2
d-gln,2,0,2
nlrc2,2,0,2
ns3/ns4apro,2,0,2
hyperlipidemia,2,0,2
triamcinolone-acetonide,2,0,2
tissue-plasminogen,2,0,2
aletras,2,0,2
ambika,2,0,2
kribi,2,0,2
ethylcaprate,2,0,2
alconox,2,0,2
/biotin,2,0,2
zanamivir.8,2,0,2
iryna,2,0,2
einsatzvonseegurken,2,0,2
hydris,2,0,2
kafp,2,0,2
tallgrass,2,0,2
psilostachya,2,0,2
wat-1,2,0,2
urease-fluoride-urea,2,0,2
"1,4-dioxane",2,0,2
ddb1,2,0,2
nsa,2,0,2
ssdlc,2,0,2
matheran,2,0,2
bifasciata,2,0,2
bibasis,2,0,2
arhopala,2,0,2
spindasis,2,0,2
euploea,2,0,2
pachliopta,2,0,2
lycerol,2,0,2
cys101,2,0,2
7‐amino‐4‐methylcoumarin,2,0,2
averdin,2,0,2
edsel,2,0,2
mirabel,2,0,2
oxygenators,2,0,2
trieste,2,0,2
cams-r.,2,0,2
lactilol,2,0,2
galantus,2,0,2
deglycosylase,2,0,2
nvcp,2,0,2
h.vulgare,2,0,2
darunavir-mpro,2,0,2
eu-dye,2,0,2
hydroxyquinone,2,0,2
wolbachia-based,2,0,2
vivagel,2,0,2
decoctions,2,0,2
salmonella-dnavaccine,2,0,2
pirg,2,0,2
sriaurobindo,2,0,2
bhagavadgita,2,0,2
dna-data,2,0,2
miltiorrhizabunge,2,0,2
mongolicus,2,0,2
rhodiolaradix,2,0,2
deshazo,2,0,2
cretinon,2,0,2
sampol,2,0,2
slymarin,2,0,2
silybin/vitamin,2,0,2
pegifnα/ribavirin,2,0,2
glycyzirraglabra,2,0,2
pvo,2,0,2
tryptophanyl,2,0,2
dnad,2,0,2
honeybee,2,0,2
gafana,2,0,2
grafana,2,0,2
tabulae,2,0,2
flores,2,0,2
chai-yi,2,0,2
vasoline,2,0,2
ronchin,2,0,2
lesquin,2,0,2
tdzs,2,0,2
xoma052,2,0,2
azd4017,2,0,2
azd6370,2,0,2
bag1,2,0,2
mir-555,2,0,2
orf57,2,0,2
clemizol,2,0,2
zdm,2,0,2
calorie-protein,2,0,2
armend,2,0,2
tahirsylaj,2,0,2
lovemore,2,0,2
anagrama,2,0,2
letras,2,0,2
benzocainechloride,2,0,2
balloonvalvuloplasty,2,0,2
amiloride/hydrochlorothiazide,2,0,2
drug-hemin,2,0,2
clovebasil,2,0,2
caryophyllene,2,0,2
bishayee,2,0,2
beta-caryophyllene,2,0,2
reeseiddp,2,0,2
reesei,2,0,2
pampori,2,0,2
sclerosol,2,0,2
dsebm,2,0,2
dagmm,2,0,2
g-streptomycin,2,0,2
bmal1,2,0,2
manopine,2,0,2
plga-curcumin,2,0,2
hanka,2,0,2
rnase,2,0,2
pyrifenidone,2,0,2
danhong,2,0,2
sulphonamides-trimethoprim,2,0,2
sulphamethoxasol-trimethoprim,2,0,2
avi-4126,2,0,2
hao,2,0,2
e2/e2-p7,2,0,2
idanre,2,0,2
tripanosomiasis,2,0,2
tcid,2,0,2
thioled,2,0,2
deoxysodiumcholate,2,0,2
antigen-conjugatedtmcnanoparticles,2,0,2
cationiclignin,2,0,2
ffp3/n95,2,0,2
rosid,2,0,2
iodoactetamide,2,0,2
lipophilum,2,0,2
özkil,2,0,2
sulfadoxin/pyrimethamin,2,0,2
langarm,2,0,2
denta,2,0,2
glutaminernährt,2,0,2
fußzettel,2,0,2
sterbedatum,2,0,2
antiobiotikatherapie,2,0,2
vancomycinpulver,2,0,2
ventolini,2,0,2
grenabo,2,0,2
katheter,2,0,2
blasenverweilkatheter,2,0,2
kathetertag,2,0,2
muzine,2,0,2
neomycinsulfat,2,0,2
lider,2,0,2
cetylpyridiniumchlorid,2,0,2
erythromycintherapie,2,0,2
bulbi,2,0,2
internistische,2,0,2
chlorhexidinhaltige,2,0,2
hydrotherapie,2,0,2
chemo-,2,0,2
caspari,2,0,2
ringer-,2,0,2
anastrepha,2,0,2
suzukii,2,0,2
mk3,2,0,2
sporalactam,2,0,2
diketopiperazines,2,0,2
10-deoxybostrycin,2,0,2
haliclona,2,0,2
callyaerina,2,0,2
palmerolide,2,0,2
atami-shi,2,0,2
nakijinamine,2,0,2
hippolachnin,2,0,2
rhizophoraapiculata,2,0,2
balticolid,2,0,2
spiromastix,2,0,2
storniamides,2,0,2
pandaroside,2,0,2
didemnidineb,2,0,2
halaven,2,0,2
ribavirin62,2,0,2
vsl3,2,0,2
agantu,2,0,2
churna,2,0,2
peg-linkers,2,0,2
ra2,2,0,2
thiol-labeled,2,0,2
pgia,2,0,2
siukei,2,0,2
cavernicolapilosa,2,0,2
agavaceae,2,0,2
sympathy,2,0,2
spolin,2,0,2
ru-curcumin,2,0,2
paclitaxel-ru,2,0,2
quercetin-ru,2,0,2
luterana,2,0,2
interagency,2,0,2
macrocephala,2,0,2
trypanocidals,2,0,2
bortezomib/doxorubicin,2,0,2
mdm2-inhibitors,2,0,2
synoviolin,2,0,2
pimasertib,2,0,2
bortezomib/velcade,2,0,2
selenocysteyl-trna[ser]sec,2,0,2
selenoglutathione,2,0,2
penthiobarbital,2,0,2
selu,2,0,2
"1,25-hydroxyvitamind3",2,0,2
etacrynic,2,0,2
berrin,2,0,2
nipponensis,2,0,2
tritaeniorhynchus,2,0,2
culexfuscocephala,2,0,2
vancomycin-only,2,0,2
mir-874,2,0,2
anthera,2,0,2
pixin,2,0,2
nuofu,2,0,2
ustus,2,0,2
hantaviren,2,0,2
impfprophylaxe,2,0,2
gd-iga1,2,0,2
flavonoidgts,2,0,2
guineensis,2,0,2
chrysin7-glucoside,2,0,2
luteolinglucosides,2,0,2
luteolintri-glucoside,2,0,2
genistein-4′-glucoside,2,0,2
flavonoidsgts,2,0,2
raft,2,0,2
halogenbulb,2,0,2
cchf.favipiravir,2,0,2
virtuso,2,0,2
2014).it,2,0,2
jerico,2,0,2
bloemfontein,2,0,2
savanna,2,0,2
ceranib2,2,0,2
usa/13-,2,0,2
daciae,2,0,2
nubeculosus,2,0,2
cheurfa,2,0,2
foliorum,2,0,2
calyptotis,2,0,2
lialis,2,0,2
antithromin,2,0,2
gram-dose,2,0,2
mca-ap,2,0,2
hydrogen‐deuterium,2,0,2
disuccinimidyl,2,0,2
hcvr,2,0,2
tdf26,2,0,2
ibmads1,2,0,2
medetomidine/ketamine/butorphanol,2,0,2
dichlorvos-impregnated,2,0,2
17-a-hydroxyprogesterone,2,0,2
taza,2,0,2
andritz,2,0,2
pegabtanib,2,0,2
cucurbitin,2,0,2
bioprase,2,0,2
umamizyme,2,0,2
ul3,2,0,2
setulosus,2,0,2
alfacalcidol/calcitriol,2,0,2
idf,2,0,2
malaty,2,0,2
ekinci,2,0,2
3′‐biotin,2,0,2
aspirin-clopidogrel,2,0,2
madsen,2,0,2
capella,2,0,2
tenovofir,2,0,2
artemisinin/artesunate,2,0,2
tw-gadv-hop,2,0,2
unasur,2,0,2
renate,2,0,2
zigor,2,0,2
madaria,2,0,2
pre-ganciclovir,2,0,2
anti-anti-antibody,2,0,2
v1.7,2,0,2
laitinen,2,0,2
matrilin,2,0,2
domotica,2,0,2
β-ovomucin,2,0,2
collagen/hydroxyproline,2,0,2
cenobium,2,0,2
selenocystein,2,0,2
iota‐carrageenan,2,0,2
"6,7,8‐trimethoxycoumarin",2,0,2
vivacta,2,0,2
dxna,2,0,2
clp.doxycycline,2,0,2
ampicillintrihydrate,2,0,2
2-phenoxyethonol,2,0,2
tetanus-diphtheriavaccine,2,0,2
ramsey,2,0,2
pelc,2,0,2
bauer,2,0,2
lomonossof,2,0,2
hermit,2,0,2
rona,2,0,2
venerito,2,0,2
widra,2,0,2
fosphenytoin/phenytoin,2,0,2
oad-mscs,2,0,2
charakasamhita,2,0,2
sambucusebulus,2,0,2
herbastragalus,2,0,2
lespedezaeherba,2,0,2
karensium,2,0,2
as02,2,0,2
mir-148b,2,0,2
mathelin,2,0,2
otpv,2,0,2
kangqi,2,0,2
cyanoxime,2,0,2
1).tigecycline,2,0,2
pegylated-ifns,2,0,2
anisi,2,0,2
illiciumverumhook,2,0,2
fennel,2,0,2
geranium/lemongrassoils,2,0,2
eucalyptuscitriodora,2,0,2
citriodora,2,0,2
pieo,2,0,2
pinimenthol®ointment,2,0,2
alternifolia,2,0,2
antitoxinvaccine,2,0,2
toxoidmefas,2,0,2
hughesnet,2,0,2
acepram,2,0,2
berberidisradix,2,0,2
if-vitamin,2,0,2
hrsv-b,2,0,2
anti-cxcl,2,0,2
ipratropium-albuterol,2,0,2
iiplr,2,0,2
chlo-ramphenicol,2,0,2
omilola,2,0,2
ceftazidme/avibactam,2,0,2
medinfo,2,0,2
colchicinie,2,0,2
blatellagermanica,2,0,2
thiocarbamide,2,0,2
alferon-n,2,0,2
scv-07,2,0,2
ct67,2,0,2
blm-sulfate,2,0,2
dehalococcoides,2,0,2
thalidomide.34,2,0,2
ticarcillin-clavulanicacid,2,0,2
"captopril,32",2,0,2
cozzolino,2,0,2
gefenas,2,0,2
evacuator,2,0,2
coenzyme,2,0,2
balci-yangin,2,0,2
carbomedics,2,0,2
partido,2,0,2
democrata,2,0,2
yury,2,0,2
fedotov,2,0,2
jingumae,2,0,2
lagarde,2,0,2
houlin,2,0,2
aea,2,0,2
gatt,2,0,2
vardalis,2,0,2
anti-cathepsin,2,0,2
badii,2,0,2
hcl-ethanol,2,0,2
synergene,2,0,2
brussonetiapapyrifera,2,0,2
lactobacillusplantarumcect,2,0,2
remestemcel-l.,2,0,2
falati,2,0,2
anilinoindazoles,2,0,2
d-jnki,2,0,2
water-electrolyte,2,0,2
egcgsupplementation,2,0,2
gordin,2,0,2
gonadotropin-based,2,0,2
chum,2,0,2
kub,2,0,2
mir-21a,2,0,2
hsa-mir-1,2,0,2
his-tag,2,0,2
methylthiolate,2,0,2
adebola,2,0,2
ciliberti,2,0,2
poliomavirus,2,0,2
hbv-ag,2,0,2
tetraphenylethylene,2,0,2
sunshine/vitamin,2,0,2
ascorbates,2,0,2
antoninus,2,0,2
phytophthera,2,0,2
ikizler,2,0,2
vinylchlorides,2,0,2
3rd,2,0,2
mitraclip,2,0,2
state-ownedeconomy,2,0,2
aurantimonas,2,0,2
withanolidewi-a,2,0,2
pul17,2,0,2
β‐propiolactone,2,0,2
nnav,2,0,2
cobratide,2,0,2
g4s10,2,0,2
albogami,2,0,2
anti-epileptics,2,0,2
topvvaccine,2,0,2
mopvvaccine,2,0,2
mopv,2,0,2
pestiviralmir-17,2,0,2
blv-mir-b4-3p,2,0,2
warrel,2,0,2
rsv-pcpp,2,0,2
flumist®laiv,2,0,2
themf59adjuvanted,2,0,2
barr,2,0,2
vp14637,2,0,2
tarennaasiatica,2,0,2
tamil,2,0,2
spermacoce,2,0,2
tridax,2,0,2
feretia,2,0,2
solecki,2,0,2
nuray,2,0,2
lopinavir/ritonovir,2,0,2
kroate,2,0,2
porro,2,0,2
mapa,2,0,2
kuncak,2,0,2
cinovex,2,0,2
exophthalmia,2,0,2
leiras,2,0,2
rumex,2,0,2
kearns,2,0,2
db1,2,0,2
fellutamide,2,0,2
rademann,2,0,2
tegoni,2,0,2
5-b,2,0,2
penicilliumcinnamopurpureum,2,0,2
yarro,2,0,2
mucoromycotina,2,0,2
pyrrolopyrimidines,2,0,2
sirnaadjuvant,2,0,2
bootscannnig,2,0,2
hpv-6c,2,0,2
hpv-46,2,0,2
hpv-64,2,0,2
hpv-44,2,0,2
hpv-34,2,0,2
hpv-27,2,0,2
hpv-57,2,0,2
hpv-7,2,0,2
hpv-67,2,0,2
hpv-63,2,0,2
chemtrail,2,0,2
pifer,2,0,2
sugar-cane,2,0,2
coxsackievirusb-4,2,0,2
apotinin,2,0,2
ssec,2,0,2
gleen,2,0,2
periostracum,2,0,2
ρl,2,0,2
stupp,2,0,2
bcg-based,2,0,2
thymeoils,2,0,2
regis,2,0,2
ibert,2,0,2
tronin,2,0,2
dehydroquinoline,2,0,2
phenylethanol,2,0,2
disulphides,2,0,2
dihydrocelastrol,2,0,2
c-exndi,2,0,2
mendi,2,0,2
chirantan,2,0,2
kluyveromyces,2,0,2
u.maydis,2,0,2
phytochrome,2,0,2
fludioxonil,2,0,2
8-hydroxyquinaldine,2,0,2
histatin3,2,0,2
bms-pfizer,2,0,2
praziquantel/pyrantel,2,0,2
cso,2,0,2
rabacfosadine/dox,2,0,2
cyclophosphamide/prednisone,2,0,2
cobaltsulfate,2,0,2
alpha-naphthyl,2,0,2
tetranitromethane,2,0,2
arapan-s,2,0,2
díazayuso,2,0,2
continium,2,0,2
serena,2,0,2
corezol,2,0,2
asiaei,2,0,2
nc-ab,2,0,2
bruceajavanica,2,0,2
brucein,2,0,2
márcia,2,0,2
lock,2,0,2
nontacrolimus,2,0,2
hypolactasia,2,0,2
betel-nut,2,0,2
mosquitofish,2,0,2
pantelic,2,0,2
enoxeparin,2,0,2
erythromycin.2,2,0,2
lopinavir/ritonavir/remdesivir,2,0,2
dysvitaminosis,2,0,2
drummond,2,0,2
pre-cyclosporine,2,0,2
luminophore,2,0,2
moea/d-de-sha,2,0,2
laxiflorus,2,0,2
no-lowered,2,0,2
phenylephrine-,2,0,2
arundo,2,0,2
trichphyton,2,0,2
microrna-140-3p,2,0,2
mir205,2,0,2
1848,2,0,2
moxiflxacin,2,0,2
aicariboside,2,0,2
cyclophilin/csa,2,0,2
gbz,2,0,2
anion,2,0,2
baloxavirmorboxil,2,0,2
marianavetrici,2,0,2
duvira,2,0,2
hetal,2,0,2
ach120,2,0,2
rilpivirine/,2,0,2
rumelt,2,0,2
co-founders,2,0,2
ginni,2,0,2
mycobaterium,2,0,2
solodka,2,0,2
isoliquiritigeninglycosides,2,0,2
isomucronulatol,2,0,2
papaverinol,2,0,2
isoliquiritin-apioside,2,0,2
glycyrrhizin-fed,2,0,2
il-6.licoriceliquiritigenin,2,0,2
licoriceethanolic,2,0,2
glabridin-richlicorice,2,0,2
glycyrrhizin-removed,2,0,2
butazolidin,2,0,2
ilg,2,0,2
glycyrrhized,2,0,2
glabramethanol,2,0,2
cilostamide,2,0,2
gaisomers,2,0,2
tetrahydrocortisol)/tetrahydrocortisone,2,0,2
clemett,2,0,2
fabio,2,0,2
rhamnosusgg/,2,0,2
alpha-toxin,2,0,2
anti-alpha-toxin,2,0,2
bisab,2,0,2
theoryforum,2,0,2
tellis,2,0,2
per-dosage,2,0,2
varley,2,0,2
verigenii,2,0,2
liposome-sirna,2,0,2
nim811-peg-ifnα-2a,2,0,2
tarix,2,0,2
haemiphilus,2,0,2
prk,2,0,2
vostro,2,0,2
dinitrophenol-heat,2,0,2
euscaphisjaponica,2,0,2
euscaphisjaponicamethanolic,2,0,2
cerra,2,0,2
thyramir,2,0,2
remdesivir/ribavirin/favipiravir,2,0,2
[90].vitamin,2,0,2
estrogen/tamoxifen,2,0,2
gamma-carboxylated,2,0,2
necrostatin-1s,2,0,2
gsk′772,2,0,2
lidocaineis,2,0,2
chitosan-3,2,0,2
flexineb,2,0,2
erythromycin-rifampin,2,0,2
slac,2,0,2
ferronato,2,0,2
triz,2,0,2
resnet34,2,0,2
resnet32,2,0,2
gypaetus,2,0,2
nivalin,2,0,2
colchiciflora,2,0,2
lycorissquamigera,2,0,2
ungernia,2,0,2
xiumei,2,0,2
pseudomonascichorri,2,0,2
unga,2,0,2
imrankhan,2,0,2
isopropanol.70,2,0,2
2′-methyl,2,0,2
2′-methyl-fluoro,2,0,2
4′-fluoro,2,0,2
4′-methyl,2,0,2
4′-methyl-2′-deoxycytidine,2,0,2
4′-azidocytidine,2,0,2
4′-cyanocytidine,2,0,2
ec50,2,0,2
efda-tp,2,0,2
5′-dfurd,2,0,2
thienophene,2,0,2
tocochromanol,2,0,2
swetha,2,0,2
bismuthsubsalicylate,2,0,2
•praziquantel,2,0,2
jiangyintianjiang,2,0,2
e2envelope,2,0,2
mlvvaccine,2,0,2
bressan,2,0,2
palomosetron,2,0,2
quinestrol,2,0,2
rs85,2,0,2
fenobody,2,0,2
pcv-vg,2,0,2
omega-9,2,0,2
paleo,2,0,2
no.it,2,0,2
embi,2,0,2
s-methyl-cysteine,2,0,2
ada-c,2,0,2
merriman,2,0,2
o.ostertagi,2,0,2
artesi,2,0,2
linksum,2,0,2
bafrec,2,0,2
hsa-mir-1233,2,0,2
hsa-mir-1296,2,0,2
hsa_circ_0000519,2,0,2
parvb,2,0,2
benz[α]anthraquinone,2,0,2
catecholates,2,0,2
kruuse,2,0,2
chaplin,2,0,2
obducat,2,0,2
cirino,2,0,2
sports,2,0,2
kutikov,2,0,2
metronide,2,0,2
isg15aa,2,0,2
isg15-modified,2,0,2
β‐escin,2,0,2
cevamune,2,0,2
frithiof,2,0,2
mineus,2,0,2
hantan,2,0,2
ns3/e,2,0,2
crs-dmba,2,0,2
usnea,2,0,2
acermacrophyllum,2,0,2
anti-uranium,2,0,2
galilee,2,0,2
anti-diabetic,2,0,2
peroneus,2,0,2
verbena,2,0,2
tobia,2,0,2
kaleka,2,0,2
memon,2,0,2
β-gal,2,0,2
albi,2,0,2
ogiek,2,0,2
anti‐lamin,2,0,2
bradykinins,2,0,2
examine,2,0,2
alogen,2,0,2
mandelamide,2,0,2
alkyl-glycine,2,0,2
bidra,2,0,2
dabcyl-tsavlqsgfrkm-edans,2,0,2
methylation,2,0,2
znsulphide,2,0,2
mofetil/cyclophosphamide,2,0,2
dotknot-pw,2,0,2
calcoaceticus,2,0,2
a.lactucae,2,0,2
ggdc,2,0,2
ave002,2,0,2
hocine,2,0,2
triclade,2,0,2
mengqi,2,0,2
jenafuseki,2,0,2
gsc,2,0,2
mg/oseltamivir,2,0,2
nicholasdonofrio,2,0,2
mg/losartan,2,0,2
"caspofungin,34",2,0,2
thromboxane-2,2,0,2
somatostatin/octreotide,2,0,2
virodhamine,2,0,2
ido1,2,0,2
dimdi,2,0,2
gpx1,2,0,2
drimenol,2,0,2
demetrio,2,0,2
",f-04",2,0,2
byb-01,2,0,2
sumo-cecropinb,2,0,2
abaecins,2,0,2
voriconazol/isavuconazol,2,0,2
voriconazol/isovuconazol,2,0,2
allopurinol/febuxostat,2,0,2
oberhofer,2,0,2
postnikov,2,0,2
gill,2,0,2
dctv,2,0,2
atpm,2,0,2
phenisol,2,0,2
cobolimab,2,0,2
talimogeneiaherparepvec,2,0,2
allactaga,2,0,2
caesarea,2,0,2
antakya,2,0,2
mineralfats,2,0,2
sirwilliamosler,2,0,2
chlorinegas,2,0,2
micak,2,0,2
s.halichoeri,2,0,2
marinoni,2,0,2
hejia,2,0,2
oladeleogunniran,2,0,2
aslin,2,0,2
calella,2,0,2
rapanta,2,0,2
sanarelli,2,0,2
verdin,2,0,2
psychoda,2,0,2
rokach,2,0,2
toomela,2,0,2
esuli,2,0,2
vedula,2,0,2
zinc-knuckles,2,0,2
fluciclatide,2,0,2
cordenillo,2,0,2
daquila,2,0,2
cept,2,0,2
aico,2,0,2
svavp1,2,0,2
svavp2,2,0,2
stylophora,2,0,2
actinopteri,2,0,2
rupacarib,2,0,2
krp,2,0,2
lysine-glutamate,2,0,2
25-hydroxyvitanimd,2,0,2
oidixanol,2,0,2
heparin-sulphate,2,0,2
si-n213,2,0,2
2020b).ribavirin,2,0,2
isovuconazonium,2,0,2
vamp,2,0,2
adoxaceae,2,0,2
bhlf1,2,0,2
lf1,2,0,2
binyamin&brender-ilan,2,0,2
airs2,2,0,2
ethanol/glycogen,2,0,2
askenazi,2,0,2
tendermint,2,0,2
bacithracine,2,0,2
bimixin,2,0,2
cefamezin,2,0,2
z/vad-fmk,2,0,2
ceftriaxone-calcium,2,0,2
tillet,2,0,2
dongin,2,0,2
cabazytaxel,2,0,2
pc-3dr-docetaxel,2,0,2
theophylline/corticosteroid,2,0,2
gw328267x,2,0,2
cgs21680,2,0,2
acetamidein,2,0,2
vuopio-varkila,2,0,2
sesin,2,0,2
reske,2,0,2
shadreck,2,0,2
ivanciuc,2,0,2
buckminsterfullerene,2,0,2
mini-pump,2,0,2
eau.it,2,0,2
phenylephrinehcl,2,0,2
marcelis,2,0,2
oseltamivirr,2,0,2
aylan,2,0,2
smorodinstev,2,0,2
alum-,2,0,2
ilr2,2,0,2
fosfuri,2,0,2
kbv,2,0,2
denicolai,2,0,2
aliskirin,2,0,2
sesartic,2,0,2
6).spironolactone,2,0,2
oseltamivir.11,2,0,2
sivtan,2,0,2
vil10,2,0,2
idcpa,2,0,2
procr,2,0,2
4resveratrol,2,0,2
ctla-4/pd-1,2,0,2
anestad,2,0,2
vlcd,2,0,2
rapamycin/everolimus,2,0,2
"epiprogoitrin,goitrin,",2,0,2
r-progoitrin,2,0,2
epiprogoitrin(s-progoitrin,2,0,2
moinhos,2,0,2
vento,2,0,2
ozonatedoil,2,0,2
adesine,2,0,2
piperacillin/tacobactam,2,0,2
itanet,2,0,2
bachan,2,0,2
jacqui,2,0,2
ocaranza,2,0,2
moraten,2,0,2
gp160vaccine,2,0,2
275-kda,2,0,2
sodom,2,0,2
8-cetylberberine,2,0,2
13-n-octylberberine,2,0,2
compoundb1,2,0,2
etc-1002,2,0,2
oligomycin-blocked,2,0,2
snp-weighted,2,0,2
kinship,2,0,2
cr88vaccine,2,0,2
antiflatulantien,2,0,2
linlin,2,0,2
dopaminehydrochloride,2,0,2
mao-b-hemmer,2,0,2
meperidin,2,0,2
kalziumkanalblocker,2,0,2
enterale,2,0,2
amine21a,2,0,2
chunfeng,2,0,2
tongwen,2,0,2
gsk-3β-antagonist,2,0,2
wnt-agonists,2,0,2
es2-afpolypeptide,2,0,2
es2-af-fitc,2,0,2
farnet,2,0,2
palatinose,2,0,2
interferon-2α,2,0,2
arabicacoffee,2,0,2
coge,2,0,2
pegus,2,0,2
zagreus,2,0,2
andere,2,0,2
geerolf,2,0,2
timurid,2,0,2
haematopus,2,0,2
antihistamine/cortisonecream,2,0,2
cefoperazone/sulbactam-treated,2,0,2
thr25,2,0,2
duparc,2,0,2
abdalhamid,2,0,2
lanac,2,0,2
p-methylaminophenol,2,0,2
cyclaradine-ma,2,0,2
carbovir-mp,2,0,2
treecl,2,0,2
ca074me,2,0,2
"1α,25(oh)2d/vdr",2,0,2
steinegger,2,0,2
pethidines,2,0,2
aflatoxin-b,2,0,2
scd40l,2,0,2
samts,2,0,2
r-amc,2,0,2
psi-coffee,2,0,2
esoterix,2,0,2
s/d,2,0,2
avia,2,0,2
td-oct,2,0,2
med1,2,0,2
coke,2,0,2
sodiumcreatine,2,0,2
arterys,2,0,2
dexamethasone3,2,0,2
doc2b,2,0,2
"1,25-dihydroxyvitamin-d",2,0,2
"1,25-d",2,0,2
neofibularia,2,0,2
verticillene,2,0,2
p.tunicata,2,0,2
δ-indomycinone,2,0,2
tartrolon,2,0,2
phenylendiamine,2,0,2
metronidazolehcl,2,0,2
intussuscipiens,2,0,2
orix,2,0,2
climax,2,0,2
hpv-9,2,0,2
hpv-15,2,0,2
chemmula,2,0,2
profuturo,2,0,2
aceer,2,0,2
gr-corticosteroid,2,0,2
xylencyanol,2,0,2
sanbus,2,0,2
gadolinium-diethylenetriaminepentaacetate,2,0,2
prolinker,2,0,2
mr.bromiley,2,0,2
trimethoprim/sulbactam,2,0,2
atovaquone-resistant,2,0,2
bis-ferrocenyl,2,0,2
didesethylchloroquine,2,0,2
ferriquinium,2,0,2
quencher,2,0,2
locoweed,2,0,2
ascorbateascorbate,2,0,2
ecknoliacava,2,0,2
ace-2/ang(1-7)/masraxis,2,0,2
candoxatrilat,2,0,2
angii/angiii,2,0,2
maverix,2,0,2
celso,2,0,2
cilene,2,0,2
cationicb1,2,0,2
houthakker,2,0,2
methylkaempferol,2,0,2
hydroxyflavone,2,0,2
mosloflavones,2,0,2
haren,2,0,2
karaganda,2,0,2
ciprofloxacin-gentamicin,2,0,2
cephalothine,2,0,2
hiv-hbv,2,0,2
e-nerolidol,2,0,2
antibiotics/antimycotics,2,0,2
ipi/vildagliptin,2,0,2
hansrudolph,2,0,2
bromoprid,2,0,2
il-22r1,2,0,2
malizia,2,0,2
chromadex,2,0,2
g3bp-1,2,0,2
imac,2,0,2
laviron,2,0,2
chronocoulometry,2,0,2
antimalarialanthraquinones,2,0,2
chlorophyllins,2,0,2
aspirin-acetylatedcox2,2,0,2
aspirin-acetylated,2,0,2
flugel,2,0,2
ppib,2,0,2
syp,2,0,2
presidium,2,0,2
segrave,2,0,2
tatagroup,2,0,2
immunization,2,0,2
strategicplan,2,0,2
pronasee,2,0,2
hclec4,2,0,2
pclec4g,2,0,2
cfa-mir-350,2,0,2
chimpanzeeptr-mir-145,2,0,2
owm,2,0,2
culpeo,2,0,2
cornifin,2,0,2
laudermilk,2,0,2
gechlorte,2,0,2
ganzi,2,0,2
heti,2,0,2
schaltegger,2,0,2
tetravalentvaccines,2,0,2
ev-0,2,0,2
ipol,2,0,2
rnf135,2,0,2
artemisnins,2,0,2
pyrethroidis,2,0,2
alox,2,0,2
asn-126,2,0,2
"3,3′,5,5′-tetramethylbenzidine",2,0,2
jfh-1ns3,2,0,2
liuyi,2,0,2
puerariaelobatae,2,0,2
niclofolan,2,0,2
tupinambismerianae,2,0,2
v.bengalensis,2,0,2
crotalase,2,0,2
circa1884,2,0,2
gbp6,2,0,2
petrisor,2,0,2
bronchodilator/nebulizer,2,0,2
glycyrrhizaglabra/glycyrrhizauralensis,2,0,2
buercetin,2,0,2
arminda,2,0,2
maxaquene,2,0,2
frelimo,2,0,2
baracas,2,0,2
neddylated,2,0,2
anti-oxidation,2,0,2
yair,2,0,2
echazu,2,0,2
cornvaccine,2,0,2
sentiwordnet,2,0,2
oseltamivir/,2,0,2
tfz,2,0,2
glutathionebicarbonate,2,0,2
sealpox,2,0,2
philosopherhans-georggadamer,2,0,2
cvyv,2,0,2
cvyvp1b,2,0,2
tironi,2,0,2
anti‐thrombin,2,0,2
"mir-503-5p,mir-455-5p",2,0,2
betasamosake,2,0,2
mbo,2,0,2
rnap.astrovirusorf2,2,0,2
sulfosalicylate,2,0,2
derogatis,2,0,2
thialawsene,2,0,2
irridex,2,0,2
jurowski,2,0,2
vast,2,0,2
syntropin,2,0,2
erabutoxin,2,0,2
interacademypartnership,2,0,2
planteose,2,0,2
scutallarein,2,0,2
trim5sirna1,2,0,2
anti-flea,2,0,2
sg-fulc2,2,0,2
sgi-flap,2,0,2
diphtheriatoxoids(,2,0,2
catus,2,0,2
xenone5,2,0,2
chlorine-water,2,0,2
clembuterol,2,0,2
trimethaprim-sulfamethoxazole,2,0,2
limnatus,2,0,2
rhinopaga,2,0,2
alastin,2,0,2
drogas,2,0,2
conotoxin,2,0,2
ambri,2,0,2
jørgen,2,0,2
digtp-biotin,2,0,2
conjugatedsphinganine,2,0,2
daf,2,0,2
peristat,2,0,2
hunsley,2,0,2
wd40,2,0,2
poh1,2,0,2
mucolyxir,2,0,2
anabas,2,0,2
echo9,2,0,2
echo6,2,0,2
echo7,2,0,2
echo12,2,0,2
echo15,2,0,2
echo21,2,0,2
echo28,2,0,2
bayers,2,0,2
penicillin·per,2,0,2
kevzara,2,0,2
acetycholine,2,0,2
lopinavir/ritonacir,2,0,2
onab,2,0,2
lco,2,0,2
pt01,2,0,2
pt19,2,0,2
bm86,2,0,2
dsirnas,2,0,2
halve,2,0,2
5-fu/oxaliplatin,2,0,2
tetraazaadamantane,2,0,2
oxaliplatin).crc,2,0,2
shen-zhi-ling,2,0,2
isopropyladrenaline,2,0,2
antix,2,0,2
penicillin/-streptomycin-l-glutamine,2,0,2
usp18).it,2,0,2
neurocysticercosis,2,0,2
faulin,2,0,2
tsiligirides,2,0,2
hla-b*46,2,0,2
mansergh,2,0,2
tripteroides,2,0,2
mesalin,2,0,2
lifanda,2,0,2
buprenorphine-sevoflurane,2,0,2
gingerdione,2,0,2
ringeling,2,0,2
methb,2,0,2
exhalair,2,0,2
formaldehyde-melatonin,2,0,2
hydroxymelatonin,2,0,2
mm.it,2,0,2
paclitaxel-ga,2,0,2
glycyrretinicacid,2,0,2
interferonalpha,2,0,2
hgmb1,2,0,2
cephelad,2,0,2
oralribavirin,2,0,2
nucleotidevaccine,2,0,2
pepti,2,0,2
anti-il-6/il-6r,2,0,2
stipan,2,0,2
fdc-sign,2,0,2
linc00675,2,0,2
mir-384,2,0,2
mir-384-5p,2,0,2
mir-27a,2,0,2
macrolides/clindamycin,2,0,2
ampicillin/oxacillin,2,0,2
4-f-quinolone,2,0,2
antiobiotic,2,0,2
teicoplaniniv,2,0,2
linezolid/doxycycline,2,0,2
dalfopristin/quinupristin,2,0,2
[14c]-dalbavancin,2,0,2
ctz/clavulanate,2,0,2
4-thiazolidone,2,0,2
antisepticn-chlorotaurine,2,0,2
ciprofloxacin/metronidazole,2,0,2
ceftobiprole-pbp2,2,0,2
[3h]-telithromycin,2,0,2
telithromycin-resistance,2,0,2
tobramycin-s,2,0,2
linezolid-rifamycin,2,0,2
ceftriaxone-chloramphenicol,2,0,2
ampicillin-gentamicin,2,0,2
rifampicin-cotrimoxazole,2,0,2
tournai,2,0,2
trimethoprim/sulfomethoxazole,2,0,2
polymyxinb.,2,0,2
gamil,2,0,2
erythromycin(em,2,0,2
hydrogenperoxidevapour,2,0,2
ampicilinsulbactam,2,0,2
nbacitracin,2,0,2
mirnamir-671,2,0,2
parietariajudaica,2,0,2
3'-sulfo-lea,2,0,2
piero,2,0,2
trimethaprim/sulphamethoxazole,2,0,2
muskelschmerzen,2,0,2
hanshi,2,0,2
aluminosis,2,0,2
wall,2,0,2
lncrna-cox2,2,0,2
sat-tb,2,0,2
d-n4-hydroxycytidine,2,0,2
sulfenamides,2,0,2
obamaoira,2,0,2
richardthaler,2,0,2
myricetinglycosides,2,0,2
tavsan,2,0,2
myricetin-3-o-β-rhamnoside,2,0,2
blueberin,2,0,2
emulin,2,0,2
raunic,2,0,2
ecteinascidiaturbinata,2,0,2
neriifolia,2,0,2
gln189,2,0,2
tometins,2,0,2
l-isoproterenol,2,0,2
l=5,2,0,2
choline-pet,2,0,2
trimethoprim/sulphadiazine,2,0,2
rosalyn,2,0,2
tmao,2,0,2
a.muciniphilia,2,0,2
heteronemin,2,0,2
reiswigin,2,0,2
pouoside,2,0,2
teichaxinella,2,0,2
quinilizidines,2,0,2
hexachlorinated,2,0,2
planinidine,2,0,2
ophtalmia,2,0,2
p-dimethylamino-azobenzene,2,0,2
hsa-mir-619-5p,2,0,2
mir-619,2,0,2
isg15gg,2,0,2
dihydrotestoesterone,2,0,2
pervaizmusharraf,2,0,2
pervaiz,2,0,2
rehman,2,0,2
buzdar,2,0,2
baluchistan,2,0,2
aamir,2,0,2
sunweidong,2,0,2
cobalaminc,2,0,2
hydralizine,2,0,2
d274vaccine,2,0,2
colfoscerylpalmitate,2,0,2
xiaofei,2,0,2
grifin,2,0,2
4-methylaminoantipyrine,2,0,2
diphenylurea,2,0,2
graziotin,2,0,2
antipyrol,2,0,2
landa,2,0,2
zapruder,2,0,2
calvard,2,0,2
anti-linky,2,0,2
aminoacidtn556/07,2,0,2
pgc.,2,0,2
qaidam,2,0,2
moxifloxacin).on,2,0,2
pentavalentrotavirusvaccinegroup,2,0,2
ev1,2,0,2
homoharringtonin,2,0,2
obatoclax-emetine,2,0,2
carbopol974p,2,0,2
lactin,2,0,2
marajo,2,0,2
beta2‐agonist,2,0,2
cladosporum,2,0,2
michaelmarmot,2,0,2
irak-m,2,0,2
bupleurynol,2,0,2
immumax,2,0,2
vitaminb6supplementation,2,0,2
fitzmaurice,2,0,2
angallarri,2,0,2
fenfluramine-phentermine,2,0,2
mukherji,2,0,2
syringomycins,2,0,2
arylazoenamines,2,0,2
dedalus,2,0,2
sifuvertide,2,0,2
4-hydroxyquinoline,2,0,2
mao-a.,2,0,2
ethylacetate/n-hexane,2,0,2
ippa17,2,0,2
nuno,2,0,2
hcl/zolazepam,2,0,2
anti-giantin,2,0,2
akhil,2,0,2
ov-asp-1adjuvant,2,0,2
anti-flagellin,2,0,2
hormozgan,2,0,2
sodiumhypochloritebleach,2,0,2
lipopeptidefengycin,2,0,2
patrinia,2,0,2
alpha-hederin,2,0,2
atltp6,2,0,2
oppo,2,0,2
adamantanes-amantadine,2,0,2
tobradex,2,0,2
hanax,2,0,2
gp32,2,0,2
imd-019064,2,0,2
mcpyvmir-m1,2,0,2
mir-i,2,0,2
mir-iii,2,0,2
"ul23-5p,mir-ul23-3p",2,0,2
mirnamir-ul112-,2,0,2
kshvmir-k12,2,0,2
bhrf1,2,0,2
mir-tar2,2,0,2
mirna-k12,2,0,2
anti-mir122,2,0,2
rehydralyte,2,0,2
resol,2,0,2
opio,2,0,2
smectita,2,0,2
ala-glu,2,0,2
palmarosa,2,0,2
polyproteinc-e3-e2-,2,0,2
alidot,2,0,2
usp49,2,0,2
aiello,2,0,2
anti-iv,2,0,2
cws,2,0,2
anti-aflatoxinb1,2,0,2
chitosan-doxorubicin,2,0,2
5-fluorouracil-free,2,0,2
midkine-sirna,2,0,2
nano-curcumin,2,0,2
β-cyclodextrin-curcumin,2,0,2
chitosan-silver,2,0,2
chitosan/n-acetylcysteine,2,0,2
levoy,2,0,2
nsfnet,2,0,2
kosara,2,0,2
y5,2,0,2
elmar,2,0,2
chugai,2,0,2
cometin,2,0,2
biochanina,2,0,2
erα,2,0,2
immunisation,2,0,2
badrinathyatra,2,0,2
plantaricinld4,2,0,2
ficenterocin,2,0,2
ficplantaricin,2,0,2
bacteriocins,2,0,2
ag85b,2,0,2
multiflori,2,0,2
phelloderm,2,0,2
ethanolpolygonummultiflorum,2,0,2
multiflorumethylacetate,2,0,2
torachrysone-8-o-β-d-glucoside,2,0,2
madopar,2,0,2
batilol,2,0,2
tarc/ccl17,2,0,2
ardisiaejaponicaeherba,2,0,2
polygonimultifloracaulis,2,0,2
kalervo,2,0,2
palmostatin,2,0,2
palmostatinb,2,0,2
troton,2,0,2
jeffbezos,2,0,2
rs09,2,0,2
sap3p,2,0,2
htr-18,2,0,2
rnf11,2,0,2
d-histidine,2,0,2
artd1,2,0,2
h.schüler,2,0,2
mail1,2,0,2
kef,2,0,2
bellei,2,0,2
micceri,2,0,2
janota,2,0,2
marques-silva,2,0,2
cadet,2,0,2
argolaphos,2,0,2
pepperminteos,2,0,2
menthacarin,2,0,2
simeprevir/lumacaftor,2,0,2
gal-hydrobromide,2,0,2
lycorice,2,0,2
paclobutrazol,2,0,2
4′-o-methylnorbelladine,2,0,2
xeljanz,2,0,2
luethans,2,0,2
rotazyme,2,0,2
cholesterol-depleting,2,0,2
director-generalghebreyesus,2,0,2
etcio,2,0,2
corus,2,0,2
stearn,2,0,2
lamarck,2,0,2
tmp‐smx,2,0,2
pirgmaier,2,0,2
amikacinc,2,0,2
oficio,2,0,2
pipas,2,0,2
alendronatesodium,2,0,2
parophrys,2,0,2
glugea,2,0,2
sodiumhydrochloride,2,0,2
spectinomycindihydrochloride,2,0,2
hexacetomide,2,0,2
sperifermin,2,0,2
peptide-pmo,2,0,2
svenonius,2,0,2
methionine-carboxylate,2,0,2
mercurous,2,0,2
bismuth-213,2,0,2
5-sulfosalicylate,2,0,2
5-sulfosalicylicacid,2,0,2
bisprin,2,0,2
halobismuthanes,2,0,2
chlorobismuthane,2,0,2
/tazobactam,2,0,2
rotavirusns1,2,0,2
boiden,2,0,2
stamatelatou,2,0,2
om-85bv,2,0,2
ferdinand,2,0,2
rivarol,2,0,2
charliehebdo,2,0,2
luliberin,2,0,2
copper-clad,2,0,2
monterrey,2,0,2
radelet,2,0,2
pregnyl,2,0,2
hmg,2,0,2
adeniji,2,0,2
cipomo,2,0,2
ladoga,2,0,2
sars-cov4,2,0,2
isg15c,2,0,2
monoub-prg,2,0,2
saα,2,0,2
inh-rifapentine,2,0,2
isopropanol-water,2,0,2
pelota,2,0,2
paeoniaerubra,2,0,2
descurainiae,2,0,2
nedd,2,0,2
nepogodiev,2,0,2
rotavirusvp4,2,0,2
bfgf,2,0,2
raltegravir/tenofovir/emtricitabine,2,0,2
tetrabutyrate,2,0,2
termanin,2,0,2
drl,2,0,2
canakinumab).anakinra,2,0,2
secalis,2,0,2
bifolchi,2,0,2
her-2/neu,2,0,2
ifh,2,0,2
biotin-labeled,2,0,2
levomefolicacid,2,0,2
aminosan,2,0,2
eukaroyota,2,0,2
anti-cyclophilin,2,0,2
n-coeleneterazine,2,0,2
auditorii,2,0,2
ha-ub,2,0,2
il-18/il-18bp,2,0,2
sulfur-pi,2,0,2
e5-,2,0,2
oxymetazoline-impregnated,2,0,2
pata.,2,0,2
mirnaantagomirs,2,0,2
theodora,2,0,2
evernote,2,0,2
pricewaterhousecoopers,2,0,2
chloroform-isopropanol,2,0,2
dihydrokalafungin,2,0,2
il10rα,2,0,2
steenhuisen,2,0,2
jarvis,2,0,2
throxine,2,0,2
corosolicacid,2,0,2
howagribusinesses,2,0,2
telasan,2,0,2
protagonistin,2,0,2
k-da,2,0,2
cripto-low,2,0,2
cripto-bp,2,0,2
vitamix,2,0,2
zinc-ionophore,2,0,2
magnesium-saturated,2,0,2
k+-valinomycin,2,0,2
amsh,2,0,2
15-oxospiramilactone,2,0,2
alfacon,2,0,2
bppnet,2,0,2
thimetoligopeptidase,2,0,2
dme,2,0,2
lithiumniobate,2,0,2
springman,2,0,2
lidocaine/oxymetazoline,2,0,2
agel,2,0,2
oxygen.5,2,0,2
flaxidil,2,0,2
justiniano,2,0,2
ea-us,2,0,2
naleraq,2,0,2
favole,2,0,2
antihbc,2,0,2
cobalamin-c,2,0,2
novosom,2,0,2
caesalpiniasappan,2,0,2
nfkd,2,0,2
sogari,2,0,2
notarnicola,2,0,2
villamide,2,0,2
molinia,2,0,2
pyracantha,2,0,2
saratsis,2,0,2
nobivax,2,0,2
protrombin,2,0,2
kalmet,2,0,2
versaprobe,2,0,2
cholesterol-triglyceride,2,0,2
msc-secretome,2,0,2
limosin,2,0,2
64-residue,2,0,2
aprotinin-,2,0,2
piston,2,0,2
sulfurcolloid,2,0,2
apcitide,2,0,2
caninos,2,0,2
sorrelherb,2,0,2
rumicisherba,2,0,2
oasispetroleum,2,0,2
amoxicilline/clavulanate,2,0,2
month-rosuvastatin,2,0,2
thienotriazolodiazepines,2,0,2
trimethylysine,2,0,2
quetiapine/risperidone/olanzapine,2,0,2
corticosteroid-cr,2,0,2
fair-trade,2,0,2
enclave,2,0,2
dfurin,2,0,2
pardis,2,0,2
gonal-f,2,0,2
luveris,2,0,2
tenectplase,2,0,2
kooraki,2,0,2
arsenicalbum,2,0,2
amoxillin-clavulanate,2,0,2
prosensa,2,0,2
arthrogen,2,0,2
w-cdma,2,0,2
luteolosidebiosynthesis,2,0,2
serotheraphy,2,0,2
ectocyst,2,0,2
folate-peg,2,0,2
treos,2,0,2
cryptokokkenmeningitis,2,0,2
mg/proguanil,2,0,2
miltefostine,2,0,2
perussia,2,0,2
boragoofficinalis,2,0,2
watman,2,0,2
guassia,2,0,2
colactam,2,0,2
p-hydroxybenzoate,2,0,2
israel.6,2,0,2
crte6e7l2dnavaccine,2,0,2
demarie,2,0,2
cyanogenic,2,0,2
phenylacetaldehyde,2,0,2
elder,2,0,2
n-desethylamodiaquinehydrochloride,2,0,2
orsayviron,2,0,2
β-fiber,2,0,2
5‐iodotubercidin,2,0,2
aminoethyl-chitooligosaccharide,2,0,2
oxygen/cpap,2,0,2
melanophilin,2,0,2
notarangelo,2,0,2
nb‐dnj,2,0,2
rhsp-d.,2,0,2
amniocyte,2,0,2
fetalsurfactant,2,0,2
gaohuang,2,0,2
flunisyn,2,0,2
posco,2,0,2
bibl,2,0,2
pyrotinib).tucatinib,2,0,2
chiefexecutive,2,0,2
menta,2,0,2
difenhidramina,2,0,2
ecogen,2,0,2
blueberryprocyanidins,2,0,2
catechinhydrate,2,0,2
proto,2,0,2
altair,2,0,2
ellin,2,0,2
imamichi,2,0,2
fovista,2,0,2
gpib,2,0,2
regado,2,0,2
surgeongeneralproclaimed,2,0,2
feenberg,2,0,2
bismuth-dna,2,0,2
cisplatin-alone,2,0,2
sulfosuccinatesodium,2,0,2
phrr,2,0,2
telix,2,0,2
arabinoside-c,2,0,2
chlorhexidene,2,0,2
poly-proline,2,0,2
ifnβ1a,2,0,2
cd81,2,0,2
isopropylalcoholdisinfectant,2,0,2
shaban,2,0,2
cureus,2,0,2
isofluranum,2,0,2
paulcelan,2,0,2
arg190,2,0,2
fmr2p,2,0,2
seleno-aromatic,2,0,2
kaempferoid,2,0,2
uf5,2,0,2
sitobion,2,0,2
usp15,2,0,2
gwatkin,2,0,2
hif3a,2,0,2
lipe,2,0,2
mab19e,2,0,2
devico,2,0,2
prothipendyl,2,0,2
trigonostemoncherrieri,2,0,2
6-azauridinetriacetate,2,0,2
ebvvaccine,2,0,2
pyruvatedehydrogenasee1,2,0,2
orthene,2,0,2
hydroxyethyl-piperazine,2,0,2
heminchloride,2,0,2
epitaph,2,0,2
rimaniol,2,0,2
alexzander,2,0,2
calciumphosphateadjuvant,2,0,2
cymevene,2,0,2
yankauer,2,0,2
chemama,2,0,2
fetuin-sna,2,0,2
poly(c,2,0,2
iodoacetomide,2,0,2
ruby,2,0,2
bone-to-bone,2,0,2
kinshasa,2,0,2
sprawl,2,0,2
silvana,2,0,2
gly-pro-met,2,0,2
gly-pro-arg,2,0,2
mini-methotrexate,2,0,2
eurotravnet,2,0,2
według,2,0,2
isa/cpgadjuvant,2,0,2
medendi,2,0,2
•fenbendazole,2,0,2
tegaderm,2,0,2
znf4,2,0,2
ubz,2,0,2
ceragenin,2,0,2
csa-131,2,0,2
csa-13,2,0,2
mekins,2,0,2
tim-4,2,0,2
mg-b,2,0,2
sgt2i,2,0,2
león,2,0,2
richardlugar,2,0,2
hevsgglycoproteinvaccine,2,0,2
gyros,2,0,2
sharptni,2,0,2
psoraleos,2,0,2
haritka,2,0,2
psoralenoside,2,0,2
isopsoralenoside,2,0,2
psoralester,2,0,2
corylifoliafruits,2,0,2
psoraleaefructus,2,0,2
mir-564,2,0,2
anti-sacituzumab,2,0,2
mir-339-5p,2,0,2
haus-,2,0,2
racecadotril/placebo,2,0,2
nitazoxanide-albendazole,2,0,2
pesticiderotenone,2,0,2
siv,2,0,2
mosquito-borne,2,0,2
carrabine,2,0,2
crump,2,0,2
golubev,2,0,2
myci,2,0,2
tarik,2,0,2
arjunolone,2,0,2
alemtuzumaband,2,0,2
agrostietum,2,0,2
tsavlq-para-nitroanilide,2,0,2
pyrithamine,2,0,2
ligand-conjugated,2,0,2
2-bromopropionitrile,2,0,2
halbert,2,0,2
arboleda,2,0,2
yidan,2,0,2
dianthalexin,2,0,2
fellow,2,0,2
atazanavir/lopinavir,2,0,2
atg17,2,0,2
eryth-romycin,2,0,2
110-kda,2,0,2
protiva,2,0,2
sofosbuvirm,2,0,2
(nct04292899).lopinavir-ritonavir,2,0,2
metfomin,2,0,2
enalapril-sitagliptin,2,0,2
therotateq®rotavirusvaccine,2,0,2
gcx.empagliflozin,2,0,2
ravtansine,2,0,2
nesolagus,2,0,2
acoban,2,0,2
oeabc,2,0,2
kolobrodov,2,0,2
mosavirus,2,0,2
tropivirus,2,0,2
rafivirus,2,0,2
diresapivirusa,2,0,2
grusopivirusa1,2,0,2
livupivirus,2,0,2
diresapivirus,2,0,2
bai-hu-tang,2,0,2
mervin,2,0,2
6m0j/lisinopril,2,0,2
oxan,2,0,2
glyasperina,2,0,2
cytod.,2,0,2
mdr-tb.levofloxacin,2,0,2
neuroleukin,2,0,2
sulfopeptide,2,0,2
compounda3,2,0,2
renicola,2,0,2
colpocephalum,2,0,2
pontius,2,0,2
olam,2,0,2
camil,2,0,2
haredim,2,0,2
lubavitcher,2,0,2
rebbe,2,0,2
racism,2,0,2
aidaf.santos,2,0,2
crnobaric,2,0,2
penicillin.17,2,0,2
e-64-d,2,0,2
tamatea,2,0,2
mormonist,2,0,2
mormon,2,0,2
pirsig,2,0,2
church,2,0,2
irf4,2,0,2
at-rnn,2,0,2
oberrhein,2,0,2
myricetrin,2,0,2
etanercept/infliximab,2,0,2
bogdanowicz,2,0,2
xueqin,2,0,2
hydro-alcohol,2,0,2
fabrics,2,0,2
inferferon-α2b,2,0,2
favipiravirhas,2,0,2
5-iodouracil,2,0,2
sharpless,2,0,2
amnioic,2,0,2
albutein,2,0,2
aspernigrin,2,0,2
"8,4′′′-dieckol",2,0,2
cpla2-iva,2,0,2
clostridium,2,0,2
elmo1,2,0,2
arl4a,2,0,2
zaybak,2,0,2
itam,2,0,2
chorus,2,0,2
amigo,2,0,2
abt-s,2,0,2
hopi,2,0,2
nsp90,2,0,2
isopetide,2,0,2
neostigminemethylsulfate,2,0,2
hydroxychloroquine/chloroquine/azithromycin,2,0,2
cdc16,2,0,2
falcon-aart,2,0,2
medley,2,0,2
glycyrrhetaldehyde,2,0,2
lps-analog,2,0,2
qiv,2,0,2
fiocol,2,0,2
herbariorum,2,0,2
anthranilate,2,0,2
silver-liposome,2,0,2
rifampicin-bonded,2,0,2
tobramycin/gentamicin,2,0,2
bidobacterium,2,0,2
fdc-tp,2,0,2
l-protein,2,0,2
gruvaeus,2,0,2
frans,2,0,2
abrazo,2,0,2
sulphonating,2,0,2
auriculariaauricular-judae,2,0,2
oxyi,2,0,2
thr27,2,0,2
17α-methyltestosterone,2,0,2
d-lisine,2,0,2
quadrivalentvlp-basedvaccinegardasil,2,0,2
buzinde,2,0,2
nitrosegase,2,0,2
moxofloxacin,2,0,2
peg-content,2,0,2
trinetx,2,0,2
rhaphiodon,2,0,2
cantinoaamericana,2,0,2
kaurane,2,0,2
hexanic,2,0,2
gymneia,2,0,2
eupatorin,2,0,2
condea,2,0,2
eplingiellafruticosa,2,0,2
peltodon,2,0,2
gilsane,2,0,2
vp7-sirna1,2,0,2
sirnasvp7-sirna1,2,0,2
paprotny,2,0,2
trimethoprim-sulfamethoxazole-resistant,2,0,2
coxsackievirusa24,2,0,2
dehydrator,2,0,2
ul33,2,0,2
mirna-2,2,0,2
mir-bhrf1,2,0,2
m12-3p,2,0,2
m11-5p,2,0,2
vef,2,0,2
hbo1,2,0,2
aminospiroadamantanes,2,0,2
kupronis,2,0,2
coridothymus,2,0,2
colgate-palmolive,2,0,2
archimedeanity,2,0,2
histochemistry,2,0,2
ansart,2,0,2
piggybac,2,0,2
carrageenan-,2,0,2
afzelin,2,0,2
aminobisphophonates,2,0,2
pamisol,2,0,2
sbe-β-cd,2,0,2
α-cd,2,0,2
me-α-cd,2,0,2
methyl-β-cd,2,0,2
becaria,2,0,2
temporinb,2,0,2
buforins,2,0,2
hpv71,2,0,2
hr-hpv54,2,0,2
hpv82,2,0,2
futura,2,0,2
aureococcus,2,0,2
anti-tick,2,0,2
hhv‐8,2,0,2
fluorine-ser,2,0,2
arnab,2,0,2
cikm,2,0,2
indigo-indirubin,2,0,2
adp-glucose,2,0,2
mscpv1,2,0,2
hpv65,2,0,2
esa-dexamethasone,2,0,2
indranilchakraborty,2,0,2
nevirapine-free,2,0,2
viridiflorine,2,0,2
meschede,2,0,2
penone,2,0,2
anti‐diphtheria,2,0,2
anj,2,0,2
foliumplectranthiiamboiniciioil,2,0,2
strube,2,0,2
nitol,2,0,2
8-cpt-camp,2,0,2
odontobuthus,2,0,2
buthotus,2,0,2
lemborexant,2,0,2
lmma,2,0,2
fufang,2,0,2
bushenzhuanggu,2,0,2
dosha,2,0,2
rejuvenator,2,0,2
smad6,2,0,2
co-smad,2,0,2
wwp1/tiul1,2,0,2
epinehphrine,2,0,2
iodine/iodophors,2,0,2
neomycinointment,2,0,2
celm,2,0,2
trimetin,2,0,2
theaflavingallates,2,0,2
diphenolquinone,2,0,2
cicaspase-9,2,0,2
u.n.sdgs,2,0,2
brake,2,0,2
syjd,2,0,2
chlorop,2,0,2
oncoarendi,2,0,2
bendamustine-rituximab,2,0,2
snapchat,2,0,2
tuftsine,2,0,2
svendsen,2,0,2
canarico,2,0,2
grapefruitcitrus,2,0,2
chimpanzeeimmunoglobulin,2,0,2
pe_pgrs62,2,0,2
eosinophillipid,2,0,2
paulo,2,0,2
ribavirin/ifn-a2b,2,0,2
variolaviren,2,0,2
professorgz,2,0,2
h.armenium,2,0,2
v.it,2,0,2
ongentys,2,0,2
quetol,2,0,2
biselli,2,0,2
dimethylaminobenzene,2,0,2
dcqa,2,0,2
taleris,2,0,2
ouzzine,2,0,2
cest/csra,2,0,2
citratesodium,2,0,2
intra-oxygenator,2,0,2
armaline,2,0,2
chlorine-bromine,2,0,2
aminoacidalphabet,2,0,2
anti‐toxin,2,0,2
betatetravirusestav,2,0,2
pinochet,2,0,2
vdsnet,2,0,2
methylchloroacetate,2,0,2
euthol,2,0,2
rhil-8,2,0,2
gryna,2,0,2
pafilav,2,0,2
sutcm,2,0,2
longde,2,0,2
lead,2,0,2
asacotep,2,0,2
syringa,2,0,2
jasminumnudiflorum,2,0,2
cooprider,2,0,2
karabenick,2,0,2
pipercillin,2,0,2
anti-mir-208a,2,0,2
mir-329,2,0,2
camphotecine,2,0,2
camphorimines,2,0,2
mk-8742,2,0,2
mk-5172,2,0,2
compound99,2,0,2
coscinamides,2,0,2
ghlissia,2,0,2
savina,2,0,2
anadys,2,0,2
vtx-294,2,0,2
benzoazepine,2,0,2
arteminisin,2,0,2
imo-4200,2,0,2
adeera,2,0,2
rs38,2,0,2
chrysostomou,2,0,2
naocl/chloramines,2,0,2
"coxsackievirusb3,adenovirus",2,0,2
strand,2,0,2
astm,2,0,2
sho-rate,2,0,2
rapp,2,0,2
barabás,2,0,2
menelaus,2,0,2
mulin,2,0,2
vancomycin/ciprofloxacin,2,0,2
guinea-bissau,2,0,2
pr160gag-pol,2,0,2
reicin,2,0,2
glycyl-prolyl-glycine-amide,2,0,2
ubp,2,0,2
inophyllolide,2,0,2
calofloride,2,0,2
valgesta,2,0,2
rotidine,2,0,2
lithobates,2,0,2
meng,2,0,2
lynx,2,0,2
carmabin,2,0,2
haloirciniamide,2,0,2
cyclocinamide,2,0,2
sequoiajinqiao,2,0,2
plecotinii,2,0,2
anaesthetia,2,0,2
slobin,2,0,2
α-colubrine,2,0,2
fumaria,2,0,2
herbhypecoumpendulum,2,0,2
ziziphusrugosa,2,0,2
tectol,2,0,2
donga,2,0,2
labetalolhydrochloride,2,0,2
ossetia,2,0,2
vitamin-trace,2,0,2
3clproh6,2,0,2
citrix,2,0,2
kakambi,2,0,2
nets,2,0,2
silbersulfadiazin,2,0,2
propamidin,2,0,2
aldehydeformaldehyd,2,0,2
diguanidinen,2,0,2
amphoterer,2,0,2
chlor-,2,0,2
chlorgas,2,0,2
hypochlorit,2,0,2
hydrophil,2,0,2
parvoviren,2,0,2
propanolen,2,0,2
pentachlorphenol,2,0,2
benzalkonium-,2,0,2
reindampf,2,0,2
wassertanks,2,0,2
"gentamicin7,7",2,0,2
krätzmilben,2,0,2
mojtaba,2,0,2
t%,2,0,2
condow,2,0,2
valmet,2,0,2
velocys,2,0,2
zhengqicapsule,2,0,2
latamoxef,2,0,2
staminoids,2,0,2
5′-iododeoxyuridine,2,0,2
ceretelli,2,0,2
silicone-rubber,2,0,2
hargai,2,0,2
artd,2,0,2
aminoacid76,2,0,2
arcata,2,0,2
ktp,2,0,2
nicola,2,0,2
pimbert,2,0,2
"epigoitrina1,epigoitrina3",2,0,2
stannsoporfin,2,0,2
shizhen,2,0,2
agastacherugosa,2,0,2
25-dihydroxyvitamind,2,0,2
advax™adjuvant,2,0,2
advax™-adjuvanted,2,0,2
sukoon,2,0,2
xiaozhi,2,0,2
fmlp/cytochalasin,2,0,2
kurmangazy,2,0,2
sri-7968,2,0,2
arb/ifn-α2b,2,0,2
octyl-glucoside,2,0,2
ilas-pc-2013,2,0,2
p.capsici,2,0,2
intercostal,2,0,2
mahler,2,0,2
medicines,2,0,2
regentys,2,0,2
capnomed,2,0,2
idiotope,2,0,2
flavans,2,0,2
epicatechin-3′-o-glucuronide,2,0,2
egcg-c16,2,0,2
[90].it,2,0,2
trevi,2,0,2
ficolin-2,2,0,2
dmso.oseltamivir,2,0,2
β-methylene,2,0,2
kampferol,2,0,2
c.setidens,2,0,2
hydroethanolic,2,0,2
chanroenicum,2,0,2
opiatanalgesie,2,0,2
myrianthefs,2,0,2
deepz,2,0,2
nsdvjilin/china,2,0,2
yangdan,2,0,2
xiaolin,2,0,2
cyclosporins-ntcp,2,0,2
α-hydroxylated,2,0,2
aprc2,2,0,2
chaicumpa,2,0,2
peroxidase-enzyme,2,0,2
salt-sugar,2,0,2
polyak,2,0,2
mcv-mir-m1,2,0,2
mal3,2,0,2
ascorbid,2,0,2
dexamethasonacetate,2,0,2
rnaaliduplex,2,0,2
petcofold,2,0,2
mycom,2,0,2
netflix,2,0,2
anastrozole±gefitinib,2,0,2
ac-asp-3,2,0,2
ac-asp-4,2,0,2
ac-asp-5,2,0,2
ac-ap5,2,0,2
ac-hpi,2,0,2
a.ceylanicum,2,0,2
ac-cp-1,2,0,2
na-gst-1,2,0,2
ace-mif,2,0,2
na-gst-1/alhydrogel,2,0,2
ace-ki,2,0,2
ottoveraguth,2,0,2
809b,2,0,2
selvin,2,0,2
oncomir-21,2,0,2
mir-515,2,0,2
arrakis,2,0,2
telaprolu,2,0,2
aminoguanine,2,0,2
lebuda,2,0,2
cabra,2,0,2
p-nitrothiolate,2,0,2
zinc/thiol,2,0,2
streptomycin/vancomycin/nystatin/gentamycin,2,0,2
loop×7,2,0,2
src-inhibitors,2,0,2
onychoschisis,2,0,2
mir-103-3p,2,0,2
leukotriene-4,2,0,2
mcgonagle,2,0,2
azapenes,2,0,2
aminobenzimidazole,2,0,2
aristotele,2,0,2
ctd,2,0,2
11-hydroxycorticosterol,2,0,2
atrabilis,2,0,2
chloroquine10,2,0,2
alpha-glutathione,2,0,2
hydroxychloroquine-based,2,0,2
flugge,2,0,2
ersalan,2,0,2
egly,2,0,2
samhd-1,2,0,2
thioglycolate,2,0,2
bootstap,2,0,2
galt,2,0,2
bottemiller,2,0,2
mlap,2,0,2
gameobject,2,0,2
vascocelos,2,0,2
biotin–14,2,0,2
photostabilisers,2,0,2
tendayi,2,0,2
cms1,2,0,2
methyl-coumarins,2,0,2
(bi)sulfite,2,0,2
coumarin-metal,2,0,2
chloroquine-diclofenac,2,0,2
femoraliskathetern,2,0,2
jureca,2,0,2
"galactose-alpha-1,3-galactose",2,0,2
pharmacopeia,2,0,2
sogard,2,0,2
hemilepidotus,2,0,2
groupmrmr,2,0,2
korone,2,0,2
asean−china,2,0,2
mm-v,2,0,2
ag-s,2,0,2
anti-dsg,2,0,2
paguronivirus-1,2,0,2
campamento,2,0,2
sirna-atf4,2,0,2
schneide,2,0,2
sapra,2,0,2
smiderle,2,0,2
hericiumerinaceuspor,2,0,2
ilfov,2,0,2
ingo,2,0,2
ulvarigida,2,0,2
pithophoraoedogonium,2,0,2
oedogoniumethanolic,2,0,2
dao,2,0,2
h.cordatapolysaccharide,2,0,2
lps-rs,2,0,2
leancop,2,0,2
anti‐malaria,2,0,2
salicylicaldehyde,2,0,2
paliperidonepalmitate,2,0,2
rpi369-rpi-pred,2,0,2
rpi369-nb,2,0,2
coagulin,2,0,2
triptanthrine,2,0,2
friccius,2,0,2
hpv43,2,0,2
2-valent,2,0,2
hrhpv18,2,0,2
peno1,2,0,2
ethanol-caused,2,0,2
met48,2,0,2
catechin-based,2,0,2
methonine,2,0,2
radamine,2,0,2
dexpramipexole,2,0,2
at01,2,0,2
at02,2,0,2
at05,2,0,2
frolic,2,0,2
unsc,2,0,2
plantronics,2,0,2
mietto,2,0,2
procillaridin,2,0,2
ethanediol,2,0,2
ddrug,2,0,2
itc,2,0,2
kreuder-sonnen,2,0,2
kestin,2,0,2
dsos,2,0,2
ht.felodipine,2,0,2
dapiprazol,2,0,2
trimethoprim-lactate,2,0,2
onionin,2,0,2
ramanujan,2,0,2
histomonas,2,0,2
ondin,2,0,2
rutinoside,2,0,2
cyanidin-3-o-rutinocide,2,0,2
tartarybuckwheat,2,0,2
winthagen,2,0,2
euphoractane,2,0,2
segetanes,2,0,2
kansuininb,2,0,2
methyl-16,2,0,2
euphopubescenol,2,0,2
serrulata,2,0,2
sulforodamine,2,0,2
pedilanthustithymaloides,2,0,2
taurinensis,2,0,2
methylbutyrate,2,0,2
guyonianin,2,0,2
euphorbesulin,2,0,2
pyridylamine,2,0,2
venetanata,2,0,2
incb3344,2,0,2
azd8797,2,0,2
[11].oseltamivir,2,0,2
pinacyanol,2,0,2
pancratium,2,0,2
penciclovir/acyclovir,2,0,2
cefotaxim/clavulanic,2,0,2
ceftazidim/clavulanic,2,0,2
sulfamethoxazole/trimethoprime,2,0,2
pvp-igargle/mouthwash,2,0,2
anx-a1,2,0,2
gardeniaeiridoid,2,0,2
surface-oxygen,2,0,2
opler,2,0,2
isocoric,2,0,2
maniloff,2,0,2
rapamycinanaloga,2,0,2
taa,2,0,2
rudolph,2,0,2
radixtinosporae,2,0,2
cepharanthine-chloroquine,2,0,2
βhb,2,0,2
luronium,2,0,2
berula,2,0,2
glyceria,2,0,2
rc2,2,0,2
(ro).it,2,0,2
egg-yolk,2,0,2
clack,2,0,2
flavius,2,0,2
renatus,2,0,2
bivol,2,0,2
safer,2,0,2
anaesthesia,2,0,2
trifluormethyl,2,0,2
nedich,2,0,2
micea,2,0,2
andreea,2,0,2
ketokivi,2,0,2
niosh,2,0,2
fibrillarin,2,0,2
sfwam,2,0,2
lpv/r+ifn-α,2,0,2
rick,2,0,2
foxs,2,0,2
shuanglin,2,0,2
"hsa-mir-21-3p,hsa-mir-195-5p,hsa-mir-16-5p,hsa-mir-3065-5p,hsa-mir-424-5p",2,0,2
mir-16-5p/195,2,0,2
"mir-16-5p/195-5p/424-5p,mir-3065-5p",2,0,2
hematopoietic-cell-specific,2,0,2
ar502,2,0,2
pg-d,2,0,2
bialystock,2,0,2
adida,2,0,2
estroprogestative,2,0,2
hirsutism,2,0,2
acepramin,2,0,2
transfus,2,0,2
rauch,2,0,2
hae-i.,2,0,2
mohill,2,0,2
dromahair,2,0,2
dimethoxylated,2,0,2
pegfilgratim,2,0,2
rhug-csf,2,0,2
megalopolis,2,0,2
ipb01,2,0,2
lipopeptideipb02,2,0,2
insurancebill,2,0,2
neomycin-polymyxin,2,0,2
alcohol-,2,0,2
free-cysteine,2,0,2
karsch,2,0,2
stichodactyla,2,0,2
paralichthysolivaceus,2,0,2
grzegorz,2,0,2
tricholomamongolicum,2,0,2
aleene,2,0,2
sulphadimethazine,2,0,2
coppersulfate,2,0,2
disodium,2,0,2
disinfectants,2,0,2
alcohol/isopropanol,2,0,2
3-bis,2,0,2
salbutamol/adrenaline,2,0,2
artepellin,2,0,2
lumpenproletariat,2,0,2
bice,2,0,2
paulapostolidis,2,0,2
adene,2,0,2
peptideepitope-based,2,0,2
budesinide,2,0,2
tacrolimus/everolimus,2,0,2
cysvax,2,0,2
valethamate,2,0,2
barnard,2,0,2
cinegetica,2,0,2
lomonaco,2,0,2
pelin,2,0,2
isopropylaminehydrochloride,2,0,2
dextrum,2,0,2
sulfurospirilum,2,0,2
bisulfates,2,0,2
furyl,2,0,2
f-box,2,0,2
analgosedativa,2,0,2
7-oxygenated,2,0,2
abidor/oseltamivir,2,0,2
letterno.,2,0,2
folha,2,0,2
gldc,2,0,2
opg,2,0,2
butabika,2,0,2
meharia,2,0,2
antoniogutteres,2,0,2
konop,2,0,2
usap,2,0,2
abet,2,0,2
mnk2b,2,0,2
met‐,2,0,2
mnks,2,0,2
mir-346,2,0,2
hoseob,2,0,2
dapaglilozin,2,0,2
johannah,2,0,2
wfpdrr,2,0,2
pro-tgfβ1,2,0,2
n-acetylcysteine-hcl,2,0,2
peg-infα-2b,2,0,2
25-hydroxycholecalciferolorcalcifediol,2,0,2
dori,2,0,2
bleger,2,0,2
e,,2,0
spar,2,0,2
amoxicillin/co-trimoxazole,2,0,2
dietarycu,2,0,2
fortovase,2,0,2
malcomb,2,0,2
hr2l,2,0,2
heterocycle,2,0,2
iopinavir/ritonavir,2,0,2
sitosterols,2,0,2
pentavalentrotavirus,2,0,2
anti-aldosterone,2,0,2
flavonoidbiosynthesis,2,0,2
neolac,2,0,2
telsa,2,0,2
flourouracil,2,0,2
5′-deoxyuridine,2,0,2
n-hexylamine,2,0,2
r-763,2,0,2
1-ethylpiperazine,2,0,2
achillion,2,0,2
phenylselenation,2,0,2
chlormesazone,2,0,2
abt-925,2,0,2
pf-04634817,2,0,2
primisulfuron-methyl,2,0,2
cloransulam-methyl,2,0,2
diclosulam,2,0,2
flumfen,2,0,2
β-lactam-fluoroquinolone,2,0,2
deac,2,0,2
lipophillic,2,0,2
exaiptasiapallida,2,0,2
gonactinia,2,0,2
barabási,2,0,2
pantel,2,0,2
medipan,2,0,2
prothioconazole,2,0,2
clinafloxacin-triazole,2,0,2
myeloperoxidase,2,0,2
aureobacidin,2,0,2
faapred,2,0,2
pro-insulin,2,0,2
puslenet,2,0,2
furoquinoline,2,0,2
aortagraphy,2,0,2
pararenalaaas,2,0,2
adverbs,2,0,2
vitamine-a-d,2,0,2
potassiumperoxide,2,0,2
luminol-p-iodophenol,2,0,2
koffein,2,0,2
fuxin,2,0,2
chiarella,2,0,2
rifaxamin,2,0,2
n-diethylmetatoluamide,2,0,2
amoxicillin/clauvanate,2,0,2
tinn,2,0,2
sololá,2,0,2
gluconatescrub,2,0,2
rhdna,2,0,2
α-defensin-1,2,0,2
vejiola,2,0,2
t*.,2,0,2
video-thoracoscope,2,0,2
cloazapine,2,0,2
nervus,2,0,2
corrsin,2,0,2
n-butylamine,2,0,2
diamines,2,0,2
rabavirin,2,0,2
shafii,2,0,2
t705/favipiravir,2,0,2
ofinterferon-alpha-1b,2,0,2
zaitchic,2,0,2
punam,2,0,2
diprotinb,2,0,2
grh-glucagon,2,0,2
arg-pro,2,0,2
norepinephrine-,2,0,2
βantagonist,2,0,2
4′-methoxy-1-naphthyl-fenoterol,2,0,2
koeleria,2,0,2
o.glabra,2,0,2
dopravil,2,0,2
chilocorus,2,0,2
antherium,2,0,2
limodromus,2,0,2
blatta,2,0,2
mycologia,2,0,2
sitzber,2,0,2
corethromyces,2,0,2
patrobus,2,0,2
bledius,2,0,2
stilicus,2,0,2
asaphidion,2,0,2
siemaszkoa,2,0,2
paralimosina,2,0,2
gabrius,2,0,2
meijer,2,0,2
cyrtusa,2,0,2
pulchella,2,0,2
cavara,2,0,2
smin,2,0,2
n6-methyladenine,2,0,2
immucillin-h,2,0,2
kananaskis,2,0,2
bitube,2,0,2
ae37,2,0,2
dithiooxamide,2,0,2
cetiner,2,0,2
gulis,2,0,2
penicillin(all,2,0,2
thimidine,2,0,2
harju,2,0,2
[127].ribavirin,2,0,2
rimuka,2,0,2
shennongjia,2,0,2
sugumaran,2,0,2
probioticlb,2,0,2
plantarumgg,2,0,2
caseidn-114001,2,0,2
"1,25ohd",2,0,2
peg4000,2,0,2
biverticillate,2,0,2
ritonavir/ritonavir,2,0,2
mk-sirna,2,0,2
dipraglurant,2,0,2
novosad,2,0,2
hydroxychloroquine1,2,0,2
derecho,2,0,2
colonelanatoliychepiga,2,0,2
sulfanes,2,0,2
antitoxinheptavalent,2,0,2
ca-dtpa,2,0,2
chemet,2,0,2
gladish,2,0,2
bpio,2,0,2
tris(hidroximetil)aminometano)buffer,2,0,2
mbiti,2,0,2
venezolana,2,0,2
ml-cav-2,2,0,2
d-chain,2,0,2
darb,2,0,2
seg4,2,0,2
sulfo-siablinker,2,0,2
sulfo-siab-linked,2,0,2
hid,2,0,2
co-trimoxazole/pentamidine,2,0,2
cgj,2,0,2
meira,2,0,2
advax/blpadjuvanted,2,0,2
kb-21-,2,0,2
cloremiphene,2,0,2
film-air,2,0,2
dipeptidyl-peptidase,2,0,2
polygalasaponin,2,0,2
polygalajaponicahoutt,2,0,2
p.japonicahoutt,2,0,2
micrutalis,2,0,2
curtovirus,2,0,2
bctv,2,0,2
chloroquinein,2,0,2
ofhydroxychloroquine,2,0,2
cavernosum,2,0,2
len-dex,2,0,2
raftcholesterol,2,0,2
quercetinrutinoside,2,0,2
anthocyanidinglycosides,2,0,2
hedimbi,2,0,2
bis-catechols,2,0,2
o/protamineconjugate,2,0,2
sulfhydral,2,0,2
hcmv-mir-us25,2,0,2
hcmvmir-us25,2,0,2
mir-ul25-,2,0,2
mir-ul25,2,0,2
marikina,2,0,2
b.abortus,2,0,2
vitamin-mineral,2,0,2
gapsat,2,0,2
tourmaline,2,0,2
selenium-77,2,0,2
liotine,2,0,2
salmeron,2,0,2
rnazolb,2,0,2
shepp-logan,2,0,2
xia,2,0,2
iv-as,2,0,2
hibino,2,0,2
saumil,2,0,2
ciutat,2,0,2
gravenstein,2,0,2
yad,2,0,2
insuranceplan,2,0,2
chloroquine/oseltamivir,2,0,2
zoologicum,2,0,2
antechinus,2,0,2
aegolius,2,0,2
heptadine,2,0,2
l-aminoacids,2,0,2
slp5,2,0,2
beta-1-agonist,2,0,2
steviolglycosides,2,0,2
vancomycin/eremomycin,2,0,2
tzong-jing,2,0,2
victorwang,2,0,2
tenofovir-,2,0,2
herbonanoceuticals,2,0,2
couroupita,2,0,2
hangan,2,0,2
atovaquona/proguanil,2,0,2
alhamid,2,0,2
tanaz,2,0,2
parotid,2,0,2
mg1,2,0,2
cia13,2,0,2
cx5,2,0,2
hesperidus,2,0,2
qs-21adjuvant,2,0,2
mesto,2,0,2
trovac,2,0,2
gg1,2,0,2
atropine/diphenoxylate,2,0,2
thaksinshinawatra,2,0,2
bridgestone,2,0,2
piavaccine,2,0,2
foluke,2,0,2
curaleaf,2,0,2
hemp,2,0,2
levofloxacin.131,2,0,2
/erythromycin,2,0,2
/clarithromycin,2,0,2
cefaclor/loracarbef,2,0,2
jasper,2,0,2
galavotti,2,0,2
silcr,2,0,2
pyrifoliae,2,0,2
piriflorinigrans,2,0,2
zhc,2,0,2
svensonia,2,0,2
acetum,2,0,2
endobacter,2,0,2
γ‐pyrone,2,0,2
l‐ascorbicacid,2,0,2
acetobacteracea,2,0,2
bicp0,2,0,2
fesl,2,0,2
dandia,2,0,2
2h-indazole,2,0,2
naoet,2,0,2
2-cyanothioacetamide,2,0,2
nutriline,2,0,2
sirnai,2,0,2
araboil,2,0,2
balgis,2,0,2
advax-2,2,0,2
mycosporines,2,0,2
serratia,2,0,2
wbg,2,0,2
adrenaline/atropine,2,0,2
etvax,2,0,2
chlamydiavaccine,2,0,2
indofine,2,0,2
7-o-glucoside,2,0,2
luteolinglucoside,2,0,2
quercetinmonoglucoside,2,0,2
kaempferolglucosides,2,0,2
colonelyu,2,0,2
state-owned,2,0,2
tegra,2,0,2
najib,2,0,2
yingluck,2,0,2
raquiza,2,0,2
fispro,2,0,2
nscat,2,0,2
carine,2,0,2
ruemmer,2,0,2
eldib,2,0,2
mapinfo,2,0,2
charlene,2,0,2
arduino,2,0,2
anti-pdl-1i,2,0,2
benzodithiazines,2,0,2
chaminade,2,0,2
levidow,2,0,2
trir4,2,0,2
pro-amc,2,0,2
gly-pro-amc,2,0,2
woosongensis,2,0,2
arsad,2,0,2
je-liangliou,2,0,2
polydroxylatedfullerene,2,0,2
clopidogrel-,2,0,2
lopinavir-ritonavir-interferon-β1b,2,0,2
ritonovir/lopinavir,2,0,2
andticagrelor,2,0,2
karakhanmanifesto,2,0,2
gonorrhoeaefa,2,0,2
curcumin-decorated,2,0,2
curcumin/polymer,2,0,2
polymer/curcumin,2,0,2
serotherapy,2,0,2
potassiumtartrate/glycerol,2,0,2
methylbenzenesulfonamide,2,0,2
sodiumcaprylate,2,0,2
clyclophoshamide,2,0,2
hepariniv,2,0,2
hae-dong,2,0,2
hpv-aq,2,0,2
pre-mir-146a,2,0,2
rapamycin-medicated,2,0,2
o-linker,2,0,2
ldb,2,0,2
pa2001,2,0,2
ormethoprim,2,0,2
officinalisradix,2,0,2
ziyu-glycoside,2,0,2
officinalisherb,2,0,2
yushania,2,0,2
chimonobambusa,2,0,2
taxd1,2,0,2
fetanyl/fluanisone/diazepam,2,0,2
sipuleucel,2,0,2
calcaric,2,0,2
inquilinus,2,0,2
dassie,2,0,2
centogeneag,2,0,2
koumbourlis,2,0,2
c6-d,2,0,2
miraculin,2,0,2
cardiospermumhalicacabum,2,0,2
stz-nicotinamide,2,0,2
bacmx1,2,0,2
andriy,2,0,2
aurone,2,0,2
flavan-3-o1,2,0,2
pelargonidinchloride,2,0,2
isoquercitin,2,0,2
quercetin/iq,2,0,2
cordata,2,0,2
idrus,2,0,2
budi,2,0,2
anti-2019-ncov,2,0,2
lipozyme,2,0,2
marcellin,2,0,2
quartus,2,0,2
brevicoryne,2,0,2
roniviruses,2,0,2
ginsengis,2,0,2
ginsengcan,2,0,2
ginseng-drugs,2,0,2
3-mercaptopyruvate,2,0,2
renoy,2,0,2
diphtheria-pertussis-tetanusvaccine,2,0,2
seleniumsupplementation,2,0,2
mir-223-5p,2,0,2
mir-872,2,0,2
kassirer,2,0,2
25-hydroxy,2,0,2
alyne,2,0,2
epivaxhpvvaccine,2,0,2
sicirrna-2,2,0,2
circrna2,2,0,2
nadaraya,2,0,2
laib,2,0,2
warb,2,0,2
chrysanthemumin,2,0,2
acholic,2,0,2
oxibendazole-diethylcarbamazine,2,0,2
diethylcarbamazine/oxibendazole,2,0,2
cholecystoduodenostomy,2,0,2
k562/adriamycin,2,0,2
venosta,2,0,2
dna-modified,2,0,2
ranaldo,2,0,2
hpvb19,2,0,2
glutamicacidse1,2,0,2
l20,2,0,2
ompf,2,0,2
celebrate,2,0,2
cys-76,2,0,2
smectic,2,0,2
finkler,2,0,2
saquinavier,2,0,2
atasoy,2,0,2
jak1-inhibitors,2,0,2
prrsvnvsl#,2,0,2
medalia,2,0,2
pegatron,2,0,2
tavoulari,2,0,2
nvbg,2,0,2
flavirirus,2,0,2
moschus,2,0,2
keoladeo,2,0,2
fromm,2,0,2
fraxinusamericana,2,0,2
dalejamieson,2,0,2
β-blocked,2,0,2
theale,2,0,2
cormiflorum,2,0,2
amoxicillin-clavulanateacid,2,0,2
smrv,2,0,2
lopinavir-ritonoavir,2,0,2
cassidaria,2,0,2
basa,2,0,2
oseltamivir-tamiflu,2,0,2
zanamivir-,2,0,2
od1,2,0,2
chlorlactophenol,2,0,2
chelatingcholesterol,2,0,2
lincrna-eps,2,0,2
withaferin-a,2,0,2
nesprin-3,2,0,2
jrd-l,2,0,2
jrd-l.,2,0,2
cgi-77,2,0,2
potassium/metronidazole,2,0,2
acesulfame,2,0,2
wepay,2,0,2
alimama,2,0,2
cyrilramaphosa,2,0,2
weske,2,0,2
event-epc,2,0,2
medicago,2,0,2
aminoacidsupplementation,2,0,2
immunonutrients,2,0,2
yaneer,2,0,2
[2h4]-chloroquine,2,0,2
cobb2,2,0,2
stearated,2,0,2
asn-9,2,0,2
sayah,2,0,2
arts,2,0,2
p.r.china,2,0,2
ssb,2,0,2
rubbish,2,0,2
dpav-4,2,0,2
ketamin/rompun,2,0,2
aluminium-adjuvanted,2,0,2
heart-block,2,0,2
hbos,2,0,2
k-svm,2,0,2
maciuba,2,0,2
374-amino-acid,2,0,2
204-amino-acid,2,0,2
wootton,2,0,2
ambra,2,0,2
mannina,2,0,2
subotica,2,0,2
gpa,2,0,2
pernagallo,2,0,2
2m$,2,0,2
amiton,2,0,2
youcef,2,0,2
amoxicillin-clavulonicacid,2,0,2
shenqi,2,0,2
targocid,2,0,2
nice,2,0,2
hypochloricacid,2,0,2
artemisiaeannuaeherba,2,0,2
crataevanurvala,2,0,2
grateloupia,2,0,2
inulajaponicathunb,2,0,2
saxifraga,2,0,2
saxifragin,2,0,2
vacv,2,0,2
beech,2,0,2
sphingomonas,2,0,2
fecosterol,2,0,2
6β-hydroxylated,2,0,2
11β-hydrocortisone,2,0,2
11α-hydrocortisone,2,0,2
99mtc‐ciprofloxacin,2,0,2
99mtc‐levofloxacin,2,0,2
levofloxacinhemihydrate,2,0,2
asuman,2,0,2
macavirus,2,0,2
elafil,2,0,2
euthanyl,2,0,2
ketomacrolide,2,0,2
hitcher,2,0,2
zhuang,2,0,2
amprenavir/fosamprenavir,2,0,2
bis‐thf,2,0,2
hydroxymethylsulfonamide,2,0,2
rcophth,2,0,2
f.s.,2,0,2
gjg,2,0,2
spritam,2,0,2
hydroxyprolymethyl,2,0,2
carlberg,2,0,2
heliantriol,2,0,2
russula,2,0,2
celestone,2,0,2
andfavipiravir,2,0,2
novo-heparin,2,0,2
sidaefolium,2,0,2
pelargoniumsidoidesherbalmedicine,2,0,2
pelargoniumsidoides-based,2,0,2
pelargoniumsidoidesphytopharmaceutical,2,0,2
androstenolone,2,0,2
30-valent,2,0,2
ala‐pna,2,0,2
gt5a,2,0,2
lopinavir/ritonavir/ramdesivir,2,0,2
viramia,2,0,2
hemerocallis,2,0,2
illiciumreligiosum,2,0,2
sweetgum,2,0,2
dolce,2,0,2
haemaphysalisspinigera,2,0,2
patradevi,2,0,2
eo-nn,2,0,2
erythobacter,2,0,2
o-acetyl,2,0,2
croxton,2,0,2
punia,2,0,2
is/885/00,2,0,2
anti-pyrin,2,0,2
atropia,2,0,2
folkremedies,2,0,2
β-glycoside,2,0,2
prestigeoil,2,0,2
uyinenemrwetyana,2,0,2
kamisu,2,0,2
core-peptide,2,0,2
microwaves,2,0,2
kuali,2,0,2
posaconazole/voriconazole,2,0,2
hiv.106,2,0,2
(tmp)/sulfamethoxazole,2,0,2
amie,2,0,2
doll,2,0,2
jitsynthjit,2,0,2
fapc,2,0,2
ub-chop,2,0,2
bisthiocyanate,2,0,2
curcusoned,2,0,2
prn1008,2,0,2
ub-vms,2,0,2
wiedijk,2,0,2
7-ketocholestrol,2,0,2
ribarvirin,2,0,2
lopinavir/ritonavirin,2,0,2
vlnp,2,0,2
theranostic,2,0,2
hypervitaminosisd,2,0,2
pegifnα2b,2,0,2
teinufolin,2,0,2
periduralanalgesie,2,0,2
insulindosis,2,0,2
perenterol,2,0,2
azathioprinther,2,0,2
monoklonaler,2,0,2
ethosuximid,2,0,2
azetazolamid,2,0,2
striae,2,0,2
kopfhaare,2,0,2
loprinzki,2,0,2
alexazar,2,0,2
aldosari,2,0,2
isr9,2,0,2
l.officinalis,2,0,2
cinnamon-rosemary-thyme,2,0,2
olbas,2,0,2
-cineole,2,0,2
viridiflorol,2,0,2
cinnamoneos,2,0,2
eugeniacaryophyllatathunb,2,0,2
poecilobdella,2,0,2
vinidh,2,0,2
tricchaperonin,2,0,2
nsca,2,0,2
mir-642b-5p,2,0,2
ndv-vlp,2,0,2
cleeve,2,0,2
ironchelators,2,0,2
dspd1,2,0,2
e.siliculosus,2,0,2
azaindirubin,2,0,2
amore,2,0,2
kreditanstalt,2,0,2
edf,2,0,2
cefoxitinsodium,2,0,2
isatideae,2,0,2
eutremeae,2,0,2
vigna,2,0,2
anticarcinogenfattyacid,2,0,2
pufasn-3,2,0,2
cyp7a1,2,0,2
sambucuschinensis,2,0,2
sambucusjavanica,2,0,2
sambucuslanceolata,2,0,2
sambucusjuice,2,0,2
l.baicalensis,2,0,2
5-fluoracil,2,0,2
archana,2,0,2
n46,2,0,2
aabb,2,0,2
macoilin,2,0,2
alkvpolyprotein,2,0,2
flaviviralns3,2,0,2
epimediumkoreanum,2,0,2
gapmerasos,2,0,2
suvodirsen,2,0,2
origanumvulgare,2,0,2
lactococcus-based,2,0,2
lactisvaccine,2,0,2
interferon(ifn)-α,2,0,2
haslanger,2,0,2
coxsackievirusb3-,2,0,2
dl1520,2,0,2
e3d,2,0,2
bovinervb,2,0,2
thepicovaccvaccine,2,0,2
lopinavir-ritovir,2,0,2
kevrekidis,2,0,2
quaternary,2,0,2
h.nana,2,0,2
zinclactoferrin,2,0,2
phenoxylated,2,0,2
aromaticum,2,0,2
pri-mirnas,2,0,2
cantharellus,2,0,2
craterellus,2,0,2
water-solublepolysaccharides,2,0,2
ze-yuwei,2,0,2
resolvind2,2,0,2
600-mg,2,0,2
rssa,2,0,2
ntus,2,0,2
larvicides,2,0,2
grocock,2,0,2
trim52,2,0,2
okiedokie,2,0,2
rintel,2,0,2
lipid-calcium-phosphate,2,0,2
valine-pyrrolidide,2,0,2
karanjin,2,0,2
piel,2,0,2
medifund,2,0,2
lipo-pge1,2,0,2
sreedhar,2,0,2
phoenician,2,0,2
chicoreus,2,0,2
pinna,2,0,2
hspme,2,0,2
ihalin,2,0,2
somatropin,2,0,2
ristova,2,0,2
peglycation,2,0,2
gs-lectin,2,0,2
"1α,25-dihydroxycholecalciferol",2,0,2
mir-519a,2,0,2
cefditoren-pivoxil,2,0,2
sulfinator,2,0,2
vitaminn,2,0,2
safil,2,0,2
chromotrope,2,0,2
doc2,2,0,2
novochizol,2,0,2
irdye,2,0,2
alpp,2,0,2
indo-,2,0,2
lonchophyllinae,2,0,2
iφ,2,0,2
φ-conjugate,2,0,2
pregsure,2,0,2
ammonium-chloride,2,0,2
valet,2,0,2
stipanuk,2,0,2
r.flavipectus,2,0,2
selamat,2,0,2
hcv-pan,2,0,2
ogre,2,0,2
sirevirus,2,0,2
l.japonicus,2,0,2
sonchus,2,0,2
neo-macrolide,2,0,2
writing,2,0,2
trilisky,2,0,2
sonoclot,2,0,2
mauritine,2,0,2
frum,2,0,2
thamnidium,2,0,2
randoslaw,2,0,2
dehydrons,2,0,2
callophyllis,2,0,2
purpureum,2,0,2
carpopeltis,2,0,2
solieria,2,0,2
obtusiloba,2,0,2
sphincterotomy,2,0,2
tadt,2,0,2
cromogen,2,0,2
maculinea,2,0,2
(–)-epigallocatechin-3-gallate,2,0,2
fa-ab,2,0,2
pa2,2,0,2
bacillol,2,0,2
pelerin,2,0,2
fp21,2,0,2
ctf13,2,0,2
wot.,2,0,2
hsa-mir-332-3p,2,0,2
",hsa-mir-628-5p,hsa-mir-6804-3p,hsa-mir-4289,hsa-mir-208a-3p,hsa-mir-510-3p,hsa-mir-18a-3p,hsa-mir-329-3p,hsa-mir-548ax,hsa-mir-3934-5p,hsa-mir-4474-5p,hsa-mir-7974,hsa-mir-6865-5p",2,0,2
aljewari,2,0,2
aa-index,2,0,2
lnprfamide,2,0,2
flp-27,2,0,2
ryamide,2,0,2
ang-(1–7,2,0,2
behrinet,2,0,2
β-galactase,2,0,2
azo-xylan,2,0,2
tmp/sulfisoxazole,2,0,2
muñoz-bellerín,2,0,2
"1,4-piperazine",2,0,2
pheng,2,0,2
tafo,2,0,2
abinkyi,2,0,2
kronum,2,0,2
cobbinah,2,0,2
antibiotikabedarf,2,0,2
subcutaneum,2,0,2
mpladjuvant,2,0,2
cochleates,2,0,2
dendrosome,2,0,2
polycarbophil,2,0,2
gorea,2,0,2
guassi,2,0,2
killeen,2,0,2
esr,2,0,2
modeler,2,0,2
leukotrienelipids,2,0,2
tipelukast,2,0,2
sulfenicacid,2,0,2
penicilloyl-hsa,2,0,2
cicla,2,0,2
msi-99,2,0,2
chrysopid,2,0,2
zfp,2,0,2
hydroxypropionat,2,0,2
elastasen,2,0,2
itch,2,0,2
il1rapl1,2,0,2
azathioprine/prednisone,2,0,2
acholeplasma,2,0,2
cystin,2,0,2
s-sulfonated,2,0,2
wcr,2,0,2
piermartini,2,0,2
vadila,2,0,2
hcv-lp,2,0,2
hcv-retro,2,0,2
liposoma,2,0,2
antisepticgel/alcohol,2,0,2
epigallocatechin3-gallate,2,0,2
aseanpetroleum,2,0,2
proclaimed,2,0,2
haumania,2,0,2
dombeya,2,0,2
p-amidinophenylalanine,2,0,2
n-amidinopiperidine,2,0,2
(s)-rivastigmine,2,0,2
malathione,2,0,2
mecanum,2,0,2
5-halouracil,2,0,2
halouracil,2,0,2
lysins,2,0,2
salmonelladublin,2,0,2
foldase,2,0,2
arbidol/lopinavir/ritonavir,2,0,2
odontophora,2,0,2
plectida,2,0,2
tylenchina,2,0,2
trichinella,2,0,2
scalidophora,2,0,2
onychophora,2,0,2
onychohoran,2,0,2
heterodera,2,0,2
retinol/vitamin,2,0,2
m.pudica,2,0,2
elephanthopus,2,0,2
melicope,2,0,2
quinine/chloroquine,2,0,2
echinacae,2,0,2
dossin,2,0,2
atf6f,2,0,2
lavi-steiner,2,0,2
bisha-1,2,0,2
sav.,2,0,2
phenol-furfural,2,0,2
5-nitropyridine,2,0,2
conjugated3,2,0,2
insulinpumpentherapie,2,0,2
gliclazid,2,0,2
goupil,2,0,2
chinin-monotherapie,2,0,2
ippo,2,0,2
justicia,2,0,2
bernice,2,0,2
ethanolamine-hcl,2,0,2
staph,2,0,2
of.39,2,0,2
d-24,2,0,2
luhu,2,0,2
casullo,2,0,2
altanserin,2,0,2
pirenpirone,2,0,2
chordata,2,0,2
tollip,2,0,2
8a10,2,0,2
glyccyrrhizin,2,0,2
dexmedetomidine-ketamine,2,0,2
zunin,2,0,2
atglistatin,2,0,2
strabo,2,0,2
œstradiol,2,0,2
malariavaccinerts,2,0,2
nenhumo,2,0,2
nib,2,0,2
lamos,2,0,2
tropherema,2,0,2
anti-mir-142mis,2,0,2
mir-142-5pantagomirs,2,0,2
micrornamir-142,2,0,2
bromodomain,2,0,2
srx3177,2,0,2
harper,2,0,2
anti-4,2,0,2
covidaria,2,0,2
laminins,2,0,2
gallateesters,2,0,2
v.vinifera,2,0,2
commiphora,2,0,2
phyllanthusemblicus,2,0,2
glycyrrhizaglabralinn,2,0,2
giloyherb,2,0,2
qercetin,2,0,2
sige,2,0,2
beta-17-estradiol,2,0,2
blankaartiaacuscutellaris,2,0,2
puerarialobataohwi,2,0,2
silex,2,0,2
creme,2,0,2
α-ketobutyrate,2,0,2
fkbp12-rapamycin,2,0,2
firano,2,0,2
farhi,2,0,2
hexanediol,2,0,2
orbiculatus,2,0,2
oligostilbenes,2,0,2
bilibed,2,0,2
timothywilliam,2,0,2
myricanagithunb,2,0,2
ristanović,2,0,2
ribavirin/rifn,2,0,2
monoxime,2,0,2
mir-589,2,0,2
cilexetin,2,0,2
znac2,2,0,2
moral,2,0,2
7-ramnoside,2,0,2
d-alpha-tocopherol,2,0,2
halipegus,2,0,2
florfenico,2,0,2
diosmectita,2,0,2
prabin,2,0,2
strychinine,2,0,2
hs-proteoglycan,2,0,2
chs-proteoglycan,2,0,2
cucarella,2,0,2
pastijn,2,0,2
atilgan,2,0,2
hdroxychloroquine,2,0,2
hydroxychlorpoquine,2,0,2
quinolonetanshinone,2,0,2
1-mna,2,0,2
opica,2,0,2
alqaeda,2,0,2
sunni-shia,2,0,2
aymanal-zawahiri,2,0,2
salafi,2,0,2
darul,2,0,2
jemaah,2,0,2
herpestesurva,2,0,2
jaintia,2,0,2
cibinong,2,0,2
forsythensis,2,0,2
hepacivirin,2,0,2
npro,2,0,2
walras,2,0,2
liesp,2,0,2
methyl-nonylketone,2,0,2
gebuza,2,0,2
b.striata,2,0,2
adara,2,0,2
tms-diazomethane,2,0,2
5′-biotin,2,0,2
korotnev,2,0,2
atsimo,2,0,2
ospemifene,2,0,2
anti-hcmv,2,0,2
glycin-hcl,2,0,2
hettig,2,0,2
primiceri,2,0,2
sulfanomide,2,0,2
engerixb.,2,0,2
alumadjuvancity,2,0,2
aoutus,2,0,2
glycopyrroniumbromid,2,0,2
ghanimwahida,2,0,2
shanidarb1,2,0,2
liguliflorae,2,0,2
chenopodiaceae-artemisia,2,0,2
nilofar,2,0,2
shlema,2,0,2
sata,2,0,2
fleximers17a,2,0,2
5-bromoribavirin,2,0,2
dezongpharmaceutical,2,0,2
mre-wirksame,2,0,2
trioxaadamantanetriol,2,0,2
anacolosa,2,0,2
larsenii,2,0,2
tabak,2,0,2
deet/permethrin,2,0,2
card9,2,0,2
hydrochloride/xylazine,2,0,2
aurobindo,2,0,2
karma,2,0,2
gῑtā,2,0,2
avarnas,2,0,2
neuromedex,2,0,2
ifn-beta-1,2,0,2
zanamivir.104,2,0,2
halogeometricum,2,0,2
sona,2,0,2
v/7-aminoactinomycind,2,0,2
gadd45,2,0,2
fu-qingxu,2,0,2
eosinophiluria,2,0,2
antifilarial,2,0,2
rp1,2,0,2
flua-h1,2,0,2
zincconjugates,2,0,2
isuprel,2,0,2
ards.midazolam,2,0,2
eufp7projectprepare,2,0,2
mbuti,2,0,2
guggulsterone/gw4064,2,0,2
doxycycline/azithromycin,2,0,2
iodium,2,0,2
crotamin,2,0,2
enele,2,0,2
max-cut,2,0,2
α‐ketoamide,2,0,2
opburv,2,0,2
ascovirus,2,0,2
fauer,2,0,2
hfl.,2,0,2
kahwash,2,0,2
lhqwmeridian,2,0,2
lhqwherbs,2,0,2
gal-β(1,2,0,2
soto,2,0,2
uine,2,0,2
ana773,2,0,2
pf-04878691,2,0,2
fötus,2,0,2
ceriumnitrate,2,0,2
isothiazoline/cabamate,2,0,2
calciumtungstate,2,0,2
thiooxidans,2,0,2
heterophyllus,2,0,2
boodlea,2,0,2
d-mannopyranoside,2,0,2
glp65,2,0,2
rapamycin/rapalog,2,0,2
mifepristone/ulipristal,2,0,2
hujintao,2,0,2
hsa-mir22,2,0,2
cefoxitin-cycloserine,2,0,2
quetiapinefumarate,2,0,2
chabaud,2,0,2
2'-fluoropyrimidines,2,0,2
hh363,2,0,2
aptamer-sirna,2,0,2
slobogin,2,0,2
ghauri,2,0,2
valodia,2,0,2
endlovini,2,0,2
angiotnesin,2,0,2
hydroxychloroquine37,2,0,2
solovejcev,2,0,2
lgm-sim,2,0,2
triclorotrifluoroethane,2,0,2
brodin,2,0,2
sindib,2,0,2
pilowsky,2,0,2
p@30,2,0,2
ketamin/xylazin,2,0,2
psyclub,2,0,2
dfdt,2,0,2
fpdi,2,0,2
fazd,2,0,2
tienet,2,0,2
meteor,2,0,2
β-glucanase,2,0,2
vigon,2,0,2
zinia,2,0,2
viavattene,2,0,2
wentao,2,0,2
hr-hpva9,2,0,2
xiumin,2,0,2
haidee,2,0,2
kdo,2,0,2
feni,2,0,2
gld-2,2,0,2
21-ntisomer,2,0,2
epimediumflavone,2,0,2
cinnamon[4,2,0,2
nuevaecija,2,0,2
obus,2,0,2
perotin,2,0,2
economist,2,0,2
alumina,2,0,2
berastegui,2,0,2
emin,2,0,2
tcovpolyprotein,2,0,2
amg.it,2,0,2
v8.0,2,0,2
ribavirin.63,2,0,2
xixiaxlá,2,0,2
z.auriculata,2,0,2
lactoferrin-α,2,0,2
bifidobacteium,2,0,2
n-glycan,2,0,2
prma,2,0,2
benzylkonium,2,0,2
rac-cephalotaxine,2,0,2
cephalancetines,2,0,2
cephalotines,2,0,2
cephalezomined,2,0,2
demethylcephalotaxinone,2,0,2
chloroalcohol,2,0,2
spirolactam,2,0,2
d-proline(r)-140,2,0,2
bromodiol,2,0,2
dioxolanone,2,0,2
hydroxymercuration,2,0,2
tetracycle,2,0,2
bp-cml,2,0,2
hht/cytarabine,2,0,2
etttukeb,2,0,2
prod,2,0,2
mir-761,2,0,2
mir-29b-1-5p,2,0,2
antiimunoglobulin,2,0,2
gemcitabine-oxaliplatin,2,0,2
icpc-codering,2,0,2
anti-poverty,2,0,2
β-nad,2,0,2
soloaga,2,0,2
toxina/b,2,0,2
cefepirom,2,0,2
ceftazidime/nxl104,2,0,2
b-rifampicin,2,0,2
cemin,2,0,2
mokaddas,2,0,2
wc28,2,0,2
pvl-pos,2,0,2
amedeo,2,0,2
cefalù,2,0,2
mrr,2,0,2
dobrava,2,0,2
methicilline,2,0,2
rm15,2,0,2
cefexim,2,0,2
barantsevich,2,0,2
linezolid-r,2,0,2
penicillin-r,2,0,2
azithromycin/clarithromycin,2,0,2
bodegraven,2,0,2
is-pro,2,0,2
cateslytin,2,0,2
ruh,2,0,2
l.turanica,2,0,2
mir‐29,2,0,2
asotin,2,0,2
srtz,2,0,2
anacor,2,0,2
bioisostere,2,0,2
remdesivir/lopinavir,2,0,2
satterlee,2,0,2
cefeid,2,0,2
n-acetyl-l-cysteine-sodiumhydroxide,2,0,2
nubbin,2,0,2
diphoshate,2,0,2
inhibitor-lacidipine,2,0,2
btkynl63,2,0,2
larestan,2,0,2
ll-il35,2,0,2
echan,2,0,2
riminophenazine,2,0,2
gräffe,2,0,2
reaper-15,2,0,2
enrica,2,0,2
isodor,2,0,2
spinella,2,0,2
sevi,2,0,2
chloroquine-wide,2,0,2
bist,2,0,2
patek,2,0,2
westliche,2,0,2
wrccurriculum,2,0,2
helicoverpaarmigera,2,0,2
tetraviruseshasv,2,0,2
setothosea,2,0,2
a&m.,2,0,2
chlorauricacid,2,0,2
kantian,2,0,2
manaba,2,0,2
(2).it,2,0,2
map27,2,0,2
inidin,2,0,2
capsella,2,0,2
sophoraflavanoneg,2,0,2
norepinephrine-induced,2,0,2
alphastatin,2,0,2
financials,2,0,2
bacevice,2,0,2
pegylated-ifnα-ribavirin,2,0,2
solhatt,2,0,2
echinaceaherb,2,0,2
alkylamides,2,0,2
ethanoljuice,2,0,2
ebi3,2,0,2
lycopersicum,2,0,2
probioticvaccine,2,0,2
walkeshwar,2,0,2
swasti,2,0,2
samalin,2,0,2
glycopirrolate,2,0,2
cholcystokinin,2,0,2
ketotifenfumarate,2,0,2
iopidine,2,0,2
levobetaxolol,2,0,2
latrunculins,2,0,2
glaucophyllum,2,0,2
(oh)2vitamind3,2,0,2
ampicillin/gentamicin,2,0,2
flavivirusns3,2,0,2
nicotine/caffeine,2,0,2
yours,2,0,2
magin,2,0,2
mab-ozogamacin,2,0,2
ifnα-2b-ribavirin,2,0,2
tyralis,2,0,2
egcganti-influenza,2,0,2
urso‐deoxycholic,2,0,2
aimovig,2,0,2
c1-esterase-inhibitor,2,0,2
siliq,2,0,2
myricetin3-o-rhamnoside,2,0,2
(−)epicatechin,2,0,2
acetaminophen/tramadol,2,0,2
gv-1.thegi-5,2,0,2
benazet,2,0,2
sarraceniaceae,2,0,2
ceanothus,2,0,2
dipterocarps,2,0,2
twist/mir-10b,2,0,2
hsc,2,0,2
zanamivir/relenza,2,0,2
hnr05,2,0,2
s-sirna1,2,0,2
raulff,2,0,2
darobactin,2,0,2
bromodeoxyridine,2,0,2
cesarelombroso,2,0,2
lombrosian,2,0,2
shark-liver,2,0,2
alloc2,2,0,2
fluckiger1884,2,0,2
diamino,2,0,2
scfskp2,2,0,2
smer3,2,0,2
levner,2,0,2
lcn,2,0,2
hitoe,2,0,2
clevudine/emtricitabine,2,0,2
interleukin-12,2,0,2
m36,2,0,2
trimeris,2,0,2
c34-chol,2,0,2
n-bp,2,0,2
tungstenic,2,0,2
aolenin,2,0,2
methyl-guanosine,2,0,2
fenicia,2,0,2
karplus,2,0,2
chinensiskoidz,2,0,2
il10r2,2,0,2
skype,2,0,2
apronex,2,0,2
larroussius,2,0,2
yamato,2,0,2
nissin,2,0,2
gomel,2,0,2
coxsackievirusa16(,2,0,2
carbachol+histamine,2,0,2
isoproterenol/forskolin,2,0,2
curia,2,0,2
hbv-mir-3,2,0,2
hcv.drug,2,0,2
sapindaceae,2,0,2
bicarpellate,2,0,2
procyanidinb4,2,0,2
terrine,2,0,2
biscochuelo,2,0,2
cyp-a,2,0,2
sema6b,2,0,2
aluminumchloride,2,0,2
td4,2,0,2
catechin-grafted,2,0,2
renedubos,2,0,2
hemex,2,0,2
f-block,2,0,2
gongii,2,0,2
clenbueterol,2,0,2
quercetin/vitamin,2,0,2
reber,2,0,2
anti-ceacam1,2,0,2
anti-filamin,2,0,2
henipavirus,2,0,2
pep1d,2,0,2
oroxylin-a,2,0,2
wogoninglucuronide,2,0,2
ethylparaben,2,0,2
baicalin/baicalein,2,0,2
wogonoside/wogonin,2,0,2
"baicalein,wogonin",2,0,2
hsiao-cheng-chi-tang,2,0,2
xietindecoction,2,0,2
2-chlorethanol,2,0,2
wogoninsulfates,2,0,2
paconiflorin,2,0,2
herbdecoction,2,0,2
tilbrook,2,0,2
fridkin,2,0,2
hcv.more,2,0,2
securityprogramme,2,0,2
canmeds,2,0,2
supraglottic,2,0,2
o-sulfation,2,0,2
phlebovirusgc,2,0,2
nsm-gn/gc,2,0,2
silica/guanidinium,2,0,2
ga17,2,0,2
epox,2,0,2
mutair,2,0,2
d-valine,2,0,2
carneiro,2,0,2
kegel,2,0,2
synoil,2,0,2
nitroanaline,2,0,2
17dyfvvaccine,2,0,2
cytd,2,0,2
pogostemonisherba,2,0,2
osteopilus,2,0,2
antihistamine/decongestant,2,0,2
tlt,2,0,2
lipf,2,0,2
guangxi,2,0,2
polycation,2,0,2
kelishadi,2,0,2
gapovirus,2,0,2
water-sodiumchloride,2,0,2
penicillamine-cysteine,2,0,2
mercaptopropionyl,2,0,2
iminoglycinuria,2,0,2
cytochalasin-b,2,0,2
zedalis,2,0,2
ringgits,2,0,2
parenteralsvaccine,2,0,2
narsad,2,0,2
vitaminsb-6,2,0,2
hygieneshield,2,0,2
eugenolbananin,2,0,2
15-hete,2,0,2
asparagine-linked,2,0,2
sabinemihm,2,0,2
agaritine,2,0,2
vitexicarpin,2,0,2
liu-wei-di-huang,2,0,2
orlob,2,0,2
2011).but,2,0,2
glinow,2,0,2
paeonialactiflora,2,0,2
mosladianthera,2,0,2
catechin/theanine,2,0,2
bupivicaine-hcl,2,0,2
dáil,2,0,2
chmp4,2,0,2
ephoron,2,0,2
hindostan,2,0,2
tortopsis,2,0,2
seleniumoxide,2,0,2
benzeneseleninicanhydride,2,0,2
seleniousacid,2,0,2
tp-,2,0,2
50-pound,2,0,2
tetracycline-hydrochloride,2,0,2
dolo,2,0,2
sentrin,2,0,2
basilica,2,0,2
oleophilic,2,0,2
wisteria,2,0,2
"2,5-diphenyloxazole",2,0,2
miltiorrhizaeradix,2,0,2
20(r)-ginsenosiderg3,2,0,2
kusnezoffiiradix,2,0,2
edgewood,2,0,2
eretria,2,0,2
",nipd",2,0,2
coloboma,2,0,2
bisulfan,2,0,2
amoscanate,2,0,2
n-ethyl-n-nitrosurea,2,0,2
β-genus,2,0,2
lavorel,2,0,2
patwa,2,0,2
bijl,2,0,2
γ-thionin,2,0,2
norambuena,2,0,2
intergenera-,2,0,2
uniacke,2,0,2
n-methylribamidine,2,0,2
il‐6,2,0,2
alafenamide/emtricitabine,2,0,2
spirulinapolysaccharide,2,0,2
chrysoviruses,2,0,2
boubourakas,2,0,2
prenyl,2,0,2
methylethylketone,2,0,2
zephiran,2,0,2
xanthates,2,0,2
coxsackiea24,2,0,2
hbv/g.,2,0,2
elbaraka,2,0,2
skintzi,2,0,2
mcgorrin,2,0,2
gryson,2,0,2
3-aminotrizole,2,0,2
cycloplegic,2,0,2
travaprost,2,0,2
lynge,2,0,2
mcafee,2,0,2
azadi,2,0,2
usp16,2,0,2
adriatic,2,0,2
rolipram/oseltamivir,2,0,2
joghurt,2,0,2
44-residue,2,0,2
dv2e,2,0,2
kaletratm,2,0,2
pegylated-ifn-λ,2,0,2
prosol,2,0,2
2).vitamin,2,0,2
amhass,2,0,2
celesia,2,0,2
empathico,2,0,2
laurentide,2,0,2
oxyfuel,2,0,2
tp-38,2,0,2
c-doxorubicin,2,0,2
nlra,2,0,2
artemisiaherb,2,0,2
beroll,2,0,2
polivar,2,0,2
humidophila,2,0,2
gomphonema,2,0,2
pseudostarosira,2,0,2
h.gallica,2,0,2
pitas,2,0,2
escola,2,0,2
kecshkemethy,2,0,2
iftomm,2,0,2
mpi-2,2,0,2
mir-1264-3p,2,0,2
heidi,2,0,2
lisinopril/hydrochlorothiazide,2,0,2
(crs).anakinra,2,0,2
cpr7,2,0,2
balsam,2,0,2
tnf2,2,0,2
ns3envco/e2.680/odn39m,2,0,2
sis11,2,0,2
cranberrybog,2,0,2
cranberryindustry,2,0,2
syntaxin-11,2,0,2
foxy,2,0,2
biotinylatedthymidine,2,0,2
l.serrata,2,0,2
ornithobilharzia,2,0,2
tororo,2,0,2
bapras,2,0,2
pergolide).it,2,0,2
slc1,2,0,2
silvernanowires,2,0,2
apo-a1,2,0,2
romacker,2,0,2
zuletzt,2,0,2
scaria,2,0,2
chairmanmao,2,0,2
neemnano-emulsion,2,0,2
azadirachtines,2,0,2
arboretum,2,0,2
zn-thymulin,2,0,2
alverdy,2,0,2
atgl,2,0,2
sarvan,2,0,2
aspartates,2,0,2
ci-9,2,0,2
glycins,2,0,2
ci-3,2,0,2
piperacillin/tazobacatam,2,0,2
valax,2,0,2
l‐arabinose,2,0,2
flumistquadrivalent,2,0,2
taskforce,2,0,2
pitirim,2,0,2
luke,2,0,2
hbv-x.on,2,0,2
whss,2,0,2
imidazolines,2,0,2
"hsa-mir-4747-5p,hsa-mir-4441,hsa-mir-4709-3p,ebv-mir-bhrf1-2-3p,hsa-mir-585-3p",2,0,2
hsa-mir-195,2,0,2
roxellana,2,0,2
β-mercaptoetanol,2,0,2
lb-ampicillin-chloramphenicol,2,0,2
ub-k6,2,0,2
ub-k63,2,0,2
capecitabin/oxaliplatin,2,0,2
arabinoside/daunorubicin,2,0,2
praziquantal,2,0,2
lsdt,2,0,2
vsv-ebov,2,0,2
cefa,2,0,2
droxilo,2,0,2
bromiley,2,0,2
ruef,2,0,2
hartzler,2,0,2
anesthesia,2,0,2
valve,2,0,2
vata-kaphaja,2,0,2
penbutolol,2,0,2
papayas,2,0,2
alphatocopherol,2,0,2
chyawanprash,2,0,2
lucanix,2,0,2
loop/aminoglycoside,2,0,2
thymine-neomycin,2,0,2
13-amino-acid,2,0,2
rapanos,2,0,2
liii,2,0,2
g.uralensisfisch,2,0,2
clarithromycin-,2,0,2
cta1-dd-adjuvant,2,0,2
tcmherbal,2,0,2
ozonator,2,0,2
b.papyrifera,2,0,2
catechingcg,2,0,2
"catechins,",2,0,2
mir-652-3p,2,0,2
tachypnoiec,2,0,2
conjugatepolysaccharide,2,0,2
cyd-tdvdenguevaccine,2,0,2
beclin-2,2,0,2
cationicnano-silver,2,0,2
lp-esat-6vaccine,2,0,2
esat-6-based,2,0,2
jfh-1hcv,2,0,2
cidca,2,0,2
3898-amino-acidpolyprotein,2,0,2
chernin,2,0,2
phlebotamine,2,0,2
pro-140,2,0,2
cholesterol-tag,2,0,2
t-siglecf,2,0,2
o-dianasidine,2,0,2
sandelin,2,0,2
girolomo,2,0,2
diclofenic,2,0,2
fenofibric,2,0,2
o-desmethyl-venlafaxine,2,0,2
oh-bupropion,2,0,2
hydrobupropion,2,0,2
desmethyl-citalopram,2,0,2
etofibrate,2,0,2
meprobamate,2,0,2
theranibizumab,2,0,2
h2dcfda,2,0,2
vulić,2,0,2
magnesiumsupplementation,2,0,2
magnesium-rich,2,0,2
pseudophedrine,2,0,2
hydrosol,2,0,2
lipopeptide,2,0,2
amalio,2,0,2
nyacol,2,0,2
η).it,2,0,2
phillip,2,0,2
rehmanniadecoction,2,0,2
rhizomaanemarrhenadecoction,2,0,2
liliibulbus,2,0,2
spinosi,2,0,2
geniposides,2,0,2
zint,2,0,2
manshiohyanagi,2,0,2
doxovestm,2,0,2
schinazi,2,0,2
[7].ribavirin,2,0,2
aprp,2,0,2
smcd-59,2,0,2
herc3,2,0,2
mediplast,2,0,2
autologous,2,0,2
bromogeramine,2,0,2
5-bromo-2'deoxyuridine,2,0,2
sftpd,2,0,2
sang-gong,2,0,2
225aa,2,0,2
chov,2,0,2
hapavirus,2,0,2
trekking,2,0,2
bilim,2,0,2
heptafuhalol,2,0,2
[31].bupropion,2,0,2
pp1apolyprotein,2,0,2
pp1abpolyprotein,2,0,2
okavirus,2,0,2
light-ketamine,2,0,2
hhv6a,2,0,2
anti-pimonidazole,2,0,2
bayerscheringpharma,2,0,2
pirquet,2,0,2
anti-siglec-8,2,0,2
moscow,2,0,2
hun4f112,2,0,2
celex,2,0,2
zevin,2,0,2
nsp1-,2,0,2
parnafungin,2,0,2
2-bromoacetophenone14a,2,0,2
glucococorticoid,2,0,2
glucocorticoid/leflunomide,2,0,2
prophylthiouracil,2,0,2
auroprobe,2,0,2
mercurynitrate,2,0,2
sssv,2,0,2
ofex,2,0,2
mycogen,2,0,2
povl,2,0,2
amger,2,0,2
coelacanth,2,0,2
panacos,2,0,2
batabulin,2,0,2
batubulin,2,0,2
vernalis,2,0,2
athelas,2,0,2
metabolex,2,0,2
biotica,2,0,2
mitotix,2,0,2
avidex,2,0,2
fipamezole,2,0,2
alligator,2,0,2
ace-031,2,0,2
cecropinb1,2,0,2
brevenin-2r,2,0,2
phyllomedusa,2,0,2
ampchrysophsin-1,2,0,2
chrysophsin-1,2,0,2
rss-arasin,2,0,2
grifficyclocin,2,0,2
folimonova,2,0,2
crassifolia,2,0,2
7β-hydroxycholesterol,2,0,2
olfm2,2,0,2
pdgfaa,2,0,2
sema3e,2,0,2
microrna-1,2,0,2
microrna-124,2,0,2
microrna-126,2,0,2
endothelial,2,0,2
microrna-195,2,0,2
mir203,2,0,2
scfr,2,0,2
mir490,2,0,2
mir590-3p,2,0,2
mir638,2,0,2
mir211,2,0,2
mir141,2,0,2
mir27,2,0,2
mir191,2,0,2
mir150-5p,2,0,2
mir223,2,0,2
mir768,2,0,2
mir4306,2,0,2
mir363,2,0,2
mir140,2,0,2
nrg1,2,0,2
mir548f-5p,2,0,2
linc00323,2,0,2
wisper,2,0,2
pepducins,2,0,2
rac2,2,0,2
mir449,2,0,2
lncarsr,2,0,2
reninemia,2,0,2
half-cystine,2,0,2
s-pyridylethylation,2,0,2
tertazolium,2,0,2
lp11,2,0,2
mlp1,2,0,2
coo,2,0,2
leucomax,2,0,2
norvartis,2,0,2
anti-mir17,2,0,2
exomer,2,0,2
vanitha,2,0,2
antipseudomona,2,0,2
langenau,2,0,2
ant-tetanus,2,0,2
indigotica(banlangen,2,0,2
isatis,2,0,2
eup,2,0,2
regionalaetikprövningsnämnden,2,0,2
nvb97,2,0,2
rebels,2,0,2
ce/20-04,2,0,2
pxdlycorine,2,0,2
johan,2,0,2
villavicencio,2,0,2
drv/ritonavir,2,0,2
smo1,2,0,2
l-thymidine,2,0,2
penciclovir-triphosphate,2,0,2
6-deoxypenciclovir,2,0,2
ilpd,2,0,2
cellulosesponge,2,0,2
piperita,2,0,2
x-glu,2,0,2
hydroxychloroquine8,2,0,2
evf-2,2,0,2
a.fistulosum,2,0,2
fistulosum,2,0,2
gianni,2,0,2
zeug,2,0,2
φρόνησις,2,0,2
latour,2,0,2
nppb,2,0,2
espiroquetas,2,0,2
α-crystallin,2,0,2
sirna-paclitaxel,2,0,2
kan,2,0,2
lutetium-177,2,0,2
iodide-131,2,0,2
astatine-211,2,0,2
astarte,2,0,2
vanegas,2,0,2
phenoxymethyl-penicillin,2,0,2
younis,2,0,2
nefrostomie,2,0,2
6-acetylmorphine,2,0,2
oxycodone-targeted,2,0,2
oxycodone-tt,2,0,2
morphine-klh,2,0,2
l-propranolol,2,0,2
ntchisi,2,0,2
lewis,2,0,2
anti-oestrogen,2,0,2
ufp2,2,0,2
25-adenosine,2,0,2
lbfo,2,0,2
ophiopogonjaponicas,2,0,2
ammoniumsalt-polysaccharide,2,0,2
ds-1,2,0,2
infosys,2,0,2
alcaftadine,2,0,2
α-hydroxyprogesterones,2,0,2
afimoxifene,2,0,2
calin,2,0,2
pamgalactan,2,0,2
amoxicillin-clavunalat,2,0,2
myrmecia,2,0,2
jja,2,0,2
disasterrelief,2,0,2
dibucain,2,0,2
binhu,2,0,2
pre-oxygenate,2,0,2
gfp-chloramphenicol,2,0,2
rhcv,2,0,2
velpatasvir-sofosbuvir,2,0,2
emodincarbenoxolone,2,0,2
lopinavar,2,0,2
cpi,2,0,2
z-phe-leu,2,0,2
erdgas,2,0,2
staudamm,2,0,2
cgi-99,2,0,2
asw,2,0,2
gm1,2,0,2
limba,2,0,2
spandaro,2,0,2
chardin,2,0,2
flurogesteroneacetate,2,0,2
tbev-eu,2,0,2
chimamanda,2,0,2
argininer,2,0,2
aspartate-proline,2,0,2
l-peptide,2,0,2
4-metylumbelliferone,2,0,2
raftiline,2,0,2
longumbv,2,0,2
vot,2,0,2
fchi,2,0,2
nidus,2,0,2
pabrinex,2,0,2
isavhe,2,0,2
he4,2,0,2
ampiciline,2,0,2
siglec-5,2,0,2
ampicillin-sulbactam-based,2,0,2
rugosaflavonoids,2,0,2
halogenateddihydrorugosaflavonoids,2,0,2
judi,2,0,2
binol,2,0,2
prolinols,2,0,2
carnap.io,2,0,2
luiz,2,0,2
pastor,2,0,2
igreja,2,0,2
dxs1,2,0,2
dornase-alfa,2,0,2
fga,2,0,2
russland,2,0,2
3-methylindole,2,0,2
cocarcinogen,2,0,2
csfvp7viroporin,2,0,2
gonye,2,0,2
2′-modifiedsi-1ome,2,0,2
nsp3d,2,0,2
(phenylephrine).in,2,0,2
pingo,2,0,2
ubatuba,2,0,2
n-methylpyrrolidone,2,0,2
koranic,2,0,2
chikve2,2,0,2
2-bp,2,0,2
kaoline,2,0,2
br-uridine,2,0,2
fusi,2,0,2
diphtheria-pertussis-tetanus-pertussis,2,0,2
rubellastrategicplan,2,0,2
manisjavanica,2,0,2
riger,2,0,2
rhizogene,2,0,2
cyp93e6,2,0,2
tp63,2,0,2
ficetola,2,0,2
bafilyomycina1,2,0,2
pref/advax-sm,2,0,2
quil-asaponins,2,0,2
metastim,2,0,2
suleymanova,2,0,2
selasphorus,2,0,2
apobec,2,0,2
baekje,2,0,2
gojong,2,0,2
sirang,2,0,2
haesun,2,0,2
emtricitabine/,2,0,2
tricho,2,0,2
clinidata,2,0,2
joko,2,0,2
2-helix,2,0,2
tfsom,2,0,2
aadac,2,0,2
artemisiaketone,2,0,2
artesunate-valacyclovir,2,0,2
hhv-b,2,0,2
anti-amoeba,2,0,2
argatroban/bivalirudin,2,0,2
chroicocephalus,2,0,2
pavol,2,0,2
chaophrya,2,0,2
hsiang-laiwen,2,0,2
balaji,2,0,2
tetsuo,2,0,2
antipneumococcus,2,0,2
oligo-oxa-adamantanes,2,0,2
granovetter,2,0,2
nupulsecv,2,0,2
zulia,2,0,2
yel1p,2,0,2
sec7p,2,0,2
gasperin,2,0,2
cordella,2,0,2
kolavenol,2,0,2
copaibaditerpenoids,2,0,2
methoxy,2,0,2
hydroxymethylene,2,0,2
copaifera,2,0,2
polyalthicacid,2,0,2
acycloguanoside,2,0,2
etonorgestrel,2,0,2
rv8,2,0,2
ec16,2,0,2
hoechst,2,0,2
thyssenkrupp,2,0,2
hydrogenroadmaps,2,0,2
prostenoids,2,0,2
zindagi,2,0,2
chive1,2,0,2
tornier,2,0,2
2024,2,0,2
1-amantadine,2,0,2
parke-davis,2,0,2
geermu,2,0,2
bhf,2,0,2
cnbg,2,0,2
emerson,2,0,2
lomask,2,0,2
p.ginseng,2,0,2
ginsana,2,0,2
"cyx,ccz",2,0,2
lactamide,2,0,2
artemisinin(s,2,0,2
pardaxin,2,0,2
nlg919,2,0,2
mungo,2,0,2
asrb,2,0,2
mn-methionine,2,0,2
cu-lysine,2,0,2
cr-propionate,2,0,2
sodiumglycyrrhizate,2,0,2
syzygiumcumini,2,0,2
au-nps,2,0,2
jauhiainen,2,0,2
tantardini,2,0,2
mytilene,2,0,2
cazorla,2,0,2
mandel,2,0,2
n-3fa,2,0,2
selenium-supplemented,2,0,2
theaflavin3-gallate,2,0,2
cyperene,2,0,2
(+)-α-bisabolol,2,0,2
nectandra,2,0,2
nectandraoils,2,0,2
torvoside,2,0,2
m.crispa,2,0,2
purpurin,2,0,2
breviflorum,2,0,2
benzopyran,2,0,2
arreola,2,0,2
sh-antioxidants,2,0,2
perek,2,0,2
hampras,2,0,2
hpv93,2,0,2
hoq,2,0,2
isrd,2,0,2
qufeidu,2,0,2
megvii,2,0,2
angelidou,2,0,2
maripa,2,0,2
dnajc14,2,0,2
tasiamide,2,0,2
tetanustoxoid(,2,0,2
calista,2,0,2
yeltzin,2,0,2
dryvax®,2,0,2
acam2000vaccine,2,0,2
philosopherjeremy,2,0,2
parviflorumethanolic,2,0,2
e.plantagineum,2,0,2
kaempferol-3-o-neohesperidoside,2,0,2
enantiomeralkannin,2,0,2
jarnych,2,0,2
agaropectin,2,0,2
tundikeri,2,0,2
tenuiflorum,2,0,2
godhuma,2,0,2
doshas,2,0,2
c31g,2,0,2
albendazole/netobimin,2,0,2
nakilat,2,0,2
shuangyashan,2,0,2
calcyphosin,2,0,2
lena,2,0,2
amstat,2,0,2
glasper,2,0,2
savin-badin,2,0,2
homeobox,2,0,2
dnmt3b,2,0,2
lumex,2,0,2
astragalosideisoflavanthin,2,0,2
cox1/2,2,0,2
chmherbs,2,0,2
glnc,2,0,2
coconutflour,2,0,2
progesterone/estrogen,2,0,2
fonaparinux,2,0,2
schielein,2,0,2
intc,2,0,2
gb1,2,0,2
gl.it,2,0,2
bibak,2,0,2
dasol,2,0,2
luteibacter,2,0,2
temkin,2,0,2
benzoxazinones,2,0,2
aadhaar,2,0,2
menor,2,0,2
compound8n,2,0,2
rpl23,2,0,2
ziferon,2,0,2
epa-derivedpgd3,2,0,2
mirna-modified,2,0,2
shatavari,2,0,2
shatavarin-i,2,0,2
chlorambuzil,2,0,2
chlorhyxidin,2,0,2
methyl-alcohol,2,0,2
thaizide,2,0,2
tspe,2,0,2
lccrt,2,0,2
bambra,2,0,2
luprosil,2,0,2
vapotherm,2,0,2
strongylophorine,2,0,2
anisomycin/paromomycin,2,0,2
zapalac,2,0,2
dvd-ig,2,0,2
ammoides,2,0,2
6vw1-chloroquine,2,0,2
ammoidesverticilata,2,0,2
picano,2,0,2
n-diethylamide,2,0,2
dnj,2,0,2
naquin,2,0,2
carboxymethyllysine,2,0,2
epicura,2,0,2
trimethylaminuria,2,0,2
scedosporum,2,0,2
5α-androstenol,2,0,2
fluorocatechol,2,0,2
fluoromuconate,2,0,2
benzenetriol,2,0,2
fluorocatechols,2,0,2
epl,2,0,2
/−gentamicin,2,0,2
alfaxalone/alfadolone,2,0,2
d-84,2,0,2
aloxicillin,2,0,2
hemodyne,2,0,2
pepa,2,0,2
boaviagem,2,0,2
eves,2,0,2
dankahan,2,0,2
haplox,2,0,2
mir-619-5p,2,0,2
gancaoganjiang,2,0,2
sheganmahuang,2,0,2
zingibere,2,0,2
astragalusflavones,2,0,2
tuckahoepolysaccharide,2,0,2
atractylodespolysaccharide,2,0,2
5-trifluoromethoxyisatin,2,0,2
stratospheric,2,0,2
herbario,2,0,2
scythians,2,0,2
liquorice-root,2,0,2
albitiazolium,2,0,2
bisaminoquinoline,2,0,2
dhcq,2,0,2
napthoquine,2,0,2
7-chloroquinolines,2,0,2
protein7a,2,0,2
tatvaccine,2,0,2
5%).remdesivir,2,0,2
inidazole,2,0,2
zobax,2,0,2
rofumilast,2,0,2
kristinabroliden,2,0,2
carboxymethcellulose,2,0,2
fv-l,2,0,2
leaderpeptide,2,0,2
peet,2,0,2
pterodon,2,0,2
lde-mtx,2,0,2
pir-slns,2,0,2
acf-slns,2,0,2
dexamethasone-loaded,2,0,2
reluplex,2,0,2
smabucus,2,0,2
pept-p27-nc,2,0,2
cranberry-pomegranate,2,0,2
proanthocyanidina-1,2,0,2
33b,2,0,2
wiradjuri,2,0,2
pranayamayoga,2,0,2
ardha,2,0,2
tc-83vaccine,2,0,2
qvax,2,0,2
akso,2,0,2
tc-83venezuelan,2,0,2
nadhir,2,0,2
anti-elastin,2,0,2
borboleta,2,0,2
celler,2,0,2
bicakci,2,0,2
pdz/sulindac,2,0,2
bis-andrographolide,2,0,2
trpp2,2,0,2
lisiniopril,2,0,2
hadv-d,2,0,2
pep42-drug,2,0,2
nuclozin,2,0,2
rferpv1,2,0,2
ozone/oxygen,2,0,2
nscz,2,0,2
rocuronium/cisatracurium,2,0,2
fentanyl/sufentanyl,2,0,2
procainhydrochlorid,2,0,2
simvar,2,0,2
hydragel-hydrasis,2,0,2
safe,2,0,2
batman,2,0,2
asgharian,2,0,2
finegoldia,2,0,2
heparin-vancomycin,2,0,2
kreng,2,0,2
leuprolode,2,0,2
gonazon,2,0,2
mifeprex,2,0,2
antiprogestational,2,0,2
cypronate,2,0,2
doxycycline-aminoglycoside-rifampin,2,0,2
doxycycline-rifampin,2,0,2
selmectin,2,0,2
euricanherpes,2,0,2
azoospermia,2,0,2
coryniformis,2,0,2
dane,2,0,2
inlk,2,0,2
irgm,2,0,2
optn,2,0,2
tyfu,2,0,2
tyddewi,2,0,2
cysteine-histidine,2,0,2
euro/dollar,2,0,2
avellino,2,0,2
greeks,2,0,2
hydrochoerus,2,0,2
amoxicillin-clavulinate,2,0,2
ocratoxin,2,0,2
actonel,2,0,2
us-canada,2,0,2
abdon,2,0,2
phytochelatin-cd,2,0,2
dedioxins,2,0,2
r8-lip,2,0,2
cws-lnp,2,0,2
schyzophyllum,2,0,2
hirsutellin,2,0,2
aminoaciddeduced,2,0,2
oithona,2,0,2
eudiaptomus,2,0,2
sinocalanus,2,0,2
schizopera,2,0,2
aflatoxinb2,2,0,2
antideoxynivalenol,2,0,2
shenashen,2,0,2
anti-penicillin,2,0,2
nanolok,2,0,2
lansheng,2,0,2
dc‐signr,2,0,2
myrup,2,0,2
athersys,2,0,2
cyp-001,2,0,2
p-nitroanaline,2,0,2
s-methyl-cysteinylglycine,2,0,2
cysteines-conjugates,2,0,2
alliciin,2,0,2
imipedvvaccine,2,0,2
imipedv,2,0,2
mercaptoethane-sulfonate,2,0,2
bereziniae,2,0,2
amphid,2,0,2
bode,2,0,2
merobatzelladines,2,0,2
theonellamides,2,0,2
paragrantia,2,0,2
asperamides,2,0,2
7-methylcoumarin,2,0,2
norbert,2,0,2
edomah,2,0,2
ceftriaxone2,2,0,2
breastmilk,2,0,2
sodium-glucose,2,0,2
drape,2,0,2
fosu,2,0,2
orsi,2,0,2
peridopril,2,0,2
knutochalicewallenbergsstiftelse,2,0,2
",nss-e253-",2,0,2
piso,2,0,2
tr150,2,0,2
amaranthus,2,0,2
xanthinedehydrogenase,2,0,2
rimamantadin,2,0,2
oseltamivir-gabe,2,0,2
impfstoffe,2,0,2
suloctidil,2,0,2
gearin,2,0,2
rhema,2,0,2
ventanilla,2,0,2
enterococcusfaecium,2,0,2
cyclosphamide,2,0,2
weissella,2,0,2
lactobacillusplantarumrjf4,2,0,2
ro16,2,0,2
tmprss2/camostat,2,0,2
hirtus,2,0,2
hv1,2,0,2
potassium-40,2,0,2
cobalt-59,2,0,2
o-phenylphenol,2,0,2
latiflorus,2,0,2
nsc1614,2,0,2
sulfurospirillum,2,0,2
stachyﬂin,2,0,2
tcn-032,2,0,2
hendy,2,0,2
aluj,2,0,2
dieterhahnloser,2,0,2
andreapietrabissa,2,0,2
proscyllium,2,0,2
o-glucan,2,0,2
duolingo,2,0,2
ra.immunoglobulin,2,0,2
igd-fc-ig,2,0,2
pyrazinamidase/nicotinamidase,2,0,2
2-chloroacetaldehyde,2,0,2
compound214a,2,0,2
compound221a,2,0,2
compound225a,2,0,2
bromocelecoxib,2,0,2
compound294a,2,0,2
butyllithium,2,0,2
lyotard,2,0,2
bilberry,2,0,2
famciclovir.12,2,0,2
baphicacanthiscusiae,2,0,2
colladon,2,0,2
belam,2,0,2
mosso,2,0,2
2hg,2,0,2
pentamethonium,2,0,2
bandettini,2,0,2
tsumani,2,0,2
na-drug,2,0,2
nanoparticle-aptamer,2,0,2
thymomectomy,2,0,2
benzathine/penicillin,2,0,2
sulfa-dimethoxine,2,0,2
fenbendazole/albendazole,2,0,2
wijn,2,0,2
m.frondosa,2,0,2
britannica,2,0,2
grosan,2,0,2
spire,2,0,2
zinc/thymulin,2,0,2
ribavirin.57,2,0,2
quinopristin,2,0,2
ciprofloxacin/trimethoprim,2,0,2
ampicillin/sulbactame,2,0,2
salicylhydroxamic,2,0,2
ciproflofloxacin,2,0,2
ceftriaxone/cefpodoxime,2,0,2
penicilhn,2,0,2
ar-iss,2,0,2
f-quinolones,2,0,2
ap80,2,0,2
garlicjuice,2,0,2
flucytosine-c.,2,0,2
dl-ethionine,2,0,2
5-nitrothiazole,2,0,2
benzolsulphamides,2,0,2
xob,2,0,2
faropenemdaloxate,2,0,2
cefuroxime-axetil,2,0,2
silver-sulfadicin,2,0,2
trimethoprim-sulfamethaxazole,2,0,2
prilep,2,0,2
rivaroxamban,2,0,2
inogartan,2,0,2
rocefin,2,0,2
fenoterolhydrochloride,2,0,2
beddington-deangelis,2,0,2
gaulin,2,0,2
db13,2,0,2
db32-,2,0,2
dhca,2,0,2
tonglu,2,0,2
kaempferolglycoside,2,0,2
k2co3,2,0,2
sumatriptan/naproxen,2,0,2
violanti,2,0,2
bgp,2,0,2
testosteronepropionate,2,0,2
sou,2,0,2
ctlh,2,0,2
gid7,2,0,2
pterocarpanglucoside,2,0,2
lipinski,2,0,2
san-huang-xie-xin-tang,2,0,2
sergentomia,2,0,2
cedilanid,2,0,2
lerma,2,0,2
barcarrota,2,0,2
amikacin/gentamicin/tobramycin,2,0,2
znac,2,0,2
silverton,2,0,2
bsa-conjugate,2,0,2
salinomycinsodium,2,0,2
dye/dna,2,0,2
7-valentpolysaccharide,2,0,2
cd20-antibodies,2,0,2
ibuprofen/actin,2,0,2
sudharsanan,2,0,2
sulbactam-cefoperazone,2,0,2
13c5-octylitaconate,2,0,2
3-nitrophenylhydrazine,2,0,2
hesperidins,2,0,2
piglitazone,2,0,2
pseudo-ephedrine,2,0,2
granzymeb,2,0,2
naringenin-chalcone,2,0,2
rhodiolasachalinensis,2,0,2
cassiaalata,2,0,2
kaempferol-3-glucoside,2,0,2
kaempferol-3-glucuronide,2,0,2
kaempferol-7-sulphate,2,0,2
bizumic,2,0,2
srib,2,0,2
linkernucleotide,2,0,2
solloch,2,0,2
dextrosol,2,0,2
chronogest,2,0,2
penovet,2,0,2
kansan,2,0,2
bellaver,2,0,2
ephedrapolysaccharide,2,0,2
duox-lactoperoxidase,2,0,2
alx-1071,2,0,2
np-peptide,2,0,2
xd2,2,0,2
ciclofilin,2,0,2
32/daclatasvir,2,0,2
cypa-hiv-1,2,0,2
cpi-432,2,0,2
panteli,2,0,2
summit,2,0,2
keynote,2,0,2
kester,2,0,2
hyperparathyroidism,2,0,2
sheetz,2,0,2
bracker,2,0,2
stanovich,2,0,2
margraf,2,0,2
malariagen,2,0,2
sporolide,2,0,2
marinomycin,2,0,2
citromicrobium,2,0,2
agrococcus,2,0,2
sabin/oralpolio,2,0,2
manganite,2,0,2
curcumin/tenofovir-loaded,2,0,2
zidovudine/efavirenz,2,0,2
carmustine-loaded,2,0,2
sirnaee%,2,0,2
dna-lf,2,0,2
ronis,2,0,2
macrolide-and-azalide,2,0,2
meth-a,2,0,2
pm-8,2,0,2
oxacillin-disk,2,0,2
pancreozymin,2,0,2
giusti,2,0,2
coloplast,2,0,2
pantro4,2,0,2
gleevic,2,0,2
dupv,2,0,2
thechadox1,2,0,2
jeulin,2,0,2
chasidim,2,0,2
baalei,2,0,2
shulchan,2,0,2
yomkippur,2,0,2
dayanim,2,0,2
chanina,2,0,2
keenon,2,0,2
toregas,2,0,2
arcenicum,2,0,2
antimineralocorticoids,2,0,2
38-mer,2,0,2
csol,2,0,2
chilson,2,0,2
perchlorate,2,0,2
ureatricine,2,0,2
iri.melatonin,2,0,2
ics-formoterol,2,0,2
adenosine-to-inosine,2,0,2
6-methyladenosine,2,0,2
pelo,2,0,2
liproxstatins,2,0,2
casp11,2,0,2
coprisin,2,0,2
polyproteinpp1a,2,0,2
micronomicin,2,0,2
elisabeth,2,0,2
curcumin-celecoxib,2,0,2
siloxycide,2,0,2
milio,2,0,2
n-methylcysteine,2,0,2
tungstat,2,0,2
ub-pla2,2,0,2
josd2,2,0,2
bz-03,2,0,2
bz-07-01,2,0,2
azu,2,0,2
mers,2,0,2
tenuifolin,2,0,2
rachanee,2,0,2
spermicidenonoxynol,2,0,2
amphotericnb,2,0,2
mv-hpv,2,0,2
henochschönlein,2,0,2
cyclosporinea/cyclophilin,2,0,2
trimethoprim–,2,0,2
acwy,2,0,2
(11%).erythromycin,2,0,2
arinax,2,0,2
ednaproc,2,0,2
amp-loaded,2,0,2
taleb,2,0,2
javacc,2,0,2
prothom,2,0,2
derisi,2,0,2
a.group,2,0,2
carbosep,2,0,2
cretanherb,2,0,2
biotecan,2,0,2
ptpl1,2,0,2
oorhodeine,2,0,2
glycinesuccinate,2,0,2
gentamycin/amphotericin-b.,2,0,2
gangemi,2,0,2
anti-laminb1,2,0,2
risaralda,2,0,2
agonist-sirna,2,0,2
bone-mineral,2,0,2
cajanuscajan,2,0,2
anti-nicastrin,2,0,2
duboscqi,2,0,2
castanet,2,0,2
aldente,2,0,2
5-hydroxymethlycytosine,2,0,2
carmela,2,0,2
glutathione-sparse,2,0,2
hein,2,0,2
diphtheria-tetanus-acellular-pertussis,2,0,2
lethenteron,2,0,2
arterovirus,2,0,2
stalk,2,0,2
glycyrrhizicflavone,2,0,2
vitaminb17,2,0,2
ganshijiawei,2,0,2
"β1,4-galactose",2,0,2
asialoerythropoietin,2,0,2
breath-alcohol,2,0,2
proanthocyanin,2,0,2
ebovvp24,2,0,2
mitrany,2,0,2
hsa-mir-1258,2,0,2
ilpaese,2,0,2
mithani,2,0,2
rochus,2,0,2
krone,2,0,2
maihueniopsis,2,0,2
condalia,2,0,2
l.apiculata,2,0,2
fragaria,2,0,2
totelin,2,0,2
vaestra,2,0,2
lps-ra,2,0,2
prosurf,2,0,2
brandel,2,0,2
schutzstufen,2,0,2
zugelassene,2,0,2
water-solublepolysaccharide-extract,2,0,2
puniagranatum,2,0,2
goo,2,0,2
artesunate-induced,2,0,2
bdkrb1,2,0,2
sligrl,2,0,2
(s)-(+)-hydroxychloroquine,2,0,2
acidreflux,2,0,2
arbidol-imod,2,0,2
tetravalente,2,0,2
pneumokokkenvakzine,2,0,2
oralcephalosporin,2,0,2
terenadine,2,0,2
stratidis,2,0,2
cocoran,2,0,2
pali,2,0,2
hocl-modified,2,0,2
syncerus,2,0,2
calzolari,2,0,2
glgf,2,0,2
weizhi,2,0,2
pep4,2,0,2
ceacam387,2,0,2
lidocaine-infused,2,0,2
disinfo,2,0,2
cesc,2,0,2
epal,2,0,2
hydroxychloroquine.14,2,0,2
vchg,2,0,2
achg,2,0,2
sirna-lipoplex,2,0,2
wunnava,2,0,2
aptamera-1,2,0,2
watrin,2,0,2
anti-5-methylcytosine,2,0,2
sulfonamido-oxine,2,0,2
tween,2,0,2
gobi,2,0,2
edgardo,2,0,2
oesophagectomy,2,0,2
mbt-t.,2,0,2
axiom,2,0,2
aristos,2,0,2
streel,2,0,2
tomatis,2,0,2
n-nitrosomethylbenzylamine,2,0,2
4-nitroquinaline,2,0,2
santella,2,0,2
anti-carcinogen,2,0,2
bcg-stam,2,0,2
2s-svm,2,0,2
lj-001,2,0,2
hebraeus,2,0,2
jordanensis,2,0,2
mesosoma,2,0,2
venter,2,0,2
pedipalps,2,0,2
s-carbamidomethylcysteine,2,0,2
cysteine-s-acetamide,2,0,2
microrna-22,2,0,2
"tryptamine-4,5-dione",2,0,2
hervanta,2,0,2
fritzthyssenstiftung,2,0,2
bi-valent,2,0,2
cyclophyllins,2,0,2
cisg,2,0,2
diraminoacid,2,0,2
budker,2,0,2
csm,2,0,2
artemis-3,2,0,2
xeus,2,0,2
haswell,2,0,2
bencard,2,0,2
calmette-guerrin,2,0,2
beata,2,0,2
avellaneda,2,0,2
mmsm,2,0,2
hydroxypropyl-β-cyclodextrin,2,0,2
medlib,2,0,2
haghdost,2,0,2
21-steroid,2,0,2
abt4,2,0,2
desulfococcus,2,0,2
xylometazolin,2,0,2
chlorpheniramin,2,0,2
pulse-steroids,2,0,2
cysteine-proteases,2,0,2
83-valent,2,0,2
sulphoraphane,2,0,2
hipab,2,0,2
ccdab,2,0,2
ccdb,2,0,2
cosalanes,2,0,2
heparan-sulphate,2,0,2
alemtuzumab/lemtrada,2,0,2
carbamidinedihydrochloride,2,0,2
bilica,2,0,2
ginev,2,0,2
insulfab,2,0,2
gdp.it,2,0,2
carbendazim,2,0,2
methyl-parathion,2,0,2
vitaminc.vitaminc,2,0,2
rsarsaiedllfdkv,2,0,2
diurea,2,0,2
amidinoanthracyclines,2,0,2
isabelle,2,0,2
cannulae,2,0,2
mikepompeo,2,0,2
knast,2,0,2
huijer,2,0,2
wellner,2,0,2
vitezic,2,0,2
vanacker,2,0,2
so(is-11)1,2,0,2
theepivac,2,0,2
dc-vacc,2,0,2
europrise,2,0,2
vamb,2,0,2
metawatt,2,0,2
bmc3c,2,0,2
guaifenesin/pseudoephedrine,2,0,2
sabinopv,2,0,2
fluzonehd-iiv3,2,0,2
fluzonesd-iiv3,2,0,2
sd-iiv4,2,0,2
flucelvaxquadrivalent,2,0,2
fluzonehigh-dosequadrivalent,2,0,2
anti-pdgf-modified,2,0,2
rubaina,2,0,2
raphanus,2,0,2
2000).ketamine,2,0,2
fluoride/oxalate,2,0,2
rheometer,2,0,2
delphinidin-3-sambubioside,2,0,2
capnostat-5,2,0,2
hinokinin-loaded,2,0,2
3d7-chloroquine,2,0,2
dd2-chloroquine,2,0,2
tmprss6,2,0,2
nichols,2,0,2
cgs,2,0,2
reveratrol,2,0,2
rhizomapolygonicuspidate,2,0,2
odorinol,2,0,2
furomolligin,2,0,2
excocaria,2,0,2
abexinostat,2,0,2
restan,2,0,2
knafo,2,0,2
o’neil,2,0,2
ganodericacids,2,0,2
soll,2,0,2
annaya,2,0,2
d-arima-svm,2,0,2
porapak,2,0,2
met40,2,0,2
cap.kallistatin,2,0,2
uroderma,2,0,2
veraguas,2,0,2
u.bilobatum,2,0,2
marjanović,2,0,2
commissioner,2,0,2
methylmalonic,2,0,2
stara,2,0,2
trimetoprim-sulphametaxazol,2,0,2
lamivudine-stavudine,2,0,2
rubigg,2,0,2
papilomavirus,2,0,2
fentanyle,2,0,2
beta-lactamase-inhibitor,2,0,2
l.kaempferi,2,0,2
glycyrrhizicacidmonoammonium,2,0,2
silke,2,0,2
rhizoctonia,2,0,2
rsmv-1,2,0,2
sodiuml-lactate,2,0,2
ganciclovir/valacyclovir,2,0,2
turbinaria,2,0,2
ornata,2,0,2
echinaguard/echinacin,2,0,2
peptidyldiazomethane,2,0,2
peptidylhydroxylamines,2,0,2
radicand,2,0,2
il-18rap,2,0,2
fcrγ,2,0,2
ap3a,2,0,2
citidine,2,0,2
pd184352,2,0,2
lithium-ion,2,0,2
saframycin-a,2,0,2
enamidone,2,0,2
alcohol-lactams,2,0,2
gracilarialemaneiformis,2,0,2
ag,2,0,2
ltl,2,0,2
cefpodoxime/clavulanic,2,0,2
mir-134,2,0,2
claes,2,0,2
ximedica,2,0,2
diarrhö,2,0,2
sporolides,2,0,2
maritoclax,2,0,2
(+)-merochlorin,2,0,2
(−)-anthracimycin,2,0,2
neaumycinb,2,0,2
d.calyx,2,0,2
bauzanensis,2,0,2
alexandros,2,0,2
carbozole,2,0,2
progesteronea/b,2,0,2
concholepas,2,0,2
netra,2,0,2
hzvaccine,2,0,2
cremazy,2,0,2
skd,2,0,2
linoleum,2,0,2
scorpionism,2,0,2
hadrurus,2,0,2
meucin,2,0,2
meucin-24,2,0,2
opistoptoporin,2,0,2
bengalin,2,0,2
uv-c,2,0,2
4d10,2,0,2
nitrosate,2,0,2
agassizilia,2,0,2
nursallia,2,0,2
neotethys,2,0,2
oropycnodus,2,0,2
konservat,2,0,2
carboxymethoxylamine,2,0,2
lecithins,2,0,2
phobius,2,0,2
lanshengguojian,2,0,2
lactobacillussalivarius,2,0,2
azithromycin/levofloxacin,2,0,2
anti-pertussisimmunoglobulin,2,0,2
antipertussis-igm,2,0,2
urotherapie,2,0,2
azithromycin•,2,0,2
zoonosen,2,0,2
nystatin-zinkpasten,2,0,2
warzen,2,0,2
warme,2,0,2
albendazolbehandelt,2,0,2
amphotericin-b-desoxycholat,2,0,2
tioconazol,2,0,2
amorolfin,2,0,2
subcarinolatus,2,0,2
neoscalpellum,2,0,2
pachyscalpellum,2,0,2
scalpellopsis,2,0,2
planoscalpellum,2,0,2
anguloscalpellum,2,0,2
8-oxo,2,0,2
kadziński,2,0,2
bromodeoxynucleotide,2,0,2
a.scholaris,2,0,2
pic,2,0,2
roic,2,0,2
taxshields,2,0,2
tij,2,0,2
groene,2,0,2
g/tazobactam,2,0,2
peroni,2,0,2
bkci,2,0,2
taniia,2,0,2
pf.naringin,2,0,2
pf.curcumin,2,0,2
corydalisyanhusuo,2,0,2
gamboge,2,0,2
colebr,2,0,2
shenlong,2,0,2
kushengancao,2,0,2
kampoformulationsho-seiryu-to(tj-19,2,0,2
bufei,2,0,2
danggui-buxue-tang,2,0,2
aidinis,2,0,2
diaschisis,2,0,2
gag/polpr+,2,0,2
pro-drugs,2,0,2
vabomere,2,0,2
thiopenem,2,0,2
acefosamil,2,0,2
epetraborole,2,0,2
mab-rifamycin,2,0,2
enmetazobactam,2,0,2
coptidisrhizome,2,0,2
hefei,2,0,2
grigoli,2,0,2
cloroxia,2,0,2
pumilio-2,2,0,2
phosphofructokinase,2,0,2
phenacoccus,2,0,2
statiflo,2,0,2
tbnet,2,0,2
kamsin,2,0,2
eppib,2,0,2
polysaccharidecapsule,2,0,2
0.85).ulinastatin,2,0,2
oxoisoaporphines,2,0,2
menispermi,2,0,2
bersani,2,0,2
grigio,2,0,2
lauretis,2,0,2
ernesto,2,0,2
vidkid,2,0,2
mariobava,2,0,2
rbcg/bcgvaccine,2,0,2
f26,2,0,2
silvano,2,0,2
rambutans,2,0,2
larvacide,2,0,2
godil,2,0,2
cup-bc,2,0,2
hdivc,2,0,2
egccatechins,2,0,2
giger,2,0,2
vmn,2,0,2
18α-glycyrrhizicacid,2,0,2
isg56/ifit1,2,0,2
glucose-modified,2,0,2
condy,2,0,2
trabodenoson,2,0,2
selodenoson,2,0,2
siirin,2,0,2
pauli-y,2,0,2
turumo,2,0,2
cpfx,2,0,2
lescar,2,0,2
baloxavir-marboxil,2,0,2
haloxanide/nitazoxanide,2,0,2
isochorismate,2,0,2
trypsin-ethylenediaminetetraaceticacid,2,0,2
boutalis,2,0,2
antje,2,0,2
ribavirin-nucleotide,2,0,2
n-methyl,2,0,2
p160,2,0,2
hbv-pregenome,2,0,2
pavlov,2,0,2
exercise,2,0,2
camoquine,2,0,2
nonbiotin,2,0,2
testkits,2,0,2
ace-seq,2,0,2
deepmod,2,0,2
anti-qs,2,0,2
bromosulphalein,2,0,2
actinobacteria,2,0,2
rathinam,2,0,2
egcgesters,2,0,2
lana1,2,0,2
andrisani,2,0,2
apoptotin,2,0,2
hanshiyi,2,0,2
bucardo,2,0,2
phos-jnk,2,0,2
zuclopenthizole,2,0,2
ophthalmos,2,0,2
metorchis,2,0,2
yk,2,0,2
carrol,2,0,2
fala,2,0,2
aall,2,0,2
phalloidin-fluorescein,2,0,2
rhamnosuscrl,2,0,2
mycophenic,2,0,2
manganates,2,0,2
stahelin,2,0,2
lactobacilluscaseivaccine,2,0,2
lactobacilluspg,2,0,2
amantadinehcl,2,0,2
pyronegic,2,0,2
h.).clindamycin,2,0,2
angustifoliaherb,2,0,2
empath,2,0,2
ethnikotypografeio,2,0,2
sort1,2,0,2
algina,2,0,2
iodinetincture,2,0,2
piko-1,2,0,2
kacamorti,2,0,2
sirutin,2,0,2
zincselenides,2,0,2
mosciano,2,0,2
brompton,2,0,2
pegifns/ribavirin,2,0,2
pegifns,2,0,2
pegaptanibsodium,2,0,2
scramble-sirna,2,0,2
oct-4,2,0,2
eptoposide,2,0,2
obo,2,0,2
demeanor,2,0,2
creamcheese,2,0,2
d-arabitol,2,0,2
cartap,2,0,2
benzofurazan,2,0,2
semorex,2,0,2
xestocyclamine,2,0,2
isonaamidine,2,0,2
cortistatins,2,0,2
ircinamineb,2,0,2
ageloxime,2,0,2
netamines,2,0,2
jaspamidesb,2,0,2
perthamides,2,0,2
axinastatin,2,0,2
callyaerin,2,0,2
phormidolide,2,0,2
13-deoxytedanolide,2,0,2
precandidaspongiolides,2,0,2
icadamidesa,2,0,2
macrolidesfijianolides,2,0,2
fijianolideb,2,0,2
dihalenaquinolide,2,0,2
mycalolides,2,0,2
halistatin,2,0,2
zampanolide,2,0,2
salicylihalamides,2,0,2
dactylolide,2,0,2
phyllofenoneb,2,0,2
amaranzole,2,0,2
cinanthrenol,2,0,2
ageladinea,2,0,2
agelasines,2,0,2
agelasineb,2,0,2
e1-ubiquitin,2,0,2
solomonsterol,2,0,2
econazolenitrate,2,0,2
esrgan,2,0,2
jaivin,2,0,2
pul21,2,0,2
acyclo-gtp,2,0,2
cica,2,0,2
amfotericin,2,0,2
cefepime/cefepime-clavulanic,2,0,2
mangustau,2,0,2
endox,2,0,2
lactoferricin/amoxicillin,2,0,2
psychrobacter,2,0,2
azithromycin(azm,2,0,2
tolevamer,2,0,2
maxipime,2,0,2
linezolid-rifampicin,2,0,2
carbenicillinase,2,0,2
cephalosporin/clavulanate,2,0,2
rosco,2,0,2
sulfamethoxazole+trimethoprim,2,0,2
imipenemr,2,0,2
cefteram,2,0,2
h.kunzii,2,0,2
echinocandin-class,2,0,2
sulfa-trimethoprim,2,0,2
sortase,2,0,2
bapna,2,0,2
mycobacteriummucogenicum,2,0,2
ceftazidime[caz,2,0,2
piperacillin/tazobactam[p/t,2,0,2
efm,2,0,2
hcvcp,2,0,2
cloxacilin,2,0,2
itraconazole/mg3290,2,0,2
fluconazole/mg3290,2,0,2
lopanivir/ritonavir,2,0,2
haemophilus/moraxella,2,0,2
denac,2,0,2
cirurgica,2,0,2
phosphonodiamidate,2,0,2
konva,2,0,2
noongar,2,0,2
australicus,2,0,2
barbirostris,2,0,2
zinga,2,0,2
tularin,2,0,2
saracens,2,0,2
sulphadiazin,2,0,2
piperacilin,2,0,2
dasypus,2,0,2
angi.ang,2,0,2
cathepsin-b,2,0,2
γ-glutamate,2,0,2
citriniti,2,0,2
lm-jelinek,2,0,2
manso,2,0,2
posidonia,2,0,2
cutesv,2,0,2
artemesinin-based,2,0,2
vi-conjugate,2,0,2
mosifloxacin,2,0,2
grapheneoxide,2,0,2
foroutan,2,0,2
bacillecalmette-guerinvaccine,2,0,2
deuterostomia,2,0,2
toti-chryso,2,0,2
cortexmagnoliaeofficinalis,2,0,2
foliummurraya,2,0,2
herbapolygonishydropiperis,2,0,2
rhizomatyphoniumflagelliforme,2,0,2
pinnatum,2,0,2
othengrafen,2,0,2
mercille,2,0,2
limerick,2,0,2
nama,2,0,2
csccm,2,0,2
pegifn-α/ribavirin,2,0,2
pam3cys-sk4,2,0,2
sophoridinol,2,0,2
lyapustin,2,0,2
lanugan,2,0,2
penicillenols,2,0,2
hivpolyprotein,2,0,2
armirone,2,0,2
parkin-ups,2,0,2
coxscakievirusa21,2,0,2
pindak,2,0,2
croson,2,0,2
yoy,2,0,2
muji,2,0,2
peptidens1,2,0,2
narok,2,0,2
dexamethasontherapie,2,0,2
neurochirurgische,2,0,2
freidin,2,0,2
rani,2,0,2
mimee,2,0,2
ub-7-amido-4-methylcoumarin,2,0,2
diub-pa,2,0,2
peg-ifn-,2,0,2
remogliflozin,2,0,2
nedd5,2,0,2
rituximab/hd-mtx,2,0,2
rituximab/cytarabine,2,0,2
hydoxy-chloroquine,2,0,2
livia,2,0,2
twinomugisha,2,0,2
mediocredito,2,0,2
karelvan,2,0,2
insulinregimen,2,0,2
ejecutivo,2,0,2
boletines,2,0,2
amiloridehydrochloride,2,0,2
montanideisa-51,2,0,2
protollinadjuvant,2,0,2
bi-faced,2,0,2
hiv-1/aids,2,0,2
cq-analogue,2,0,2
ethylenimine(bei)-inactivatedsm98,2,0,2
mizrahi,2,0,2
meroni,2,0,2
grinberger,2,0,2
creat2,2,0,2
tapalpa,2,0,2
ataq,2,0,2
chatuchak,2,0,2
spilornis,2,0,2
omolade,2,0,2
osuoka,2,0,2
4-quinolone,2,0,2
gentamicin/amikacin,2,0,2
pedraja,2,0,2
irinotecan-induced,2,0,2
99mtc-mebrofenin,2,0,2
jarnagin,2,0,2
etheno-adenosine,2,0,2
maylandia,2,0,2
rnf4,2,0,2
cys26,2,0,2
nicotinate-nicotinamide,2,0,2
mir-8067,2,0,2
mir-8054,2,0,2
hsa-mir-8055,2,0,2
hsa-mir-5197,2,0,2
mir-3691,2,0,2
mir.,2,0,2
mir129,2,0,2
hsa-mir-4661,2,0,2
mir147,2,0,2
theraflex,2,0,2
peg-interferon-alfa,2,0,2
b).ifn-α,2,0,2
porumbescu,2,0,2
širinic,2,0,2
herblicorice,2,0,2
ionis/biogen,2,0,2
mackintosh,2,0,2
imipenemase-4,2,0,2
cmj,2,0,2
ivanka,2,0,2
prashasti,2,0,2
quil-asaponin,2,0,2
[3h]triamcinoloneacetonide,2,0,2
cortisol/corticosterone,2,0,2
chimdiv,2,0,2
⁯,2,0,2
arb-1740,2,0,2
beechams,2,0,2
psychomanteum,2,0,2
sulphites,2,0,2
il28ra,2,0,2
spirits,2,0,2
cefotaximesodium,2,0,2
deoxycitidines,2,0,2
tetralactam,2,0,2
flagellin/f1/vvaccine,2,0,2
ibuprofen/naproxen,2,0,2
jmn3,2,0,2
rdea-806,2,0,2
anti-paramyxovirus,2,0,2
tetrachlorinated,2,0,2
barbituricacid,2,0,2
iberin,2,0,2
neoxanthin,2,0,2
high-sulforaphane,2,0,2
bi-valenthiv-1envelope,2,0,2
verrucose,2,0,2
präparaten,2,0,2
hypericumgeminiflorum,2,0,2
scutellariamoniliorrhiza,2,0,2
puerariathunbergiana,2,0,2
emodinol,2,0,2
5-dehydroepiandrosterone,2,0,2
e-oxime,2,0,2
gluco-tetrazole,2,0,2
c-alkylated,2,0,2
barbituric,2,0,2
dipropylene,2,0,2
gluco-imidazole,2,0,2
prm/m,2,0,2
tiwari,2,0,2
cgb1,2,0,2
lathyrism,2,0,2
α-solanine,2,0,2
tartrazinea,2,0,2
sulfadoxina-pirimetamina,2,0,2
ghitia,2,0,2
kratos,2,0,2
adreno,2,0,2
hydroxyprolone,2,0,2
tiwi,2,0,2
a3g-adenine,2,0,2
sars-cov-1vaccine,2,0,2
zinc-protein,2,0,2
gpaa1,2,0,2
valparin,2,0,2
on-device,2,0,2
hflt3l,2,0,2
holo-transferrin,2,0,2
inhibin-beta,2,0,2
veenema,2,0,2
trim59,2,0,2
cr/montelukast,2,0,2
thiazolibenzimidazoles,2,0,2
chattoe,2,0,2
arteconi,2,0,2
nitrosocobalamin,2,0,2
sincalide/cholecystokinin,2,0,2
steenbok,2,0,2
dmt,2,0,2
continua,2,0,2
covid-19.azithromycin,2,0,2
chloroquine76,2,0,2
mirazimi,2,0,2
val/ganciclovir,2,0,2
cd64,2,0,2
bofeng,2,0,2
neot,2,0,2
cosalane,2,0,2
epibestatin,2,0,2
met-gly,2,0,2
glu-thiol,2,0,2
privatevaccine,2,0,2
n-acetylcysteine/liter,2,0,2
medaglia,2,0,2
"3,3′-diaminobenzidine",2,0,2
his70,2,0,2
azoxime,2,0,2
oxadiazoleisomers,2,0,2
combretastatin-a4,2,0,2
analog11a,2,0,2
analog16a,2,0,2
analogs17a,2,0,2
six-methylene,2,0,2
"1,2,4-oxadiazole-ponatinib",2,0,2
almorexant,2,0,2
brotschi,2,0,2
z-hg,2,0,2
vaginalflora,2,0,2
post-tetracycline,2,0,2
ca/guluronate,2,0,2
petrusan,2,0,2
pastrana,2,0,2
ascophyllans,2,0,2
sugaralcohols,2,0,2
boltanski,2,0,2
psychoanalyst,2,0,2
mandelbaum,2,0,2
nazism,2,0,2
arrigo,2,0,2
tulumello,2,0,2
cocola,2,0,2
sodiumglycerophosphate,2,0,2
protein-basednanovaccine,2,0,2
tecetomide,2,0,2
poloxomer,2,0,2
3000-amino-acid,2,0,2
deus,2,0,2
tempini,2,0,2
ramshaw,2,0,2
ganoderic,2,0,2
habijanic,2,0,2
astragalusmembranaceu,2,0,2
lingzhiyakju,2,0,2
rdatca,2,0,2
smase,2,0,2
chol-meth,2,0,2
[3h]-prazosin,2,0,2
2a-adrenoceptor,2,0,2
2b-adrenoceptors,2,0,2
piperoxan,2,0,2
3-adrenoceptor,2,0,2
μmpropranolol,2,0,2
β-antagonists,2,0,2
[125i]-cyanopindolol,2,0,2
ethyladenosine,2,0,2
theophylline-7-riboside,2,0,2
acetorphan,2,0,2
polyethylamine,2,0,2
donafix,2,0,2
braunmelsungenag,2,0,2
rhokinase,2,0,2
na-propionate,2,0,2
femoral,2,0,2
roliprams,2,0,2
n-methyl-dglucamine,2,0,2
fabiato,2,0,2
α-adrenolytic,2,0,2
(−)norepinephrine,2,0,2
g-nitroarginine,2,0,2
phenylepinephrine-precontracted,2,0,2
endralazine,2,0,2
test-drug,2,0,2
mi-,2,0,2
veratridin,2,0,2
2-adrenoreceptor,2,0,2
phrine,2,0,2
halothane-oxygen,2,0,2
desoxycorticosteroneacetate,2,0,2
crotalaria,2,0,2
broadley,2,0,2
thiopental-na,2,0,2
triphenyltetrazoliumchloride,2,0,2
indecainide,2,0,2
cervoni,2,0,2
hydroperidol,2,0,2
cardiac,2,0,2
heart-ringer,2,0,2
[14c]-,2,0,2
clobetasol-17-propionate,2,0,2
sugammadexsodium,2,0,2
rifampin/tigecycline,2,0,2
sulbactam/tigecycline,2,0,2
tigecycline/colistin,2,0,2
tigecycline/sulbactam,2,0,2
d-s.,2,0,2
vargas-villamil,2,0,2
rsn,2,0,2
asthmaworkshop,2,0,2
cryotomog,2,0,2
medethomidin,2,0,2
perazin,2,0,2
(hydroxy‑)chloroquin,2,0,2
siemon,2,0,2
cromonas,2,0,2
hervé,2,0,2
anastasiou,2,0,2
pergularia,2,0,2
tylophoraovata,2,0,2
itec,2,0,2
nepkar,2,0,2
smectites,2,0,2
astragalusbisulcatus,2,0,2
martinhocampos,2,0,2
najuta,2,0,2
samharris,2,0,2
qajar,2,0,2
theopoetics,2,0,2
him,2,0,2
kearney,2,0,2
iodocetamide,2,0,2
dextromethorphan/guaifenesin/acetaminophen,2,0,2
chemolli,2,0,2
hla-dm,2,0,2
azithromycin/moxifloxacin,2,0,2
ceftriaxone+moxifloxacin/ciprofloxacin,2,0,2
anti-pd-l1/pd-1,2,0,2
crumb,2,0,2
taxoncoprotein,2,0,2
salvana,2,0,2
glucorhamnoside,2,0,2
rhamnosidase,2,0,2
mullol,2,0,2
darrow,2,0,2
stemetil,2,0,2
potassium-atpase,2,0,2
vitaminaacetate,2,0,2
citrateacid,2,0,2
pseudacris,2,0,2
imm-101,2,0,2
volivo,2,0,2
ucp1,2,0,2
bmp8b,2,0,2
"α1,2-l-fucosidase",2,0,2
newbury,2,0,2
laniazid,2,0,2
trimox,2,0,2
orchi,2,0,2
testosterone-cyp1b1-generated,2,0,2
ecosystem,2,0,2
idvvaccine,2,0,2
dv2ns4a,2,0,2
enterovius,2,0,2
1940,2,0,2
amphotericn,2,0,2
epirubicin/docetaxel,2,0,2
micrornas-509,2,0,2
laina,2,0,2
orpheus,2,0,2
piapro,2,0,2
isatin-7-chloroquinoline,2,0,2
hla-b15:03,2,0,2
nitroprin,2,0,2
igf,2,0,2
ethanoldiesohol,2,0,2
karanja,2,0,2
wijs,2,0,2
methylprednisolone/prednisolone,2,0,2
lmao,2,0,2
cadmium-tainted,2,0,2
chomatin,2,0,2
w/w).kaempferol,2,0,2
kaempferol-targeted,2,0,2
meschi,2,0,2
dialkylated,2,0,2
5-mercaptoperhydropyrimidines,2,0,2
androgenic,2,0,2
cactin,2,0,2
riptortus,2,0,2
jerabek,2,0,2
natashakyprianou,2,0,2
theaflavin-alone,2,0,2
lalistat-2,2,0,2
forsythosidea.,2,0,2
metfs1,2,0,2
a-triplet,2,0,2
helse,2,0,2
jerrum,2,0,2
gauss-jordan,2,0,2
mirna-17,2,0,2
hesperdin,2,0,2
2021.favipiravir,2,0,2
cyclopentone,2,0,2
ricardosavirón-cornudella,2,0,2
marfenin,2,0,2
aglaopheniids,2,0,2
eudendrium,2,0,2
pennaria,2,0,2
renin-b,2,0,2
llorens-cortes,2,0,2
bat-hepatovirus,2,0,2
tlr8-agonist,2,0,2
twitterchats,2,0,2
trumpp,2,0,2
flurouracil,2,0,2
paracetamol/ibuprofen,2,0,2
c.australe,2,0,2
wighamii,2,0,2
5-hydroxytriptamine,2,0,2
chishao,2,0,2
sanjiao,2,0,2
dongguazi,2,0,2
meliscaeva,2,0,2
blera,2,0,2
rcc2,2,0,2
strepa,2,0,2
pesticide/herbicide,2,0,2
tippv,2,0,2
6xhis-ubiquitin,2,0,2
lb-carbenicillin,2,0,2
dapsone-pyrimethamine,2,0,2
cg/gc,2,0,2
dihydroberberine‐,2,0,2
thiosulphinates,2,0,2
glycyrrhizaepolysaccharides,2,0,2
r.glycyrrhizae,2,0,2
11c-rifampin,2,0,2
steem,2,0,2
iapb,2,0,2
hypocalcium,2,0,2
digoxin-related,2,0,2
pedvg1,2,0,2
persoon,2,0,2
tpr2,2,0,2
sapm,2,0,2
elgobierno,2,0,2
wolmarans,2,0,2
b1-blockers,2,0,2
babuvirus,2,0,2
bento,2,0,2
qurecetin,2,0,2
basiliximab/daclizumab,2,0,2
foldvari,2,0,2
meteosat,2,0,2
betanarnavirus,2,0,2
cathepsin/procathepsin,2,0,2
audicana,2,0,2
monodrug,2,0,2
carburetor,2,0,2
kennesol,2,0,2
cryosurgery,2,0,2
hydroxyflutamide,2,0,2
stm-16,2,0,2
feltin,2,0,2
paria,2,0,2
coconuthusk,2,0,2
kortan,2,0,2
hashimoto,2,0,2
ammoniumsurfactant,2,0,2
hiv-gp120,2,0,2
smz/snz,2,0,2
attoe3,2,0,2
smzs,2,0,2
acetamidomethylcysteinyl,2,0,2
cazy,2,0,2
bmap-28,2,0,2
laminb2,2,0,2
mg/tenofovir,2,0,2
crepine,2,0,2
esmeraldas,2,0,2
cengel,2,0,2
nutlin-3α,2,0,2
mozolic,2,0,2
adjei,2,0,2
latinos,2,0,2
(r).it,2,0,2
cd300,2,0,2
alamprese,2,0,2
multifloral,2,0,2
nastasi,2,0,2
transavia,2,0,2
coxsackievirusa24.chorioretinitis,2,0,2
dimethylmercury,2,0,2
selenium-labeled,2,0,2
met-hb,2,0,2
sympathicolysis,2,0,2
yfvvaccine,2,0,2
ramayana,2,0,2
pore-width,2,0,2
fc76,2,0,2
frau,2,0,2
lesen,2,0,2
pitch,2,0,2
nenhum,2,0,2
ddx1.chloroquine,2,0,2
meteosim,2,0,2
15n,2,0,2
mir-128,2,0,2
g.uralensisrisch,2,0,2
deglycyrrhinizedlicorice,2,0,2
nnpp,2,0,2
oncodisc,2,0,2
zuber,2,0,2
"#ra-2014-016,ra-ah-2016-007",2,0,2
ra-2015,2,0,2
lishiqiao,2,0,2
ascidiathiazone,2,0,2
pff-b,2,0,2
rubrolides,2,0,2
floridoside,2,0,2
linckoside,2,0,2
damipipecolin,2,0,2
malindi,2,0,2
basthi,2,0,2
remifemin,2,0,2
herbahouttuynia,2,0,2
rivista,2,0,2
combsum,2,0,2
combmnz,2,0,2
yandex,2,0,2
acridines,2,0,2
s∩b,2,0,2
epirubicin/cyclophosphamide,2,0,2
selemetas,2,0,2
ammophorus,2,0,2
caycho,2,0,2
valiolamine,2,0,2
pterosterone,2,0,2
povidone-iodine/betadine,2,0,2
manganesetricarbonyl,2,0,2
vitamina-retinoicacid,2,0,2
retinoicacids,2,0,2
renamic,2,0,2
thiopurines/methotrexate,2,0,2
tofacitinib/jak,2,0,2
tofacitinb,2,0,2
crystalaser,2,0,2
dolastanes,2,0,2
azd3229,2,0,2
isatin-moxifloxacin,2,0,2
pyrimidine-chloroquinolines,2,0,2
phenyl-sulfonate,2,0,2
roxadustat,2,0,2
vivantis,2,0,2
bonchodilatierende,2,0,2
clodiprogel,2,0,2
allergenzwischen,2,0,2
oxaliplatin-capecitabine,2,0,2
pilleron,2,0,2
nupl1,2,0,2
cecilia,2,0,2
peat,2,0,2
gytis,2,0,2
fty720.natalizumab,2,0,2
cd52,2,0,2
saisei,2,0,2
berardo,2,0,2
atu027,2,0,2
anti-mir-150,2,0,2
antimir-122,2,0,2
wemos,2,0,2
vonlanthen,2,0,2
kreuzer,2,0,2
progesterones,2,0,2
maurin,2,0,2
dipropionte,2,0,2
sodiumsesquicarbonate,2,0,2
castanospermineaustrale,2,0,2
robustaflavones,2,0,2
gomisine,2,0,2
pterocarnin,2,0,2
catg,2,0,2
heceptin,2,0,2
torilisjaponicadecadolle,2,0,2
tf-eeflavonoids,2,0,2
anti-matrin,2,0,2
sails,2,0,2
canescens,2,0,2
buguzhi,2,0,2
anti-repellant,2,0,2
corylifolin,2,0,2
psoraleatenuifoliathunb,2,0,2
ag-09/4,2,0,2
soymetide,2,0,2
anti-prosurfactant,2,0,2
hydralyte,2,0,2
per,2,0,2
replicasepolyprotein,2,0,2
mesonivirusorf2a,2,0,2
dknvorf2b,2,0,2
rifaximin-α,2,0,2
cholaramines,2,0,2
hellenic,2,0,2
b.tabaci,2,0,2
γ-glutamyl-ρ-nitroanilide,2,0,2
nsd3,2,0,2
usp22,2,0,2
glrx,2,0,2
crack-17_bf,2,0,2
hypalon,2,0,2
codeine/aspirin,2,0,2
tramadol/diclofenac,2,0,2
oxycodone/ibuprofen,2,0,2
mg/ibuprofen,2,0,2
±lopinavir,2,0,2
azd9219,2,0,2
3-deazaadenosine,2,0,2
cyp3a4.duloxetine,2,0,2
norepinephrine-serotonin,2,0,2
norepinephrine-dopamine,2,0,2
cd30,2,0,2
f16-,2,0,2
thymosinbeta-10,2,0,2
baricco,2,0,2
methoxy-peg-silane,2,0,2
chikf,2,0,2
forapin,2,0,2
a-npi-m.,2,0,2
a-npi-m,2,0,2
henyey-greenstein,2,0,2
iminocylitols,2,0,2
palmitolylation,2,0,2
divc,2,0,2
cadth,2,0,2
lakota,2,0,2
mlclm,2,0,2
quanacrine,2,0,2
pruder,2,0,2
q5d,2,0,2
gelis,2,0,2
β-maltoside,2,0,2
6-mercaptoethanol,2,0,2
hbvis,2,0,2
azithromycin.2,2,0,2
hamid,2,0,2
badillo,2,0,2
idd-11,2,0,2
demethylarbidol,2,0,2
empowerment,2,0,2
enterovirus(ev)71,2,0,2
psychologische,2,0,2
talambong,2,0,2
(acv)/valaciclovir,2,0,2
(gcv)/valganciclovir,2,0,2
adefovirdipivoxil,2,0,2
rifamycinen,2,0,2
isoxazolyl-penicillinen,2,0,2
clavulan,2,0,2
sulbactam-anwendung,2,0,2
penicillinasen,2,0,2
carbapenemen,2,0,2
vancomycin-talspiegel,2,0,2
vancomycin-gabe,2,0,2
tigecyclin-dosis,2,0,2
trimethoprim/800,2,0,2
isavuconazol,2,0,2
fungin,2,0,2
fluconazol-sensibel,2,0,2
fluconazolkritisch,2,0,2
voriconazol-behandlung,2,0,2
metoclopamid,2,0,2
hydroxymetronidazol,2,0,2
diamidin,2,0,2
daraprim,2,0,2
triclabendazol-sulfon,2,0,2
echinokokken,2,0,2
celeri,2,0,2
grünenthal,2,0,2
zeror,2,0,2
lag3,2,0,2
c-zein,2,0,2
alpha-globulin,2,0,2
arroexecutive,2,0,2
potatostarch,2,0,2
preprocaldecrin,2,0,2
"1,25-(oh)2d3",2,0,2
unigram,2,0,2
god,2,0,2
daga,2,0,2
aureonitol,2,0,2
cayetanensis,2,0,2
bitdefender,2,0,2
bisiach,2,0,2
arbib,2,0,2
georgew.bush,2,0,2
amotosalem,2,0,2
psoralen-uva,2,0,2
silica/guanidinum,2,0,2
sar,2,0,2
naadam,2,0,2
maniculatus,2,0,2
lacazette,2,0,2
philosopheradrianacavarero,2,0,2
psychoanalystedward,2,0,2
gsk3β,2,0,2
ss469415590,2,0,2
rummy,2,0,2
ipeep,2,0,2
mahima,2,0,2
9-valenthpv,2,0,2
metamorfose,2,0,2
rs12913832,2,0,2
compound11f,2,0,2
p2-alkyl,2,0,2
syk,2,0,2
lenus,2,0,2
rhan,2,0,2
diethylcabamazine,2,0,2
nhspw,2,0,2
buteo,2,0,2
nonmodified,2,0,2
5′-fluorescein,2,0,2
mir-scr,2,0,2
fmoc-leu-gln(me)2-n(ome)me,2,0,2
fmoc-val-leu-gln(me)2-n(ome)me,2,0,2
fmoc-ala-val-leu-gln(me)2-n(ome)me,2,0,2
fmoc-ser(but)-ala-val-leu-gln(me)2-n(ome)me,2,0,2
pknox1,2,0,2
chloroquine+desethychloroquine,2,0,2
apranax,2,0,2
nifluril,2,0,2
korstanje,2,0,2
fumagalli,2,0,2
huta,2,0,2
lemmaa1,2,0,2
lemmaa3,2,0,2
isg15-intein,2,0,2
terraevzw,2,0,2
naflu,2,0,2
bcin,2,0,2
boeckx,2,0,2
concanamycinb,2,0,2
bms-929075,2,0,2
3-deazaguanosine,2,0,2
raplixa,2,0,2
surfactant+,2,0,2
yifan,2,0,2
mtp-64,2,0,2
betamimetics,2,0,2
peptiden8,2,0,2
tetanus-,2,0,2
betanzo,2,0,2
cefovecine,2,0,2
fru,2,0,2
rhinoscleroma,2,0,2
leprosy,2,0,2
arabinogalactans,2,0,2
hetesim,2,0,2
chop-luc,2,0,2
ptp-6,2,0,2
methyl-group,2,0,2
sirna5,2,0,2
laminoplasty,2,0,2
entre,2,0,2
zanamivir).no,2,0,2
amphimerus,2,0,2
antioxidant/multivitamin,2,0,2
orab,2,0,2
ap180,2,0,2
orab1,2,0,2
stoller,2,0,2
buriti,2,0,2
haemaccel,2,0,2
vitaminesgegeven,2,0,2
tdf/ftc/efv,2,0,2
14c-leucine,2,0,2
"1a,25-dihydroxyvitamind3",2,0,2
ketron,2,0,2
cartonectin,2,0,2
xeomin,2,0,2
artane,2,0,2
anti-amaryl,2,0,2
tashkant,2,0,2
lshm-ct-2006,2,0,2
il-6/il-1,2,0,2
beta-propriolactone,2,0,2
ampicillin-kanamycin,2,0,2
orosomucoid,2,0,2
fz40,2,0,2
gstp1.it,2,0,2
supranational,2,0,2
heat-adaptedk40/09hp50virus,2,0,2
sepazol,2,0,2
alv-a,2,0,2
neonicotinoids,2,0,2
obatoclax-emetine-homoharringtonine,2,0,2
mafosfamide/4hc-purged,2,0,2
ctla-4deltm,2,0,2
anti-ctla-4-mabs,2,0,2
anti-ctla-4-mab,2,0,2
.cef,2,0,2
metnet,2,0,2
metdna,2,0,2
gennady,2,0,2
evgenii,2,0,2
talks,2,0,2
spykman,2,0,2
bifidummf,2,0,2
caseishirota,2,0,2
ifn-dosage,2,0,2
oleophila,2,0,2
sardine,2,0,2
d-mt,2,0,2
cvi-78,2,0,2
svrg,2,0,2
dazak,2,0,2
weiermair,2,0,2
riboside,2,0,2
nictoinamideriboside,2,0,2
myroflammus,2,0,2
josh,2,0,2
pω,2,0,2
illona,2,0,2
streptomycin-minocycline,2,0,2
mlef,2,0,2
açai,2,0,2
ambamphotericin,2,0,2
pingan,2,0,2
sathish,2,0,2
nitroanilides,2,0,2
ß-sympathomimetic,2,0,2
atovaquone/pyrimethamine,2,0,2
azithromycin/pyrimethamine,2,0,2
pencyclovircream,2,0,2
valacv,2,0,2
asn81,2,0,2
98-amino-acid,2,0,2
coxsackiea-9,2,0,2
ardestani,2,0,2
fluta,2,0,2
walleye,2,0,2
dicentrarchus,2,0,2
percid,2,0,2
phyton,2,0,2
kintambo,2,0,2
ltl2ldgba,2,0,2
aredia,2,0,2
mavuto,2,0,2
fosfocysteine,2,0,2
vanadocene,2,0,2
vanadocenes,2,0,2
flavonoid-rich,2,0,2
vochrys,2,0,2
ramalina,2,0,2
piperacillin-tazobactum,2,0,2
sobis,2,0,2
naurin,2,0,2
coacaine,2,0,2
salvalac,2,0,2
col-,2,0,2
ffp1-,2,0,2
altaner,2,0,2
barbuda,2,0,2
endoua,2,0,2
yifei,2,0,2
andreasrauch,2,0,2
"4,7-dichloroquinole",2,0,2
melanie,2,0,2
t1am,2,0,2
hyptissuaveolens,2,0,2
c.dactylon,2,0,2
potassiumhydride,2,0,2
tbai,2,0,2
bipyridines,2,0,2
"3-nitro-1,2,4-triazole",2,0,2
nitroarene,2,0,2
methylcarbamate,2,0,2
benzamidines,2,0,2
hydroxyethylsulfonamide,2,0,2
n-alkylsulfonamides,2,0,2
weck-cel,2,0,2
tatra,2,0,2
17-ketosteroids,2,0,2
tonks,2,0,2
curme,2,0,2
adrenalinium,2,0,2
jus,2,0,2
publicum,2,0,2
chlorine/l,2,0,2
n-formyl-methionine,2,0,2
murilo,2,0,2
hafenstein,2,0,2
cardiotoxic,2,0,2
moxifloxacin/rifabutin/azitromycin/ethambutol,2,0,2
b/flucytosine,2,0,2
statin-azithromycin,2,0,2
five-fluorouracil,2,0,2
fucosylatedhmo,2,0,2
mab9d5,2,0,2
cernusco,2,0,2
cesare,2,0,2
talei,2,0,2
ajeno,2,0,2
cortico-steroids,2,0,2
apelin-apj,2,0,2
karsak,2,0,2
devera,2,0,2
daidone,2,0,2
carinol,2,0,2
natalija,2,0,2
junger,2,0,2
shannon,2,0,2
ce80vaccine,2,0,2
vicks,2,0,2
kossin,2,0,2
row,2,0,2
ethopia,2,0,2
eritria,2,0,2
estradioleia,2,0,2
bi-magnesium,2,0,2
beta-sistosterol,2,0,2
nilavembu,2,0,2
samirna,2,0,2
jiena,2,0,2
paclitaxal,2,0,2
ocpb,2,0,2
5′-cytidine,2,0,2
anti-clinton,2,0,2
aquillion,2,0,2
zinciodine-dmso,2,0,2
diniz,2,0,2
1α-hydroxyvitamin,2,0,2
mmvs,2,0,2
d-actinomycin,2,0,2
ciprofloxacin/amoxicillin-clavulanate,2,0,2
flavone-flavonol,2,0,2
isopentyl,2,0,2
psiadia,2,0,2
hydroalcoholicpropolis,2,0,2
cardol,2,0,2
paracoccidoides,2,0,2
ijso,2,0,2
pompano,2,0,2
trachinotus,2,0,2
polaprezinc,2,0,2
oaslb,2,0,2
moasl1,2,0,2
petrosterol,2,0,2
aragusterol,2,0,2
weinkle,2,0,2
etc,2,0,2
ketamin/xylaxine,2,0,2
zolmidine,2,0,2
bz-dl-arg-pna,2,0,2
l.gasseri,2,0,2
lactocillin,2,0,2
sars-cov.povidone-iodine,2,0,2
im-ep,2,0,2
nsc16,2,0,2
herbartemisiaannua,2,0,2
x-cel,2,0,2
hydantoinacrylamide,2,0,2
chemetron,2,0,2
p/c,2,0,2
intraplateletcholesterol,2,0,2
omax,2,0,2
nitrogon,2,0,2
yunginger,2,0,2
nmda-antagonist,2,0,2
liquor,2,0,2
cedrela,2,0,2
toonapaste,2,0,2
lichenoides,2,0,2
chloronucleoside,2,0,2
il-23.it,2,0,2
edesol,2,0,2
water-solute,2,0,2
sulfo-ivig,2,0,2
mir‐127,2,0,2
qinhua,2,0,2
dexiang,2,0,2
rdrp,2,0,2
desaturated,2,0,2
zafra,2,0,2
nordazepam,2,0,2
nexaband,2,0,2
nano-zinc,2,0,2
rfi-641,2,0,2
maxilene,2,0,2
tucillo,2,0,2
stomatal,2,0,2
berbeglia,2,0,2
adenosinedialdehyde,2,0,2
5-cqa,2,0,2
cozmo,2,0,2
sulfahydryl,2,0,2
mers.vitaminsb2,2,0,2
danfoss,2,0,2
•calcium,2,0,2
motha,2,0,2
fungizol,2,0,2
z93,2,0,2
sodiumcromoglycerate,2,0,2
lopinavir/ritanavir,2,0,2
lactobacillusgasseri,2,0,2
uganda-drc,2,0,2
jaburetox-2ec,2,0,2
acutifolius,2,0,2
ramarao,2,0,2
halepensis,2,0,2
sadiq,2,0,2
konstantinides,2,0,2
deepfakes,2,0,2
skyrms,2,0,2
deepfake,2,0,2
fam-trastuzumab,2,0,2
hyrazone,2,0,2
isochaetochromin,2,0,2
scepadin,2,0,2
lipemiaretinalis,2,0,2
trosy,2,0,2
camptothecin-encapsulating,2,0,2
apt-peg-pamam-cpt,2,0,2
papalia,2,0,2
olet,2,0,2
penovedistat,2,0,2
thalidomide/lenalidomide,2,0,2
ibwc,2,0,2
kjeller,2,0,2
segoufin,2,0,2
metricide,2,0,2
cantel,2,0,2
ranci,2,0,2
sandawe,2,0,2
interferon-α-β,2,0,2
pi-statin,2,0,2
flua-pan-1,2,0,2
euphol,2,0,2
artefenomel,2,0,2
tweezer,2,0,2
checa,2,0,2
polymixinb,2,0,2
trelea,2,0,2
gl-pso,2,0,2
clpso,2,0,2
p-adenosine,2,0,2
catoniae,2,0,2
neisseiriaflavescens,2,0,2
ribavirins,2,0,2
quadrivalentinfluenza,2,0,2
romulo,2,0,2
otavio,2,0,2
glabrapolysaccharide,2,0,2
methanoliclicorice,2,0,2
licoricerhizome,2,0,2
blatina,2,0,2
diammonium-glycyrrhizinate,2,0,2
isv,2,0,2
chinua,2,0,2
pric3,2,0,2
lci699,2,0,2
mir-h2-3p,2,0,2
eif2a,2,0,2
penicillin/kg,2,0,2
d-dna,2,0,2
kurobuta,2,0,2
ilunga,2,0,2
min-cost/degree,2,0,2
bundit,2,0,2
ctf,2,0,2
parthiban,2,0,2
tbsv,2,0,2
staphylococcal,2,0,2
lifetin,2,0,2
freundsadjuvanted,2,0,2
e3r4vaccine,2,0,2
zinc-gluconate,2,0,2
gingerenonea,2,0,2
cytokeratin-17,2,0,2
pcvp,2,0,2
co-trimaxozole,2,0,2
kodomaea,2,0,2
ampb,2,0,2
avi-7100,2,0,2
mir-h2,2,0,2
pegylated-ifn-alpha,2,0,2
hpv-62,2,0,2
hpv-83,2,0,2
medac,2,0,2
chlortetracyclin,2,0,2
msm6198959223,2,0,2
csa-131/vancomycin,2,0,2
carbapenem-,2,0,2
trimethoprim-sulphametaxazole,2,0,2
tp-433,2,0,2
pentacycline,2,0,2
cefoperazone-sulbactum,2,0,2
amoxicillin-gentamicin,2,0,2
mg/sulfamethoxazole,2,0,2
canaria,2,0,2
sulfamethoxazol-trimethoprim,2,0,2
anaerococcus,2,0,2
glycemia,2,0,2
quinine-doxycycline,2,0,2
bimpm,2,0,2
alcolmeter,2,0,2
zingiberales,2,0,2
rhizomesoil,2,0,2
e-β-caryophyllene,2,0,2
leoheo,2,0,2
rhizomeeos,2,0,2
h.bellaeos,2,0,2
(−)-taxofolin,2,0,2
(−)-taxifolin,2,0,2
(+)-taxifolin,2,0,2
p.lactiflora,2,0,2
ataxin-1,2,0,2
quark,2,0,2
torfing,2,0,2
heikkila,2,0,2
laminb-1,2,0,2
csa/nim811,2,0,2
fahraeus,2,0,2
ethanol/phenol,2,0,2
bazaar,2,0,2
brca2-c,2,0,2
ophiopogonin-d,2,0,2
yi-qiao-san,2,0,2
lariat,2,0,2
mir-522,2,0,2
wordfish,2,0,2
heme-chloroquine,2,0,2
aureas,2,0,2
vulnicuravralbum,2,0,2
donavan,2,0,2
haridy,2,0,2
imogen,2,0,2
meharry,2,0,2
präbiotika,2,0,2
nirel,2,0,2
if-kh,2,0,2
hydroxychloroquine.1,2,0,2
meropenem/ciprofloxacin,2,0,2
meropenem/moxifloxacin,2,0,2
colistin/rifampin,2,0,2
gi-gpx,2,0,2
mirna-1306,2,0,2
exonicmir-1306,2,0,2
hiv-protease,2,0,2
celulares,2,0,2
anti‐androgen,2,0,2
mif,2,0,2
isimangaliso,2,0,2
lapalcian,2,0,2
clavulanato,2,0,2
et-traps,2,0,2
ribivarin,2,0,2
potexvirus,2,0,2
cbi-cir-11,2,0,2
ketamine/xilazine,2,0,2
vernier,2,0,2
actemra,2,0,2
lactobacillivaccine,2,0,2
anticoccidialvaccine,2,0,2
desulfatedpolysaccharides,2,0,2
celonis,2,0,2
piperacillin-tazobactom,2,0,2
mantaras,2,0,2
ema12,2,0,2
chakaia,2,0,2
genius,2,0,2
spiralcurriculum,2,0,2
diaconus,2,0,2
gallico,2,0,2
nyssorhynchus,2,0,2
cinchonaalkaloids,2,0,2
neosalvarsan,2,0,2
diogene,2,0,2
artemisinin-derived,2,0,2
palyam,2,0,2
messapia,2,0,2
myrtiflora,2,0,2
philaenus,2,0,2
draeculacephala,2,0,2
akkadic,2,0,2
hydroxytyrosolglucoside,2,0,2
xylella,2,0,2
hasse-minkowski,2,0,2
apscaviroid,2,0,2
suler,2,0,2
carabeo,2,0,2
crto,2,0,2
lemonpeel,2,0,2
γ-terpinen,2,0,2
melitidin,2,0,2
aa%,2,0,2
dextrus,2,0,2
medt,2,0,2
terpene-ozone,2,0,2
gummae,2,0,2
paxata,2,0,2
bucharest-ilfov,2,0,2
amoxillin/clavulanate,2,0,2
primaquine-clindamycin,2,0,2
preeclampsia,2,0,2
ul70,2,0,2
est1,2,0,2
cohex,2,0,2
nemiralisib,2,0,2
hydrastatine,2,0,2
ribavirin/ifn-α2a,2,0,2
aceti,2,0,2
plasimodium,2,0,2
strategicframework,2,0,2
p7gt3a,2,0,2
hexamethylenechloride,2,0,2
mir-1224,2,0,2
anti-mir-1224antagomir,2,0,2
triethylammoniumbicarbonate,2,0,2
dimethylsulphate,2,0,2
pegifn-α2b,2,0,2
dynapro,2,0,2
zeynep,2,0,2
2-deoxyinosine,2,0,2
drotaverin,2,0,2
interrogans,2,0,2
laven,2,0,2
4-hydroxycoumarins,2,0,2
cordatolide,2,0,2
marila,2,0,2
purine-coumarin,2,0,2
coxsackieviruscv-a6,2,0,2
cv-a11,2,0,2
pazt,2,0,2
pegifn-β-1a,2,0,2
bg-12,2,0,2
pyruvate-kinase,2,0,2
lopyrev,2,0,2
chebulinicacid,2,0,2
sting-agonist,2,0,2
azalomycin,2,0,2
hypericumchinense,2,0,2
ras,2,0,2
sodiumhouttuynin,2,0,2
mk-8141,2,0,2
zago,2,0,2
fentanyl/sufentanil,2,0,2
zincvitamin,2,0,2
blubber,2,0,2
lp-1,2,0,2
plantarumlp-1,2,0,2
montchanin,2,0,2
p-gels,2,0,2
sutro,2,0,2
hamophilus,2,0,2
equinocandina,2,0,2
piperazilina-tazobactan,2,0,2
foetor,2,0,2
enterotoxinb,2,0,2
cyanogenchloride,2,0,2
alchohol,2,0,2
methylenedioxy-n-methylamphetamine,2,0,2
quadrivalentiiv,2,0,2
aguas,2,0,2
lepš,2,0,2
sericostoma,2,0,2
potamophylax,2,0,2
lenat,2,0,2
patuletinglycoside,2,0,2
(−)-carbovir,2,0,2
thymidylate,2,0,2
chamecyparis,2,0,2
patentiflorin,2,0,2
kabongo,2,0,2
chavula,2,0,2
ojong,2,0,2
brady,2,0,2
tenerife,2,0,2
posacoazole,2,0,2
echinocandidin,2,0,2
voriconazole/posaconazole,2,0,2
bellinzona,2,0,2
ceneri,2,0,2
ladarixin,2,0,2
diflumidone,2,0,2
quinethazone,2,0,2
sulfamation,2,0,2
gumb,2,0,2
gumg,2,0,2
gumm,2,0,2
caitlin,2,0,2
amantis,2,0,2
gonadotropic,2,0,2
devillis,2,0,2
aug5,2,0,2
stamou,2,0,2
yarner,2,0,2
ooooby,2,0,2
plataforma,2,0,2
dialoga,2,0,2
hcv-induced,2,0,2
ampicillin-lb,2,0,2
methionines,2,0,2
isotron,2,0,2
coterill,2,0,2
santander,2,0,2
otava,2,0,2
digitor,2,0,2
cyclophyllidea,2,0,2
alatus,2,0,2
hesse,2,0,2
3-butenol,2,0,2
n-benzylpiperidone,2,0,2
c.lemon,2,0,2
lyciummethanol,2,0,2
dihydroartemisinin-fluoroquinolone,2,0,2
helcococcus,2,0,2
elodontoma,2,0,2
zhangzhong-jing,2,0,2
sinisan,2,0,2
ramuluscinnamomi,2,0,2
tai-yang,2,0,2
yang-qi,2,0,2
heterodox,2,0,2
eutalender,2,0,2
normon,2,0,2
icon,2,0,2
geneticsgmbh.as,2,0,2
isopropylalcohols,2,0,2
vp5polypeptide,2,0,2
antwi,2,0,2
yidana,2,0,2
bacow,2,0,2
bingimlas,2,0,2
dessalegn,2,0,2
amburana,2,0,2
viaene,2,0,2
peg-chain,2,0,2
aripripazole,2,0,2
e1bn,2,0,2
propionaldehyde,2,0,2
ei(naphthalene,2,0,2
pah,2,0,2
alhydroxide,2,0,2
mercuriciodine,2,0,2
elastoplast,2,0,2
leonoruscardiaca,2,0,2
magnoliaacuminata,2,0,2
chamomileherbs,2,0,2
dandelion,2,0,2
betonica,2,0,2
gregorin,2,0,2
perrine,2,0,2
lactobacilluscaseidn-114,2,0,2
qiweibaizhu,2,0,2
pedv-ly4-,2,0,2
bromo-desoxiuridine,2,0,2
sulfones,2,0,2
clofazimin,2,0,2
zaneta,2,0,2
manju,2,0,2
guanine/cytosine,2,0,2
cvb3-,2,0,2
chloroquine/hydroxichloroquine,2,0,2
hubba,2,0,2
mir-105,2,0,2
mir‐con,2,0,2
antiflu,2,0,2
mir‐155,2,0,2
r-18a,2,0,2
r-12a,2,0,2
zono-sim,2,0,2
n<1τα,2,0,2
cfda-se,2,0,2
lonab.,2,0,2
valinmandelicacid,2,0,2
nafi,2,0,2
interferon-alpha-2,2,0,2
poximune,2,0,2
isinopril,2,0,2
tlr9-agonists,2,0,2
apela,2,0,2
pyr1,2,0,2
inotrope/vasodilator,2,0,2
oropa,2,0,2
anti-cd147,2,0,2
azepinic,2,0,2
isonicotinic,2,0,2
naira,2,0,2
tripterysium,2,0,2
janil,2,0,2
nrf2,2,0,2
golga8,2,0,2
ramb1,2,0,2
mirul112,2,0,2
36-amino-acid,2,0,2
cg-1a,2,0,2
cg-8,2,0,2
cg-1b,2,0,2
e.rhytidosperma,2,0,2
e.glauca,2,0,2
gels,2,0,2
amidoblack,2,0,2
formocresol,2,0,2
st-14,2,0,2
sanci,2,0,2
natriuretic,2,0,2
sacubitrile,2,0,2
agv,2,0,2
anti-dabigatran,2,0,2
ppi-clarithromycin,2,0,2
pronetron,2,0,2
ikonomidis,2,0,2
amoxiclavulanate,2,0,2
adar1a,2,0,2
shichuang,2,0,2
teophyline,2,0,2
biguanide-chlorhexidine,2,0,2
ketoconazole-induced,2,0,2
interferon-alphaa,2,0,2
apios,2,0,2
medikus,2,0,2
hermeren,2,0,2
cordyheptapeptidea,2,0,2
cordyheptapeptideb,2,0,2
xanthocillin,2,0,2
bioxanthracenes,2,0,2
ophioglossoides,2,0,2
cordymax,2,0,2
paecilomyces,2,0,2
zainab,2,0,2
indranil,2,0,2
bibace,2,0,2
artesunate/pyrimethamine,2,0,2
cqdp,2,0,2
fq-trioxaquines,2,0,2
hiv-ca,2,0,2
laser2,2,0,2
budesonide-formeterol,2,0,2
phos-tagacrylamide,2,0,2
converso,2,0,2
psychoticism,2,0,2
swog,2,0,2
isopropanol/hcl,2,0,2
bisong,2,0,2
pancreozymin-secretin,2,0,2
valporicacid,2,0,2
rivastigmin,2,0,2
fludrokortison,2,0,2
brevinin-1bya,2,0,2
thearkgavaccine,2,0,2
lapane,2,0,2
s-palmitoylated,2,0,2
cys86,2,0,2
δa,2,0,2
wiegand,2,0,2
xylenecyanole,2,0,2
mir-3183,2,0,2
mcp/ccl-2,2,0,2
ecpepn-bestatin,2,0,2
payroll,2,0,2
dapat,2,0,2
streptococcuspolysaccharide,2,0,2
sigir,2,0,2
ricoh,2,0,2
schloerb,2,0,2
lesner,2,0,2
carboxypeptidasea4,2,0,2
chymotrypsin‐like,2,0,2
gentamycin/amphotericin-b,2,0,2
keele,2,0,2
cefoxitina,2,0,2
amphiostat,2,0,2
hcvrna,2,0,2
ru8,2,0,2
speltini,2,0,2
passini,2,0,2
1953,2,0,2
antiprotease,2,0,2
cyclohexane,2,0,2
nsdd,2,0,2
ampicilline-sulbactam,2,0,2
xdeepfm,2,0,2
met.lapatinib,2,0,2
cyp3a4.erlotinib,2,0,2
map3k8,2,0,2
nvp-bez235,2,0,2
cenisertib,2,0,2
6-dimethylaminopurine,2,0,2
tosazertib,2,0,2
"4,4′-diacetyldiphenylurea-bis(guanylhydrazone",2,0,2
azd6474,2,0,2
cep-751,2,0,2
bms-214662,2,0,2
ranpirnase,2,0,2
-zomib,2,0,2
erbb1.matuzumab,2,0,2
dn-30,2,0,2
amg479,2,0,2
.barnidipine,2,0,2
hawk,2,0,2
cerocarpus,2,0,2
ammodramus,2,0,2
etop,2,0,2
imidizoquinolines,2,0,2
sulfamethaxazole-trimethoprim,2,0,2
ganellin,2,0,2
rhi,2,0,2
cisplatin-with,2,0,2
ceredase,2,0,2
3h-ezetimibe,2,0,2
acyl-kr-aldehyde,2,0,2
24(s)-hydroxycholesterol,2,0,2
water-solublecholesterol,2,0,2
xanthene,2,0,2
chaps,2,0,2
folinezuur,2,0,2
advisor,2,0,2
nfvmano,2,0,2
5g-media,2,0,2
vivek,2,0,2
exquisitor,2,0,2
thiverval,2,0,2
d-cloprostenol,2,0,2
kathiala,2,0,2
karwinol,2,0,2
c.botulinum,2,0,2
ferus,2,0,2
capa,2,0,2
lopinivir/ritonavir,2,0,2
ciprofloxacin/norfloxacin,2,0,2
bcg-basedvaccinevpm1002,2,0,2
hiv-env,2,0,2
j527,2,0,2
egfr-sirna,2,0,2
oxp,2,0,2
sft,2,0,2
chlorhydrin,2,0,2
asiatica,2,0,2
chuanjun,2,0,2
n-diethylnitrosamine,2,0,2
bengin,2,0,2
sambucusformasana,2,0,2
ciclosporin/tacrolimus,2,0,2
hyroxyurea,2,0,2
c(ytosine,2,0,2
vasya,2,0,2
w7,2,0,2
nonmethotrexate,2,0,2
aquina,2,0,2
bura,2,0,2
sapi,2,0,2
mei2,2,0,2
anti-igg2,2,0,2
thews-pp,2,0,2
inxila,2,0,2
clobazem,2,0,2
hsa-mir-4288,2,0,2
hsa-mir-510-3p,2,0,2
hsa-mir-4793,2,0,2
danzhixiaoyaosan,2,0,2
beta-site,2,0,2
ufd1l,2,0,2
kitabal-jadari,2,0,2
al-razi,2,0,2
amoxi,2,0,2
dlamini,2,0,2
deltoin,2,0,2
egcg/theaflavin,2,0,2
fucose-binding,2,0,2
ciclosporins,2,0,2
6-mercaptopurins,2,0,2
tetravalentgalabioside,2,0,2
polyiodinated,2,0,2
photoprin,2,0,2
p-chloranil,2,0,2
bisporphyrin,2,0,2
acetylthioglycosides,2,0,2
hexavalentconjugates,2,0,2
cyclophosphazene,2,0,2
bromomalonate,2,0,2
ferrouschloride,2,0,2
vögtle,2,0,2
tetravalentconjugate,2,0,2
chitosanpolysaccharide,2,0,2
d-galactoside,2,0,2
laura,2,0,2
z3-sirna,2,0,2
z-sirna,2,0,2
z4-sirna,2,0,2
d-luciferin-k-salt,2,0,2
aminogylcoside,2,0,2
lopinar-ritonivar,2,0,2
segil,2,0,2
eybalin,2,0,2
six1,2,0,2
sapg,2,0,2
dohh,2,0,2
debate,2,0,2
5-azactytidine,2,0,2
maghreb,2,0,2
stenaline,2,0,2
zostavaxzoster,2,0,2
pvem,2,0,2
barbadensis,2,0,2
thesi/06,2,0,2
algirdas,2,0,2
wikileaks,2,0,2
vht,2,0,2
kgg,2,0,2
antóniomanso,2,0,2
ofdiphtheria,2,0,2
lantin,2,0,2
nitrous-oxygen,2,0,2
inflexalr,2,0,2
ybx3,2,0,2
bta-mir-21,2,0,2
myocarditis,2,0,2
picopump,2,0,2
helwingiajaponica,2,0,2
stenostachya,2,0,2
oxapampa,2,0,2
bertelsmann,2,0,2
nkuringo,2,0,2
junb/d,2,0,2
faucet,2,0,2
thozhukatsathyapalan,2,0,2
a.japonicabark,2,0,2
pitstop2,2,0,2
ovoo,2,0,2
klrc,2,0,2
klre,2,0,2
klra,2,0,2
bcl2l11,2,0,2
tim-3,2,0,2
2.azithromycin,2,0,2
33-(s)-oligomycin,2,0,2
mithramycinacid,2,0,2
daunorubicim,2,0,2
14-hydroxycarminomycin,2,0,2
aspm,2,0,2
ginsenocides,2,0,2
erianin,2,0,2
spiranthes,2,0,2
dendramine,2,0,2
denbinobine,2,0,2
cyanidin-3-glycoside,2,0,2
passifloracaerulea,2,0,2
bulbophyllumodoratissimum,2,0,2
kanpo,2,0,2
dnmt,2,0,2
jieyi,2,0,2
zhemian,2,0,2
antiprogestinco-control,2,0,2
antiprogestin-activated,2,0,2
gurvan,2,0,2
argali,2,0,2
methylprednisoslone,2,0,2
religio,2,0,2
"ca-13,",2,0,2
"ca-17,ca-19,ca-19/22,ca-21,echo-21",2,0,2
jisl,2,0,2
ascorbatein,2,0,2
tartaricum,2,0,2
verbenaofficinalis,2,0,2
v.officinalis,2,0,2
zalacain,2,0,2
avp-ic,2,0,2
dbp4,2,0,2
nikolaj,2,0,2
sauerstofftherapie,2,0,2
angii/ang-(1-,2,0,2
baruch,2,0,2
aureliamulgan,2,0,2
herculine,2,0,2
finesilver,2,0,2
muharram,2,0,2
wisepill,2,0,2
n3.it,2,0,2
kynol,2,0,2
ethica,2,0,2
1916,2,0,2
sedar,2,0,2
csmc,2,0,2
fasan,2,0,2
mir-122-3p,2,0,2
mir-122-5p/mir-133b,2,0,2
floxuridin,2,0,2
demannosylated,2,0,2
cortes,2,0,2
brandan,2,0,2
osteoglycin/mimecan,2,0,2
anti-lumican,2,0,2
penc,2,0,2
glycosaminoglycans,2,0,2
shadnia,2,0,2
β-fructose,2,0,2
ramlawi,2,0,2
oac-plus-clopidogrel,2,0,2
clopirdogrel,2,0,2
no-clopidogrel,2,0,2
rθ,2,0,2
debioject,2,0,2
dn-114,2,0,2
diptheria-tetanusvaccine,2,0,2
bregman,2,0,2
cycrophosphamide,2,0,2
maril,2,0,2
jalaneti,2,0,2
methonomethylophilus,2,0,2
strem,2,0,2
ha1,2,0,2
ardell,2,0,2
imidase,2,0,2
d-tree,2,0,2
nay1,2,0,2
polycystins,2,0,2
velthuis,2,0,2
camelliaoils,2,0,2
teaoil,2,0,2
hydroxychloroquine.16,2,0,2
mir171b,2,0,2
quillajasaponaria,2,0,2
sirolimus/everolimus-fkbp-12,2,0,2
trimethroprim-sulfamethoxazole,2,0,2
loniceraconfusadecandolle,2,0,2
loniceradasystyla,2,0,2
shanyinhua,2,0,2
loniceramacranthoideshandel-mazzetti,2,0,2
lonicerafulvotomentosa,2,0,2
syh.sincejyh,2,0,2
"jyh,jyh",2,0,2
loniceramacrantha,2,0,2
caprifolieae,2,0,2
periclymenum,2,0,2
jiyinhua,2,0,2
l.macrantha,2,0,2
lonicerajaponicacaulis,2,0,2
chelatesmetal,2,0,2
syhiridoids,2,0,2
lonijaposides,2,0,2
macranthosideb,2,0,2
syhsaponins,2,0,2
tetraploidjyh,2,0,2
l.confusa,2,0,2
macranthoidina,2,0,2
forsythiaefructusinshl,2,0,2
"jyh,",2,0,2
artemisinin-quinine,2,0,2
isatin-4aminoquinolineconjugates11a,2,0,2
losartan-hydrochlorothiazide,2,0,2
5′-flap,2,0,2
facebook-owned,2,0,2
stoli,2,0,2
anti-fascist,2,0,2
sterben,2,0,2
(55).lopinavir/ritonavir,2,0,2
gentiana,2,0,2
glycosylatedflavonoids,2,0,2
oxygen/isoflurane,2,0,2
dhv-1vaccine,2,0,2
pineapple,2,0,2
maiolino,2,0,2
afd.,2,0,2
konstatieren,2,0,2
reduced-glutathione,2,0,2
"2,3,5-triphenyltetrazoliumchloride",2,0,2
antibiotics.7,2,0,2
adma9,2,0,2
imipeneme,2,0,2
claesen,2,0,2
salvage,2,0,2
a.sativa,2,0,2
frama-c,2,0,2
trimethyl,2,0,2
(r)-pulegone,2,0,2
ban-ki,2,0,2
ribavirinba,2,0,2
horquin,2,0,2
mir-34b-5p,2,0,2
mir-9-5p,2,0,2
"mir-9-5p,mir-3664-5p",2,0,2
oseltamivir/amantadine,2,0,2
cerber,2,0,2
nicandro,2,0,2
197-amino-acid,2,0,2
uspedv/sindelpedv,2,0,2
tc-pc177,2,0,2
β-haematin,2,0,2
heterobimetallic,2,0,2
thiohemiacetals,2,0,2
crhr2,2,0,2
ebl).it,2,0,2
gvn,2,0,2
juana,2,0,2
piwi4,2,0,2
furor,2,0,2
heysel,2,0,2
jella,2,0,2
crex,2,0,2
futurist,2,0,2
n-methylhydroxylamine,2,0,2
diprovocim,2,0,2
ova-mpla,2,0,2
difebarbamate,2,0,2
vatica,2,0,2
cretanaromatic,2,0,2
caesalpinia,2,0,2
sulbactam/avibactam,2,0,2
polymyxin-,2,0,2
diaminefluoride,2,0,2
iansoprazole,2,0,2
alliances,2,0,2
logicgates,2,0,2
cd30-targeting,2,0,2
tnfsf13b,2,0,2
cuello,2,0,2
ny-0123,2,0,2
malonamide,2,0,2
cyclopentenoneprostaglandins,2,0,2
prostaglandin15d-pgj2,2,0,2
akyemabuakwa,2,0,2
keybi,2,0,2
opiumpoppy,2,0,2
chromotherapy,2,0,2
lemonmyrtleoil,2,0,2
trichodysplasia,2,0,2
tolsura,2,0,2
perfadex,2,0,2
bodycap,2,0,2
hedden,2,0,2
immudex,2,0,2
β‐d‐n4‐hydroxycytidine,2,0,2
koltsovo,2,0,2
bicilline,2,0,2
kininehydrochloride,2,0,2
acaryochloris,2,0,2
physcomitrella,2,0,2
eusthenopteron,2,0,2
cassineria,2,0,2
juramaia,2,0,2
15-lipoxygenation,2,0,2
12-lipoxygenation,2,0,2
tunicataleukotriene,2,0,2
s14c-mtsl,2,0,2
mtsl,2,0,2
let,2,0,2
aaamyloid,2,0,2
ansalactams,2,0,2
ansalactam,2,0,2
lobosamides,2,0,2
lobosamide,2,0,2
pactamide,2,0,2
haliamide,2,0,2
accramycin,2,0,2
erythemetosus,2,0,2
avcin,2,0,2
raptiva,2,0,2
gangliosidegd3,2,0,2
h.cineraceus,2,0,2
tribunals,2,0,2
gzk,2,0,2
tiamutin,2,0,2
tudu,2,0,2
wiseman,2,0,2
albumin/octreotide/hypertonic,2,0,2
acetaminophen/drug,2,0,2
song-tang,2,0,2
vitullo,2,0,2
zn-mt,2,0,2
clazamycin,2,0,2
aclacinomycins,2,0,2
leucamide,2,0,2
mizoribineprodrug,2,0,2
mizoribinemonophosphate,2,0,2
tianjin,2,0,2
tpc/calcineurin,2,0,2
chelator/am,2,0,2
haaglund,2,0,2
fuzeona,2,0,2
jensenius,2,0,2
diphenhydraminehydrochloride,2,0,2
dexosome,2,0,2
savara,2,0,2
moclamine,2,0,2
(hydroxy)chloroquine/azithromycine,2,0,2
orf48,2,0,2
vitamind2/d3,2,0,2
crimando,2,0,2
cardif,2,0,2
hla-b∗46:01,2,0,2
proflavinhydrochloride,2,0,2
amm,2,0,2
cefotaxme,2,0,2
preeclamptic,2,0,2
carboxymethyl-lysine,2,0,2
met219,2,0,2
bglf4,2,0,2
cg1,2,0,2
imp-α5,2,0,2
instagram-twitter,2,0,2
neo-kauluamine,2,0,2
mauritamide,2,0,2
odiline,2,0,2
dibromoagelospongin,2,0,2
stylotella,2,0,2
longamide,2,0,2
acanthamides,2,0,2
bisaprasin,2,0,2
purealidin,2,0,2
purpurealidin,2,0,2
4-iodophenol,2,0,2
halicylindramide,2,0,2
geodiamolides,2,0,2
phakellia,2,0,2
axinastatins,2,0,2
haligramides,2,0,2
polytheonamides,2,0,2
pseudotheonamide,2,0,2
papuamides,2,0,2
celebeside,2,0,2
perthamide,2,0,2
acantholided,2,0,2
luffarin,2,0,2
malabaricol,2,0,2
stelletin,2,0,2
stelliferinriboside,2,0,2
jaspolideb,2,0,2
formosideb,2,0,2
trichostatina,2,0,2
jaspolides,2,0,2
mpl-dda,2,0,2
advaxadjuvants,2,0,2
advax-adjuvantedvaccine,2,0,2
buzacott,2,0,2
tommaso,2,0,2
pre-acyclovir,2,0,2
ifn-ξ,2,0,2
potassiumsulfate,2,0,2
violetta,2,0,2
cxcl-10,2,0,2
pegylatedinf-α2a,2,0,2
anti-digoxigenin-alkaline,2,0,2
ppmo1bp1,2,0,2
5hp+7p1,2,0,2
6p1+,2,0,2
ppmo5hp,2,0,2
flyte,2,0,2
ticket,2,0,2
amoxicillin/clavunate,2,0,2
viacam,2,0,2
corbrin,2,0,2
kreuzen,2,0,2
gelogen,2,0,2
philosopherhansjonas,2,0,2
silhol,2,0,2
halomethylketones,2,0,2
dilkina,2,0,2
ascalin,2,0,2
francescamelandri,2,0,2
gov.,2,0,2
grzymala-busse,2,0,2
ragnarok,2,0,2
loki,2,0,2
hpml,2,0,2
hpem,2,0,2
detoxy,2,0,2
frieden,2,0,2
gelatin-silver,2,0,2
hypocapnia,2,0,2
lacin,2,0,2
dexmetomidine,2,0,2
t-dm1,2,0,2
traustuzumab,2,0,2
chp-her2,2,0,2
her2-pdna,2,0,2
luteolin7-glucoside,2,0,2
rtd‐1,2,0,2
salt-water,2,0,2
lysozymes,2,0,2
ronozyme,2,0,2
hbvaccine,2,0,2
ferrousiron,2,0,2
nsclc.atezolizumab,2,0,2
modipavant,2,0,2
tiamuline,2,0,2
doramectine,2,0,2
tilmicosine,2,0,2
nehisi,2,0,2
uspls,2,0,2
isopropyl-β-d-thio-galactopyranoside,2,0,2
bylaws,2,0,2
phorbolesters,2,0,2
ocain,2,0,2
aspar,2,0,2
p-cymene,2,0,2
dodecadenia,2,0,2
curzerenone,2,0,2
illiciumverumoil,2,0,2
pastinacifolium,2,0,2
licaria,2,0,2
hymenocraterlongiflorus,2,0,2
berryoils,2,0,2
satureja,2,0,2
camphoratushoffmanns,2,0,2
ageratumscoparia,2,0,2
chamazulene,2,0,2
α-humelene,2,0,2
yogesh,2,0,2
bace-1,2,0,2
esmer,2,0,2
hpmv,2,0,2
hipoteca,2,0,2
benzodiacepinas,2,0,2
premethacholine,2,0,2
sho-saiko-to,2,0,2
als.metformin,2,0,2
erwin,2,0,2
vi-diphtheria,2,0,2
petercillin,2,0,2
thrometamine,2,0,2
propofol/isoflurane,2,0,2
msp1,2,0,2
orfla,2,0,2
idx‐184,2,0,2
arriaga,2,0,2
vempala,2,0,2
cssg,2,0,2
antimicrobium,2,0,2
tmp/sx,2,0,2
steel,2,0,2
taina,2,0,2
merlyna,2,0,2
rpaa,2,0,2
klasonlignin,2,0,2
ps-conjugate,2,0,2
zuclopentixol,2,0,2
polani,2,0,2
r-patch,2,0,2
itamar,2,0,2
stv-biotin,2,0,2
acolyte,2,0,2
hydroxycholorquinesulfate,2,0,2
mefloquine-inname,2,0,2
denguevaccinbeschikbaar,2,0,2
vitaminsd3,2,0,2
manuela,2,0,2
augusta,2,0,2
eucaliptus,2,0,2
mir-30c-5p,2,0,2
tcpa,2,0,2
ctps-1,2,0,2
grimmed2,2,0,2
rp2,2,0,2
pharmacoepiae,2,0,2
rchop-21,2,0,2
amphetamine-like,2,0,2
acefoxitin,2,0,2
dmg,2,0,2
sullender,2,0,2
lipidatedzv,2,0,2
gls-5300vaccine,2,0,2
moerover,2,0,2
albaoil,2,0,2
tunicin,2,0,2
loprinzi,2,0,2
karachi,2,0,2
legislativo,2,0,2
sodiumdodecyl,2,0,2
matino,2,0,2
furnace,2,0,2
tnfalpha,2,0,2
hydroxychloroquine.19,2,0,2
cophenet,2,0,2
4-aminobenzyl,2,0,2
guji,2,0,2
drepanolobium,2,0,2
l-rap,2,0,2
guitang,2,0,2
creditor,2,0,2
ii.prednisone,2,0,2
jinma,2,0,2
e-v13,2,0,2
candib,2,0,2
platysternon,2,0,2
thiol-based,2,0,2
dimod,2,0,2
roza,2,0,2
arg153,2,0,2
filamins,2,0,2
pituitrin,2,0,2
zydus-cadila,2,0,2
gestapo,2,0,2
dexamethasone/pvi,2,0,2
pvi/steroid,2,0,2
0.4%/dexamethasone,2,0,2
pge1-lxa4,2,0,2
hsa-mir-7,2,0,2
hydrogen/oxygen,2,0,2
temer,2,0,2
crucis,2,0,2
bolsonarist,2,0,2
christofascism,2,0,2
fascist,2,0,2
jeanine,2,0,2
uranilacetate,2,0,2
henryk,2,0,2
"1,25-dihyroxyvitamind3",2,0,2
lovera,2,0,2
hsa-mir-23b-3p,2,0,2
hsa-mir-335-3p,2,0,2
hsa-mir-141,2,0,2
hsa-mir-9-5p,2,0,2
hsa-mir-139-3p,2,0,2
isomir,2,0,2
xuefeng,2,0,2
kiras,2,0,2
"theaflavin-3,3-digallate",2,0,2
na-ibuprofenate,2,0,2
l-aspirin,2,0,2
dolichospermum,2,0,2
wojcicki,2,0,2
sulis,2,0,2
ansaldi,2,0,2
gt1,2,0,2
saltrx,2,0,2
adilel,2,0,2
bactol,2,0,2
prdi,2,0,2
cisplatin-raltitrexed,2,0,2
idarubicinhydrochloride,2,0,2
jiv,2,0,2
imidazolidone,2,0,2
soy-pa,2,0,2
t11-claisomer,2,0,2
prokan,2,0,2
znt1,2,0,2
zn-salt,2,0,2
panteleo,2,0,2
sccm,2,0,2
mussalam,2,0,2
anti-il17r,2,0,2
britannia,2,0,2
borgen,2,0,2
kuwanong,2,0,2
gabes,2,0,2
allostim,2,0,2
flavonids,2,0,2
jinyinhuatea,2,0,2
yinhuang,2,0,2
mumps-measles-rubella,2,0,2
levetin,2,0,2
suprailiac,2,0,2
propiolamide,2,0,2
p-chlorofumardiamide,2,0,2
pq-succinamide,2,0,2
fumaramide,2,0,2
halogenaniline,2,0,2
shingrixvaccine,2,0,2
rvzv-zebov,2,0,2
isopropylureido,2,0,2
sm_mp4,2,0,2
mineral-oil-layer,2,0,2
daclatasvir/sofosbuvir,2,0,2
"pertussis,",2,0,2
noji,2,0,2
adr-tb,2,0,2
"sodiumchloride,",2,0,2
herpesvirus-8,2,0,2
trugraf,2,0,2
17dyfvaccine,2,0,2
nuortimo,2,0,2
clindamycin.7,2,0,2
anguinomycins,2,0,2
acetoxychavicolacetate,2,0,2
anti-voltage-gated,2,0,2
caragana,2,0,2
phylantus,2,0,2
oxymartine,2,0,2
anti-quercetin,2,0,2
ammoniumbicarbonate/acetonitrile,2,0,2
interferon-α2b-ribavirin,2,0,2
maldita,2,0,2
@ignaciopereira,2,0,2
sen.mitt,2,0,2
ubch,2,0,2
huube1l,2,0,2
ube1l2,2,0,2
cabbagekimchi,2,0,2
tortilis,2,0,2
tomilin,2,0,2
tnfrsf11b,2,0,2
hsa-mir-34a,2,0,2
irs2,2,0,2
hsa-mir-101,2,0,2
hsa-mir-181,2,0,2
hsa-mir-144,2,0,2
hsa-mir-106b,2,0,2
anti-mir-25,2,0,2
hsa-mirna-194,2,0,2
acam2000smallpox,2,0,2
non-palivizumab,2,0,2
tprol,2,0,2
consumergoods,2,0,2
mab4e10,2,0,2
gomukh,2,0,2
ionas,2,0,2
fm,2,0,2
radixbychiral,2,0,2
goitrin>epigoitrin>,2,0,2
epiprogoitrinvs.,2,0,2
r-enantiomers,2,0,2
fv1,2,0,2
sodar,2,0,2
proxemie,2,0,2
chemoperfusion,2,0,2
misradji,2,0,2
leucovorin/5-fluorouracil/oxaliplatin,2,0,2
leucovorin/5-fluorouracil/irinotecan,2,0,2
halocarpus,2,0,2
healon,2,0,2
adamantanyl,2,0,2
adamantan-1-yl-acetaldehyde,2,0,2
adamantaneethanol,2,0,2
dibb,2,0,2
rocuronium-sugammadex,2,0,2
silera,2,0,2
bms-663068,2,0,2
dabis,2,0,2
tasp.,2,0,2
karamichalis,2,0,2
samurai,2,0,2
rushdie,2,0,2
siddhartamukherjee,2,0,2
[2h9]-ruxolitinib,2,0,2
s-nitro-n-acetylpenicillamine,2,0,2
guizhu,2,0,2
acetaminophen/ibuprofen,2,0,2
clindamycin)two,2,0,2
panorex,2,0,2
mycosporine-like,2,0,2
palythinol,2,0,2
hydroxytrifuhalol,2,0,2
oxidizedphenolic,2,0,2
photamin,2,0,2
ribavirinis,2,0,2
h.pylori-induced,2,0,2
manganesedioxide,2,0,2
cellboosts,2,0,2
g6bovine,2,0,2
igav,2,0,2
theaflavinmonogallates,2,0,2
theaflavin-like,2,0,2
theaflavinmonogallate,2,0,2
puig,2,0,2
leupeptin-cathepsin,2,0,2
burow,2,0,2
apro,2,0,2
igim,2,0,2
tnbp/cholate,2,0,2
godhead,2,0,2
formamint,2,0,2
lynda,2,0,2
anti-mir204,2,0,2
walton,2,0,2
lilia,2,0,2
spagobi,2,0,2
dicom,2,0,2
cardicola,2,0,2
stratos,2,0,2
rhuifn-ω,2,0,2
rhuifn-ω-fc,2,0,2
rifn-ω,2,0,2
desmethylclomipramine,2,0,2
hydroxyaminoguanidines,2,0,2
up-dose,2,0,2
18α-glycyrrhizinicacid,2,0,2
magnesiumisoglicyrrhizinate,2,0,2
2.glycyrrhizinicacid,2,0,2
ga-modified,2,0,2
dox/gl-alg,2,0,2
rosemarinusofficinalis,2,0,2
entellan,2,0,2
valepotriate,2,0,2
ribavirin/steroids,2,0,2
alphaletovirus,2,0,2
debat,2,0,2
guierasenegalensis,2,0,2
ffp-2,2,0,2
insurancereform,2,0,2
rfc,2,0,2
serve,2,0,2
sarbanes,2,0,2
mx-226,2,0,2
rdp58,2,0,2
idr-1,2,0,2
colchicine-like,2,0,2
compound19a,2,0,2
neolamellarin,2,0,2
compound26a,2,0,2
medcalf,2,0,2
nevatia,2,0,2
anti-ige.doxycycline,2,0,2
heraklit,2,0,2
trethowan,2,0,2
gs.ganser,2,0,2
linderoth,2,0,2
femi,2,0,2
tmv-rna,2,0,2
winner,2,0,2
hexetil,2,0,2
glutamine/glutathione,2,0,2
sotaglifozin,2,0,2
r-406,2,0,2
ul59,2,0,2
r.tanguticumnanoparticles,2,0,2
montesi,2,0,2
febrifugine,2,0,2
oncoproteinse5,2,0,2
lamote,2,0,2
bissoon,2,0,2
a-45,2,0,2
a-48,2,0,2
a-60,2,0,2
a-64,2,0,2
a-74,2,0,2
a-77,2,0,2
a-79,2,0,2
a-106,2,0,2
a-121,2,0,2
chromogenics,2,0,2
a-125,2,0,2
a-126,2,0,2
thagard,2,0,2
ribeiro-neto,2,0,2
moxifloxacin's,2,0,2
ertac,2,0,2
pelargonidin-3-orutinoside,2,0,2
epinephrine/vasopressin,2,0,2
cvcva5adjuvant,2,0,2
a-lys,2,0,2
rotazine,2,0,2
oxidative,2,0,2
dcf-da,2,0,2
martrigel,2,0,2
anti-galiximab,2,0,2
acyclovir-resistant,2,0,2
airport,2,0,2
preparednessplan,2,0,2
airmen,2,0,2
striketeam,2,0,2
d‐luciferin,2,0,2
d-captopril,2,0,2
vexata,2,0,2
glycirrhizin,2,0,2
licorice-anti-diabetic,2,0,2
ccr-brazil,2,0,2
evangelium,2,0,2
palácio,2,0,2
phytosulfokines,2,0,2
atsbt1.1,2,0,2
nivat,2,0,2
(2)/ritonavir,2,0,2
olinky,2,0,2
ribanavir/ritonavir,2,0,2
martinair,2,0,2
dexis,2,0,2
serpinsd1,2,0,2
birc7,2,0,2
ubb,2,0,2
zhexin,2,0,2
17-beta-estradiol,2,0,2
desethyl-atrazine,2,0,2
mefenacet,2,0,2
phosphinate,2,0,2
biocarbon,2,0,2
cocacola,2,0,2
nadishodhana,2,0,2
thottapalayam,2,0,2
clr03,2,0,2
malarivax,2,0,2
zosuls,2,0,2
anti-staphylococcal,2,0,2
vp23,2,0,2
flavonoiddesmethylicaritin,2,0,2
marenick,2,0,2
samothrace,2,0,2
tip47,2,0,2
mycogone,2,0,2
cyv,2,0,2
theni,2,0,2
α-btx,2,0,2
isostim,2,0,2
olipra,2,0,2
lotka-volterra,2,0,2
eflora,2,0,2
zaib,2,0,2
quercetin-3-o-β-galactoside,2,0,2
c.serrata,2,0,2
hanine,2,0,2
yom,2,0,2
celecoxib/mesalazine,2,0,2
oseltamivir/relenza,2,0,2
j48,2,0,2
ph.surfactant,2,0,2
cheesewhey,2,0,2
disulphur,2,0,2
epectin,2,0,2
ipf.bleomycin,2,0,2
calcium-chelators,2,0,2
gw4869,2,0,2
anti-tnf-α-apc,2,0,2
beaudoin,2,0,2
n-acetyltelluromethionine,2,0,2
glrf,2,0,2
aircanadensi,2,0,2
monothlic,2,0,2
nanomiceller,2,0,2
16-iv,2,0,2
zuotin,2,0,2
5)±capecitabine,2,0,2
otus,2,0,2
bidrint,2,0,2
6-shoagol,2,0,2
neeman,2,0,2
wnvns1,2,0,2
retin-a,2,0,2
mf59-yw002/hsp65-muc1,2,0,2
hsp65-muc1,2,0,2
mf59-cpgodn,2,0,2
silalidase,2,0,2
dichloro-diphenyl-trichloroethane,2,0,2
2004).vitamin,2,0,2
aluva,2,0,2
biclycol,2,0,2
alkamides,2,0,2
hydrodamalis,2,0,2
cfda,2,0,2
nmba-sugammadex,2,0,2
acceleromyography,2,0,2
nmbas,2,0,2
băn,2,0,2
apigeninglucosides,2,0,2
neochlorogenic,2,0,2
aglicone,2,0,2
tetradecanol,2,0,2
tashkent,2,0,2
sirjan,2,0,2
hu-nazarbayev,2,0,2
hamidkarzai,2,0,2
usp9y,2,0,2
chymotrypsin-cleaved,2,0,2
urea-made,2,0,2
g5,2,0,2
pq-cadacylsemicarbazides,2,0,2
n-hydroxyurea,2,0,2
primaquine-pyrimidine,2,0,2
bulaquine/chloroquine,2,0,2
primaquine-atorvastatin,2,0,2
pq-atorvastatin,2,0,2
aminoquinoline-atorvastatin,2,0,2
meistereckhart,2,0,2
hypnotizer,2,0,2
hypnotizers,2,0,2
ciuca,2,0,2
rowanberry,2,0,2
rosamicrantha,2,0,2
isoflavonephytoestrogens,2,0,2
garlicacid,2,0,2
rosaindica,2,0,2
rosanutkana,2,0,2
pyridoxilated,2,0,2
rogan,2,0,2
gamonedocheese,2,0,2
ramos-guajardo,2,0,2
eisenhower,2,0,2
amoxicillin/metronidazole,2,0,2
bioavailable25(oh)d,2,0,2
mirnaantagomir,2,0,2
selaginellapachystachys,2,0,2
selagenella,2,0,2
selaginellapulvinata,2,0,2
taxuschinensis,2,0,2
bioflavonoid,2,0,2
azithromycin-hydroxychloroquine,2,0,2
mg)/trimethoprim,2,0,2
narcofol,2,0,2
hiv-1-o,2,0,2
undecad,2,0,2
maplelcmdistchronobt-dl-v3,2,0,2
maplelcmdistchronobt,2,0,2
physeterostemon,2,0,2
oncophora,2,0,2
geminis,2,0,2
erythromycin-a,2,0,2
erythromycin-c,2,0,2
glucose-fed,2,0,2
triclorocarban,2,0,2
methachlorine,2,0,2
punic,2,0,2
molella,2,0,2
posidonius,2,0,2
parkinsonism,2,0,2
gelatinosus,2,0,2
parechoviren,2,0,2
mir-3607-5p,2,0,2
pvp-i/alcohol,2,0,2
rispens,2,0,2
gl-swrote,2,0,2
antacida,2,0,2
prokinetika,2,0,2
epigastrischeaura,2,0,2
gnp/flagellin,2,0,2
selemidis,2,0,2
antioxidantnutraceuticals,2,0,2
camostatemesylate,2,0,2
p-chloromercuribenzoate,2,0,2
who.it,2,0,2
pectinatus,2,0,2
imipenem/cilastatine,2,0,2
howard,2,0,2
safir,2,0,2
apt-1,2,0,2
iapatinib,2,0,2
trail-agonist,2,0,2
ondatra,2,0,2
evechinus,2,0,2
lampricide,2,0,2
bravener,2,0,2
bayluscide,2,0,2
beroe,2,0,2
belotecan,2,0,2
hydrocarbyl,2,0,2
iodoisopropane,2,0,2
bisbenzene,2,0,2
dioxamol,2,0,2
asteroids,2,0,2
shuangqi,2,0,2
bentin,2,0,2
icarian,2,0,2
ses.it,2,0,2
etzler,2,0,2
nitrosamide,2,0,2
angustofolia,2,0,2
calanthecardioglossaschltr,2,0,2
densiflora,2,0,2
calanthetricarinata,2,0,2
thazin,2,0,2
amboin,2,0,2
calanthoside,2,0,2
c.erecta,2,0,2
c.falcata,2,0,2
c.amoena,2,0,2
birmanicum,2,0,2
cleisostoma,2,0,2
vanrheede,2,0,2
flaccidin,2,0,2
soflaccidin,2,0,2
callosin,2,0,2
ochrolide,2,0,2
uniflorin,2,0,2
jiva,2,0,2
homoisoflavanone,2,0,2
coprinellus,2,0,2
gastrodin,2,0,2
malaxis,2,0,2
ashtavarga,2,0,2
crepdium,2,0,2
crepidum,2,0,2
telok,2,0,2
euglossine,2,0,2
chaetocochin,2,0,2
c.ensifolium,2,0,2
beta-carotenoid,2,0,2
cypripediumlinn,2,0,2
albiflorum,2,0,2
lusianthrin,2,0,2
cyrtosia,2,0,2
achlorophyllous,2,0,2
c.septentrionalis,2,0,2
lingo-1,2,0,2
conepb-027#,2,0,2
airlines,2,0,2
albumin-dextrose-catalase,2,0,2
halomethyleniminium,2,0,2
"8-bromo-4-chloro-3-formylbenzo[b]furo[3,2-b]pyridine",2,0,2
prkca,2,0,2
camphin,2,0,2
cheila,2,0,2
rokkan,2,0,2
kaletra(lopinavir/ritonavir,2,0,2
vicuron,2,0,2
jc54,2,0,2
mirnas-mir-423,2,0,2
bacillusamyloliquefaciens,2,0,2
ub-rhodamine,2,0,2
chidin,2,0,2
yihuangtang,2,0,2
spermicidenonoxynol-9,2,0,2
menthaehaplocalycisherba,2,0,2
plantaginissemen,2,0,2
taraxaciherba,2,0,2
smilacis,2,0,2
glabrae,2,0,2
haplocalycisherba,2,0,2
storytelling,2,0,2
francolinusleucoscepus,2,0,2
rrv,2,0,2
mids,2,0,2
treron,2,0,2
parks,2,0,2
np/rp11,2,0,2
lysn,2,0,2
cottonseed,2,0,2
gemykronzavirus,2,0,2
fosecarnet,2,0,2
bernin,2,0,2
renyun,2,0,2
fenflor,2,0,2
flubendazol/kg,2,0,2
govitecan-hziy,2,0,2
anti-pd-1/pdl-1,2,0,2
makati,2,0,2
lipovich,2,0,2
annexina3,2,0,2
2'-fdg,2,0,2
uromastyx,2,0,2
map2.rosiglitazone,2,0,2
0.41).rosiglitazone,2,0,2
glucocorticoid(gc,2,0,2
longquan-708,2,0,2
lrnv,2,0,2
gag-polvaccine,2,0,2
rosan,2,0,2
pinole,2,0,2
bertha,2,0,2
facemasks,2,0,2
phenylacetamide,2,0,2
(r)-enantiomer,2,0,2
nitrilicus,2,0,2
amofostine,2,0,2
clarithromycin-only,2,0,2
19-aminoacid,2,0,2
tedronghebreyesus,2,0,2
mansoor,2,0,2
muangchoo,2,0,2
5-hydroxy-2′-isobutyl-streptochlorin,2,0,2
phosphorothioates,2,0,2
yarbu,2,0,2
ichii,2,0,2
19-hydroxycorticosterone,2,0,2
golde,2,0,2
gollobin,2,0,2
estradiolcyclopentylpropionate,2,0,2
chrysogaster,2,0,2
ninox,2,0,2
musklorikeet/melbourne/ml22,2,0,2
mincea,2,0,2
jq-1,2,0,2
i-bet,2,0,2
zikavirusvaccine,2,0,2
szyszkowicz,2,0,2
sumo-linker,2,0,2
ketoprofenamides,2,0,2
sodiumaurothiomalate,2,0,2
plecomacrolidebafilomycin,2,0,2
jevvaccinesa14,2,0,2
venosicentrali,2,0,2
climat,2,0,2
saprosma,2,0,2
amifampridine,2,0,2
radicava,2,0,2
hem-o-lok,2,0,2
ceftriaxone-metronidazole,2,0,2
eucalyptuscaesia,2,0,2
β-santalol,2,0,2
zizanioides,2,0,2
2-methyl-6-nitroquinoline,2,0,2
phenylphosphate,2,0,2
6-mercapto-1-hexanol,2,0,2
thiomerosal,2,0,2
bromethane,2,0,2
ar12,2,0,2
birisan,2,0,2
hsa-mir-148a-3p,2,0,2
anti-crop,2,0,2
cavil,2,0,2
schizolaenoneb,2,0,2
pomiferin,2,0,2
dandan,2,0,2
coxsackievirusa7,2,0,2
4-morpholineethanesulfonic,2,0,2
d-trehalose,2,0,2
cigar,2,0,2
philosopherseneca,2,0,2
cinnabar,2,0,2
rbv-tp,2,0,2
zohar,2,0,2
gorgonia,2,0,2
wifn-α,2,0,2
mucin-3,2,0,2
na2,2,0,2
tiltrotor,2,0,2
raioss,2,0,2
livon,2,0,2
sofosbuvir/rbv/peg-ifn,2,0,2
sofosbuvir/rbv,2,0,2
vesnarinone,2,0,2
svvorf10,2,0,2
cornish,2,0,2
sunak,2,0,2
95%hpd,2,0,2
parlamento,2,0,2
tato,2,0,2
minprostin,2,0,2
sbfcr,2,0,2
valle,2,0,2
cauca,2,0,2
diphenyloxazole,2,0,2
cysteinylleucotrienes,2,0,2
andyhaldane,2,0,2
penthrane,2,0,2
flumistvaccine,2,0,2
peptideb,2,0,2
ogundipe,2,0,2
larnaca,2,0,2
catoctin,2,0,2
florence,2,0,2
idoxuridine/vidarabine,2,0,2
alfa/ribavirin,2,0,2
methylprednisolone-equivalent,2,0,2
glucosensors,2,0,2
tf6,2,0,2
betadinemouthwash,2,0,2
salmeterol/fluticasona,2,0,2
r-peptide,2,0,2
hailie,2,0,2
corticosteroides,2,0,2
gentamicina,2,0,2
encephalomyocarditis,2,0,2
strava,2,0,2
glucapon,2,0,2
gemcitabine-,2,0,2
r-cvp,2,0,2
cationicsurfactants,2,0,2
bisurfactants,2,0,2
plexippus,2,0,2
hoefen,2,0,2
anti-core,2,0,2
rams,2,0,2
clostridiumchauvoei,2,0,2
bisonis,2,0,2
tapi-0,2,0,2
33l1,2,0,2
cghrf,2,0,2
ds-red,2,0,2
isaya,2,0,2
tulathromycin-draxxin,2,0,2
valach,2,0,2
fondiparinux,2,0,2
sulfatedlignins,2,0,2
rg501,2,0,2
noetherian,2,0,2
pneumotox,2,0,2
ℑi,2,0,2
trabucchi,2,0,2
shearzyme,2,0,2
flavourzyme,2,0,2
7-phloroekol,2,0,2
muticumphenolic,2,0,2
mir‐17,2,0,2
cryoprotectans,2,0,2
jang-jaccard,2,0,2
chitra,2,0,2
chromogens,2,0,2
lotusqingwen,2,0,2
electroanalgesia,2,0,2
bisegger,2,0,2
cisd,2,0,2
chirambwi,2,0,2
beta-1b/ribavirin/lopinavir/ritonavir,2,0,2
beta-1b/ribavirin,2,0,2
clopidogrel/rivaroxaban,2,0,2
reiferon,2,0,2
kouroumalis,2,0,2
3-formylchromone,2,0,2
bromovisnagin,2,0,2
benzopyranopyridones,2,0,2
alkylenediamine,2,0,2
dtw,2,0,2
e.cavaphlorotannins,2,0,2
g-ca,2,0,2
momilactones,2,0,2
combativo,2,0,2
usonis,2,0,2
brm,2,0,2
co-operation,2,0,2
dostoyevski,2,0,2
rituximab/ofatumumab,2,0,2
66k-ub,2,0,2
chloroquine-d4-diphosphate,2,0,2
acetonitrile-water,2,0,2
sheerin,2,0,2
sulphureuine,2,0,2
pep42-doxorubicin,2,0,2
girlrg,2,0,2
cosyn,2,0,2
dentis,2,0,2
carfil,2,0,2
hope,2,0,2
intanza,2,0,2
fluad®vaccine,2,0,2
pentoxifylline/dipyridamole,2,0,2
hemoline,2,0,2
ba1,2,0,2
mg/lopinavir,2,0,2
qifa,2,0,2
podoshen,2,0,2
dajia,2,0,2
tiselius,2,0,2
t.longicornis,2,0,2
petunia,2,0,2
wdr,2,0,2
tmv-cisplatin,2,0,2
semirotaxane,2,0,2
monoclonal,2,0,2
cap/dna,2,0,2
gummuluru,2,0,2
davis2016,2,0,2
jenifer,2,0,2
neirin,2,0,2
bouso,2,0,2
philosopheralasdair,2,0,2
ganodermycin,2,0,2
ccr4/hydroxychloroquine,2,0,2
gyroscope,2,0,2
begun,2,0,2
mmrtriple-vaccine,2,0,2
covone,2,0,2
proteiniphilum,2,0,2
is.30,2,0,2
thrimethoprim,2,0,2
aqlow-metabolizers,2,0,2
stemirna,2,0,2
dimetrodon,2,0,2
trb,2,0,2
cefotaxime-clavulanate,2,0,2
ceftazidime-clavulanate,2,0,2
bay-41,2,0,2
at-61,2,0,2
letunic,2,0,2
potassiumiodine,2,0,2
sodiumiodide,2,0,2
typhimurium,2,0,2
xylometazolinehydrochloride,2,0,2
mometason,2,0,2
leukotriënenblokkers,2,0,2
anti-ige-therapie,2,0,2
bovenal,2,0,2
mers.mycophenolicacid,2,0,2
arginineesterase,2,0,2
ganser,2,0,2
dm20,2,0,2
dimethyltelluroniumdichloride,2,0,2
atmo,2,0,2
ginkgolidea,2,0,2
lha-da,2,0,2
coscina,2,0,2
tace5,2,0,2
bpp-12b,2,0,2
chloroquine/hydrpxychloroquine,2,0,2
anti-126,2,0,2
us/mo/14-18947,2,0,2
pirantel,2,0,2
previcox,2,0,2
tikal,2,0,2
samuelsonion,2,0,2
mr.keller,2,0,2
amoxicillin/sulbactam,2,0,2
calciumoxide,2,0,2
zapatero,2,0,2
usuv,2,0,2
r.it,2,0,2
methylcitric,2,0,2
glutathione-conjugated,2,0,2
debenoist,2,0,2
sovranismo,2,0,2
indometazine,2,0,2
petro-canada,2,0,2
coxsackivirusa6,2,0,2
potassiumchlorate,2,0,2
raith,2,0,2
hdvrz,2,0,2
sirotin,2,0,2
pad4,2,0,2
strelka,2,0,2
mouw,2,0,2
gamio,2,0,2
benzothiazolamide,2,0,2
disulphonamide,2,0,2
6‐desfluoroquinolones,2,0,2
stachyborys,2,0,2
uil,2,0,2
her2-a6,2,0,2
leksikonledang,2,0,2
bova,2,0,2
proquest,2,0,2
veillonella,2,0,2
pardiso,2,0,2
ce7,2,0,2
ce8,2,0,2
25-amino-acid,2,0,2
catechinconjugates,2,0,2
egcg-pa,2,0,2
galloylated,2,0,2
sodocalcicgwf,2,0,2
mask-rcnn,2,0,2
turmeric/curcumin,2,0,2
jemec,2,0,2
ticarcillin+clavulanic,2,0,2
amoxicillin+clavulanic,2,0,2
ciprofloxacin(cip,2,0,2
piperacillin/tazobactam(pt,2,0,2
ticarcillin/clavulinate,2,0,2
amoxicillin/clavulinate,2,0,2
candidacidal,2,0,2
bifidobaterium,2,0,2
hpv55,2,0,2
toxoidigg,2,0,2
scimedx,2,0,2
pneumoniaeiga,2,0,2
amoxicillin+cla,2,0,2
toxina/b.,2,0,2
prontoderm,2,0,2
arbi,2,0,2
turkiyeyuksekihtisas,2,0,2
histamineh1,2,0,2
chagas,2,0,2
buikwe,2,0,2
m.pulcherrima,2,0,2
imipinem/meropenem,2,0,2
infantilde,2,0,2
flgellin,2,0,2
vincenzio,2,0,2
syrf,2,0,2
cycloplegics,2,0,2
chorioretinitis,2,0,2
bambini,2,0,2
l.erinacea,2,0,2
diero,2,0,2
β-lactam-β-lactamase,2,0,2
aztreonan,2,0,2
asturias,2,0,2
penicillin-i,2,0,2
sporopachydermia,2,0,2
brevicaulis,2,0,2
drug/aubkc24gc,2,0,2
stkp,2,0,2
erythromycin/clarithromycin,2,0,2
ofloxacin/levofloxacin,2,0,2
petras,2,0,2
zarba,2,0,2
zinc-polycarboxylate,2,0,2
ace2-angiotensin,2,0,2
hbov1ns1,2,0,2
scutellariaebaicalensis,2,0,2
ge-gen-tang,2,0,2
ephedrannin,2,0,2
xqlt,2,0,2
hyaluronadase,2,0,2
nativism,2,0,2
pegida,2,0,2
fitc,2,0,2
zabala,2,0,2
c2-oxygen,2,0,2
dox-diet,2,0,2
vespheneiise,2,0,2
ifta,2,0,2
favipiravircan,2,0,2
econax,2,0,2
janssens,2,0,2
sezer,2,0,2
ar2189,2,0,2
phenylmethylsulfonyl,2,0,2
remikirin,2,0,2
streptocillin,2,0,2
norepinephrine/map,2,0,2
eicirnas,2,0,2
cq-dose,2,0,2
ephrata,2,0,2
elastatinal,2,0,2
anti-brd4,2,0,2
piabp,2,0,2
pegylated-interferon/ribavirin,2,0,2
dimanin-a,2,0,2
cinnagen,2,0,2
zanamivir7,2,0,2
gemcitabine/vinorelbine,2,0,2
gemcitabine/capecitabine,2,0,2
evista,2,0,2
valproate-doxorubicin,2,0,2
alphaviruse1,2,0,2
sine2,2,0,2
alphaviridae,2,0,2
alphaviruse2,2,0,2
rfg,2,0,2
melaphis,2,0,2
ldh-a,2,0,2
β-defensin-4,2,0,2
5-fluorine,2,0,2
dihydrofuropyridinones,2,0,2
dishin,2,0,2
pp/map,2,0,2
capstesia,2,0,2
jcmc,2,0,2
antikythera,2,0,2
zabulis,2,0,2
cinnamomic,2,0,2
cinnamoncassia,2,0,2
tze,2,0,2
keong,2,0,2
anthroquinolines,2,0,2
anthragallol,2,0,2
anthrogallol,2,0,2
7-amide,2,0,2
diaza,2,0,2
parastrellus,2,0,2
pyruvatekinase,2,0,2
n-butylscopolammonium,2,0,2
phol,2,0,2
luteal,2,0,2
formamidines,2,0,2
desorelin,2,0,2
immunobiotic,2,0,2
montelaro,2,0,2
de-c,2,0,2
dna5,2,0,2
clerocidin,2,0,2
neisupplementation,2,0,2
fetalmedicine,2,0,2
6-sulfo,2,0,2
orf1a/1b,2,0,2
abatino,2,0,2
lab10,2,0,2
zikvns3h,2,0,2
ifn‐α2a,2,0,2
gelatin/2,2,0,2
rassf2,2,0,2
microsomaltriglyceride,2,0,2
bala,2,0,2
vitaminc(,2,0,2
maproom,2,0,2
thiobarbital,2,0,2
hydmedia,2,0,2
barreras,2,0,2
curar,2,0,2
‐navir,2,0,2
erythromycin/rifampin,2,0,2
gemifloxaicn,2,0,2
climacostol,2,0,2
bromomamine-t,2,0,2
sgai-gel,2,0,2
i-gel,2,0,2
canadine,2,0,2
protoberberinealkaloids,2,0,2
melatonin-based,2,0,2
cardiomyopathy,2,0,2
іt,2,0,2
combretaceae,2,0,2
ferrarese,2,0,2
arrigominerbi,2,0,2
cinna,2,0,2
psoriasisarthritis,2,0,2
pde4-inhibitoren,2,0,2
rp-tree,2,0,2
kosarak,2,0,2
meito,2,0,2
ketalar,2,0,2
cisplatin/gefitinib,2,0,2
gefitinib/cisplatin,2,0,2
macrococci,2,0,2
hprk,2,0,2
prosimii,2,0,2
anaerobius,2,0,2
nitrosomyoglobin,2,0,2
krn,2,0,2
andrijaštampar,2,0,2
youlin,2,0,2
bronchodilator/steroid,2,0,2
dpp4‐fc,2,0,2
immunoadhesins,2,0,2
elciclo,2,0,2
fenil,2,0,2
aprotinina,2,0,2
diquafosol,2,0,2
co-founderbillgates,2,0,2
rhabarbarum,2,0,2
r.emodi,2,0,2
letin,2,0,2
ceftriaxone+quinolone,2,0,2
bromo-uracil,2,0,2
rainin,2,0,2
nigrapolyphenolic,2,0,2
nigrapolyphenols,2,0,2
h52bi,2,0,2
anti-aging,2,0,2
alphavirusvaccine,2,0,2
postn,2,0,2
pegylatedpei,2,0,2
ns3/ns4b,2,0,2
theam,2,0,2
spanair,2,0,2
televisión,2,0,2
gly,2,0,2
tg003,2,0,2
clypearin,2,0,2
ferridex,2,0,2
saikin,2,0,2
korv,2,0,2
rtip,2,0,2
ciap,2,0,2
cypriot,2,0,2
brethon,2,0,2
harp,2,0,2
isg15e1,2,0,2
pegylatedinterferon-alfa,2,0,2
hcv-ap7,2,0,2
esi09,2,0,2
sorbifolia,2,0,2
dmy-caffeine,2,0,2
dmy-urea,2,0,2
bayberry,2,0,2
egcgpalmitate,2,0,2
laurinol,2,0,2
egcgstearate,2,0,2
blari,2,0,2
juniarti,2,0,2
gs-jmi,2,0,2
ketamine/xylazine/acepromazine,2,0,2
imidacloprid-moxidectin,2,0,2
glen,2,0,2
hand-rub,2,0,2
meu,2,0,2
gliserin,2,0,2
coomer,2,0,2
dljv,2,0,2
highestluteolin-7-o-glucoside,2,0,2
nsm.,2,0,2
knight,2,0,2
sigworth,2,0,2
florfenicols,2,0,2
vaxfectin®-adjuvanted,2,0,2
servanda,2,0,2
shanchol,2,0,2
clotrimazole/l,2,0,2
enrofloxacin/l,2,0,2
canamycin/l,2,0,2
pepsin/pepsinogen,2,0,2
aom,2,0,2
mayaangelou,2,0,2
sld,2,0,2
abietanes,2,0,2
bicak,2,0,2
xanthi,2,0,2
parvibaculum,2,0,2
curvibacter,2,0,2
sars-cov/cov-2,2,0,2
1-methylpseudouridine,2,0,2
2019-cov,2,0,2
aatam,2,0,2
dasa,2,0,2
ferdinando,2,0,2
kolchin,2,0,2
mondi,2,0,2
psoralen-uv,2,0,2
neuroiris,2,0,2
cpi-17,2,0,2
mutisia,2,0,2
spirotryprostatins,2,0,2
ajhb,2,0,2
sparus,2,0,2
tizen,2,0,2
hadinegoro,2,0,2
microrna-3162,2,0,2
anadol,2,0,2
rae,2,0,2
papillomavirusvaccine,2,0,2
carbo-free,2,0,2
resnet-1001-v2.vgg-16,2,0,2
imutran,2,0,2
welin,2,0,2
abelard,2,0,2
pie12,2,0,2
palbociclib-exemestane,2,0,2
hypoxanthine/aminopterin/thymidine,2,0,2
avigard,2,0,2
streptomycin-dihydrostreptomycin,2,0,2
parthenocarpic,2,0,2
tsaftaris,2,0,2
parthenocarpy,2,0,2
bioavailablecalcium,2,0,2
berryfruits,2,0,2
dna-nc,2,0,2
customer,2,0,2
disomers,2,0,2
thiadiazolonesd3,2,0,2
chalcogen,2,0,2
dc-sign-332,2,0,2
inophyllin,2,0,2
natronoanaerobium,2,0,2
lemenstrel,2,0,2
igrires,2,0,2
hcviress,2,0,2
citricacidmonohydrate,2,0,2
midde,2,0,2
tamifene,2,0,2
theceovaccine,2,0,2
tensilica,2,0,2
cefalosporinas,2,0,2
amitriptilina,2,0,2
buscapina,2,0,2
molybdenum-based,2,0,2
cannabinol,2,0,2
cannabigerol,2,0,2
lopinavir/tironavir,2,0,2
artemisinin-derivate,2,0,2
55gy,2,0,2
herbarabdosiae,2,0,2
barbatae,2,0,2
nelumbonucifera,2,0,2
dimethylcardamonin,2,0,2
trichosantheskirilowii,2,0,2
voacamine,2,0,2
ophiopogonis(mai,2,0,2
6-gingerolis,2,0,2
zeylanicae,2,0,2
succinum,2,0,2
centrophenoxine,2,0,2
polygonicuspidate,2,0,2
microrna223,2,0,2
visscher,2,0,2
klarica,2,0,2
dexler,2,0,2
hydroxychloroquineumifenovir,2,0,2
herbacetine,2,0,2
carbonyl-oxygen,2,0,2
tca-agnps-pi,2,0,2
nanocompounds,2,0,2
25(oh)d.vitamind,2,0,2
ldr,2,0,2
r-albuterol,2,0,2
a.albuterolb.aminophyllinec.heliumd.ipratropiume.magnesium,2,0,2
triptolides,2,0,2
nhha,2,0,2
hsf,2,0,2
quintana,2,0,2
(oh)2d,2,0,2
siddharthamukherjee,2,0,2
u-13c6,2,0,2
hebius,2,0,2
mycophenolate/azathioprine/mtori,2,0,2
krikstaponis,2,0,2
vasoo,2,0,2
2-phenylethynesulfonamide,2,0,2
sitona,2,0,2
cyclina1,2,0,2
polytope,2,0,2
aribidolhydrochloride,2,0,2
charuco,2,0,2
wolfberry,2,0,2
lyciumpolysaccharide,2,0,2
hexachlorocyclohexane,2,0,2
cristatum,2,0,2
hanes,2,0,2
benazlkoniumchloride,2,0,2
anti-vegf-steroid,2,0,2
euderma,2,0,2
jak-inhibitor,2,0,2
felman,2,0,2
shelagh,2,0,2
jmtvns3,2,0,2
iotapapillomavirus,2,0,2
mogiana,2,0,2
˂70,2,0,2
ryberg,2,0,2
"dmk,",2,0,2
ds2,2,0,2
dna-protamine,2,0,2
lysinic,2,0,2
bipyridyl,2,0,2
lyndonconjugates,2,0,2
pilea,2,0,2
m.indica,2,0,2
ll-ha1/l/acma.,2,0,2
leva,2,0,2
cicarelli,2,0,2
chuquicamata,2,0,2
arsenopyrite,2,0,2
hrv‐b,2,0,2
senica,2,0,2
delphinidin-3-rutinoside,2,0,2
quercetin-3-rutinoside,2,0,2
kaempferol-3-rutinoside,2,0,2
isorhamnetin-3-rutinoside,2,0,2
elderberryanthocyanins,2,0,2
elderberryantioxidants,2,0,2
sambucusnigrafruit,2,0,2
sambucol®,2,0,2
conconavalin,2,0,2
era-cvd,2,0,2
resnet-16,2,0,2
redouté,2,0,2
iosifovich,2,0,2
mq,2,0,2
qingfu,2,0,2
10-valentpneumococcalvaccine,2,0,2
ein,2,0,2
narrativ,2,0,2
dnavaccine,2,0,2
cd55,2,0,2
pias2,2,0,2
aanp,2,0,2
legare,2,0,2
amd64,2,0,2
dang,2,0,2
anti-pneumocystis,2,0,2
n-diethylnipecotamide29,2,0,2
antiangina,2,0,2
rapamycin/kortikosteroide,2,0,2
tectorum,2,0,2
parliament,2,0,2
cassiarind,2,0,2
jukes,2,0,2
brittin,2,0,2
"1,25-dihydroxyvitamnd3",2,0,2
l-myc,2,0,2
ab-paclitaxel,2,0,2
asklepios,2,0,2
anti-filarial,2,0,2
primaquines,2,0,2
isoniazid-rifapentine,2,0,2
isoniazid-rifampicin,2,0,2
haquin,2,0,2
n-acetyl-β-d-glucosaminidase,2,0,2
shmoo,2,0,2
sirami,2,0,2
hpv-16l1,2,0,2
ribavirin-triphosphate,2,0,2
flubiprofen,2,0,2
xylometazoline/oxymetazoline,2,0,2
cetirizinehydrochloride,2,0,2
cetrizine,2,0,2
eggyolk,2,0,2
hypovitaminosisd3,2,0,2
dihydrocholecalciferol,2,0,2
(64).imiquimod,2,0,2
chloride-,2,0,2
zinc/albumin,2,0,2
mln-4760racemic,2,0,2
ace2/ace,2,0,2
folklore,2,0,2
subtilosina,2,0,2
mnu,2,0,2
vincaine,2,0,2
all-trans-retinol,2,0,2
deluca,2,0,2
plantaginis,2,0,2
jz-1decoction,2,0,2
nectin-2,2,0,2
anti-mir135b,2,0,2
anti-mir19a,2,0,2
anti-mir30c,2,0,2
anti-mir-155-5p,2,0,2
antagomir-21,2,0,2
thoreau,2,0,2
todos,2,0,2
fimbriae-targeted,2,0,2
tmprss2,2,0,2
anti-osteoporosis,2,0,2
quintree,2,0,2
galápagos,2,0,2
pamulang,2,0,2
mb4oil,2,0,2
hcv-c5,2,0,2
ndp5,2,0,2
phellandrene,2,0,2
e.camaldulensis,2,0,2
pegula,2,0,2
protoanthocyanidin,2,0,2
eucalyptuscamaldulensis,2,0,2
rajastan,2,0,2
methylesterification,2,0,2
glutamicibacter,2,0,2
serinicoccus,2,0,2
s.vastus,2,0,2
s.cavourensis,2,0,2
safensis,2,0,2
broto,2,0,2
nador,2,0,2
rapamcyin,2,0,2
saquinavir/ritonavir,2,0,2
talidong,2,0,2
furstentum,2,0,2
bioisosterism,2,0,2
cinnoline,2,0,2
3-fluoroproline,2,0,2
epi-indinavir,2,0,2
azaindazole,2,0,2
dettolantiseptic,2,0,2
rov-asp-1proteinadjuvant,2,0,2
ovidius,2,0,2
fgin-1-27,2,0,2
vitaminb5biosynthesis,2,0,2
miroslav,2,0,2
shalini,2,0,2
sjogren,2,0,2
glpg-0974,2,0,2
antifogging,2,0,2
ez-blocker,2,0,2
ev69,2,0,2
nafazoline,2,0,2
hexarelin,2,0,2
oxytocin-dopamine,2,0,2
amygdaloid,2,0,2
bangkratum,2,0,2
elga,2,0,2
quercetinhexoside,2,0,2
ns3b,2,0,2
dalan,2,0,2
ketamine-acepromazin-xylazine,2,0,2
rocinha,2,0,2
oxycodone/apap,2,0,2
hellobike,2,0,2
antilopine,2,0,2
catane,2,0,2
jalneti,2,0,2
chop-etoposide,2,0,2
cys_sh,2,0,2
stau1,2,0,2
manghu,2,0,2
choleratoxins,2,0,2
capox-trastuzumab,2,0,2
elastomers,2,0,2
clec2,2,0,2
ftsh,2,0,2
wanta,2,0,2
sui-tang,2,0,2
htm1,2,0,2
desilver,2,0,2
papavasileiou,2,0,2
raphelson,2,0,2
spade,2,0,2
aci,2,0,2
viaflo,2,0,2
kuparinen,2,0,2
anjilvel,2,0,2
panamericana,2,0,2
trotzdem,2,0,2
cdr3,2,0,2
shank-3,2,0,2
methacyclinehydrochloride,2,0,2
harmonin,2,0,2
kv1.4,2,0,2
dimocarpus,2,0,2
mir406,2,0,2
mir400,2,0,2
ltcons-00042843,2,0,2
thatltcons-00055024,2,0,2
dlo-mir398a,2,0,2
bortexomib,2,0,2
wemmer,2,0,2
sliwa,2,0,2
zinserling,2,0,2
trinet,2,0,2
stretococcus,2,0,2
microrna-210,2,0,2
tie,2,0,2
sulphaminicacid,2,0,2
visor/goggles,2,0,2
poncelet,2,0,2
gokengin,2,0,2
vy-per,2,0,2
rodlet,2,0,2
nash,2,0,2
herophilus,2,0,2
rook,2,0,2
cisplatin/doxorubicin/cyclophosphamide,2,0,2
cardiorrhexis,2,0,2
pézolet,2,0,2
lhpal2,2,0,2
grosvenor,2,0,2
macroeconomics,2,0,2
expectancy.66,2,0,2
fascia,2,0,2
tzutalin,2,0,2
chloroquine-based,2,0,2
alcohol-alcohol,2,0,2
kastom,2,0,2
bp2,2,0,2
oct.,2,0,2
cuyabeno,2,0,2
patrimony,2,0,2
slev,2,0,2
azeredo,2,0,2
brachonella,2,0,2
foscarinis,2,0,2
andrulis,2,0,2
federaloil,2,0,2
4-(2-hydroxyethyl)-1-piperazineethanesulfonicacid,2,0,2
jabin,2,0,2
nagle,2,0,2
rantanen,2,0,2
papsa,2,0,2
acetyl-ß-methylcholinechloride,2,0,2
octyldodecyllactate,2,0,2
mek2,2,0,2
mikhail,2,0,2
uin,2,0,2
l-rhamnose,2,0,2
stibium,2,0,2
aauaaa,2,0,2
pbs/u6-l-sirna,2,0,2
3′-oxygen,2,0,2
rorippa,2,0,2
pericyte,2,0,2
polis,2,0,2
rh-reteplase,2,0,2
ceftolozone-tazobactam,2,0,2
bacolod,2,0,2
oxidizedphospholipids,2,0,2
interferon-betab1,2,0,2
carma,2,0,2
oxyc,2,0,2
acetamidomethylated,2,0,2
trimestatin,2,0,2
bitistatin,2,0,2
bp4,2,0,2
glucer,2,0,2
β-spectrin,2,0,2
devane,2,0,2
xellia,2,0,2
dangol,2,0,2
esperança,2,0,2
trisacetate,2,0,2
midostarin,2,0,2
naidoo,2,0,2
weigao,2,0,2
antileukotoxin,2,0,2
pias-3,2,0,2
multi-epitope-basedvaccine,2,0,2
iu)-streptomycin,2,0,2
zinclozenges,2,0,2
92%.telithromycin,2,0,2
polymethoxylated,2,0,2
magklaras,2,0,2
pancuronium(bolus,2,0,2
ropivacainehydrochloride,2,0,2
khuntia,2,0,2
boifn-ω,2,0,2
amam,2,0,2
mitragotri,2,0,2
plp1αautocleaves,2,0,2
plp1βautocleaves,2,0,2
metylselenocysteine,2,0,2
uralic,2,0,2
supraglottitis,2,0,2
beta-integrin,2,0,2
"cva,cvb",2,0,2
medikamenten,2,0,2
yein,2,0,2
zissler,2,0,2
ampicillin/cloxacillin,2,0,2
tetrazines,2,0,2
rp-49,2,0,2
algorand,2,0,2
hcrp,2,0,2
mptp/probenecid,2,0,2
"6′,6′-difluoro-aristeromycin",2,0,2
varghese,2,0,2
daunavir/lopinavir,2,0,2
gramnifolia,2,0,2
us23,2,0,2
vatan,2,0,2
disoproxil/emtricitabine,2,0,2
hepe,2,0,2
roseola,2,0,2
monounsaturated,2,0,2
gpv,2,0,2
nemtsev,2,0,2
pogonophoran,2,0,2
chitosandda,2,0,2
usp34/nf29,2,0,2
azaridine,2,0,2
mumper,2,0,2
sequeiradmello,2,0,2
weigelin,2,0,2
nitropirae,2,0,2
gne,2,0,2
π-sulfur,2,0,2
herbepimedium,2,0,2
ipw,2,0,2
zt30,2,0,2
zt39,2,0,2
eckhard,2,0,2
thalin,2,0,2
chlor-amidine,2,0,2
pa-dpeg24,2,0,2
ethamsylate,2,0,2
max-min,2,0,2
buparlisib,2,0,2
il1r1,2,0,2
amphiumas,2,0,2
a771726.leflunomide,2,0,2
flosloniceraejaponicae,2,0,2
judex,2,0,2
bifidobacteriumadolescentis,2,0,2
wenig,2,0,2
euphyllin,2,0,2
sglt-2i,2,0,2
ranklvaccine,2,0,2
rankladjuvant,2,0,2
mahuangshengma,2,0,2
antipyretictcm,2,0,2
sbflavonoids,2,0,2
ξ-carotene,2,0,2
baicaleinaluminum,2,0,2
scutevulin,2,0,2
c1).it,2,0,2
dmitrii,2,0,2
yuval-davis,2,0,2
simondon,2,0,2
verbeeks,2,0,2
sirnaaln-rsv01,2,0,2
antonia,2,0,2
noctilio,2,0,2
hydroxyquinolines,2,0,2
6-hydroxyquinoline,2,0,2
pyrrolate,2,0,2
oastv,2,0,2
enantiomergc10,2,0,2
skm,2,0,2
grandpa,2,0,2
s-glutathiolating,2,0,2
oxy-hemoglobin,2,0,2
nitrosprusside,2,0,2
soltys,2,0,2
josella,2,0,2
ego,2,0,2
prc2,2,0,2
hantula,2,0,2
sulfasalazine-ssz,2,0,2
metaphors,2,0,2
parvarchaeum,2,0,2
heparin-saline,2,0,2
4-mg,2,0,2
melphalan-tnfα,2,0,2
limb,2,0,2
daromun,2,0,2
temodar,2,0,2
larrosa,2,0,2
bifo,2,0,2
ss/ϕ,2,0,2
copepods,2,0,2
α-rings,2,0,2
β-ring,2,0,2
oromendia,2,0,2
bortezomib-thalidomide,2,0,2
bortezomib-lenalinomide-dexamethasone,2,0,2
ixazomib-dexamethasone,2,0,2
.oprozomib,2,0,2
cefepime-mn,2,0,2
kerrin,2,0,2
peg-sln,2,0,2
dienoyl,2,0,2
d-ala7-ang-(1,2,0,2
u-fj,2,0,2
tetrao,2,0,2
coternixjaponica,2,0,2
triboliumcastaneum,2,0,2
nasoniavitripennis,2,0,2
xpb,2,0,2
montazeri,2,0,2
cv-a16vaccine,2,0,2
tarateel,2,0,2
teel,2,0,2
arro,2,0,2
thatmf59™-adjuvanted,2,0,2
inf-α-2a,2,0,2
barometzrhizome,2,0,2
onychin,2,0,2
anwar,2,0,2
tu-144,2,0,2
esso,2,0,2
tilisi,2,0,2
gypsophila,2,0,2
derg,2,0,2
cantion,2,0,2
taoguangyanghui,2,0,2
"2,2-dimethoxypropane",2,0,2
ifv-a,2,0,2
iv1,2,0,2
n-dodecyl-β-d-maltoside,2,0,2
thiopene,2,0,2
telea,2,0,2
aliaga,2,0,2
bacillecalmetteguérin,2,0,2
mehn,2,0,2
acps,2,0,2
yaws,2,0,2
brig,2,0,2
rsmap,2,0,2
nakhon-nayok,2,0,2
fu-ufrj,2,0,2
flaxman,2,0,2
baiju,2,0,2
grosvenorii,2,0,2
mycrobacterium,2,0,2
hfnc.dexmedetomidine,2,0,2
anti-dc-signr,2,0,2
sucharit,2,0,2
wolfgangsassin,2,0,2
mcneill,2,0,2
acyclovir-fleximer,2,0,2
resveratrol-loaded,2,0,2
isoniazid-loaded,2,0,2
amphyl,2,0,2
anti-gastrin,2,0,2
arabicacid,2,0,2
ezetimibe/simvastatin,2,0,2
niacin/statin/laropiprant,2,0,2
eprotirome,2,0,2
aococizumab,2,0,2
apob-100,2,0,2
chylomicronemia,2,0,2
cer-001,2,0,2
oustide,2,0,2
carboxypeptidased,2,0,2
potassium-binders,2,0,2
franceschetti,2,0,2
vitamin-e,2,0,2
a.lyrata,2,0,2
kinocidin,2,0,2
c.canephora,2,0,2
xanthinemangiferin,2,0,2
hydroxymethylfurfural,2,0,2
gfld,2,0,2
2′-deoxcytidine,2,0,2
nadt,2,0,2
sweden.15,2,0,2
poecine,2,0,2
e-sl2,2,0,2
oligonucleotidef-6,2,0,2
metypcp,2,0,2
anoop,2,0,2
antihepatotoxic,2,0,2
flavonoidsglycosides,2,0,2
pfuch54,2,0,2
helliar,2,0,2
l.mittel,2,0,2
patidar,2,0,2
vestel,2,0,2
enteroviral,2,0,2
nsdfb,2,0,2
nsct_pcnn,2,0,2
ketamine-xylamine,2,0,2
"1,25(oh)2-vitamind",2,0,2
goniolens,2,0,2
cbmt,2,0,2
legrain,2,0,2
florek,2,0,2
anti-amyloid,2,0,2
insulin-nk9,2,0,2
polysubstance,2,0,2
ubals,2,0,2
di-ubiqutin,2,0,2
feodosiya,2,0,2
hdac9,2,0,2
selamatkan,2,0,2
t‐20/enfuvirtide,2,0,2
latrunculin-b,2,0,2
pf-3845,2,0,2
taurines,2,0,2
szechuan,2,0,2
antimicrobianos,2,0,2
isomil,2,0,2
yingshi,2,0,2
calacarin,2,0,2
s-alkylation,2,0,2
bistra,2,0,2
high-dose-dexamethasone,2,0,2
reuben,2,0,2
capsulectomy,2,0,2
maltitol,2,0,2
zincum,2,0,2
ada-ige,2,0,2
chromy,2,0,2
mardre,2,0,2
samza,2,0,2
thurst,2,0,2
seokgo,2,0,2
jar,2,0,2
arzu,2,0,2
pe→0,2,0,2
weiqi,2,0,2
alcoholgel,2,0,2
nichol,2,0,2
slavson,2,0,2
aravin,2,0,2
damn,2,0,2
acacianilotica,2,0,2
nilotica,2,0,2
γ-sitosterol,2,0,2
melacacidin,2,0,2
nilobamate,2,0,2
2-mercaptoetanol,2,0,2
par1-agonist,2,0,2
butalbital-acetaminophen-caffeine,2,0,2
dihydroergotamines,2,0,2
novoprotein,2,0,2
petals,2,0,2
staminodes,2,0,2
~53,2,0,2
1-desmethylaurantio-obtusin,2,0,2
chryso-obtusin,2,0,2
methylgallate,2,0,2
cereals,2,0,2
streptomycin-neomycin-penicillin,2,0,2
ribavirín,2,0,2
ctfv,2,0,2
polyproteinp123,2,0,2
dinechin,2,0,2
arato,2,0,2
jonker,2,0,2
hypochloriteacid,2,0,2
malawilil-20/1,2,0,2
zts-01,2,0,2
methylenes,2,0,2
vancomycin-heparin,2,0,2
ovt,2,0,2
pregsure©,2,0,2
[3h]-glutamine,2,0,2
becn1-pik3c3,2,0,2
etf-1,2,0,2
embutramidum,2,0,2
tetracainihydrochloridum,2,0,2
oestradiol-17β,2,0,2
hotine,2,0,2
neh,2,0,2
preker,2,0,2
droste,2,0,2
gastin,2,0,2
iviggam,2,0,2
rija,2,0,2
oseltamivir(branded,2,0,2
tjipanazolea1,2,0,2
tetanus-diphtheria-pertussis,2,0,2
glycyrrhizolb,2,0,2
licochalconec,2,0,2
glabraisoflavans,2,0,2
elmin,2,0,2
granula,2,0,2
zinc-cysteine,2,0,2
llanwenog,2,0,2
protein-lopinavir,2,0,2
psg38,2,0,2
oleskovsmose,2,0,2
bail-ins,2,0,2
prudential,2,0,2
myd8,2,0,2
moorvms-ldf2,2,0,2
gundan,2,0,2
sericea,2,0,2
arctan,2,0,2
methylprednisolone:80,2,0,2
sonitus,2,0,2
delores,2,0,2
chloride/day,2,0,2
glucond,2,0,2
chonamaitree,2,0,2
vigilância,2,0,2
efavirenz/tenofovir/lamivudine,2,0,2
ca16prototype,2,0,2
longhui,2,0,2
xcq,2,0,2
jbl,2,0,2
ccr5-agonist,2,0,2
calcium-magnesium,2,0,2
rhinosporidiosis,2,0,2
itac,2,0,2
hemangiopericytoma,2,0,2
h1ri-01-jan18,2,0,2
planaria,2,0,2
ace-t,2,0,2
[3h]-ethanolamine,2,0,2
hcv-ifn-λ,2,0,2
hbv-ifnl,2,0,2
enfuvirutide,2,0,2
wahlund,2,0,2
perchlorates,2,0,2
isoparaffins,2,0,2
silicoaluminophosphate,2,0,2
olein,2,0,2
6-mercaptopruine,2,0,2
locator,2,0,2
gorelova,2,0,2
doxorubicin-,2,0,2
arginine-glycine-glycine,2,0,2
vezatin,2,0,2
pre-mir-1,2,0,2
tax-2,2,0,2
imb-dm122,2,0,2
2-doserzv,2,0,2
apk,2,0,2
hackerone,2,0,2
behond,2,0,2
esol,2,0,2
cgsc,2,0,2
favipiravirhydroxide,2,0,2
trimethoprim/sulfmethoxizole,2,0,2
pertussisapvaccine,2,0,2
hassine,2,0,2
polyglutamylation,2,0,2
poly-γ-glutamate,2,0,2
katia,2,0,2
verónica,2,0,2
6-amides,2,0,2
saquinavir-3clpro,2,0,2
3clpro-5280343,2,0,2
3clpro-saquinavir,2,0,2
salita,2,0,2
ipratropium/salbutamol,2,0,2
phbv-peg,2,0,2
deuterochloroform,2,0,2
phbv-peg2kda,2,0,2
peg2kda,2,0,2
ifn‐α2/ribavirin,2,0,2
afssaps,2,0,2
talianila,2,0,2
methylcytidines,2,0,2
fentanyl-ketamine,2,0,2
palizumab,2,0,2
angelicaedahuricae,2,0,2
pgiwines,2,0,2
pgiwine,2,0,2
anti-folate,2,0,2
2-methylbutanal,2,0,2
cdp571,2,0,2
m-chlorine,2,0,2
serine,2,0,2
anti-mir21,2,0,2
anti-mir-712,2,0,2
hydrosulfitesodium,2,0,2
arirang,2,0,2
immunoglobulin-based,2,0,2
softag,2,0,2
baciu,2,0,2
htnvg2,2,0,2
hetero-gl,2,0,2
fragilis,2,0,2
verenamulinoides,2,0,2
verbenamulinoides,2,0,2
corbula,2,0,2
dolium,2,0,2
erigeron,2,0,2
aleiantus,2,0,2
parapercis,2,0,2
oxalisadenophylla,2,0,2
lithastrinus,2,0,2
athymna,2,0,2
alfenas,2,0,2
flavr,2,0,2
mxn,2,0,2
cpp-1,2,0,2
cpp-2,2,0,2
water-solublepolysaccharide,2,0,2
mcl,2,0,2
sgemm,2,0,2
goodrich,2,0,2
cytopro,2,0,2
podophylotoxin,2,0,2
guniacum,2,0,2
furofurans,2,0,2
magnoliaobovata,2,0,2
bromegrass,2,0,2
intravenous•,2,0,2
toxvaerd,2,0,2
sicarius,2,0,2
balanthidium,2,0,2
tinamid,2,0,2
oxycondone,2,0,2
saruma,2,0,2
bungoma,2,0,2
chloroquinine,2,0,2
sars‐cov.,2,0,2
ageno,2,0,2
armando,2,0,2
iron-glycine,2,0,2
sulbactam/clavulanate,2,0,2
samaranayake,2,0,2
kgalagadi,2,0,2
oseltamivir-ribavirin,2,0,2
ohm,2,0,2
resor,2,0,2
poly-cytosine,2,0,2
polygonicuspidati,2,0,2
antimetabolit,2,0,2
syrup,2,0,2
perfan,2,0,2
japonensis,2,0,2
medisys,2,0,2
ghouta,2,0,2
sulfotyrosine,2,0,2
salkgt3,2,0,2
ventol,2,0,2
gijang,2,0,2
butylhydroxytoluene,2,0,2
974-b,2,0,2
clysma,2,0,2
perftoran,2,0,2
r.losea,2,0,2
hdgf,2,0,2
kelemen,2,0,2
napthalenesulfonamide,2,0,2
avermectinius,2,0,2
vitruviuspollio,2,0,2
stachel,2,0,2
rinkamide,2,0,2
darcys,2,0,2
pyrethrines,2,0,2
permethrine,2,0,2
sulfanamide,2,0,2
romano-ward,2,0,2
tsgp16,2,0,2
ring1b,2,0,2
denveglycoprotein,2,0,2
diprovirins,2,0,2
cordymin-2,2,0,2
17-hydroxy-corticosteroid,2,0,2
aphrodisiac,2,0,2
nsp4-baicalin,2,0,2
arasur,2,0,2
eryngiimushroom,2,0,2
cgpc,2,0,2
nicox,2,0,2
pulmocide,2,0,2
hspaminoacid,2,0,2
lasair,2,0,2
second-generationvaccine,2,0,2
elastase-inhibitor,2,0,2
glennan,2,0,2
carboplatin/gemcitabine,2,0,2
dengueflavivirus,2,0,2
ligandfit,2,0,2
stativa,2,0,2
dtq,2,0,2
chloroquine-s-protein,2,0,2
sadamori,2,0,2
leyla,2,0,2
anti-muscarinic,2,0,2
draculin,2,0,2
donatella,2,0,2
lamivudine-hbv,2,0,2
baccarin,2,0,2
menisdaurin,2,0,2
saniculiphyllum,2,0,2
z2-,2,0,2
ffp2-mask,2,0,2
n-dimethyltriptamine,2,0,2
cemal,2,0,2
1-cinnamyluracil,2,0,2
mappp,2,0,2
sharpand,2,0,2
avista,2,0,2
len,2,0,2
aurnofin,2,0,2
kostha,2,0,2
medanata,2,0,2
chelonoidis,2,0,2
polygonatumkingianum,2,0,2
vitamind-vitamin,2,0,2
tcm-mesh,2,0,2
ginsengoside,2,0,2
bifidobactetium,2,0,2
methoxylatedflavones,2,0,2
"3',4'-dimethoxyflavone",2,0,2
anti-lipidperoxidation,2,0,2
sabucedo,2,0,2
tnf-release,2,0,2
cysteine-104,2,0,2
sulfonyl-chloride,2,0,2
aptamerg9,2,0,2
at-27,2,0,2
methylpalmita,2,0,2
loniceracetalidesa,2,0,2
lonijaposide,2,0,2
decoctum,2,0,2
lonicerahypoglauca,2,0,2
panonychus,2,0,2
albedo,2,0,2
cholesterol-based,2,0,2
vancomycin/piperacillin-tazobactam/azithromycin,2,0,2
ca-sp1,2,0,2
fcγriiib,2,0,2
sma-c5,2,0,2
pfos,2,0,2
rukhsana,2,0,2
cyniclomyces,2,0,2
antimycina1,2,0,2
chr-peptidec34,2,0,2
fogelman,2,0,2
bassil,2,0,2
agiomirgianakis,2,0,2
desethyl-hydroxychloroquine,2,0,2
(hydro)chloroquine,2,0,2
potidaea,2,0,2
theban,2,0,2
silius,2,0,2
plinia,2,0,2
honorum,2,0,2
misenum,2,0,2
stabiae,2,0,2
dentca,2,0,2
extradiol,2,0,2
mr.qi,2,0,2
lancy-vaxinavaccine,2,0,2
vacvb5protein,2,0,2
cavicide,2,0,2
caffeinealkaloid,2,0,2
hpv-11e1,2,0,2
natalis,2,0,2
polyprenyl,2,0,2
oilseed,2,0,2
oxazoles,2,0,2
thiourea/4,2,0,2
abc,2,0,2
man-9,2,0,2
tronox,2,0,2
fhr1,2,0,2
forsythialignanforsythin,2,0,2
fauvism,2,0,2
savini,2,0,2
as1411-drug,2,0,2
as1411-drug-liposomes,2,0,2
extravidin-peroxidase,2,0,2
guidolin,2,0,2
engelke,2,0,2
hsa-mir-27b-3p,2,0,2
hsa-mir-128-3p,2,0,2
nozin,2,0,2
cucumissativus,2,0,2
celeron,2,0,2
nasacort,2,0,2
bi-gru,2,0,2
liproxstatin-1,2,0,2
jnk2,2,0,2
arsonist,2,0,2
leena,2,0,2
amoebicides,2,0,2
penicillin/50,2,0,2
s-adenosylhomocysteine,2,0,2
ahc,2,0,2
rc-18,2,0,2
bariatrisch-metabolische,2,0,2
phaleria,2,0,2
rhinacanthus,2,0,2
dipteryx,2,0,2
long-arm,2,0,2
ampicillin/sulbactam/piperacillin/tazobactam,2,0,2
thrombin-bound,2,0,2
methylthioguanosine,2,0,2
sabin-1polio,2,0,2
alava,2,0,2
cumate,2,0,2
cockayne,2,0,2
salk)vaccine,2,0,2
sulfomyxin,2,0,2
diagastrin,2,0,2
dna-cisplatin,2,0,2
alanlevinovitz,2,0,2
rhadinoviruses,2,0,2
polioendgame,2,0,2
kamir,2,0,2
shuli,2,0,2
zehava,2,0,2
lior,2,0,2
phenylpropanoid,2,0,2
citricidal,2,0,2
maene,2,0,2
hederifolium,2,0,2
ringo,2,0,2
fructuscrataegi,2,0,2
tibetin,2,0,2
ib-var2,2,0,2
pre-oxygen,2,0,2
d.medinensis,2,0,2
oxymora,2,0,2
wangin,2,0,2
gas5,2,0,2
qlk5-ct-1999,2,0,2
taser,2,0,2
bunvnsm,2,0,2
hydroxychloroguine,2,0,2
(erythromycin).the,2,0,2
charter,2,0,2
ethambutol).it,2,0,2
antifungicidal,2,0,2
gemperli,2,0,2
royle,2,0,2
karina,2,0,2
zapranis,2,0,2
wcd,2,0,2
metaperiodate,2,0,2
single-doseadv,2,0,2
r/enoxaparin,2,0,2
ns2-ns3autoprotease,2,0,2
danoprevir/r,2,0,2
faldaprevir/deleobuvir,2,0,2
bms-890068,2,0,2
mk-8408,2,0,2
edp-239,2,0,2
gs-9669,2,0,2
gs-938,2,0,2
spink1/cetuximab,2,0,2
2′‐o‐methylcytidine,2,0,2
exim,2,0,2
suini,2,0,2
nsp6-dextromethorphan,2,0,2
dextromethorphan-bound,2,0,2
nsp-haloperidol,2,0,2
sedov,2,0,2
charliecloud,2,0,2
ad-luc,2,0,2
ephrin-b3,2,0,2
pe.dexamethasone,2,0,2
vitaminb-3,2,0,2
eoad,2,0,2
flutemetamol,2,0,2
vitamina/vitamine/selenium,2,0,2
clindamycin/erythromycin,2,0,2
tiazole,2,0,2
prosumer,2,0,2
5′-piperazine,2,0,2
venticute,2,0,2
hmgb1.it,2,0,2
arid,2,0,2
chromoglycate,2,0,2
antihistamine-,2,0,2
s‐layer,2,0,2
sulfolobicins,2,0,2
mitotempo,2,0,2
chryzostom,2,0,2
p7ion-channel,2,0,2
kollia,2,0,2
yunan,2,0,2
kitabal-mansoori,2,0,2
caliphmansoor,2,0,2
najeebuddinsamarqandi,2,0,2
tidestr,2,0,2
loban,2,0,2
kripala,2,0,2
cornidovineae,2,0,2
buxus,2,0,2
acristata,2,0,2
polygonumsenegalense,2,0,2
gaultheria,2,0,2
mycodiesel,2,0,2
bradykinin-2,2,0,2
calrectin,2,0,2
m-csf,2,0,2
α-2-antiplasmin,2,0,2
pecten,2,0,2
procladius,2,0,2
sirnam2,2,0,2
s.69,2,0,2
mongolian,2,0,2
anti-allotoxin,2,0,2
yinqiaopowder,2,0,2
deconjugate,2,0,2
jiddah,2,0,2
c-anchor,2,0,2
f-d,2,0,2
cs-grp78,2,0,2
coth2,2,0,2
ruler,2,0,2
monochloride,2,0,2
9-alkylatedisomer,2,0,2
ethylchloroformate,2,0,2
9-alkylaminoguanines,2,0,2
acetoxymethylethers,2,0,2
4-acetylcytosine,2,0,2
lactones,2,0,2
d-rhamnitol,2,0,2
pentylmagnesium,2,0,2
formamidineacetate,2,0,2
fertilins,2,0,2
metzincins,2,0,2
zn-chelation,2,0,2
adam26,2,0,2
gyrasehemmers,2,0,2
bi-spectrum,2,0,2
chanseok,2,0,2
kp-minisat+,2,0,2
kr-gr,2,0,2
neck,2,0,2
3-methyl-adenine,2,0,2
sonara,2,0,2
mlh40,2,0,2
anti-angina,2,0,2
pseurotin,2,0,2
cladisporum,2,0,2
pyrrolyridine,2,0,2
邪實證,2,0,2
amirna_c,2,0,2
chloroquine-amirna,2,0,2
ribavirin-amirna,2,0,2
avocet,2,0,2
proline−cysteine,2,0,2
•epinephrine,2,0,2
giustarini,2,0,2
arbp,2,0,2
c.polyvalentvaccinea,2,0,2
drusin,2,0,2
allerod,2,0,2
spiroadamantane,2,0,2
"2,2-diethylamantadine",2,0,2
intellicare,2,0,2
apsm,2,0,2
sirna#3,2,0,2
dexamethasone-adsorbed,2,0,2
bogdan,2,0,2
hai-2,2,0,2
macrocephaly,2,0,2
herr,2,0,2
grantham,2,0,2
embata,2,0,2
varicella-zostervaccine,2,0,2
tiletamin,2,0,2
longmire,2,0,2
olfersia,2,0,2
sula,2,0,2
pimelautide,2,0,2
prallethrin,2,0,2
bidesethylhdroxychloroquine,2,0,2
ghx05,2,0,2
hydroxylatedbiphenolic,2,0,2
pik3cg,2,0,2
gc08,2,0,2
acclaimedtcm,2,0,2
timololmaleate,2,0,2
tallinn,2,0,2
kanban,2,0,2
trello,2,0,2
javad,2,0,2
todesraten,2,0,2
hemdes,2,0,2
hejblum,2,0,2
rhifn-ω,2,0,2
hsa-ifn-α2b,2,0,2
kr,2,0,2
mir-379-5p,2,0,2
themir-410-3p,2,0,2
cecropiodes,2,0,2
pre-vitamin,2,0,2
guaninecystosine,2,0,2
hxzqp,2,0,2
vitamincyinqiao,2,0,2
panaxginsengc.a.mey,2,0,2
aconitumcarmichaeli,2,0,2
arsenium,2,0,2
fakhri,2,0,2
lama/laba,2,0,2
hsp100,2,0,2
mepa,2,0,2
ragnar,2,0,2
ascona,2,0,2
homeopathy,2,0,2
fluconazaole,2,0,2
amraxane,2,0,2
sequus,2,0,2
feruglose,2,0,2
ostim,2,0,2
constanin,2,0,2
flaviviralns1,2,0,2
igorrogelja,2,0,2
agnieszka,2,0,2
t.citricida,2,0,2
gumosuva,2,0,2
druica,2,0,2
temoneira,2,0,2
cromoglicato,2,0,2
ketotifeno,2,0,2
estanozolol,2,0,2
talidomida,2,0,2
porfirinemia,2,0,2
cumarina,2,0,2
weipeng,2,0,2
paulvirilio,2,0,2
55).more,2,0,2
condo,2,0,2
greek,2,0,2
apokalyptein,2,0,2
chrysalis,2,0,2
halomodin,2,0,2
dansatinib,2,0,2
ezitimibe,2,0,2
infα/ribavirin,2,0,2
ifn/alisporivir,2,0,2
alisporivir/ifn,2,0,2
mβcd-cholesterol,2,0,2
bacterin-toxoid,2,0,2
1-decanol,2,0,2
sodiumdecanoate,2,0,2
decanal,2,0,2
4hr,2,0,2
polymyxin-colistin,2,0,2
protein9b,2,0,2
gga-mir-16-,2,0,2
gga-mir-130b,2,0,2
gga-mir-142-3p,2,0,2
hsa-mir-454,2,0,2
df-mir-21,2,0,2
mir-2127-3p,2,0,2
thatgga-mir-2127-3p,2,0,2
mir-9-3p,2,0,2
mir-16-1/mir-16,2,0,2
has-mir-16,2,0,2
"gga-mir-130b-3p,",2,0,2
nitrosoura,2,0,2
meplhalan,2,0,2
darpoietin-alpha,2,0,2
awf,2,0,2
nilotinb,2,0,2
radicati,2,0,2
bsfs,2,0,2
halgin,2,0,2
bismuth-subsalicylate,2,0,2
gintonin,2,0,2
inam,2,0,2
apt-daunorubicin-au,2,0,2
sousasantos,2,0,2
tarsafi,2,0,2
leucaspius,2,0,2
balamuthia,2,0,2
pirk,2,0,2
verrucarum,2,0,2
ru-dec,2,0,2
actinomycins,2,0,2
actimomycin,2,0,2
at-1258,2,0,2
glyciphosphoramide,2,0,2
top2α,2,0,2
mftz-1,2,0,2
acetonedicarboxylates,2,0,2
9l,2,0,2
hans-christian,2,0,2
philanthropic,2,0,2
iso-liquiritigenin,2,0,2
ascocoryne,2,0,2
damman,2,0,2
bahrainis,2,0,2
fassa,2,0,2
al-mutairi,2,0,2
qadri,2,0,2
romy,2,0,2
co-trimaxazole,2,0,2
pilat,2,0,2
dinca,2,0,2
mbofung,2,0,2
lapatra,2,0,2
artilysin,2,0,2
benta,2,0,2
klimaquip,2,0,2
quercetin3-o-rutinoside,2,0,2
clee,2,0,2
anivirzel,2,0,2
g-strophanthidin,2,0,2
hka,2,0,2
merope,2,0,2
dante,2,0,2
nasamecu,2,0,2
amplimune,2,0,2
amiloid-β,2,0,2
conti,2,0,2
as-48,2,0,2
ift20,2,0,2
gima,2,0,2
mirnas-574-5p,2,0,2
mirnamir-us25-,2,0,2
mir-bart2-5p,2,0,2
jcv-mir-j1,2,0,2
polyomavirus-specific,2,0,2
bkv-mir-b1-5p,2,0,2
polyomavirus-specificjcv-mir-j1-5p,2,0,2
bkv-mir-b1-3p/jcv-mir-j1-3p,2,0,2
mir-361-5p,2,0,2
mir-889,2,0,2
serummir-21-5p,2,0,2
mir-71,2,0,2
psorothamnus,2,0,2
nanostarch,2,0,2
phloratannins,2,0,2
triphloretol-a,2,0,2
caffeicacid-derivatives,2,0,2
calceolariosideb,2,0,2
jampol,2,0,2
icga,2,0,2
adivo,2,0,2
r-cobalamine,2,0,2
red-a,2,0,2
fcz,2,0,2
bppb-sace,2,0,2
banea,2,0,2
sceptics,2,0,2
microrna-133b,2,0,2
gpc3,2,0,2
albania,2,0,2
γ-carotene,2,0,2
flavonebaicalein,2,0,2
o.basilicum,2,0,2
houttuyniacordata(蕺菜jí,2,0,2
myrothamnus,2,0,2
spirooliganone,2,0,2
uncinoside,2,0,2
genkwanol,2,0,2
chloramphenicolointment,2,0,2
mepitel,2,0,2
clodronate-liposome,2,0,2
p-luc,2,0,2
kbvigr,2,0,2
kuntsevich,2,0,2
sabra,2,0,2
kerber,2,0,2
r1.it,2,0,2
semmer,2,0,2
tisu,2,0,2
puigmitja,2,0,2
angthong,2,0,2
hpv76,2,0,2
maxingshigantang(decoction,2,0,2
maxinshigantang,2,0,2
baihegujin,2,0,2
lk2-10a,2,0,2
lk2,2,0,2
mablk2-11a,2,0,2
lk2-12a,2,0,2
maistralis,2,0,2
verjans,2,0,2
uspdtf,2,0,2
eck,2,0,2
riset,2,0,2
androzoo,2,0,2
angiotensins,2,0,2
bremek,2,0,2
radixisatidiscrudeherbs,2,0,2
antonelli,2,0,2
clw,2,0,2
sodiumethanolate,2,0,2
shelx,2,0,2
iscg,2,0,2
mashtree,2,0,2
hbv-alf,2,0,2
blumofe,2,0,2
galanthamine-,2,0,2
11-hydroxyvittatine(8a)/,2,0,2
n-demethylgalanthamine,2,0,2
buche-vittatine,2,0,2
palmitoylatedm2,2,0,2
dioctyltindichloride,2,0,2
trimthoprim-sulfamethoxazole,2,0,2
pentavalentbovinerotavirus-humanrotavirus,2,0,2
kroepelin,2,0,2
jenica,2,0,2
g-penicillin,2,0,2
g-8,2,0,2
saphir,2,0,2
49th,2,0,2
tarenflurbil,2,0,2
elnd005,2,0,2
doxycycline/rifampicin,2,0,2
bentonite,2,0,2
c-ibs.montmorillonite,2,0,2
lach,2,0,2
amphetamine-montmorillonite,2,0,2
captopril-adsorbedmontmorillonite,2,0,2
feidong,2,0,2
marianne,2,0,2
cr-31-b,2,0,2
amphotericin-b-liposomal,2,0,2
catechin-3-o-gallate,2,0,2
piceid,2,0,2
2-methoxystypandrone,2,0,2
f.multiflora,2,0,2
eupersicaria,2,0,2
persicariabarbata,2,0,2
atraphaxideae,2,0,2
bufexamac,2,0,2
omermelik,2,0,2
ermacora,2,0,2
[3h]dopamine,2,0,2
handwerk,2,0,2
centaurin-α1,2,0,2
angustafolia,2,0,2
0.1%/ciprofloxacin,2,0,2
5%/phenylephrine,2,0,2
flavonoidglycones,2,0,2
onnuriplan,2,0,2
tua,2,0,2
mimetas,2,0,2
panteleev,2,0,2
virocid,2,0,2
serine/cysteine,2,0,2
sparmectin-e,2,0,2
ivermectin-d2,2,0,2
etalon,2,0,2
rge1,2,0,2
atanassov,2,0,2
doac-ritonavir,2,0,2
dabigatran-amiodarone,2,0,2
rivaroxaban-amiodarone,2,0,2
apixaban-amiodarone,2,0,2
consorzio,2,0,2
cto,2,0,2
ignacio,2,0,2
sb-hlvs,2,0,2
qsar.curcumin,2,0,2
dnazol,2,0,2
kuznetsov,2,0,2
canankinumab,2,0,2
tacrolimus-,2,0,2
pvpt,2,0,2
cefoperzone,2,0,2
sodium/tazobactam,2,0,2
cao-vit,2,0,2
litsea,2,0,2
archidendron,2,0,2
cleidionjavanicum,2,0,2
b-capsid,2,0,2
salucea,2,0,2
vessie,2,0,2
prrsvpolyprotein,2,0,2
pp-gly,2,0,2
acetylportentol,2,0,2
doxycyclinehydrochloride,2,0,2
quininedihydrochloride,2,0,2
zucca,2,0,2
barramundi,2,0,2
farabee,2,0,2
schistosomajaponicaum,2,0,2
l-tree,2,0,2
ascensia,2,0,2
hbv-0215,2,0,2
at-130,2,0,2
oron,2,0,2
zachar,2,0,2
caprylated,2,0,2
sodium-azide,2,0,2
tailx,2,0,2
hida,2,0,2
chaetomiaceae,2,0,2
achaetomium,2,0,2
f.senegalensis,2,0,2
ms2-mir146a,2,0,2
w34,2,0,2
rv13,2,0,2
resolvinse1,2,0,2
amyloid-β-peptide,2,0,2
17-estradiols,2,0,2
caa1,2,0,2
glycuronides,2,0,2
dindar,2,0,2
panipenem/betamipron,2,0,2
25-ohvitamind3,2,0,2
immunoglobulind,2,0,2
aurand,2,0,2
kindgren,2,0,2
psillaki,2,0,2
putri,2,0,2
electrophorus,2,0,2
melala,2,0,2
echinaceapurpurea(,2,0,2
domtor,2,0,2
jaimacan,2,0,2
michaelpolanyi,2,0,2
rhem,2,0,2
rishmac,2,0,2
epilag,2,0,2
saa-retinol,2,0,2
bertillon,2,0,2
o-glycan,2,0,2
qld,2,0,2
ec3a,2,0,2
bibliotheca,2,0,2
najavo,2,0,2
groote,2,0,2
goethe,2,0,2
trommel,2,0,2
cyp87d16,2,0,2
cyp71d353,2,0,2
achnine,2,0,2
ginsenosidero,2,0,2
placanica,2,0,2
ghanshyam,2,0,2
gammarus,2,0,2
stebbing,2,0,2
onisimus,2,0,2
prg4,2,0,2
alcapone,2,0,2
guttenberg,2,0,2
chai,2,0,2
gongguan,2,0,2
oraby,2,0,2
sea-bcma.belantamab,2,0,2
neelapu,2,0,2
mbt-c,2,0,2
anti-palivizumab,2,0,2
heparincream,2,0,2
anti-arenaviralvaccine,2,0,2
parv,2,0,2
mushayi,2,0,2
uršič,2,0,2
hilic,2,0,2
sodiumthiosulphate,2,0,2
cidam,2,0,2
cldc,2,0,2
evangelism,2,0,2
spk,2,0,2
dort,2,0,2
tet2,2,0,2
nn2,2,0,2
jellybean,2,0,2
gastrin-34,2,0,2
d-cyclosporin,2,0,2
vincaalkaloids,2,0,2
immunoglobulin-e,2,0,2
pertussisimmunoglobulin,2,0,2
damodara,2,0,2
ludhiana,2,0,2
dacnet,2,0,2
penciclovir.17,2,0,2
krulin,2,0,2
d-pro-l-pro,2,0,2
l-photoproline,2,0,2
zn-k,2,0,2
ub-7-amino-4-methylcoumarin,2,0,2
n-demethyl-sauroxine,2,0,2
lycopodinealkaloids,2,0,2
pityrogramma,2,0,2
acrostichum,2,0,2
pterosinb,2,0,2
s.uncinata,2,0,2
7-arabinoside,2,0,2
quercetin-3-glucoside,2,0,2
botrychium,2,0,2
stenoloma,2,0,2
davallia,2,0,2
(2s)-13-hydroxypterosin,2,0,2
lycophlegmarin,2,0,2
holtt,2,0,2
crassirhizomarhizome,2,0,2
acetyl-pepstatin,2,0,2
striatisporolide,2,0,2
lucica,2,0,2
wlf1,2,0,2
huangdineijing,2,0,2
tcm.inqing,2,0,2
plantarumnc8-psip409-pgsa'-s-dcpep,2,0,2
s-dcpep,2,0,2
pulsenet,2,0,2
rotavirusvaccine.58,2,0,2
sitagliptin/vildagliptin,2,0,2
gt1bp7,2,0,2
amantadine/pegifnα/ribavirin,2,0,2
benzenediaminederivate,2,0,2
chroparavirus,2,0,2
sgfrkme-edans,2,0,2
glumae,2,0,2
51-kda,2,0,2
glycomod,2,0,2
cutalo,2,0,2
keratans,2,0,2
cyclophilins,2,0,2
forças,2,0,2
armadas,2,0,2
apoliproteina-1,2,0,2
s-naproxen,2,0,2
els-17,2,0,2
atezolizumab/bevacizumab,2,0,2
rs10774671,2,0,2
lartey,2,0,2
kalantar,2,0,2
unifi,2,0,2
branigan,2,0,2
biopolymers,2,0,2
m28,2,0,2
cii,2,0,2
.chikungunya,2,0,2
sirvan,2,0,2
endoringstm,2,0,2
l-epinephrin,2,0,2
egnin,2,0,2
aquastat,2,0,2
chloride-dioxide,2,0,2
ir3,2,0,2
landau,2,0,2
penicillin-derived,2,0,2
cys75,2,0,2
sertraline-hcl,2,0,2
metadichol,2,0,2
doxorubicin-free,2,0,2
presidenthu,2,0,2
d-to-a,2,0,2
hf-hd,2,0,2
crinex,2,0,2
silatrane,2,0,2
fluoracetate,2,0,2
fluoroacetamide,2,0,2
norcepharadione,2,0,2
houttuynoid,2,0,2
dpo,2,0,2
autacoids,2,0,2
ballonkatheter,2,0,2
autologes,2,0,2
transfusionvon,2,0,2
zanni,2,0,2
wolinella,2,0,2
stavrox,2,0,2
spermicides,2,0,2
anti-mm,2,0,2
anti-hemolysin,2,0,2
arde,2,0,2
myotropine,2,0,2
rehydran,2,0,2
bafliomycin,2,0,2
vassilli,2,0,2
scut,2,0,2
cpiv,2,0,2
dapei,2,0,2
dmax,2,0,2
wordpiece,2,0,2
dannyibarra-vega,2,0,2
betacov,2,0,2
rcrtpolypeptides,2,0,2
orcrt,2,0,2
mrcrt-46,2,0,2
fluoresceine,2,0,2
ortho‐phthalaldehyde,2,0,2
kefyn,2,0,2
mel-cam,2,0,2
betastatin,2,0,2
randrup,2,0,2
gurcan,2,0,2
3a4/ritonavir,2,0,2
t-705rtp,2,0,2
glis1,2,0,2
daco,2,0,2
gallicacids,2,0,2
shrivartara,2,0,2
urease-,2,0,2
malária,2,0,2
tetradog,2,0,2
d.herbacea,2,0,2
fluocortolon,2,0,2
fenofibrat,2,0,2
zytostatikum,2,0,2
n-2′-hydroxyethyl-dnj,2,0,2
cisplatin/mg,2,0,2
sulfinamine,2,0,2
2-methoxypropene,2,0,2
ap33,2,0,2
butenolideketone,2,0,2
µm/aciclovir,2,0,2
diorcinol,2,0,2
dunaniella,2,0,2
cladosiphon,2,0,2
thalassia,2,0,2
paracaseolin,2,0,2
halistanolsulfate,2,0,2
dactylospongia,2,0,2
ehrenbergol,2,0,2
ehrenberoxide,2,0,2
echrebsteroid,2,0,2
echinogorgia,2,0,2
β-thymosin,2,0,2
polycarpa,2,0,2
sq,2,0,2
d-β-tocopherol,2,0,2
d-γ-tocopherol,2,0,2
mir-520,2,0,2
mir-233,2,0,2
advvaccine,2,0,2
levengood,2,0,2
lidocaine/mexiletine,2,0,2
braingame,2,0,2
bair-hugger,2,0,2
twice-daily,2,0,2
gla-seadjuvant,2,0,2
ceacam35,2,0,2
ceacam33,2,0,2
yosemite,2,0,2
znpy,2,0,2
kitasatoshibasaburo,2,0,2
bisamidinium,2,0,2
jeli,2,0,2
xilosa,2,0,2
arantius,2,0,2
n-acetylprocainamide,2,0,2
bretylium,2,0,2
v1a,2,0,2
α-methyl-norepinephrine,2,0,2
at-ii,2,0,2
rubenstein,2,0,2
phyllotaxis,2,0,2
cataphylls,2,0,2
c.monogyna,2,0,2
phyllome,2,0,2
phyllotactic,2,0,2
nadinelarente,2,0,2
yamin,2,0,2
cefoperazone/tazobactam,2,0,2
yos9p,2,0,2
p53-rna,2,0,2
kollman,2,0,2
rbv+ivig,2,0,2
rp24,2,0,2
grossamide,2,0,2
belachinal,2,0,2
vorinostate,2,0,2
zhangjiakou,2,0,2
resarch,2,0,2
compound13b,2,0,2
carbosil,2,0,2
remittance,2,0,2
al-rusayl,2,0,2
magnesiumoxides,2,0,2
gpnmb,2,0,2
navy,2,0,2
akpobolokemi,2,0,2
b76,2,0,2
cpg-odn-adjuvantedkag-nanovaccine,2,0,2
liposome-basednps,2,0,2
stabilin,2,0,2
anti-bigg,2,0,2
tabularisi,2,0,2
oxygens,2,0,2
donato,2,0,2
non-nifedipine,2,0,2
estrogen-to-androgen,2,0,2
sb20358,2,0,2
pistaferri,2,0,2
4-hydroxytolbutamide,2,0,2
orogen,2,0,2
and/tacrolimus,2,0,2
socialegeografie,2,0,2
dariuszwójcik,2,0,2
stefanos,2,0,2
viridipes,2,0,2
zapotecanus,2,0,2
salticid,2,0,2
medir,2,0,2
boeck,2,0,2
propionibacteria,2,0,2
zirconium,2,0,2
qifen,2,0,2
yuanshen,2,0,2
lophatheri,2,0,2
mitomir-378,2,0,2
reno,2,0,2
maizensltp,2,0,2
presidentmuseveni,2,0,2
florescu,2,0,2
vecura,2,0,2
b.a.,2,0,2
prillaman,2,0,2
steneroden,2,0,2
mirna-149-3p,2,0,2
tarixpharmaceuticals,2,0,2
endofin,2,0,2
micrornamir-24,2,0,2
boletin,2,0,2
kafir,2,0,2
tfm,2,0,2
carbakarpa,2,0,2
dcir-1,2,0,2
cardenolidesreevesiosidea,2,0,2
crispr,2,0,2
anhydride/lutidine,2,0,2
bepro,2,0,2
cidw,2,0,2
rombo,2,0,2
galago,2,0,2
kenyanic,2,0,2
ouro,2,0,2
etoposide/vincristine/doxorubicin,2,0,2
methoxylamine/hcl,2,0,2
peonidin,2,0,2
eidd-2801/nhc,2,0,2
anti-prenecklaces,2,0,2
l.derde,2,0,2
nyga,2,0,2
jackieleach,2,0,2
hcq＋azithromycin,2,0,2
hc＋azithromycin,2,0,2
pepsyn,2,0,2
linseed,2,0,2
b-antigen,2,0,2
squamipes,2,0,2
karnaphuli,2,0,2
aphanizomenon,2,0,2
bmaa,2,0,2
hoogly,2,0,2
rahad,2,0,2
maercker&,2,0,2
β-carbolines,2,0,2
ergolines,2,0,2
benzophenanthredines,2,0,2
n-methylcanadine,2,0,2
tetrandrine/cefazolin,2,0,2
3d-hovaifa,2,0,2
preppitar,2,0,2
calvaresi,2,0,2
k-clique,2,0,2
nape-pld,2,0,2
cereb,2,0,2
guimaraes,2,0,2
fontanet,2,0,2
jiangxi,2,0,2
mauriceobstfeld,2,0,2
cba.polymyxin,2,0,2
cefepime-zidebactam,2,0,2
jak1/2/3,2,0,2
peroxidation,2,0,2
s.cusia,2,0,2
7-methylluteolin,2,0,2
mete,2,0,2
flubdmab,2,0,2
elusimicrobium,2,0,2
metabat2,2,0,2
φair,2,0,2
hydxoxychloroquine,2,0,2
sulfochloride,2,0,2
l-aginine,2,0,2
phenylaceticacid,2,0,2
3-phenylpropionylchloride,2,0,2
dfho,2,0,2
azimo,2,0,2
cdc20,2,0,2
b-c).hypericin,2,0,2
l’itraconazole,2,0,2
chlorhexidin/2,2,0,2
mikonazol,2,0,2
dialdehydepolysaccharide,2,0,2
tetracerus,2,0,2
carfentanilcitrate,2,0,2
ng/ml.azithromycin,2,0,2
barro,2,0,2
ssirna,2,0,2
micrornamir-23,2,0,2
forsythiasuspensa,2,0,2
nelumbonaceae,2,0,2
miltiorrhizabungeethanolic,2,0,2
alkylatedchalcones,2,0,2
salviamiltiorrhizabungeethanolic,2,0,2
meuri,2,0,2
i/amide,2,0,2
brendolan,2,0,2
cainiao,2,0,2
epha2-sirna-dopc,2,0,2
sirna/paclitaxel,2,0,2
ciancarinia,2,0,2
ganin,2,0,2
pepsinogens,2,0,2
4-nitroanaline,2,0,2
penicilloylation,2,0,2
djuran,2,0,2
spore,2,0,2
anti-v5,2,0,2
anti-p44,2,0,2
fbxo3,2,0,2
nystrand,2,0,2
reina,2,0,2
neokidney,2,0,2
vedat,2,0,2
propolisflavonoids,2,0,2
"4,5-diphenyloxazole",2,0,2
βca,2,0,2
"qlx,ldp",2,0,2
hiv-e,2,0,2
guanadyl,2,0,2
huangmei,2,0,2
lange,2,0,2
frayn,2,0,2
nitrophenantrene,2,0,2
da-aristolactam,2,0,2
dna-ota,2,0,2
peñaloza,2,0,2
thiol-aptamers,2,0,2
mydriaticum,2,0,2
alsosilybin,2,0,2
fattiviracina1,2,0,2
l-fructose,2,0,2
leucomycin,2,0,2
cei,2,0,2
soy-lecithin,2,0,2
kiedron,2,0,2
thymidines,2,0,2
iltt-tr,2,0,2
macrolides-clarithromycin,2,0,2
rhamnoglycosides,2,0,2
acidchloride,2,0,2
lithiumynolates,2,0,2
lithiumesther,2,0,2
ynamide,2,0,2
tribactams,2,0,2
1-β-methylcarbapenem,2,0,2
benzocarbapenems,2,0,2
keatinge,2,0,2
oxamicus,2,0,2
β55,2,0,2
plp2-tm,2,0,2
achilleakellalensis,2,0,2
a.kellalensis,2,0,2
gomes,2,0,2
tetanus(dpt,2,0,2
purelin,2,0,2
sirk,2,0,2
peroxigard,2,0,2
pelicanus,2,0,2
aethia,2,0,2
albumin-paclitaxel,2,0,2
hpv92,2,0,2
estoril,2,0,2
rena,2,0,2
liz,2,0,2
lsc,2,0,2
lemonacid,2,0,2
aminoethylene,2,0,2
plecanoril,2,0,2
adenophora,2,0,2
tetraphylla,2,0,2
mir-23bmir-146a-5p,2,0,2
yap/taz,2,0,2
ergospirometry,2,0,2
mir-30b,2,0,2
pcp.antipneumocystis,2,0,2
ovoinhibitor,2,0,2
nna,2,0,2
tim1,2,0,2
leccardi,2,0,2
bican,2,0,2
rhodiolaroseal.,2,0,2
ellagicacids,2,0,2
kotinda,2,0,2
nooteboom,2,0,2
anti-fancigy,2,0,2
antiimmunoglobin,2,0,2
rudin,2,0,2
daltepain,2,0,2
isoflurane/o2,2,0,2
airkorea,2,0,2
furosamide,2,0,2
diginonin,2,0,2
psychodopygas,2,0,2
hpv-kc5,2,0,2
all-transretinyl,2,0,2
stichtingfarmaceutische,2,0,2
mek1/2,2,0,2
bevery,2,0,2
sandimmune,2,0,2
sagem,2,0,2
chloramphenicol/zeocin,2,0,2
α7nachr,2,0,2
thiomargarita,2,0,2
stabia,2,0,2
chanin,2,0,2
adjuvant-freesl,2,0,2
cokie,2,0,2
sustainable,2,0,2
gbadjuvanted,2,0,2
crl1005,2,0,2
cymvectin,2,0,2
hr2-anti-p.,2,0,2
hbasigin,2,0,2
preggagovender,2,0,2
goshawks,2,0,2
hibiscusrosa-sinensis,2,0,2
veneroida,2,0,2
magana,2,0,2
shuangcheng,2,0,2
pseudoephedrinehydrochloride,2,0,2
meningococcusbvaccine,2,0,2
jempol,2,0,2
prashanth,2,0,2
potassium-tartrate,2,0,2
rasnet50v2,2,0,2
olavius,2,0,2
amoebophilus,2,0,2
mendiola,2,0,2
is21,2,0,2
is66,2,0,2
celpresol,2,0,2
anti-d-igg,2,0,2
biconjugate,2,0,2
-inib,2,0,2
alpha-gal,2,0,2
trometamol,2,0,2
diphenhydramine/hydroxyzine/cetirizine,2,0,2
famotidine/ranitidine,2,0,2
varicella-herpeszoster,2,0,2
(s)-lercanidipine,2,0,2
n-desacetyldiltiazem,2,0,2
desmethyldiltiazem,2,0,2
rtv.propranolol,2,0,2
rtv.candesartan,2,0,2
ritonavir-boosted,2,0,2
antihypertensives,2,0,2
anti-lfa-1,2,0,2
hanin,2,0,2
apxiiatobacco,2,0,2
2.α-fodrin/spectrin,2,0,2
fodrin,2,0,2
"mir-1249,mir-7108-5p",2,0,2
mir-1306-,2,0,2
let-7e-3p,2,0,2
"mir-1249,mir-6869-5p,mir-3162-5p,mir-1306-5p,mir-6781-5p,mir-6804-3p",2,0,2
mir-3162,2,0,2
mir-3162-,2,0,2
",mir-6804-3p",2,0,2
mir-7108,2,0,2
"mir-1249,mir-7108-5p,mir-6804-3p",2,0,2
rnai,2,0,2
marinova,2,0,2
fucoxanthine,2,0,2
sirt3,2,0,2
katalin,2,0,2
bertinaria,2,0,2
braf-v600e,2,0,2
cappadocia,2,0,2
waffner,2,0,2
parab,2,0,2
passino,2,0,2
bfondc,2,0,2
cashewnut,2,0,2
formoterol).the,2,0,2
handsanitizer,2,0,2
fk12,2,0,2
dumon,2,0,2
anti-migraine,2,0,2
moustafid,2,0,2
ace-011,2,0,2
ace-536,2,0,2
minihepcidin,2,0,2
atp-over-glucose,2,0,2
α-antitrypsin,2,0,2
clondronate,2,0,2
dihydrochalcones,2,0,2
inophyllumb,2,0,2
brassinin,2,0,2
phellodendronamurensebark,2,0,2
asiminatriloba,2,0,2
himachalol,2,0,2
atropurpurea,2,0,2
hypericumhookerianum,2,0,2
cyclosporine/mizoribine,2,0,2
terri,2,0,2
alfie,2,0,2
non-curcumin,2,0,2
helium-to-oxygen,2,0,2
fibrin(ogen,2,0,2
ipp,2,0,2
psfa,2,0,2
cocianu,2,0,2
fa.it,2,0,2
caml,2,0,2
o39,2,0,2
soricine,2,0,2
penicillin-(2,2,0,2
micafungin-based,2,0,2
mencconjugate,2,0,2
meglumineantimoniate,2,0,2
colistin-nalidixic,2,0,2
eron,2,0,2
fluoroqinolone,2,0,2
hpv-61,2,0,2
hpv-70,2,0,2
vicar,2,0,2
prospectus,2,0,2
uredinia,2,0,2
saap-148,2,0,2
2-dodecylcyclobutanone,2,0,2
metromile,2,0,2
glutathione-ethylester,2,0,2
slpi,2,0,2
mmdc-sign,2,0,2
zebra,2,0,2
mircrorna,2,0,2
sgp-sulfatedpolysaccharide,2,0,2
cox1-inhibitor,2,0,2
boceno,2,0,2
annamaria,2,0,2
menopon,2,0,2
ornothonyssus,2,0,2
biln-2061,2,0,2
bay12,2,0,2
amidinobenzimidazoles,2,0,2
(+)-8-hydroxymanzamine,2,0,2
amphilactams,2,0,2
amphilactamd,2,0,2
sigmosceptrellin-b,2,0,2
macrolidehalichondramide,2,0,2
canonico,2,0,2
hydroxychlocoquine,2,0,2
triceps,2,0,2
zincformalin,2,0,2
methanal,2,0,2
ezetemibe,2,0,2
otu-14,2,0,2
nitrosospira,2,0,2
spongiacidinb,2,0,2
contignasterol,2,0,2
xestospongin,2,0,2
ß-adrenoreceptor,2,0,2
hamigera,2,0,2
mineral-oil,2,0,2
brevicornis,2,0,2
peg-6000,2,0,2
dobp-lpdtrail,2,0,2
angiopep-2,2,0,2
zagrebvaccine,2,0,2
cylind2,2,0,2
ppro,2,0,2
medoxyprogesteroneacetate,2,0,2
sars-cov/s,2,0,2
pyrazinide,2,0,2
fcgr2c,2,0,2
abca17,2,0,2
solenoid,2,0,2
agomir‐9,2,0,2
debub,2,0,2
macronutrients,2,0,2
ero1β,2,0,2
mmu-mir-21a-5p,2,0,2
mir-223-3p,2,0,2
mir-712,2,0,2
anti-zikv,2,0,2
terelius,2,0,2
edutella,2,0,2
methylnaloxonium,2,0,2
cab2,2,0,2
r-vk4-,2,0,2
oxycodone-dose,2,0,2
usa-china-latin,2,0,2
lidia,2,0,2
lacovone,2,0,2
sabina,2,0,2
agata,2,0,2
gwendolyn,2,0,2
furfurans,2,0,2
aureli,2,0,2
hengfei,2,0,2
nrsf,2,0,2
antolin,2,0,2
staphen,2,0,2
nancms,2,0,2
sunbinyoo,2,0,2
gwu,2,0,2
nikkomycins,2,0,2
β-d-glucuronidase,2,0,2
glycyrrhetinicacidmonoglucuronide,2,0,2
bloxall,2,0,2
chondroitinsulfates,2,0,2
myrinet,2,0,2
fierro,2,0,2
liccardo,2,0,2
vpg-pro,2,0,2
5-bromo-uridine,2,0,2
pegbovigrastim,2,0,2
peg/rbv,2,0,2
multitepvaccine,2,0,2
m.himalayana,2,0,2
sight,2,0,2
α-ketosulphonamides,2,0,2
x77.bedaquiline,2,0,2
hepafilter,2,0,2
meck,2,0,2
cl-43,2,0,2
opioidagonist,2,0,2
triptanen,2,0,2
aii,2,0,2
edlefosine,2,0,2
↔e,2,0,2
kristia,2,0,2
kabasurakudineerchoornam,2,0,2
proctorio,2,0,2
trich,2,0,2
williamosler,2,0,2
meehl,2,0,2
mss,2,0,2
bovineigg,2,0,2
deprenyl,2,0,2
sichop,2,0,2
mir-25-3p,2,0,2
mir-31-5p,2,0,2
antagomir-1,2,0,2
antagomir-2,2,0,2
veedamom,2,0,2
sauron,2,0,2
nikitakhrushchev,2,0,2
reinhardt,2,0,2
feminist,2,0,2
eufp7,2,0,2
shosaiko-to,2,0,2
hengqin,2,0,2
oceanalpha,2,0,2
meizu,2,0,2
sulfonylchloride,2,0,2
dehydromethionine,2,0,2
hypt,2,0,2
tsp-2,2,0,2
jmm,2,0,2
nizatoxanide,2,0,2
bikinis,2,0,2
gardasil®,2,0,2
routledge,2,0,2
lesch,2,0,2
salviaemiltiorrhiza,2,0,2
amantadine-rimantadine,2,0,2
ernsc171,2,0,2
fluoroquinolones/everolimus,2,0,2
glatiramir,2,0,2
glycyrrhizashrub,2,0,2
glycyrrhizalinn,2,0,2
licoriceacetone,2,0,2
licoricesaponins,2,0,2
bc-322,2,0,2
bishnupriya,2,0,2
althusser,2,0,2
meenakshi,2,0,2
sisir,2,0,2
damaraland,2,0,2
calodiumhepaticum,2,0,2
hrn-bsaconjugate,2,0,2
p.anserina,2,0,2
tubermelanosporum,2,0,2
grosmaniaclavigera,2,0,2
lmpg,2,0,2
chloro-primaquine,2,0,2
jfj,2,0,2
ag4,2,0,2
rotenone/antimycin,2,0,2
hypoadiponectinemia,2,0,2
manolin,2,0,2
platycodind-cholesterol,2,0,2
kashyapa,2,0,2
lga,2,0,2
gestodene,2,0,2
den-1,2,0,2
lasiris,2,0,2
thiazoladinediones,2,0,2
crrt.baricitinib,2,0,2
cystathionase,2,0,2
imidazole-ring,2,0,2
balaclava,2,0,2
radicone,2,0,2
morphine/oxycodone,2,0,2
pegylatedc34,2,0,2
peg5kc34,2,0,2
peg5kd,2,0,2
crl1505,2,0,2
l.plantarummpl16,2,0,2
filbin,2,0,2
aebp1/aclp,2,0,2
latexin,2,0,2
buchloedactyloides,2,0,2
3.4).vitamin,2,0,2
bovinepartetravirus,2,0,2
telespinalcordinjury,2,0,2
hydroxyvitamin-d3,2,0,2
(±)-α-tocopherol,2,0,2
benzoylchloride,2,0,2
jungia,2,0,2
pectis,2,0,2
l.alba,2,0,2
α-zingiberene,2,0,2
itraconazole-group,2,0,2
itraconazole-prednisolone,2,0,2
uracil/5-fluorouracil,2,0,2
bupa,2,0,2
pestaner,2,0,2
orp1lcholesterol,2,0,2
dwat,2,0,2
pu,2,0,2
neptunium,2,0,2
uraniumnitrate,2,0,2
cirincioni,2,0,2
armaco,2,0,2
mosilla,2,0,2
fid,2,0,2
rifabutina,2,0,2
k=3,2,0,2
selp,2,0,2
ctr,2,0,2
atg16l2,2,0,2
antiastrovirus,2,0,2
peghin,2,0,2
meppayur,2,0,2
flys,2,0,2
flys-gcn,2,0,2
diphyllin-loaded,2,0,2
diphyllin-load,2,0,2
dipyllin,2,0,2
inchi,2,0,2
cysct,2,0,2
metformin-metal,2,0,2
nivedita,2,0,2
ccl26,2,0,2
eucic,2,0,2
chlorine6,2,0,2
sirna3,2,0,2
glycine/proline,2,0,2
robertus,2,0,2
dioscera,2,0,2
stauder,2,0,2
crata,2,0,2
cramoll,2,0,2
lipidhydroperoxides,2,0,2
omadine,2,0,2
n-butanolvapor,2,0,2
his79,2,0,2
sangiovanni,2,0,2
tedrosadhanomghebreyesus,2,0,2
larbsib,2,0,2
cd70,2,0,2
lmwhs/fondaparinux,2,0,2
rivax,2,0,2
retamar,2,0,2
sandinista,2,0,2
pregogadea,2,0,2
lunachávez,2,0,2
porrúa,2,0,2
ciprofloxicin,2,0,2
strepavidin,2,0,2
goals,2,0,2
azvc,2,0,2
anti-emetics,2,0,2
h.capsulatum,2,0,2
venal,2,0,2
carrageenan/zanamivir,2,0,2
oseltamivir).novel,2,0,2
levonorgestral,2,0,2
n-methylacetamide,2,0,2
lamari,2,0,2
d12492,2,0,2
qarnain,2,0,2
praneem,2,0,2
silver/nanosilver,2,0,2
"mir-222-5p,mir-365-",2,0,2
mir27a-5p,2,0,2
mir365,2,0,2
mir-322,2,0,2
"mir-222-5p,mir1247-3p,mir-365",2,0,2
häuser,2,0,2
lna-antisense,2,0,2
arginine-glycine-asparticacid,2,0,2
hadv-b21,2,0,2
qd-antibody,2,0,2
onrab,2,0,2
zonis,2,0,2
stratumlucidum,2,0,2
viaderm,2,0,2
lidocaine/tetracaine,2,0,2
armeo,2,0,2
soumyabrata,2,0,2
hsp65,2,0,2
braunina,2,0,2
neocyamus,2,0,2
saphenectomy,2,0,2
adleman,2,0,2
simmel,2,0,2
propylenelinker,2,0,2
p-amidine,2,0,2
6-oxygen,2,0,2
aminophenyl,2,0,2
lipole,2,0,2
siapera,2,0,2
zabebradine,2,0,2
mustache,2,0,2
uniferon,2,0,2
pdtf,2,0,2
azadiradionolide,2,0,2
fv-e,2,0,2
lps/bleomycin,2,0,2
tsp1,2,0,2
anuprita,2,0,2
heptapeptideang-(1,2,0,2
kurzem,2,0,2
gong,2,0,2
hiv-neg,2,0,2
sulfolanes,2,0,2
natahadibrata,2,0,2
irelandia,2,0,2
fibrillin-1,2,0,2
bicuspid,2,0,2
hannibal,2,0,2
stamatatos,2,0,2
ﬁbrinogen,2,0,2
antimonotone,2,0,2
acycl,2,0,2
6-residue,2,0,2
dasmo,2,0,2
sulmet,2,0,2
orf1b,2,0,2
tegison,2,0,2
anti-epitope,2,0,2
hyleukin-7,2,0,2
clazuril,2,0,2
hemoproteus,2,0,2
aceli,2,0,2
dalargin,2,0,2
dreyer,2,0,2
stolp,2,0,2
afgan,2,0,2
hbv-19,2,0,2
lozenge#,2,0,2
hrv8,2,0,2
previtamins,2,0,2
tachysterol,2,0,2
hypochoeris,2,0,2
fuzen,2,0,2
alx40,2,0,2
indigoids,2,0,2
indigoferatinctorialinn,2,0,2
persicariatinctoria,2,0,2
strobilanthescusia,2,0,2
afdhal,2,0,2
micrornamir-103a-3p,2,0,2
amatuximab,2,0,2
anetumab,2,0,2
fcr.,2,0,2
nitrophenylated,2,0,2
bloome/furey,2,0,2
ductil,2,0,2
radiocontrast,2,0,2
ppcd.,2,0,2
assay_1_n,2,0,2
coreduo,2,0,2
karimov,2,0,2
temiryollari,2,0,2
uzbek,2,0,2
that:[v,2,0,2
ban,2,0,2
sogatella,2,0,2
dw2017,2,0,2
leuctra,2,0,2
agapetus,2,0,2
panchayat,2,0,2
bidner,2,0,2
alimony,2,0,2
kabin,2,0,2
loniceraeflos(,2,0,2
kaempferol‐3‐o‐rutinoside,2,0,2
valacta,2,0,2
samm,2,0,2
pyrazolopyridines,2,0,2
a2016,2,0,2
h.rhamnoides,2,0,2
r.nana,2,0,2
ba-sf,2,0,2
cscb,2,0,2
porcovhku15,2,0,2
serbs,2,0,2
cpda,2,0,2
bentoli,2,0,2
trizol,2,0,2
antihepatitisb,2,0,2
β-trypsin,2,0,2
double-dose,2,0,2
cerato,2,0,2
carbomethoxy,2,0,2
sistosterol,2,0,2
polyunsaturatedfames,2,0,2
nafamosta,2,0,2
indianayurveda,2,0,2
bodeker,2,0,2
baturin,2,0,2
chrysochloris,2,0,2
sao,2,0,2
zolazemine,2,0,2
gundel,2,0,2
valentinscherz,2,0,2
wit.ai,2,0,2
β-galactose,2,0,2
bivigam,2,0,2
camidanlumab,2,0,2
"bms-986,016",2,0,2
amjevita,2,0,2
remsira,2,0,2
siliz,2,0,2
pegolis,2,0,2
repatha,2,0,2
otilimabis,2,0,2
2022.gantenerumab,2,0,2
zinplava,2,0,2
firivumab,2,0,2
gedivumab,2,0,2
rosmantuzumab,2,0,2
1928,2,0,2
amina,2,0,2
"2,3-diaminobenazine",2,0,2
ifit1b,2,0,2
st2,2,0,2
jervis,2,0,2
tar,2,0,2
epigallocatechin-3-o-gallate,2,0,2
orthomyxoviruses,2,0,2
velcadebortezomib,2,0,2
hiv-2/hiv-1,2,0,2
siglec-8-fc,2,0,2
kabete,2,0,2
berberines,2,0,2
childrights-based,2,0,2
tigard,2,0,2
kenny,2,0,2
edwardsnowden,2,0,2
bifidobacteriumbifidus,2,0,2
prebioticgalacto-oligosaccharides,2,0,2
probioticla1,2,0,2
flortec,2,0,2
prosymbioflor,2,0,2
pediacoccus,2,0,2
synbioticbifilac,2,0,2
lactobacilli-fermented,2,0,2
oxalobacterformigenes,2,0,2
glitasone,2,0,2
4-thiazolidinones,2,0,2
oxazolones,2,0,2
phosphodiesterase,2,0,2
glytazone,2,0,2
4-thiazolidinone,2,0,2
anazolone,2,0,2
anti-carbazole,2,0,2
rdrp/myricetin,2,0,2
rdrp-polyphenol,2,0,2
siglec-8,2,0,2
javamide-i,2,0,2
bidil,2,0,2
urea‐trypsin,2,0,2
karulin,2,0,2
scaav2+metformin,2,0,2
rytter,2,0,2
parp-14,2,0,2
parp-9,2,0,2
mpro-palmatine,2,0,2
stenodera,2,0,2
silverfishes,2,0,2
palaestra,2,0,2
triungulin,2,0,2
pronotum,2,0,2
mx3,2,0,2
theofanis,2,0,2
protin,2,0,2
dubiosii,2,0,2
arc13-,2,0,2
arc106,2,0,2
adenosine-uridine,2,0,2
buryat15vp4,2,0,2
diastat,2,0,2
hk04-,2,0,2
samia,2,0,2
anti-lipase,2,0,2
scutellatus,2,0,2
caripitensis,2,0,2
anti-e2igy,2,0,2
anti-her2-a,2,0,2
anti-c-adaigy,2,0,2
anti-gentamycin,2,0,2
anti-seb,2,0,2
ethylcarbazol,2,0,2
antipyrogen,2,0,2
arene,2,0,2
penicillamines,2,0,2
nicolau,2,0,2
blepharitis,2,0,2
onychocryptosis,2,0,2
menactrac,2,0,2
gardasild,2,0,2
pa-toxin,2,0,2
meosuc-aapv-amc,2,0,2
c-chain,2,0,2
amex,2,0,2
anti-abusetax,2,0,2
vsl1,2,0,2
carboxy-terminal,2,0,2
sil-1ra,2,0,2
olofin,2,0,2
hexamethylphosphoramide,2,0,2
-tocilizumab,2,0,2
anti-il-8,2,0,2
d-aa,2,0,2
antileukinate,2,0,2
glutenin,2,0,2
52azithromycin,2,0,2
4remdisivir,2,0,2
-penicillin,2,0,2
-chloramphenicol,2,0,2
photericin,2,0,2
gd-dtpa-dimeglumine,2,0,2
chitosan-dna,2,0,2
lucas,2,0,2
chizzola,2,0,2
keyrus,2,0,2
azathioprim,2,0,2
cyclosporine+mtx,2,0,2
thiotepa-busulfan-fludarabine,2,0,2
bleu,2,0,2
ringelblum,2,0,2
metoclopramida,2,0,2
a-tripeptide,2,0,2
d-peptides,2,0,2
a-peptidet2635,2,0,2
holdemania,2,0,2
.dextromethorphan,2,0,2
.amitriptyline,2,0,2
nutz,2,0,2
relaxantien,2,0,2
ketamine-propofol,2,0,2
medstar,2,0,2
anti-pyretic,2,0,2
.xanthine,2,0,2
cef3,2,0,2
amanta-dine,2,0,2
streptokokken,2,0,2
aksc2,2,0,2
nt3,2,0,2
anticholera,2,0,2
bp-1,2,0,2
bp-8,2,0,2
trimethoprim-sulfmethoxazol,2,0,2
chrx,2,0,2
ebna-lp,2,0,2
pegylatedifn-a-2b,2,0,2
anti-dextran,2,0,2
vy,2,0,2
proicin,2,0,2
loxoid,2,0,2
ludvig,2,0,2
textil,2,0,2
tfn-α,2,0,2
.arginine,2,0,2
asper,2,0,2
uretupamine,2,0,2
ticarcillinclavulanate,2,0,2
helen,2,0,2
b-0126,2,0,2
grampp,2,0,2
b-0275,2,0,2
b-0281,2,0,2
iopromid,2,0,2
b-0705,2,0,2
b-0714,2,0,2
nsfw,2,0,2
tungsten-halogen,2,0,2
n-diethyl-mtoluamide,2,0,2
tabaquismo,2,0,2
nitroprosside,2,0,2
aminosides,2,0,2
di-hydan,2,0,2
bicarbonates,2,0,2
hypovitaminosed,2,0,2
acetest,2,0,2
gonadotrophine,2,0,2
dectancyl,2,0,2
natriurie,2,0,2
oxyde,2,0,2
doliprane,2,0,2
fludex,2,0,2
cobalamines,2,0,2
thymosin/s,2,0,2
sulea,2,0,2
brachymeles,2,0,2
daptomicina,2,0,2
ropa,2,0,2
achten,2,0,2
dt,2,0,2
hash,2,0,2
bupivacaïne,2,0,2
fracaso,2,0,2
op16,2,0,2
lfw,2,0,2
.pirfenidone,2,0,2
sibiricum,2,0,2
inr,2,0,2
isot,2,0,2
baneh,2,0,2
gilz,2,0,2
phytosterylferulates,2,0,2
hsp101,2,0,2
hypusinated,2,0,2
antiamoebin-1,2,0,2
clavuligerus,2,0,2
tdt,2,0,2
apomyoglobin,2,0,2
b-spectrin,2,0,2
bei2,2,0,2
8-azaxanthine,2,0,2
obtusifolius,2,0,2
-penicillamine,2,0,2
fusicoccine,2,0,2
stenofyllos,2,0,2
leonotisleonurus,2,0,2
ketocanozole,2,0,2
melissaofficinalis,2,0,2
g.fruticosa,2,0,2
hialuronidase,2,0,2
.metoprolol,2,0,2
vilela,2,0,2
phenes,2,0,2
a-103,2,0,2
a-110,2,0,2
a-119,2,0,2
a-166,2,0,2
bertini,2,0,2
felovectin,2,0,2
dodge,2,0,2
-cytidine,2,0,2
goggles,2,0,2
allgemeinanästhesie,2,0,2
nueva,2,0,2
lander,2,0,2
chondrus,2,0,2
gadoth,2,0,2
ifosfamide/doxorubicin,2,0,2
cisplatin/doxorubicin,2,0,2
nupur,2,0,2
radiosensitizer,2,0,2
echinaguard,2,0,2
genax,2,0,2
andronescu,2,0,2
danilović,2,0,2
p-012,2,0,2
sesto,2,0,2
esf,2,0,2
mitobk,2,0,2
p-635,2,0,2
p-636,2,0,2
p-640,2,0,2
p-644,2,0,2
phytophenols,2,0,2
kantha,2,0,2
thera-panacea,2,0,2
monoacetylcurcumin,2,0,2
pro85,2,0,2
lemmas,2,0,2
healx,2,0,2
cyclica,2,0,2
maxa,2,0,2
renfu,2,0,2
ifna-2a,2,0,2
upirtine,2,0,2
tegel,2,0,2
epsrc,2,0,2
undp,2,0,2
nhalamines,2,0,2
ifn-alpha/rbv,2,0,2
formate,2,0,2
ephelota,2,0,2
synura,2,0,2
ekundi,2,0,2
hemichrome,2,0,2
5-fol,2,0,2
-camostat,2,0,2
.methylxanthines,2,0,2
bronchodilatatory,2,0,2
eritrasma,2,0,2
erisipeloide,2,0,2
erisipela,2,0,2
celulitis,2,0,2
hidrosadenitis,2,0,2
verrugas,2,0,2
pediculosis,2,0,2
eriophorumangustifolium,2,0,2
icmadophila,2,0,2
cetraria,2,0,2
cladina,2,0,2
cuspidarum,2,0,2
antihistamine/,2,0,2
coho,2,0,2
serinc5,2,0,2
rotavirusrotavirus,2,0,2
anguillajaponica,2,0,2
zikv-mirna-md17,2,0,2
md-21,2,0,2
zikv-mir-md21,2,0,2
luvos,2,0,2
nounane,2,0,2
oxyanion,2,0,2
contractno.de-ac02,2,0,2
ethambutal,2,0,2
guthrie,2,0,2
ada-2,2,0,2
ajena,2,0,2
pertuzumab/trastuzumab,2,0,2
p-816,2,0,2
p-844,2,0,2
fer8,2,0,2
p-847,2,0,2
p-903,2,0,2
torticolis,2,0,2
politburo,2,0,2
storan,2,0,2
colchicus,2,0,2
r-nitroanilide,2,0,2
heber,2,0,2
präbronchodilatat,2,0,2
b-vitamine,2,0,2
cerberin,2,0,2
gonorroe,2,0,2
obstipatie,2,0,2
foods,2,0,2
-lactoferrin,2,0,2
membranaceus,2,0,2
ofloxacin/hyaluronan,2,0,2
schwarz/moraten,2,0,2
poudineh,2,0,2
invenia,2,0,2
3d-gan,2,0,2
lap,2,0,2
ioracarbef,2,0,2
mantha,2,0,2
cordis,2,0,2
bifidobacter,2,0,2
bacou,2,0,2
gemcitabine/doxorubicin,2,0,2
anti-ferritin,2,0,2
vandepol,2,0,2
.silvestrol,2,0,2
s-cq,2,0,2
r-hcq,2,0,2
s-chloroquine,2,0,2
r-chloroquine,2,0,2
lamivudine/,2,0,2
ombud,2,0,2
doniach,2,0,2
-ketamine,2,0,2
ilomedin,2,0,2
zd6474,2,0,2
sulfo-nhs-ss-biotin,2,0,2
oxitriptan,2,0,2
drinovec,2,0,2
sofosbuvir.2.3,2,0,2
/-azathioprine,2,0,2
chloride/bicarbonate,2,0,2
eod-gt8,2,0,2
atxyl1,2,0,2
.ifnα,2,0,2
pulegone,2,0,2
n-penicillamine,2,0,2
o-penicillamine,2,0,2
mr-spectroscopy,2,0,2
kalender,2,0,2
a-237,2,0,2
dé,2,0,2
deflazocort,2,0,2
pro-trp,2,0,2
marca,2,0,2
trevigiana,2,0,2
kirschner,2,0,2
percutaneus,2,0,2
schloffer,2,0,2
anticoagulan,2,0,2
hpv-77vaccine,2,0,2
oacetyl,2,0,2
lamustine,2,0,2
ritonavir-pl,2,0,2
ceroid,2,0,2
sporidesmin,2,0,2
fertig,2,0,2
trimer-stinga,2,0,2
typhus-impfung,2,0,2
eb/poly,2,0,2
forehead,2,0,2
wfos,2,0,2
.marbofloxacin,2,0,2
maxingshiganyinqiaosan,2,0,2
artemether−lumefantrine,2,0,2
venosa,2,0,2
kenta,2,0,2
.myricitrin,2,0,2
oligos,2,0,2
vella,2,0,2
betaagonist,2,0,2
trehalose/hyaluronate,2,0,2
herzegovina,2,0,2
vi-,2,0,2
hpv-16e5,2,0,2
ghm,2,0,2
aminoguanidium,2,0,2
aminoguanidinium,2,0,2
xanthosomasagittifolium,2,0,2
dibutyltindilaurate,2,0,2
5-as,2,0,2
genetron,2,0,2
codec,2,0,2
sintel,2,0,2
0010,2,0,2
0011,2,0,2
0012,2,0,2
0013,2,0,2
0014,2,0,2
0015,2,0,2
0016,2,0,2
0019,2,0,2
bls-002a,2,0,2
bls-005b,2,0,2
lascorbic,2,0,2
quadra,2,0,2
noord-brabant,2,0,2
(-)-epigallocatechin-gallate,2,0,2
amib,2,0,2
adipicacid,2,0,2
dihydrocodein,2,0,2
pertussis-toxin,2,0,2
euromoney,2,0,2
levemir,2,0,2
gi32,2,0,2
gi33,2,0,2
e25,2,0,2
pteridines,2,0,2
ambrosiaartemisiifolia,2,0,2
olee,2,0,2
anti-dinitrophenol,2,0,2
bp-2,2,0,2
anti-cd38,2,0,2
huanhuan,2,0,2
r-alpha-methylhistamine,2,0,2
cefalozin,2,0,2
beta-hexosaminidase,2,0,2
cup,2,0,2
grancanaria,2,0,2
lolium,2,0,2
leucyl,2,0,2
busulfan-glutathione,2,0,2
azathioprine-prednisolone,2,0,2
cobalaminsupplementation,2,0,2
6rythromycine,2,0,2
dioxinisomers,2,0,2
il23a,2,0,2
fluorocitrate,2,0,2
antidigoxin,2,0,2
nikolaospapanas,2,0,2
ngella,2,0,2
suriname,2,0,2
ampicillin/vancomycin,2,0,2
curac,2,0,2
fluralaner,2,0,2
.lonicerajaponica,2,0,2
uc9,2,0,2
sp30,2,0,2
polythene,2,0,2
4'-selenouridine,2,0,2
4'-selenocytidine,2,0,2
vep-gemcitabine,2,0,2
entecavir/tenofovir,2,0,2
tacrolimus/cyclosporin,2,0,2
[3h]-proline,2,0,2
-zingiberene,2,0,2
pon2,2,0,2
formin,2,0,2
ionophor,2,0,2
hyperforin,2,0,2
dlk,2,0,2
[3h]-choline,2,0,2
diphenylene,2,0,2
-catenin,2,0,2
(-)-huperzine,2,0,2
ha-heparin,2,0,2
rhodesia-zimbabwe,2,0,2
praxis,2,0,2
mycophenolate-based,2,0,2
hcv-3,2,0,2
heregulin-alpha,2,0,2
palatoplasty,2,0,2
thalium,2,0,2
alpha-inhibin,2,0,2
haemangioblastoma,2,0,2
mmi-166,2,0,2
vitamine+folicacid,2,0,2
eufrat,2,0,2
streptomycin.3,2,0,2
w39,2,0,2
amoxacillin/,2,0,2
proteinconjugatepolysaccharide,2,0,2
didi,2,0,2
sparrow,2,0,2
antiviral,2,0,2
lamivudine-or,2,0,2
prolixin,2,0,2
of~70,2,0,2
oolongtea,2,0,2
barkoil,2,0,2
fumigat,2,0,2
oseltamivir-(or,2,0,2
-valganciclovir,2,0,2
varone,2,0,2
pressa,2,0,2
p-nitrothiophenol,2,0,2
phenyl-seether,2,0,2
thiobenzoate,2,0,2
"2,4dinitrobenzenesulfonamide",2,0,2
ac-46,2,0,2
rocuronio,2,0,2
aciclovirbehandelt,2,0,2
apolipoprotein-a1,2,0,2
.genistein,2,0,2
hmg-i/y,2,0,2
hmg-1,2,0,2
diphtheriatetanus-pertussis,2,0,2
myrenne,2,0,2
bay94,2,0,2
igfr,2,0,2
pre-sirolimus,2,0,2
thiotepa/cyclophosphamide,2,0,2
clofarabine/cytarabine,2,0,2
vitaminb12supplementation,2,0,2
/rituximab,2,0,2
capecitabine/temozolomide,2,0,2
ascr,2,0,2
aza/dli/sorafenib,2,0,2
pre-deferoxamine,2,0,2
hemophilia,2,0,2
hermiston,2,0,2
ctscan,2,0,2
wiv16,2,0,2
fluorocarbon,2,0,2
/3-mercaptoethanol,2,0,2
pparα-ragaglitazar,2,0,2
αlactalbumin,2,0,2
empetrum,2,0,2
betula,2,0,2
cladium,2,0,2
anti-dp,2,0,2
ramona,2,0,2
atgam,2,0,2
p-lactamase,2,0,2
thehlj/18-,2,0,2
113fostamatinib,2,0,2
nsdv,2,0,2
pau,2,0,2
endovenöse,2,0,2
wildfires,2,0,2
noaa,2,0,2
gisadenafil,2,0,2
tft,2,0,2
tas-102,2,0,2
feron-α,2,0,2
p∈u,2,0,2
coxitis,2,0,2
hexachlorbenzol,2,0,2
atr-ir,2,0,2
lorel,2,0,2
kristina,2,0,2
diercks,2,0,2
adrenaline/epinephrine,2,0,2
.sulfonamide,2,0,2
r-gla,2,0,2
17p-estradiol,2,0,2
tmprss4,2,0,2
piap,2,0,2
tibialis,2,0,2
high-cholesterol,2,0,2
ruder,2,0,2
foram,2,0,2
day3,2,0,2
11dehydrocorticosterone,2,0,2
hisiamine,2,0,2
openmp,2,0,2
asbestose,2,0,2
coinbase,2,0,2
tessa,2,0,2
mf59-yw002/,2,0,2
z-phe-arg-amc,2,0,2
ß-lactam,2,0,2
f-018,2,0,2
f-041,2,0,2
f-083,2,0,2
f-088,2,0,2
mahdia,2,0,2
ovomucoid,2,0,2
pranlukast-ek,2,0,2
cu/zn-sod,2,0,2
grenetin,2,0,2
grenetine,2,0,2
oma,2,0,2
aria,2,0,2
amalgam,2,0,2
acarus,2,0,2
campari,2,0,2
epa-dhe,2,0,2
resveratrolin,2,0,2
caffei,2,0,2
enzymol,2,0,2
vd3=vitamind3,2,0,2
cv-a16,2,0,2
piccardi,2,0,2
bhatia,2,0,2
.sufentanil-midazolam,2,0,2
garki,2,0,2
metronidazolo,2,0,2
msar,2,0,2
spil,2,0,2
phe-thiol,2,0,2
burkhard,2,0,2
expri,2,0,2
ssd-gsa,2,0,2
estradiol-17,2,0,2
isabeldos,2,0,2
lourenc,2,0,2
ßo,2,0,2
ibrahim,2,0,2
dinars,2,0,2
tigo,2,0,2
azito,2,0,2
neoen,2,0,2
metoro,2,0,2
dolls,2,0,2
d-dimers,2,0,2
bupropion-naltrexone,2,0,2
cbd20,2,0,2
post-metformin,2,0,2
dystonicus,2,0,2
silva-132-,2,0,2
analgesici,2,0,2
antistaminici,2,0,2
purvanova,2,0,2
maois,2,0,2
-procainamide,2,0,2
-camptothecin,2,0,2
hyperbaric,2,0,2
ami,2,0,2
iectin,2,0,2
mir-362,2,0,2
.vitamins,2,0,2
ag2,2,0,2
c-ma,2,0,2
git,2,0,2
toroviren,2,0,2
regn3048,2,0,2
fritillariacirrhosa,2,0,2
paratyphus,2,0,2
certolizumab-pegol,2,0,2
fluss,2,0,2
ipilumab,2,0,2
wise,2,0,2
pneumokokkenmeningitis,2,0,2
ivhet,2,0,2
lowselenium,2,0,2
vpa-carnitine,2,0,2
ion-alexandru,2,0,2
endosialin,2,0,2
ve-statin,2,0,2
mir-96,2,0,2
ser,2,0,2
libertus,2,0,2
hurum,2,0,2
cefti,2,0,2
electrician,2,0,2
skimmilk,2,0,2
selenium-vitamin,2,0,2
anatoxins,2,0,2
cesium-134,2,0,2
surfactantfree,2,0,2
e-d,2,0,2
-bmft,2,0,2
sinistro,2,0,2
kash,2,0,2
dynamometer,2,0,2
hbeag-,2,0,2
santhera,2,0,2
lamide,2,0,2
bigio,2,0,2
entecavir-which,2,0,2
silverbauhinia,2,0,2
.androgen,2,0,2
non-gemcitabine,2,0,2
colodino,2,0,2
lum/iva,2,0,2
pumarix,2,0,2
"1,25(oh)vitamind",2,0,2
vitaminc56,2,0,2
ritva,2,0,2
n90,2,0,2
calyceramides,2,0,2
ace-2/,2,0,2
nonsurfactant,2,0,2
thorotrast,2,0,2
cinalislinn,2,0,2
saponifi,2,0,2
dicrofenacsodium,2,0,2
thymosin-a,2,0,2
rnf126,2,0,2
pinato,2,0,2
glucose-insulin,2,0,2
≲,2,0,2
congr,2,0,2
skim,2,0,2
cholicacid,2,0,2
utopix,2,0,2
p-dist,2,0,2
enterovirus68,2,0,2
staidson,2,0,2
.ondansetron,2,0,2
annetine,2,0,2
cyclosporine-or,2,0,2
nuvaring,2,0,2
crystalviolet,2,0,2
kinast,2,0,2
sodiummonensin,2,0,2
gp24,2,0,2
walid,2,0,2
franzosa,2,0,2
biojectorh,2,0,2
needle-freevaccine,2,0,2
2-phenoxyethanol,2,0,2
pelican,2,0,2
k2vaccine,2,0,2
e-vender,2,0,2
metam-sodium,2,0,2
vere,2,0,2
pegifna/sof,2,0,2
isophote,2,0,2
dilatator,2,0,2
technetium-dtpa,2,0,2
echosens,2,0,2
d-heartò,2,0,2
smpc,2,0,2
anti-histaminics,2,0,2
baxa,2,0,2
logipren,2,0,2
antibody,2,0,2
5aminosalicylate,2,0,2
ior,2,0,2
shulman,2,0,2
diazepines,2,0,2
bu40,2,0,2
parathion-ethyl,2,0,2
spiramycin+metronidazole,2,0,2
analitica,2,0,2
irene,2,0,2
strophanthus,2,0,2
9-ethylcarbazole,2,0,2
butamol,2,0,2
vivo-morpholinos,2,0,2
splice-modified,2,0,2
danopreivir/ritonavir,2,0,2
matra,2,0,2
.nitrogen,2,0,2
auto-hsct,2,0,2
episil,2,0,2
dscs,2,0,2
ceftazadine,2,0,2
ombitasvir-paritaprevir-ritonavir,2,0,2
rist,2,0,2
csa+methotrexate,2,0,2
thiophosphamide,2,0,2
monat,2,0,2
cefsulodin-irgasan-novobiocin,2,0,2
warburton,2,0,2
aspirin-aspergum,2,0,2
-thioguanine,2,0,2
.atorvastatin,2,0,2
predni,2,0,2
samareh,2,0,2
mysore,2,0,2
emtricitabine/efavirenz/raltegravir/maraviroc,2,0,2
viscosity,2,0,2
norwalk,2,0,2
emad,2,0,2
.trimethoprim-sulfamethoxazole,2,0,2
xcace,2,0,2
occluder,2,0,2
venosus,2,0,2
melody,2,0,2
p-galactoside,2,0,2
.methanol,2,0,2
anti-il-17,2,0,2
-amphotericin,2,0,2
ifn-t,2,0,2
phenethyl,2,0,2
clofi,2,0,2
coeffi,2,0,2
angiotensin(1-,2,0,2
gendron,2,0,2
unmodified,2,0,2
isoketals,2,0,2
alfa-tocopherol,2,0,2
gsht,2,0,2
n6methyladenosine,2,0,2
stekhoven,2,0,2
tillis-coons,2,0,2
h-progesterone,2,0,2
gulich,2,0,2
siemens,2,0,2
etoquinol,2,0,2
padre,2,0,2
cysteine/methionine,2,0,2
agreement,2,0,2
cp30,2,0,2
citra,2,0,2
eflexis,2,0,2
anti-f,2,0,2
diagast,2,0,2
galileoecho,2,0,2
plasmalyte,2,0,2
bts,2,0,2
7-day,2,0,2
.tobramycin,2,0,2
.aztreonam,2,0,2
thienopyridin,2,0,2
q-g,2,0,2
senegalensis,2,0,2
.pibocin,2,0,2
.isoflurane,2,0,2
vk-mp,2,0,2
fkp,2,0,2
-drug,2,0,2
,2,0,2
polygonimultiflori,2,0,2
charli,2,0,2
combretastatina-4,2,0,2
antiin,2,0,2
s-nitroso-nacteylpenicillamine,2,0,2
g-tocopherol,2,0,2
bicarbonatesodium,2,0,2
vasedilator,2,0,2
indomethaein,2,0,2
metomidate,2,0,2
alcuroniumchloride,2,0,2
coside,2,0,2
alpha-tocoferol,2,0,2
ticus,2,0,2
noncarcinogen,2,0,2
a-actinin,2,0,2
dexametha,2,0,2
globomycin,2,0,2
blactamase,2,0,2
hlglucosamine,2,0,2
35slmethionine,2,0,2
capricorn,2,0,2
blindness,2,0,2
brcts,2,0,2
gardasil1,2,0,2
vl30,2,0,2
cr1β,2,0,2
rizzo,2,0,2
irifluenzae,2,0,2
pt-normeta,2,0,2
.mizoribine,2,0,2
[3h]thymidine,2,0,2
lamivudine-adefovir,2,0,2
gpc-3,2,0,2
bms-540215,2,0,2
peginterferon-alpha-2a,2,0,2
apasl-congress,2,0,2
ifn-/ribavirin,2,0,2
15-d-pgj2,2,0,2
schisto,2,0,2
opioids,2,0,2
clin-,2,0,2
guhmgr,2,0,2
kozlowski,2,0,2
cec,2,0,2
genau,2,0,2
[3ss]cysteine,2,0,2
dsp,2,0,2
thiol-cleavable,2,0,2
duit,2,0,2
.chlorphenoxamine,2,0,2
erferon,2,0,2
ilene,2,0,2
feigin,2,0,2
tnfrsf,2,0,2
pra,2,0,2
hiv-as,2,0,2
gentamycin/kanamycin,2,0,2
hydroxychloroquine+/-azithromycin,2,0,2
darunavir/c,2,0,2
alata,2,0,2
broncodilatatori,2,0,2
mugard,2,0,2
cyclophosphamide/tbi,2,0,2
piperacilin/tazobactam,2,0,2
airiti,2,0,2
blautia,2,0,2
onn,2,0,2
.****.,2,0,2
smt-comp,2,0,2
potassium-chloride,2,0,2
erythropoetingabe,2,0,2
koronare,2,0,2
laurifolia,2,0,2
trkb,2,0,2
ganciclovir:(1,2,0,2
lamivudineresistance,2,0,2
tipranavir/,2,0,2
90%.lamivudine,2,0,2
hydroxymethylnevirapine,2,0,2
peg-ifn-2b,2,0,2
sobociński,2,0,2
saw,2,0,2
gowdy,2,0,2
hyp-bis,2,0,2
doxycyclin/tag,2,0,2
uvgi,2,0,2
nützenadel,2,0,2
8aer,2,0,2
ethyl3-ethyl-5-methoxy-1h-indole-2carboxylate,2,0,2
leucosporidium,2,0,2
ganciclovir-dosis,2,0,2
heparan-sulfate,2,0,2
portella,2,0,2
enshi,2,0,2
cyp1a2,2,0,2
cathelicidin-bg,2,0,2
polli,2,0,2
adjuvancy,2,0,2
acetylatedspermidine,2,0,2
antipyretikum,2,0,2
phenazon,2,0,2
fentanyls,2,0,2
sufenta,2,0,2
tilidin,2,0,2
nimesulid,2,0,2
chlorphenoxamin,2,0,2
dexchlorpheniramin,2,0,2
astemizol,2,0,2
fexofenadin,2,0,2
triamcinolon,2,0,2
phenylpropanolamin,2,0,2
doxylamin-pyridoxin,2,0,2
flubendazol,2,0,2
-methyldopa,2,0,2
phenoxybenzamin,2,0,2
antikonvulsivum,2,0,2
.sotalol,2,0,2
benzothiadiazide,2,0,2
bumetanid,2,0,2
thioxanthene,2,0,2
amisulprid,2,0,2
meprobamat,2,0,2
vasopressin-v,2,0,2
thalidomids,2,0,2
lanreotid,2,0,2
cabergolin,2,0,2
humaninsuline,2,0,2
thiopental-natrium,2,0,2
thiobarbiturate,2,0,2
epiduralanalgesie,2,0,2
lokalanästhetika,2,0,2
.atracurium,2,0,2
vecuroniums,2,0,2
psoralenchemisch,2,0,2
oxytozin,2,0,2
coffein,2,0,2
cotinin,2,0,2
fomepizol,2,0,2
benzodiazepins,2,0,2
acrylamid,2,0,2
zio,2,0,2
ampnr,2,0,2
high-fructose,2,0,2
δ-aminolaevulinicacid,2,0,2
1796,2,0,2
pyorubin,2,0,2
inrix,2,0,2
rhynchotalona,2,0,2
vanadia,2,0,2
hydroxyl-fe,2,0,2
culin,2,0,2
knitro,2,0,2
credito,2,0,2
kounnas,2,0,2
trail-r3,2,0,2
lactobacillusbifidus,2,0,2
eriogonum,2,0,2
-enalapril,2,0,2
zernike,2,0,2
bromocriptine-mpro,2,0,2
hepcvns2,2,0,2
inl,2,0,2
ifn-alpha'/ribavirine,2,0,2
hiv-p24,2,0,2
piperacillin'/tazobactam,2,0,2
linezolid/ciprofloxacin,2,0,2
viferon,2,0,2
lasi,2,0,2
ciprofloxacin/,2,0,2
ceftasidime,2,0,2
ampicilin/sulbactam,2,0,2
darice,2,0,2
nitsche,2,0,2
doch,2,0,2
clottafact,2,0,2
mgx,2,0,2
marituba,2,0,2
ngos,2,0,2
luciola,2,0,2
hydroperoxycoelenterazine,2,0,2
2-nitrofluoranthene,2,0,2
oxamate,2,0,2
vargula,2,0,2
dioxide-oxygen,2,0,2
pneumotachygraph,2,0,2
haplo-,2,0,2
sulfhydryl-containing,2,0,2
jay,2,0,2
hebiuspopei,2,0,2
curcumincurcumin,2,0,2
lá,2,0,2
cysteinyl-glycinase,2,0,2
aias,2,0,2
acetaminophen/,2,0,2
chlorechis,2,0,2
lycaeum,2,0,2
rnaseh,2,0,2
stan,2,0,2
potassium-38,2,0,2
basicam,2,0,2
min-pentetreotide,2,0,2
pet/,2,0,2
mebrofenin,2,0,2
co-trimoxazote,2,0,2
preamble,2,0,2
thatt,2,0,2
cephalotaxanes,2,0,2
123i-ioflupane,2,0,2
d-met,2,0,2
pir51,2,0,2
ttaspat,2,0,2
furofuran,2,0,2
rbd-fc,2,0,2
medroxiprogesterona,2,0,2
smartrub®,2,0,2
copper-zinc,2,0,2
antiheparin,2,0,2
enoxapadne,2,0,2
pmthrombin,2,0,2
rto,2,0,2
ifo,2,0,2
basiliximab/steroid/tacrolimus/mycophenolate,2,0,2
dsol,2,0,2
htk,2,0,2
sherpa,2,0,2
laterell,2,0,2
interferon-,2,0,2
bile-acid,2,0,2
¼90,2,0,2
b-tricalcium,2,0,2
glycerol/tartrate,2,0,2
rift-valley-fieber,2,0,2
sedge,2,0,2
pop,2,0,2
tetraploidy,2,0,2
dna-andmrna-based,2,0,2
eitan,2,0,2
sbma,2,0,2
bravo-ortega,2,0,2
devenin,2,0,2
temozolamid,2,0,2
dopaminergen,2,0,2
pimozid,2,0,2
dystonie,2,0,2
astonin,2,0,2
latinoamericana,2,0,2
.acetylcholine,2,0,2
wortlich,2,0,2
kar,2,0,2
dau,2,0,2
ost,2,0,2
-paracetamolintoxikation,2,0,2
tylose,2,0,2
garuba,2,0,2
lumefantrina,2,0,2
l-phe,2,0,2
diäthylcarbamazin,2,0,2
thé,2,0,2
empatica,2,0,2
mineralcorticoid,2,0,2
gemisch,2,0,2
phagen,2,0,2
liquidity,2,0,2
isopropyl-b-d,2,0,2
só,2,0,2
hemin-dna,2,0,2
conclusões,2,0,2
op-tivax,2,0,2
stoxx50,2,0,2
ibov,2,0,2
broca,2,0,2
medicorum,2,0,2
benzalkoniumchloride(,2,0,2
kinra,2,0,2
binap,2,0,2
zinc-coated,2,0,2
weedol,2,0,2
normolife,2,0,2
pna-peptide,2,0,2
rhstm,2,0,2
uoroephedrine,2,0,2
17-oh-progesterone,2,0,2
1.2.6.1.carbamidomethylcysteine,2,0,2
nasseri,2,0,2
lyue,2,0,2
a-115,2,0,2
.primaquine,2,0,2
boca,2,0,2
helium-core,2,0,2
siddharta,2,0,2
tx12,2,0,2
oscila,2,0,2
gatifloxacina,2,0,2
that:1,2,0,2
.viperin,2,0,2
pharmasset,2,0,2
s2g∆hr2i3-01v9,2,0,2
antigo,2,0,2
annuloplasty,2,0,2
antiprogestagens,2,0,2
pnn50,2,0,2
r-l,2,0,2
prednisone/aspirin,2,0,2
imaverol,2,0,2
céphalosporines,2,0,2
pipéracilline/tazobactam,2,0,2
.vinblastine,2,0,2
eerulenin,2,0,2
3~s-methionine,2,0,2
dominici,2,0,2
neuroleptanalgesic,2,0,2
latvija,2,0,2
uranyloxalate,2,0,2
halvesone,2,0,2
covar,2,0,2
nuria,2,0,2
-tromethamine,2,0,2
o201,2,0,2
icpac,2,0,2
lima-paris,2,0,2
hd-tet-ifn,2,0,2
pan,2,0,2
parasympathicus,2,0,2
percussie,2,0,2
thymoom,2,0,2
9-oacetylated,2,0,2
puorh,2,0,2
.imiquimod,2,0,2
stresnil-hypnodil,2,0,2
hannelore,2,0,2
.levosimendan,2,0,2
pyramax,2,0,2
apr30,2,0,2
hepion,2,0,2
gospodarevskaya,2,0,2
niclosamide-lysozyme,2,0,2
tener,2,0,2
cytosine-cytosine,2,0,2
amoxicillin-clavulatane,2,0,2
amoxyclavulanate,2,0,2
barnes-jewish,2,0,2
"flu""",2,0,2
к.,2,0,2
chlorbutol,2,0,2
baijiu,2,0,2
mbl-1,2,0,2
rozanov,2,0,2
thysanus,2,0,2
acropleuron,2,0,2
mesopleuron,2,0,2
aphytis,2,0,2
chalcidoid,2,0,2
aphelinidae,2,0,2
thysunus+,2,0,2
damino,2,0,2
zinc-ions,2,0,2
scyphostatin,2,0,2
-carvedilol,2,0,2
cainii,2,0,2
ofamantadine,2,0,2
ofdrug,2,0,2
ofribavirin,2,0,2
.vidarabine,2,0,2
-valaciclovir,2,0,2
glyco,2,0,2
heparin/,2,0,2
14c-galactose,2,0,2
fl-galactosidase,2,0,2
35s-sulfate,2,0,2
heparinpg,2,0,2
l-selectin,2,0,2
epidermoside,2,0,2
m-chain,2,0,2
usphs,2,0,2
n-nitrosomorfoline,2,0,2
d32,2,0,2
"2',3'-dideoxycytidine",2,0,2
h24,2,0,2
"that:""the",2,0,2
cubex,2,0,2
spyros,2,0,2
p-agonists,2,0,2
mm-tris,2,0,2
avlqsgfr,2,0,2
gramicidin-c,2,0,2
tomoxifan,2,0,2
pegetron,2,0,2
amphoteracinb,2,0,2
refl,2,0,2
folfox-cetuximab,2,0,2
cl-tris,2,0,2
drasdo,2,0,2
rpa,2,0,2
.glycyrrhizic,2,0,2
5-aminouracil,2,0,2
niglizin,2,0,2
mir429,2,0,2
let7,2,0,2
mir26,2,0,2
vitaminevitamine,2,0,2
iea-eef,2,0,2
omega-3fas,2,0,2
caesium,2,0,2
acetylfentanyl,2,0,2
interferon-alpha/ribavirin,2,0,2
interferon-amantadine,2,0,2
retinopathia,2,0,2
praematurorum,2,0,2
gd-contrast,2,0,2
14-g,2,0,2
nbutylscopolamine,2,0,2
loxitalamin,2,0,2
hydro-ct,2,0,2
ubquitin,2,0,2
phd.,2,0,2
.tamoxifen,2,0,2
calenoff,2,0,2
-clavulanate,2,0,2
convulsator,2,0,2
nitrogen-oxygen,2,0,2
mengele,2,0,2
gelfoam,2,0,2
talaporfinsodium,2,0,2
paclitaxel-eluting,2,0,2
medrad,2,0,2
ufe,2,0,2
miriplatin-lipiodol,2,0,2
endovenous,2,0,2
sclerosant,2,0,2
avitene,2,0,2
discogel,2,0,2
mazon,2,0,2
p-65,2,0,2
nadeoxycholate,2,0,2
5n5ocan,2,0,2
andbictegravir,2,0,2
carinatum,2,0,2
alcobendas,2,0,2
dopamined,2,0,2
spyridonidis,2,0,2
sti571,2,0,2
hd-etoposide,2,0,2
p787,2,0,2
gonadotropines,2,0,2
csa+mtx,2,0,2
pre-mir-na,2,0,2
veran,2,0,2
c00,2,0,2
atnf,2,0,2
antisenseps-odns,2,0,2
[%]cysteine,2,0,2
fhcl1,2,0,2
aminase,2,0,2
sunil,2,0,2
pneumokokken-impfung,2,0,2
shaheen,2,0,2
csg,2,0,2
methylprednisolone(40,2,0,2
mirjalili,2,0,2
p.americana,2,0,2
fuscosides,2,0,2
shli,2,0,2
cp.5,2,0,2
ultrogel,2,0,2
chromones,2,0,2
mao-hemmer,2,0,2
trimipramin,2,0,2
nüvü,2,0,2
kyne,2,0,2
eran,2,0,2
sorantin,2,0,2
haemangioma,2,0,2
jspa.,2,0,2
strophantidin,2,0,2
leoligin,2,0,2
jenavalve,2,0,2
cysteine/thiol,2,0,2
bc,2,0,2
f-carotene,2,0,2
coolube,2,0,2
idea,2,0,2
kshv-encoded,2,0,2
speech,2,0,2
menarinipharmaceutical,2,0,2
enprofylline,2,0,2
castanospermin,2,0,2
methanol/ethanol,2,0,2
dppc,2,0,2
maurício,2,0,2
α-cyanoacrylate,2,0,2
stellarex,2,0,2
lithoplasty,2,0,2
doxorubicin/epirubicin,2,0,2
excimer,2,0,2
p-49,2,0,2
p-51,2,0,2
p-62,2,0,2
p-74,2,0,2
p-98,2,0,2
p-438,2,0,2
p-547,2,0,2
p-602,2,0,2
p-607,2,0,2
p-611,2,0,2
p-643,2,0,2
p-646,2,0,2
penumbra,2,0,2
p-647,2,0,2
p-650,2,0,2
p-656,2,0,2
p-660,2,0,2
p-661,2,0,2
p-698,2,0,2
p-713,2,0,2
p-735,2,0,2
svcs,2,0,2
nephroscope,2,0,2
olabisi,2,0,2
onabanjo,2,0,2
dcycloserine,2,0,2
cyclo-phosphamide,2,0,2
rosine,2,0,2
mthionine,2,0,2
se-resnext-101,2,0,2
d-ja,2,0,2
opana,2,0,2
biotin-c,2,0,2
biparatopic,2,0,2
matriptase-3,2,0,2
rashakai,2,0,2
midazolame,2,0,2
freeoxygen,2,0,2
left-ventricular,2,0,2
sovereigndebt,2,0,2
peg-liposomes,2,0,2
michelin,2,0,2
cam-drug,2,0,2
phlgalactose,2,0,2
3hlgalactose,2,0,2
pifat,2,0,2
bradygastria,2,0,2
drolet,2,0,2
ac5,2,0,2
(e)-clomiphene,2,0,2
pan-somatostatin,2,0,2
reserpinum,2,0,2
n-methyl-d-glucamine,2,0,2
teabioflavonoids,2,0,2
atr,2,0,2
catecholestrogens,2,0,2
methylcatechols,2,0,2
flusilazol,2,0,2
annexina4,2,0,2
badrenoceptor,2,0,2
pxr,2,0,2
.primaquine-artesunate,2,0,2
artesunate-lumefantrine-amodiaquine,2,0,2
o-024,2,0,2
o-028,2,0,2
o-070,2,0,2
o-097,2,0,2
dna-ploidy,2,0,2
adamantinoid,2,0,2
p-418,2,0,2
p-459,2,0,2
lipoblastoma,2,0,2
orochol-bivalent,2,0,2
dukoralvaccine,2,0,2
tar-tar,2,0,2
nicolaus,2,0,2
aplican,2,0,2
gorro,2,0,2
mbito,2,0,2
gs-560660,2,0,2
guilin,2,0,2
bitch,2,0,2
cholerae,2,0,2
copper-silver,2,0,2
φ3,2,0,2
anti-progesterone,2,0,2
sflt,2,0,2
fumonisinmycotoxin,2,0,2
glucophage,2,0,2
endometrium,2,0,2
5'-aza-2'-deoxycytidine,2,0,2
αtocopherol,2,0,2
ribofl,2,0,2
syndecan-3,2,0,2
recomendaron,2,0,2
ranitidina,2,0,2
temperatura,2,0,2
gal@,2,0,2
pictilisib,2,0,2
.mannitol,2,0,2
gibberellin,2,0,2
famethoxazole,2,0,2
p-agonist,2,0,2
c1oprostenol,2,0,2
cosco,2,0,2
zucc,2,0,2
trollius,2,0,2
cumberland,2,0,2
filipincholesterol,2,0,2
.acetazolamide,2,0,2
capavirene,2,0,2
auristatine,2,0,2
jak1/2inhibitor,2,0,2
pegd,2,0,2
anan,2,0,2
ˇ-propio,2,0,2
javeriana,2,0,2
a10,2,0,2
colabomycine,2,0,2
a21,2,0,2
alitretinoin,2,0,2
hsa-mir-185-,2,0,2
hsa-mir-185-5p,2,0,2
harc,2,0,2
h1antihistamines,2,0,2
anti-mir-21antagomir,2,0,2
era-net,2,0,2
chi3l1,2,0,2
glycerinated,2,0,2
cbm588,2,0,2
uefiscdi,2,0,2
muramidase,2,0,2
rnaseiii,2,0,2
dropyridine,2,0,2
acillin,2,0,2
azap,2,0,2
surface-iodinated,2,0,2
zessin,2,0,2
nsd5,2,0,2
cs-8958,2,0,2
hiertoe,2,0,2
eophylline,2,0,2
rv1b,2,0,2
repu,2,0,2
nig,2,0,2
cysteinic,2,0,2
iodine-chloriodine,2,0,2
o-031,2,0,2
transcobalamin,2,0,2
o-066,2,0,2
phe,2,0,2
p-176,2,0,2
lal-d.,2,0,2
carboplatinepaclitaxel,2,0,2
uniblocker,2,0,2
haf,2,0,2
rf7a,2,0,2
isosteres,2,0,2
glycerin-water,2,0,2
forsa,2,0,2
β-laktam-antibiotika,2,0,2
β-vae,2,0,2
folan,2,0,2
nano-inhibitor,2,0,2
lpg-zanamivir,2,0,2
pardi,2,0,2
crinumasiaticum,2,0,2
glutamins,2,0,2
lactamasen,2,0,2
finapress,2,0,2
psoralen/,2,0,2
eucerin,2,0,2
slinky,2,0,2
o20,2,0,2
o31,2,0,2
o32,2,0,2
acurasys,2,0,2
rhamnusalaternus,2,0,2
gonophors,2,0,2
junge,2,0,2
privateebc,2,0,2
glucose-electrolyte,2,0,2
benzomorphan,2,0,2
karabel,2,0,2
4-hydroperoxycyclophosphamide,2,0,2
mesmo,2,0,2
kir3ds1,2,0,2
camostatmesilate,2,0,2
μm).hydroxychloroquine,2,0,2
pefloxacra,2,0,2
long-evans,2,0,2
sodiumdesoxycholate,2,0,2
seeretin,2,0,2
acetammophen,2,0,2
mfenor,2,0,2
~-carotene,2,0,2
bcgalone,2,0,2
hydrochlorthiazide,2,0,2
icwm,2,0,2
chiglitazar,2,0,2
vespa,2,0,2
burdine,2,0,2
paypal,2,0,2
fumonisins,2,0,2
ruv,2,0,2
chalet,2,0,2
subitum,2,0,2
centriflo,2,0,2
allergenimmunotherapy,2,0,2
medik,2,0,2
crocodile,2,0,2
bmp4,2,0,2
acerifolia,2,0,2
quinquennial,2,0,2
neutraligandchalcone,2,0,2
sugammadex-rocuronium,2,0,2
h1-blocker,2,0,2
polycheck,2,0,2
chloridoideae,2,0,2
gelafundin,2,0,2
hymer,2,0,2
cirv,2,0,2
iso-chlortetracycline,2,0,2
amphétamine,2,0,2
thymocyte,2,0,2
pip/tazobactam,2,0,2
penicillin-v,2,0,2
brochodilator,2,0,2
jra,2,0,2
fp/salmeterol,2,0,2
desisobutyryl-ciclesonide,2,0,2
(r)-albuterol,2,0,2
sd-ib,2,0,2
antispasmodics,2,0,2
salubridad,2,0,2
provitamina,2,0,2
colectomy,2,0,2
venezolanos,2,0,2
resveratrolisoliquiritigenin,2,0,2
levo-thyroxine,2,0,2
l'aquila,2,0,2
tanagel,2,0,2
bromperidolo,2,0,2
rosuvastin,2,0,2
vitamine/cholesterol,2,0,2
sulfasalzine,2,0,2
ifn-alfaconl,2,0,2
hepex-c,2,0,2
interferonlribavirin,2,0,2
a-2blribavirin,2,0,2
a-zblribavirin,2,0,2
refanlin,2,0,2
cardiaca,2,0,2
korneyev,2,0,2
u.cuspidata,2,0,2
u.quadrifasciata,2,0,2
maculosa,2,0,2
fpr,2,0,2
his6hatag-glutathione,2,0,2
mitoma,2,0,2
wundantiseptik,2,0,2
amphoteren,2,0,2
oxidanzien,2,0,2
antibiotikums,2,0,2
barometer,2,0,2
homarus,2,0,2
halinen,2,0,2
botolinum,2,0,2
carinii,2,0,2
sulfar,2,0,2
adalat,2,0,2
tetrastarch,2,0,2
tuzumab,2,0,2
trtv,2,0,2
haram,2,0,2
mutex,2,0,2
vetenskapens,2,0,2
lenore,2,0,2
utica,2,0,2
nils,2,0,2
fa1,2,0,2
l-calcium,2,0,2
pde4b,2,0,2
5-α-dihydrotestosterone,2,0,2
itpa,2,0,2
thinks,2,0,2
polycotton,2,0,2
fuseki,2,0,2
vaxin,2,0,2
lactosebht,2,0,2
trka,2,0,2
defl,2,0,2
sentence-bert,2,0,2
beelomethasone,2,0,2
a2-agonist,2,0,2
uv-ultraviolet,2,0,2
p-ethylcatechol,2,0,2
eldarica-abs,2,0,2
pob,2,0,2
anti-asialo,2,0,2
tantalum,2,0,2
tiruvallur,2,0,2
pyrimethamine-resistance,2,0,2
vitaminde,2,0,2
of~94,2,0,2
5h10,2,0,2
arl,2,0,2
hostel,2,0,2
blh,2,0,2
raplon,2,0,2
genizi,2,0,2
sulfamates,2,0,2
haplosamates,2,0,2
vancomycin/,2,0,2
tdf/,2,0,2
fasol,2,0,2
gadopentetatedimeglumine,2,0,2
athenslgr,2,0,2
.ifn-l,2,0,2
scedosporium/pseudallescheria,2,0,2
paracoccidioidomycosis,2,0,2
nium,2,0,2
private-public,2,0,2
l.orbonalis,2,0,2
sedol,2,0,2
tc-sulesomab,2,0,2
copper-64,2,0,2
fihalothane,2,0,2
cristalloids,2,0,2
brown,2,0,2
dtpw-hbv/hib,2,0,2
ashare,2,0,2
880,2,0,2
etracycline,2,0,2
dejar,2,0,2
antifibrinogen,2,0,2
b2-adrenergics,2,0,2
-histamine,2,0,2
b-adrenergics,2,0,2
bullosa,2,0,2
orbitalis,2,0,2
@14,2,0,2
talene,2,0,2
metrus,2,0,2
dhc,2,0,2
intima,2,0,2
cuirass,2,0,2
cholesterolester,2,0,2
pyridoxylated,2,0,2
oxygent,2,0,2
hsa-mir126,2,0,2
ivermectin-an,2,0,2
lrg47,2,0,2
pds,2,0,2
chlonorchiasis,2,0,2
erysipel,2,0,2
1propanol,2,0,2
audil,2,0,2
junior,2,0,2
dyskeratosis,2,0,2
ichthyosis,2,0,2
pantothenicacid,2,0,2
foliaceus,2,0,2
acanthocheilonema,2,0,2
trichoblastoma,2,0,2
melan,2,0,2
minogue,2,0,2
cefazolinsodium,2,0,2
mk-991,2,0,2
bkv,2,0,2
grüne,2,0,2
tfidf,2,0,2
imethionine,2,0,2
ethylbutyrate,2,0,2
butyraldehyde,2,0,2
cautelosa,2,0,2
hydrosalpinx,2,0,2
hydramnios,2,0,2
p&s,2,0,2
amphotericine-b,2,0,2
neutropenie,2,0,2
fonamide,2,0,2
endarterectomy,2,0,2
gelatinesponge,2,0,2
haernophilus,2,0,2
picovacc,2,0,2
nek9,2,0,2
hmg1.2,2,0,2
carbamylcholinechloride,2,0,2
henrys,2,0,2
anti-gm-csf,2,0,2
dermatophilus,2,0,2
i-mibg,2,0,2
c-hydroxyephedrine,2,0,2
f-mfbg/pfbg,2,0,2
f-fpoibg,2,0,2
f-lmi1195,2,0,2
c-mrb,2,0,2
c-ephedrine,2,0,2
c-phenylephrine,2,0,2
cyklosporin,2,0,2
piperaciline-tazobactam,2,0,2
igamzcr,2,0,2
oxygene,2,0,2
f).it,2,0,2
odni,2,0,2
-atovaquone,2,0,2
-mebendazole,2,0,2
wdr62,2,0,2
µ%,2,0,2
tagetitoxin,2,0,2
haemadipsa,2,0,2
cis-retinoicacid,2,0,2
in-octreotide,2,0,2
mitrofanoff,2,0,2
endokrinol,2,0,2
mopral,2,0,2
trump-pence,2,0,2
avatamsakasutra,2,0,2
helosan,2,0,2
nln,2,0,2
hemosonic,2,0,2
radixnotoginseng,2,0,2
cydosporin,2,0,2
3hthymidine,2,0,2
ofcysteine,2,0,2
ró,2,0,2
ar-the,2,0,2
pegiviruses,2,0,2
umil,2,0,2
dibrom,2,0,2
meti,2,0,2
flavirus,2,0,2
atg6/,2,0,2
isar,2,0,2
u.m.,2,0,2
biotin-avidin,2,0,2
antivirale,2,0,2
haematoxilin,2,0,2
3-amino-9ethyl-carbazole,2,0,2
yank,2,0,2
strei,2,0,2
rup,2,0,2
karllandsteiner,2,0,2
coxibes,2,0,2
lusitaniae,2,0,2
phototherapie,2,0,2
,2,0,2
c.abortusvaccine,2,0,2
peloza,2,0,2
ascalon,2,0,2
inhibitor-abacavir,2,0,2
2b1/cyclophosphamide,2,0,2
rcr-hsvtk/ganciclovir,2,0,2
artesunate.(a,2,0,2
8/artesunate,2,0,2
8/artemisinin,2,0,2
ld-1,2,0,2
bir3,2,0,2
condylopennis,2,0,2
kavango,2,0,2
jensen,2,0,2
shampoo,2,0,2
grandifloramethanolic,2,0,2
dr-dr,2,0,2
20-to,2,0,2
volker,2,0,2
feny6,2,0,2
ifn-alfa-2b,2,0,2
endler,2,0,2
lower-valencyvaccine,2,0,2
seis,2,0,2
tz11-03-,2,0,2
bovineenterovirus,2,0,2
crysol,2,0,2
envirocide,2,0,2
ß-adrenergic,2,0,2
ε-aminocaproicacid,2,0,2
cpg/,2,0,2
2-butoxyethanol,2,0,2
npi-5,2,0,2
cchloroquine,2,0,2
acroporaechinata,2,0,2
echinata,2,0,2
obesitas,2,0,2
desferrioxime,2,0,2
trigene,2,0,2
beta-carotene-to-vitamin,2,0,2
beta-carotene/g,2,0,2
vitaminarice,2,0,2
glusulase,2,0,2
dinitrofluorobenzene,2,0,2
ttv-dna,2,0,2
hcv-3a,2,0,2
aclsv,2,0,2
-by,2,0,2
enzalutamid,2,0,2
.paracetamol,2,0,2
obv/ptv/r,2,0,2
methioninecholine,2,0,2
-dasabuvir,2,0,2
ikaria,2,0,2
grobid,2,0,2
ribabirin,2,0,2
phytolacca,2,0,2
palmitoleicacid,2,0,2
engineerin,2,0,2
that~3,2,0,2
limon,2,0,2
enoxaparin/tirofiban,2,0,2
e-selectin,2,0,2
.hydroxychloroquine/chloroquine,2,0,2
mir-us25,2,0,2
villa,2,0,2
b2agonist,2,0,2
barain,2,0,2
gil-ab,2,0,2
etoposide-platinum,2,0,2
noxxon,2,0,2
as-ifr,2,0,2
ptf,2,0,2
pemex,2,0,2
ace-52,2,0,2
blip,2,0,2
ftc/tdf,2,0,2
sta-,2,0,2
hamamelisjaponica,2,0,2
epigaea,2,0,2
hyphen,2,0,2
trbp-d3,2,0,2
oswalde,2,0,2
ironsulfate,2,0,2
coricidin,2,0,2
μ-agonist,2,0,2
gabapentinoid,2,0,2
aramchol,2,0,2
capsicumannuam,2,0,2
capsaicinn-hexane,2,0,2
ciceraritinium,2,0,2
estrogen/progestin,2,0,2
nonchloroquine,2,0,2
editorcannabidiol,2,0,2
25-vitamind,2,0,2
kremlin,2,0,2
u54,2,0,2
daclatasvir/ribavirin,2,0,2
inhibitors-simeprevir,2,0,2
chloracetateesterase,2,0,2
α1a-adrenoceptor,2,0,2
cardioprotection,2,0,2
latrophilin,2,0,2
neuromedin-u,2,0,2
β-endorphin,2,0,2
protein-c,2,0,2
arctiin,2,0,2
andreasvesalius,2,0,2
epley,2,0,2
mendosa,2,0,2
renelaennec,2,0,2
antiseptische,2,0,2
skabies,2,0,2
glemarec,2,0,2
abra,2,0,2
buccinum,2,0,2
glucosinolates-progoitrin,2,0,2
"epiprogoitrin,r-goitrin",2,0,2
glucosinolates-epiprogoitrin,2,0,2
twocysteine,2,0,2
icillin,2,0,2
-noscapine,2,0,2
dosisdaarvan,2,0,2
sedativa/hypnotica,2,0,2
arabert,2,0,2
magni,2,0,2
roniciclib,2,0,2
fluo-4,2,0,2
cyprus,2,0,2
neuroleptanalgesia,2,0,2
omega-3/omega-6,2,0,2
cd300f,2,0,2
sodium-nitroprusside,2,0,2
h.medicinalis,2,0,2
corticosteroid/furosemide,2,0,2
muralis,2,0,2
motherhood,2,0,2
solu-medrol,2,0,2
.ivabradine,2,0,2
soa.,2,0,2
mcab,2,0,2
iodide/iodine,2,0,2
vx-325,2,0,2
kalydeco,2,0,2
lexicon,2,0,2
etch,2,0,2
25(oh)dvitamind,2,0,2
d-cov,2,0,2
ondanestron,2,0,2
notari,2,0,2
coxsackieb-3,2,0,2
mercuro,2,0,2
protamine/,2,0,2
gardasilr,2,0,2
bgal,2,0,2
pept2,2,0,2
sequol,2,0,2
agapornis,2,0,2
ring-finger,2,0,2
alkbh8,2,0,2
ehemalige,2,0,2
difa,2,0,2
awotide,2,0,2
dtac,2,0,2
tacrolimus1,2,0,2
chloride/,2,0,2
metronomic,2,0,2
dmctl,2,0,2
mk-866,2,0,2
.foscarnet,2,0,2
hydroxycholesterols,2,0,2
fatostatina,2,0,2
hyafil,2,0,2
finch,2,0,2
lepirudin-plasma,2,0,2
calogen,2,0,2
17-a-oestradiol,2,0,2
mir-424-5p,2,0,2
salbutamolsulfate,2,0,2
-azathioprine,2,0,2
post-bronchodilator,2,0,2
tobramycin/,2,0,2
.emtricitabine,2,0,2
angustia,2,0,2
pentagastrine,2,0,2
ptt,2,0,2
nucleoside-modifiedmrna-lnp,2,0,2
nuer,2,0,2
mir570,2,0,2
streptavadin,2,0,2
succinate-gpr91,2,0,2
ix-actinin,2,0,2
jokowidodo,2,0,2
-cyclodextrin,2,0,2
oestradiolvalerate,2,0,2
tylopeptin,2,0,2
betasheet,2,0,2
neotame,2,0,2
eldrug,2,0,2
pansomatostatin,2,0,2
acyclovirchenodeoxycholat,2,0,2
chromophoric,2,0,2
papaversomniferum,2,0,2
sodium-channel,2,0,2
dimetal,2,0,2
bdg,2,0,2
advaita,2,0,2
śāntarakṣ,2,0,2
ik4,2,0,2
junyi,2,0,2
fentanilo,2,0,2
schutzimpfung,2,0,2
sorbitoldehydrogenase,2,0,2
herniae,2,0,2
hbv-asso,2,0,2
ins44,2,0,2
oxybuprocainehydrochloride,2,0,2
s-ectodomain,2,0,2
decitabina,2,0,2
tratava,2,0,2
objectivo,2,0,2
ldtp,2,0,2
sathiparsad,2,0,2
isocoumarins,2,0,2
hydroxycoumarin,2,0,2
servoflurane,2,0,2
-isoflurane,2,0,2
rimantadinehydrochloride,2,0,2
mirnashsa-mir-1307-3p,2,0,2
quincena,2,0,2
(pyro-)glutamine,2,0,2
huangdi,2,0,2
pemetrexed/platinum,2,0,2
thet,2,0,2
eensis,2,0,2
uber,2,0,2
b-lactam-macrolide,2,0,2
pipercyclobutanamide,2,0,2
piperamide,2,0,2
oxaproline,2,0,2
n-tin,2,0,2
atl3,2,0,2
querol,2,0,2
fissidens,2,0,2
narine,2,0,2
.gramicidin,2,0,2
wce,2,0,2
ff,2,0,2
infusionstherapie,2,0,2
-chlorine,2,0,2
flupenthixol,2,0,2
ifnp,2,0,2
21aminosteroids,2,0,2
rho-kinase,2,0,2
ophthal,2,0,2
sae,2,0,2
os2p-6,2,0,2
os2p-7,2,0,2
singar,2,0,2
autonom,2,0,2
alcadein,2,0,2
juri,2,0,2
gamma-glutamylcysteine,2,0,2
maiko,2,0,2
cyclothiazide,2,0,2
endocannabinoid,2,0,2
fug,2,0,2
kohei,2,0,2
anoxia,2,0,2
heavy-metal,2,0,2
oesophagostomum,2,0,2
anoplocephala,2,0,2
gastrothylax,2,0,2
cotylophorum,2,0,2
oncicola,2,0,2
gadoxetate,2,0,2
ferumoxytol-enhancedmra,2,0,2
thatn,2,0,2
epilepsy,2,0,2
sci-012,2,0,2
anthocyan,2,0,2
torula,2,0,2
nintein,2,0,2
gillick,2,0,2
-piperacillin/tazobactam,2,0,2
-linezolid,2,0,2
antiviralearzneimittel,2,0,2
s]-cysteine,2,0,2
atgcro,2,0,2
hypoglycemic,2,0,2
bis(maltolato)oxovanadium,2,0,2
testosteroneundecanoate,2,0,2
bafilomycin-a,2,0,2
mircury,2,0,2
mir-185-5p,2,0,2
ev-pic,2,0,2
xenolight,2,0,2
antimycin-a,2,0,2
mir-451a,2,0,2
acerola,2,0,2
actz,2,0,2
ev-hep,2,0,2
mir-1-3p,2,0,2
glycosaminoglycan,2,0,2
interleukin-3,2,0,2
anti-il-3,2,0,2
pirna,2,0,2
calcium-ionophore,2,0,2
ϥϭϭϩ,2,0,2
auto,2,0,2
jin-bo,2,0,2
fp-i,2,0,2
mirna-16,2,0,2
r-bendamustine,2,0,2
yes-steroid,2,0,2
cyclosporine-methotrexate,2,0,2
ruxolinitib,2,0,2
chinolon,2,0,2
idarubicin/cytarabine,2,0,2
thiotepa/treosulfan/fludarabine,2,0,2
kostman,2,0,2
cyclophosphamide-tbi,2,0,2
flamsa-ric,2,0,2
busulfan/thiotepa,2,0,2
anisomycin/cycloheximide,2,0,2
panc2,2,0,2
ots167,2,0,2
sunitinib+trametinib,2,0,2
ecomycins,2,0,2
meglumide,2,0,2
kbo,2,0,2
b-lactammacrolide,2,0,2
.fostamatinib,2,0,2
-piperazine,2,0,2
safl,2,0,2
ufenacil,2,0,2
psi-70,2,0,2
gleevac,2,0,2
schindelin,2,0,2
hatch-waxman,2,0,2
gidaris,2,0,2
asgn,2,0,2
ivig-plus-methylprednisolone,2,0,2
sthoeger,2,0,2
glucosidescopolin,2,0,2
victoriocin,2,0,2
.glycyrrhiza,2,0,2
haddara,2,0,2
eupnoic,2,0,2
gigli,2,0,2
a-galactoside,2,0,2
mintseris,2,0,2
amurensis,2,0,2
gs-d,2,0,2
vitamine/,2,0,2
boedtker,2,0,2
.notoginsenoside,2,0,2
fluquinconazole,2,0,2
kefir,2,0,2
uptil,2,0,2
e70,2,0,2
oseltamivir•,2,0,2
gia,2,0,2
ureterocystoplasty,2,0,2
neobladder,2,0,2
1-blocker,2,0,2
cystolithotomy,2,0,2
etap,2,0,2
-rifampicin,2,0,2
rf-01.04,2,0,2
rf-02.02,2,0,2
endobag,2,0,2
chlorambucil/corticosteroid,2,0,2
pde9a,2,0,2
mm-p,2,0,2
baca,2,0,2
salbutamoi,2,0,2
paneuronium,2,0,2
midazolan,2,0,2
metamizolsodium,2,0,2
pl12,2,0,2
pioglitazones,2,0,2
lozin,2,0,2
d-penicillamineinduced,2,0,2
kinjhar,2,0,2
mir-30a/b/c,2,0,2
chondroitin-4-sulphate,2,0,2
bittebeachten,2,0,2
2'c-methylcytidine,2,0,2
protargol,2,0,2
.yan,2,0,2
filosofi,2,0,2
bhramar,2,0,2
pro-renin,2,0,2
betin,2,0,2
vanillicacid,2,0,2
pemetrexed/carboplatin,2,0,2
erimo,2,0,2
aspamidesa-e,2,0,2
aspamidesa-f,2,0,2
aspamideb,2,0,2
.indirubin,2,0,2
tac+ev,2,0,2
ledipasvir-sofosbuvir,2,0,2
trimethoprime-sulfamethoxazole,2,0,2
trimethoprime/sulphamethoxazole,2,0,2
streptomycin/spectinomycin,2,0,2
acridin,2,0,2
yolov4,2,0,2
merdol,2,0,2
echinulata,2,0,2
cisplatin/vinorelbine,2,0,2
gsh-conjugated,2,0,2
ius,2,0,2
ythe,2,0,2
sympathikotone,2,0,2
neupro,2,0,2
.ginsenoside,2,0,2
l'ipratropium,2,0,2
i-ifta,2,0,2
calcineurin-inhibitor,2,0,2
dobacterium,2,0,2
juhász,2,0,2
hochmair,2,0,2
let2,2,0,2
didanosine/,2,0,2
hemoterapia,2,0,2
popi,2,0,2
prokin,2,0,2
lps/galn,2,0,2
o-012,2,0,2
o-016,2,0,2
o-035,2,0,2
o-040,2,0,2
o-043,2,0,2
elgar,2,0,2
olivaceus,2,0,2
spiraeajaponica,2,0,2
aho,2,0,2
wedelolide,2,0,2
17hydroxyprogesterone,2,0,2
7-dehydrocholesterol,2,0,2
.amphotericinb,2,0,2
rö,2,0,2
af18,2,0,2
hepeviridae,2,0,2
prostacyclines,2,0,2
méthotrexate,2,0,2
40-aminoacid,2,0,2
dhfrmethotrexate,2,0,2
bat-covratg3,2,0,2
bofi,2,0,2
therapies-lopinavir/ritonavir,2,0,2
calcium/citrate,2,0,2
crrb,2,0,2
oxalose,2,0,2
cysteamin,2,0,2
u100,2,0,2
glutamine-glutamate,2,0,2
hyperinsulinaemia,2,0,2
dexmethylphenidate,2,0,2
17-kda,2,0,2
pitavastatin-2gtb,2,0,2
anti-hsv,2,0,2
5'fluorouracil,2,0,2
qhs,2,0,2
isolyte,2,0,2
winrho,2,0,2
novirin,2,0,2
4-aminochloroquines,2,0,2
pepstatina,2,0,2
alpha-tubulin,2,0,2
ot02,2,0,2
fludrocortison,2,0,2
plamodium,2,0,2
macr,2,0,2
pirp,2,0,2
dpp-4i,2,0,2
streptozotocin-diabetic,2,0,2
cpue5-2637,2,0,2
v4,2,0,2
lncrna-avan,2,0,2
dcbs,2,0,2
gelain,2,0,2
sterna,2,0,2
guanidinum,2,0,2
b.steroids,2,0,2
colebrook,2,0,2
crt/,2,0,2
streptomycin/,2,0,2
peridinium,2,0,2
plata,2,0,2
clmeta,2,0,2
usadiclofenac,2,0,2
-cyclodextrin,2,0,2
p-46,2,0,2
"5,6,8-trichloro",2,0,2
ssu,2,0,2
romanib,2,0,2
muzinic,2,0,2
gyrasehemmern,2,0,2
rapamycin-mycophenolate-atg,2,0,2
o89,2,0,2
o132,2,0,2
o135,2,0,2
o139,2,0,2
surfactant-d,2,0,2
gossypifolia,2,0,2
h-amanitin,2,0,2
trifluoroethane,2,0,2
saispandan,2,0,2
devegas,2,0,2
oliogomeric,2,0,2
"1,25-dihdroxyvitamin",2,0,2
hemepropionate,2,0,2
uteroferrin,2,0,2
urea-formalin,2,0,2
quebrachotannin,2,0,2
prorobinetinidins,2,0,2
phlobaphene,2,0,2
pinetannins,2,0,2
resorcinoltannins,2,0,2
wattle,2,0,2
uf-fortifi,2,0,2
resorcinola-ring,2,0,2
pngasef.,2,0,2
ferrosan,2,0,2
octagam®,2,0,2
ighy,2,0,2
clozel,2,0,2
methyl-bcyclodextrin,2,0,2
deltamethrine,2,0,2
meadjohnson,2,0,2
trimethoprim-sulpha,2,0,2
torrelo,2,0,2
mycolicacid,2,0,2
terreno,2,0,2
wdf,2,0,2
.maraviroc,2,0,2
glu,2,0,2
piaserico,2,0,2
polycythemiavera,2,0,2
ropeginterferon-alfa2b,2,0,2
ruxolitinibe,2,0,2
glycyrrhizininduced,2,0,2
mieloablativo,2,0,2
þ0,2,0,2
ribavi-rin,2,0,2
vancomycin/aminoglycosides,2,0,2
n-xylose,2,0,2
mesaconitine,2,0,2
takeda,2,0,2
rimd,2,0,2
kringle,2,0,2
antifolates,2,0,2
tedros,2,0,2
urethan,2,0,2
tomycin,2,0,2
florencio,2,0,2
"1,25dihydroxyvitamin",2,0,2
cucumin,2,0,2
polyunsaturatedfatty,2,0,2
nitu,2,0,2
bupivacainehydrochloride,2,0,2
-doxorubicin,2,0,2
b-193,2,0,2
trellis,2,0,2
jackknife,2,0,2
ferumoxtran-10,2,0,2
b-498,2,0,2
b-517,2,0,2
selenia,2,0,2
b-548,2,0,2
b-609,2,0,2
b-639,2,0,2
b-655,2,0,2
b-703,2,0,2
b-706,2,0,2
b-714,2,0,2
b-724,2,0,2
orellana,2,0,2
epsr,2,0,2
seldane,2,0,2
poulenc,2,0,2
morexella,2,0,2
þ-ginta,2,0,2
selectin,2,0,2
dvse,2,0,2
os04,2,0,2
egcg-caffeine,2,0,2
finja,2,0,2
ejb,2,0,2
decyl-peg,2,0,2
balloon-tip,2,0,2
cosa,2,0,2
uli,2,0,2
prna-sirnas,2,0,2
sirna/,2,0,2
sb216763,2,0,2
a-tubulin,2,0,2
rosmarie,2,0,2
at2-agonista,2,0,2
opel,2,0,2
c.11a,2,0,2
d.11a,2,0,2
glnlactam,2,0,2
d-lactam,2,0,2
a-ketoamides11b,2,0,2
sact,2,0,2
budr,2,0,2
equanox,2,0,2
neurotrend,2,0,2
epilepsia,2,0,2
3aminobenzamide,2,0,2
ivampicillin,2,0,2
phytother,2,0,2
terpolymer,2,0,2
fbm,2,0,2
hd-arac,2,0,2
cyclophosphamide-based,2,0,2
tolosa,2,0,2
aieop-bmt,2,0,2
posa,2,0,2
vgc,2,0,2
uconasole,2,0,2
p907,2,0,2
methyl-testosterone,2,0,2
clofarabine/ara-c,2,0,2
pentostatin/tbi200,2,0,2
ancash,2,0,2
zinchemia,2,0,2
-umifenovir,2,0,2
bpta,2,0,2
sclerophylly,2,0,2
visirub,2,0,2
iso17665,2,0,2
methionine/,2,0,2
mir-543,2,0,2
amustaline-gsh,2,0,2
glutamine-q,2,0,2
.cholesterol,2,0,2
rajiv,2,0,2
thrombopenie,2,0,2
dr€,2,0,2
wva,2,0,2
berodual,2,0,2
klein-leffler,2,0,2
f1-v.it,2,0,2
indicumlinn,2,0,2
-anthracyclines,2,0,2
-mitoxantrone,2,0,2
c-topotecan,2,0,2
act-d,2,0,2
anti-metabolites,2,0,2
-clofarabine,2,0,2
anti-aanti-b,2,0,2
nassirya,2,0,2
calciumantagonisten,2,0,2
digitus,2,0,2
protonen,2,0,2
bodyplethysmographie,2,0,2
pulsoxymetrie,2,0,2
analgetika-asthma,2,0,2
dauertherapie,2,0,2
leukotrien-antagonisten,2,0,2
lysozym,2,0,2
ceftaz-avibactam,2,0,2
meigs,2,0,2
mono-hydroxylated,2,0,2
lop/r,2,0,2
abraham,2,0,2
.lactoferrin,2,0,2
bibuography,2,0,2
-~4,2,0,2
huawei,2,0,2
vaso,2,0,2
sinusarrhythmien,2,0,2
cain,2,0,2
syrin,2,0,2
amoxicillinclavulansäure,2,0,2
paronychie,2,0,2
anticholenergic,2,0,2
6-adrenergic,2,0,2
antipseudomonas,2,0,2
nsp6haloperidol,2,0,2
ai12,2,0,2
propranolols,2,0,2
hexamethoninm,2,0,2
gracillis,2,0,2
culpan,2,0,2
c-nail,2,0,2
ligamys,2,0,2
qdefensin,2,0,2
retrocyclin-2,2,0,2
philippa,2,0,2
privacybill,2,0,2
bal4815,2,0,2
anthraxin,2,0,2
macrolide-lincosamide,2,0,2
eniac,2,0,2
tejari,2,0,2
sbert,2,0,2
bqe,2,0,2
mansi,2,0,2
ppar,2,0,2
thymosinalpha,2,0,2
merlot,2,0,2
mik,2,0,2
hiv447,2,0,2
a.senticosus,2,0,2
hne,2,0,2
candacefu,2,0,2
apolipoproteina-1,2,0,2
miletus,2,0,2
antibioticoterapia,2,0,2
fosfo-tau,2,0,2
picolinicacid,2,0,2
msmt,2,0,2
levo-dopa,2,0,2
peroxymonosulfate,2,0,2
resmethrin,2,0,2
pamil,2,0,2
zinc-ribbon,2,0,2
anti-ace,2,0,2
rutella,2,0,2
vericel,2,0,2
tin(ii)chloride,2,0,2
jelachich,2,0,2
bomodulin,2,0,2
oxyb,2,0,2
sporin,2,0,2
repeller,2,0,2
präventiv,2,0,2
cytotect,2,0,2
v23,2,0,2
dl-propranolol,2,0,2
-alpha-2b,2,0,2
peg-ifnalpha-2a/rbv,2,0,2
peg-ifn-alpha-2b/rbv,2,0,2
valopicitabine/peg-ifn-alpha-2a,2,0,2
nbmmodal,2,0,2
bètalactamantibiotica,2,0,2
darbopoetin,2,0,2
hcq-it,2,0,2
oil-gas,2,0,2
tastan,2,0,2
gstm1,2,0,2
us-peru,2,0,2
us-korea,2,0,2
daubechies-3,2,0,2
meropenem/,2,0,2
~-toxoid,2,0,2
zhizi,2,0,2
hpv5,2,0,2
papanicolau,2,0,2
desferrioxamin,2,0,2
protamine-1,2,0,2
sodoku,2,0,2
-1925,2,0,2
uoroethanol,2,0,2
tuftsin-acridine,2,0,2
zerrin,2,0,2
siah,2,0,2
ibotenicacid,2,0,2
cross-linkers,2,0,2
deigin,2,0,2
thymogen,2,0,2
rhenium,2,0,2
t20/enfuvirtide,2,0,2
devos,2,0,2
iosa,2,0,2
ceftazi-dime,2,0,2
hacurcumin,2,0,2
cmv-0,2,0,2
rb51vaccines,2,0,2
lactone-artemisinin,2,0,2
"pleconaril,3-",2,0,2
isopropanol/dextran,2,0,2
bryl,2,0,2
o~-tocopherol,2,0,2
cx-tocopherol,2,0,2
lumi-aggregometer,2,0,2
glucoronidase,2,0,2
biltricide,2,0,2
primaquinebase,2,0,2
-clopidogrel,2,0,2
-prasugrel,2,0,2
mindfulness,2,0,2
jabil,2,0,2
xanthorrhizol,2,0,2
galangal,2,0,2
carta,2,0,2
blum,2,0,2
schwangeren,2,0,2
c-083,2,0,2
dsct,2,0,2
brillation,2,0,2
m.takeuchi,2,0,2
c-325,2,0,2
isigo,2,0,2
c-799,2,0,2
dann,2,0,2
demethylating,2,0,2
-nimodipine,2,0,2
mantane,2,0,2
o169,2,0,2
irgasan,2,0,2
9bradykinin,2,0,2
jartelius,2,0,2
pouch,2,0,2
enalaprilmaleate,2,0,2
paulinecafferkey,2,0,2
acetaminophens,2,0,2
ranil,2,0,2
urea-hydrogenperoxide,2,0,2
ictericia,2,0,2
ceretom,2,0,2
α2-m,2,0,2
aurinia,2,0,2
cretinism,2,0,2
virella,2,0,2
"6,7,8-trimethoxycoumarin",2,0,2
alsin,2,0,2
fersen,2,0,2
reddit,2,0,2
nicillines,2,0,2
recomenda-se,2,0,2
alastra,2,0,2
ren,2,0,2
70,2,0,2
iflavirus,2,0,2
martensi,2,0,2
brachythecium,2,0,2
clintonia,2,0,2
trientalis,2,0,2
starlinj,2,0,2
phosphalase,2,0,2
actinil,2,0,2
pd123119,2,0,2
bay41,2,0,2
alpinum,2,0,2
[³h]epibatidine,2,0,2
methylparaben,2,0,2
homoarginine,2,0,2
iberogast,2,0,2
anti-mir-212,2,0,2
hfd/stz,2,0,2
cutanea,2,0,2
plpd-1,2,0,2
rhinoviren,2,0,2
mastrianni,2,0,2
ebselen-m,2,0,2
proteintya,2,0,2
marzano,2,0,2
dic8,2,0,2
ang(1-7)/ang,2,0,2
zinc-aa,2,0,2
-alisporivir,2,0,2
acetaminophen-only,2,0,2
alidex,2,0,2
antilopen,2,0,2
isopropylnitrit,2,0,2
cycloserine-cefoxitin,2,0,2
l'iproniazide,2,0,2
protamine-nls,2,0,2
economico,2,0,2
capitaneria,2,0,2
dallo,2,0,2
metodi,2,0,2
glottide,2,0,2
antipneumococcici,2,0,2
bibliografia,2,0,2
5-hydroxydeoxycytidine,2,0,2
gu-ribavirin,2,0,2
cobicistat_abacavir_rilpivirin,2,0,2
p-num,2,0,2
loxaglate,2,0,2
sodiumiothalamate,2,0,2
ferumoxsil,2,0,2
prohance,2,0,2
civinini,2,0,2
memotherm,2,0,2
urography,2,0,2
hysterosalpingography,2,0,2
dimitar,2,0,2
axilla,2,0,2
bariumchloride,2,0,2
revolt,2,0,2
behr,2,0,2
pertussin,2,0,2
leukotrienee,2,0,2
newt,2,0,2
5-iodo-2'-deoxyuridine,2,0,2
arecanut,2,0,2
bisimg,2,0,2
-ketoconazole,2,0,2
maltophilum,2,0,2
valacyclovir-hcl,2,0,2
dosieraerosole,2,0,2
trimethoprim/cotrimoxazol,2,0,2
.procyanidin,2,0,2
sulfargin,2,0,2
nalactate,2,0,2
folate-peg-sirna,2,0,2
polycation-peg-dmma-melittin,2,0,2
doxyme,2,0,2
reh,2,0,2
cyflutbi,2,0,2
(s)hydroxychloroquine,2,0,2
spc2,2,0,2
creb3l2,2,0,2
9-acetamide,2,0,2
gine,2,0,2
.pyronaridine,2,0,2
milin,2,0,2
pancreato-jejunostomy,2,0,2
esophago-jejunostomy,2,0,2
lcbde,2,0,2
coloplasty,2,0,2
ovesco,2,0,2
gastrisail,2,0,2
riolan,2,0,2
sulfasazine,2,0,2
hydroxychloroquine+amoxicillin,2,0,2
hydroxychloroquinean,2,0,2
diphencyprone,2,0,2
ct-tocopherol,2,0,2
calcium-oxalate,2,0,2
ca-oxalate,2,0,2
(oh)2d3,2,0,2
eprex,2,0,2
ac-steroid,2,0,2
aminogiycosides,2,0,2
eatalase,2,0,2
bioavail,2,0,2
"1,25dihydroxycholecalciferol",2,0,2
andronicus,2,0,2
leukotriened,2,0,2
gpi-0100,2,0,2
guanine-cysteine,2,0,2
myastenia,2,0,2
norepi,2,0,2
penicillinstreptomycin-neomycin,2,0,2
lepromin,2,0,2
chloroquine-azithromycin,2,0,2
eaminocaproicacid,2,0,2
kengin,2,0,2
infos,2,0,2
pank,2,0,2
passwort,2,0,2
fatum,2,0,2
xenon,2,0,2
cg-n,2,0,2
wirksamen,2,0,2
botrycephalae,2,0,2
vachellia,2,0,2
alatae,2,0,2
senegalia,2,0,2
plurinervia,2,0,2
hl001,2,0,2
oxytocin/vasopressin,2,0,2
-hydroxyprogesteronecaproate,2,0,2
cobi,2,0,2
mir-542-3p,2,0,2
gata,2,0,2
lmp-mp,2,0,2
nichd,2,0,2
archeria,2,0,2
.fluoroquinolones,2,0,2
.polymyxin,2,0,2
cobras,2,0,2
malemide,2,0,2
dacvs,2,0,2
"gga-mir-155-5p,",2,0,2
-rapamycin,2,0,2
neurinom,2,0,2
-thiomethylmercurylglycoside,2,0,2
hadrup,2,0,2
csdd,2,0,2
k63-tri-ubiquitin,2,0,2
emesis,2,0,2
sulfo-or,2,0,2
aquilegifolium,2,0,2
prostate,2,0,2
rubaga,2,0,2
amoxil/clav,2,0,2
nitrofuratoin,2,0,2
hylesia,2,0,2
dihydroartemisinin/piperaquine,2,0,2
2ab,2,0,2
eia,2,0,2
cefovecinsodium,2,0,2
lebendspender,2,0,2
cyclophylline,2,0,2
azathioprin/mycophenolat,2,0,2
ciclosporindosis,2,0,2
chloramphenicolsuccinate,2,0,2
actam,2,0,2
lhrha,2,0,2
±ouabain,2,0,2
euth,2,0,2
olatelet,2,0,2
2'-deoxycoformycin,2,0,2
tnsulin,2,0,2
rameb,2,0,2
lanius,2,0,2
anti-hiv-1,2,0,2
pl2,2,0,2
statherin,2,0,2
mersacidin,2,0,2
citropin,2,0,2
amonoethylcarbazole,2,0,2
steo,2,0,2
adagio,2,0,2
c05,2,0,2
c014,2,0,2
fracastorius,2,0,2
0-dose,2,0,2
dmitri,2,0,2
rebavirin,2,0,2
btz/dexamethasone,2,0,2
ifn/rbv,2,0,2
steroides,2,0,2
beta-adrenergics,2,0,2
amoxyclin-clavulanate,2,0,2
gcgapp,2,0,2
peperomiahaenkeana,2,0,2
spacerb/n3,2,0,2
arash,2,0,2
actroid-f,2,0,2
amplifi,2,0,2
-methylhistamine,2,0,2
inn,2,0,2
α-endosulfine,2,0,2
allysine,2,0,2
β-laktamantibiotika,2,0,2
alf,2,0,2
pro-adrenomedullin,2,0,2
net-ncsp,2,0,2
-gentamicin,2,0,2
beta-adrenergically,2,0,2
3-hr2,2,0,2
infoline,2,0,2
poly(da,2,0,2
oiin,2,0,2
reoxygenated,2,0,2
bacry,2,0,2
14c-uracil,2,0,2
chloramphenieol,2,0,2
lesbian,2,0,2
postmenopause,2,0,2
sulfasalazina,2,0,2
clemex,2,0,2
rémifentanil,2,0,2
.triclosan,2,0,2
cavallo,2,0,2
methyl-seq,2,0,2
.bronchodilator,2,0,2
esat-63−17,2,0,2
usfossil,2,0,2
ifn-1b,2,0,2
eos,2,0,2
deltainulin,2,0,2
mcv,2,0,2
videothoracoscope,2,0,2
e09,2,0,2
ir1,2,0,2
cori,2,0,2
axonin-1,2,0,2
mk-80,2,0,2
phenol-chloroform,2,0,2
spirulis,2,0,2
thevenin,2,0,2
brominechloride,2,0,2
fp26,2,0,2
introns,2,0,2
plastide,2,0,2
grünalgen,2,0,2
pegel,2,0,2
grapejuice,2,0,2
posenet,2,0,2
cyclobeximide,2,0,2
boltyanskii,2,0,2
perboli,2,0,2
oschin,2,0,2
hh+ketamine,2,0,2
oligohydramnios,2,0,2
4-metoxyestradiol,2,0,2
t-005,2,0,2
t-006,2,0,2
t-009,2,0,2
jcc,2,0,2
t-033,2,0,2
t-034,2,0,2
t-061,2,0,2
t-086,2,0,2
t-097,2,0,2
t-106,2,0,2
t-109,2,0,2
t-137,2,0,2
t-138,2,0,2
t-145,2,0,2
t-177,2,0,2
t-180,2,0,2
t-196,2,0,2
t-203,2,0,2
t-207,2,0,2
nipt,2,0,2
t-301,2,0,2
f-014,2,0,2
f-052,2,0,2
f-071,2,0,2
f-072,2,0,2
f-082,2,0,2
f-136,2,0,2
f-153,2,0,2
f-169,2,0,2
f-240,2,0,2
s-093,2,0,2
s-109,2,0,2
g/nil,2,0,2
firdaus,2,0,2
echinace,2,0,2
zablocki,2,0,2
matemilola,2,0,2
herm,2,0,2
rhalis,2,0,2
calanolidea,2,0,2
pari-pep,2,0,2
stin,2,0,2
gastein,2,0,2
fah,2,0,2
superpolymyxin,2,0,2
.aldosterone,2,0,2
transgelin-2,2,0,2
β3-adrenoceptors,2,0,2
.ghrelin,2,0,2
cnidarian,2,0,2
excipient,2,0,2
f]fluoromisonidazole,2,0,2
thrombolysis,2,0,2
choleski,2,0,2
robber,2,0,2
campesterol,2,0,2
fluvastatin/fenofibrate,2,0,2
-lysine,2,0,2
pcl2,2,0,2
௨,2,0,2
gbp-b,2,0,2
egol,2,0,2
orazem,2,0,2
xiphophorus,2,0,2
sovaldi1/sofosbuvir,2,0,2
smg5,2,0,2
cimeti-,2,0,2
guanidiniumchloride,2,0,2
alphadefensin,2,0,2
aulin,2,0,2
vrc-hivdna016-00-vp,2,0,2
dv,2,0,2
teicoplanin-impregnated,2,0,2
29-aminoacid,2,0,2
billc-50,2,0,2
fido,2,0,2
clinostat,2,0,2
lescuropteris,2,0,2
eriosorus,2,0,2
actinostachys,2,0,2
tragopogon,2,0,2
.selenium,2,0,2
belt,2,0,2
zygar,2,0,2
boxan,2,0,2
savona,2,0,2
livorno,2,0,2
adjuvanzien,2,0,2
oestronesulphate,2,0,2
adamo,2,0,2
deacetyldiltiazem,2,0,2
botucatu,2,0,2
apo-acetazolamide,2,0,2
mega-choep,2,0,2
á/70,2,0,2
gadofullerenes,2,0,2
84it,2,0,2
tillin,2,0,2
gamin,2,0,2
iodoamphetamine,2,0,2
131i-mibg,2,0,2
99m-tc-teboroxime,2,0,2
125-gastrin,2,0,2
adrenoceptors,2,0,2
protein/iodine,2,0,2
rophil,2,0,2
adefovir/lamivudine,2,0,2
gerlofs,2,0,2
novesine,2,0,2
bcg-bacillus,2,0,2
sulfadoxinepyriméthamine,2,0,2
rifam,2,0,2
bitor,2,0,2
ticarcillin-clavulonate,2,0,2
arseni,2,0,2
-benzathinebenzylpenicilline,2,0,2
-acetylsalicylzuur,2,0,2
mg/dag,2,0,2
klacid,2,0,2
amoxilline,2,0,2
chlooramfenicoloogdruppels,2,0,2
penicillineprofylaxe,2,0,2
nocturna,2,0,2
hypoglykemie,2,0,2
koortsconvulsie,2,0,2
zncarnitine,2,0,2
anabool,2,0,2
isovaleriaanacidurie,2,0,2
dehydratie,2,0,2
melaena,2,0,2
tringa,2,0,2
prolactinome,2,0,2
aprèslanaissance,2,0,2
gpso,2,0,2
l-dopamine,2,0,2
cefta,2,0,2
postprotamin,2,0,2
pict,2,0,2
2-thiouracil5a-n,2,0,2
sars-covz-1,2,0,2
hanshuang,2,0,2
icoq,2,0,2
senbeto,2,0,2
-hcq,2,0,2
ago10,2,0,2
honeysuckledecoction,2,0,2
mir-166,2,0,2
mir-824,2,0,2
beebread,2,0,2
.ifn-γ,2,0,2
saricaoglu,2,0,2
ifn+ribavirin,2,0,2
si-7,2,0,2
si-9,2,0,2
wheatgrass,2,0,2
sanguinobaeradix,2,0,2
tai-,2,0,2
casa,2,0,2
uraniumacetate,2,0,2
hydrocortisoneacetate,2,0,2
thekidney,2,0,2
ox40-ox40l,2,0,2
-favipiravir,2,0,2
granin,2,0,2
rls,2,0,2
liot,2,0,2
ignácsemmelweis,2,0,2
fcvb,2,0,2
jrr,2,0,2
esulfamethoxazole,2,0,2
rv-13,2,0,2
aspirinonly,2,0,2
.pentoxifylline,2,0,2
ua-pi,2,0,2
smita,2,0,2
liberale,2,0,2
medicações,2,0,2
menos,2,0,2
aproveita,2,0,2
poderia,2,0,2
daqui,2,0,2
falava,2,0,2
procurando,2,0,2
aliás,2,0,2
pesem,2,0,2
populações,2,0,2
alkylatedbvgp,2,0,2
gluta-mine,2,0,2
antiarrhythmika,2,0,2
alexey,2,0,2
traditsii,2,0,2
depamine,2,0,2
erythromyein,2,0,2
inotrepes,2,0,2
centoxin,2,0,2
tte-d,2,0,2
enoxiparin,2,0,2
gurobi-cegis,2,0,2
afp,2,0,2
ctla-4-ig,2,0,2
det,2,0,2
tricarinatus,2,0,2
brusina,2,0,2
gyraulus,2,0,2
milojević,2,0,2
clessin,2,0,2
bellardiibrusina,2,0,2
hybonatumbrusina,2,0,2
casertanum,2,0,2
amnicum,2,0,2
bakonyensis,2,0,2
tenuilineatum,2,0,2
cystoscint,2,0,2
latex-fruit,2,0,2
berzosertib,2,0,2
o148,2,0,2
prolongar,2,0,2
rubigine®,2,0,2
dextropropoxyphene,2,0,2
modifi,2,0,2
modified-live,2,0,2
tyl,2,0,2
h-carotene,2,0,2
deer,2,0,2
civl,2,0,2
aminoacid-level,2,0,2
cirrus,2,0,2
neoteryx,2,0,2
akamai,2,0,2
otigo,2,0,2
genofit,2,0,2
pin1,2,0,2
etc-quinolone,2,0,2
volvariellavolvacea,2,0,2
ketocozole,2,0,2
trimethoprim/sulfame,2,0,2
amikacin/doxycycline,2,0,2
asulfate,2,0,2
antirhinovirus,2,0,2
3-mq,2,0,2
aldgamycin,2,0,2
-19-norspironolactone,2,0,2
ethylglyoxylate,2,0,2
sialidase-inhibitorantiinfluenza,2,0,2
-sulfonamide,2,0,2
2-bromoacrolein,2,0,2
ketamineyxylasine,2,0,2
p4oxazole,2,0,2
sirnapolymer,2,0,2
calando,2,0,2
sofosbuvir-ledipasvir,2,0,2
amantadineamantadine,2,0,2
zanamivirzanamivir,2,0,2
n-diethylnipecotamide,2,0,2
westafrika,2,0,2
cofirank,2,0,2
handihaler,2,0,2
iob,2,0,2
fun,2,0,2
rosemarin,2,0,2
s-palmitoylation,2,0,2
d3-d5,2,0,2
schirmer,2,0,2
conclude,2,0,2
pietromonaco,2,0,2
mir-181a,2,0,2
nksf/il-12,2,0,2
neupogan,2,0,2
rhil-3,2,0,2
3~,2,0,2
ferumoxides-protaminesulfate,2,0,2
mf-mir124a,2,0,2
fumarate-malate,2,0,2
pna-anti-mir-21,2,0,2
duramycin-biotin,2,0,2
gd-duramycin,2,0,2
cacetate,2,0,2
11c-raclopride,2,0,2
progesterone-plus-estrogen,2,0,2
ketamine-xylasine,2,0,2
arsenide,2,0,2
cu-dotacetuximab,2,0,2
radiometal,2,0,2
(s)-rolipram,2,0,2
11c-loperamide,2,0,2
c]verapamil,2,0,2
gn8,2,0,2
eor,2,0,2
top216,2,0,2
linguatulosis,2,0,2
mueller,2,0,2
vogeloides,2,0,2
l-cysteine-hcl,2,0,2
.piperacillin/tazobactam,2,0,2
"1,3,4-thiadiazole",2,0,2
.adrenomedullin,2,0,2
zeeman,2,0,2
h.zeylanica,2,0,2
ncsp,2,0,2
mixnet,2,0,2
p123ha,2,0,2
derlin-1,2,0,2
ipossia,2,0,2
prostaciclina,2,0,2
glucocorticoidi,2,0,2
methionineevaline,2,0,2
anti-cox-2,2,0,2
jnn,2,0,2
zikv-117,2,0,2
methylprednisolone/ifna/lopinavir/ritonavir/arbidol,2,0,2
interferon/lopinavir/ritonavir/arbidol,2,0,2
w.japonica,2,0,2
simeprevir-remdesivir,2,0,2
herwig,2,0,2
.metronidazol,2,0,2
moxonidin,2,0,2
sublingualer,2,0,2
opioid-analgetika,2,0,2
iodatum,2,0,2
prucaloprid,2,0,2
pyrviniumembonat,2,0,2
emtricitabin,2,0,2
integrase-inhibitoren,2,0,2
nitroprussid,2,0,2
ivabradin,2,0,2
alfadex,2,0,2
clopamid,2,0,2
antihypotonika,2,0,2
lacosamid,2,0,2
zonisamid,2,0,2
anxiolytika,2,0,2
insulinlispro,2,0,2
selendisulfid,2,0,2
chiesi,2,0,2
lyttle,2,0,2
pius,2,0,2
antibiotic-antifungal-steroid,2,0,2
otomax,2,0,2
supraventricular,2,0,2
hemostats,2,0,2
enemas,2,0,2
glyophosate,2,0,2
antiprostaglandins,2,0,2
jujuba,2,0,2
mugla,2,0,2
polya-gastrectomy,2,0,2
sirtex,2,0,2
a-452,2,0,2
falsifi,2,0,2
methrotrexate,2,0,2
nnil,2,0,2
euphorus,2,0,2
gastap,2,0,2
pulmonariaofficinalis,2,0,2
drugschloroquine,2,0,2
p-47,2,0,2
pseudopelade,2,0,2
a-amanitine,2,0,2
2-deoxyguanosine,2,0,2
itraconazole/voriconazole,2,0,2
rubv,2,0,2
elasticum,2,0,2
-quercetin,2,0,2
s-sulfhydration,2,0,2
n-methionine,2,0,2
permethrin-or,2,0,2
anazodo,2,0,2
interferon-alfa2b,2,0,2
xd,2,0,2
tsunamis,2,0,2
peginterferon+ribavirin,2,0,2
anticollagenase,2,0,2
pentacam-hr,2,0,2
anti-malarials,2,0,2
celtis,2,0,2
polyheme,2,0,2
.metoclopramide,2,0,2
actinospica,2,0,2
s-sulphate,2,0,2
flij,2,0,2
torrejón,2,0,2
theatermacherin,2,0,2
methylhistamin,2,0,2
kooperation,2,0,2
dollastatins,2,0,2
majusculamide,2,0,2
da10,2,0,2
perg,2,0,2
hanseniaspora,2,0,2
general,2,0,2
trimethoprimsulfonamides,2,0,2
iran,2,0,2
(-)-βpinene,2,0,2
gesundheit,2,0,2
ethanol.4,2,0,2
photosensitizer-antibody,2,0,2
preqin,2,0,2
ntc/,2,0,2
monochloramines,2,0,2
berliniae,2,0,2
dinaspis,2,0,2
diaspidine,2,0,2
trucount,2,0,2
cse,2,0,2
giz,2,0,2
hplc,2,0,2
.lovastatin,2,0,2
no-steroids,2,0,2
snbc,2,0,2
mard,2,0,2
gp48,2,0,2
diaphyllin,2,0,2
pirogov,2,0,2
b-toxin,2,0,2
prss35,2,0,2
5uconazole,2,0,2
geoff,2,0,2
imidacloprid/moxidectin,2,0,2
fi2,2,0,2
reiniging,2,0,2
peanuts,2,0,2
prolamins,2,0,2
glutenins,2,0,2
[14c]chloramphenicol,2,0,2
sars-covzxc21,2,0,2
dale,2,0,2
stcu,2,0,2
aceminum,2,0,2
cocina,2,0,2
szegedy,2,0,2
conjugateatg5/12,2,0,2
hemicellulase,2,0,2
.sarilumab,2,0,2
clericuzio,2,0,2
antipneumococcalpolysaccharide,2,0,2
kr-600,2,0,2
-acetaminophen,2,0,2
zandbak,2,0,2
-bromodeoxyuridine,2,0,2
dini,2,0,2
anti-protamine,2,0,2
epa-ng,2,0,2
halide,2,0,2
hp-b-cd,2,0,2
ocunexus,2,0,2
trimethoprim-sulfomethoxazole,2,0,2
antihis,2,0,2
aprotinin-c,2,0,2
onya,2,0,2
tomotherapy,2,0,2
radiotherapie,2,0,2
esbf,2,0,2
paclitaxels,2,0,2
nitroprussidenatrium,2,0,2
-adrenaline,2,0,2
vitaminavitamin,2,0,2
cholesterinic,2,0,2
romulea,2,0,2
ascaricide,2,0,2
sumicidin,2,0,2
tetrachlorethylene,2,0,2
chioroquine,2,0,2
flaviviren,2,0,2
-metronidazole,2,0,2
perón,2,0,2
pinyin,2,0,2
dj-1,2,0,2
proberta,2,0,2
eysteine,2,0,2
mistracarbon,2,0,2
orfs,2,0,2
s14c-d,2,0,2
nox-e36,2,0,2
phrenicocostalis,2,0,2
sternum,2,0,2
aluminose,2,0,2
rossetto,2,0,2
gesture,2,0,2
ioside,2,0,2
amoxicillineclavulaanzuur,2,0,2
յ24,2,0,2
heparic,2,0,2
galactography,2,0,2
phylloides,2,0,2
cyanocrilate,2,0,2
dipiridamol,2,0,2
shl,2,0,2
saba-anticholinergic,2,0,2
charfi,2,0,2
octreotides,2,0,2
ap,2,0,2
eroderm-1,2,0,2
eroderm-2,2,0,2
mk-886,2,0,2
vcrapamil,2,0,2
sulf,2,0,2
oligochitosan,2,0,2
sulfateester,2,0,2
congerin,2,0,2
heparin/hs,2,0,2
alg14,2,0,2
benzeneacetonitrile,2,0,2
phenylarsenoxide,2,0,2
(+)-tubocurarine,2,0,2
pax-6,2,0,2
.brentuximab,2,0,2
krä,2,0,2
daci,2,0,2
mozobil,2,0,2
ca-gluconate,2,0,2
p946,2,0,2
micofenolate,2,0,2
tidwell,2,0,2
baurin,2,0,2
oag,2,0,2
thymbraspicata,2,0,2
5-hydroxyflavone,2,0,2
8oxoguanine,2,0,2
limnio,2,0,2
cdh,2,0,2
betatrophin,2,0,2
l.stoechas,2,0,2
astaxantin,2,0,2
acetyl-lysine,2,0,2
pulicaria,2,0,2
millefolium,2,0,2
mir193b,2,0,2
mir-8078,2,0,2
holothurin,2,0,2
populusnigra,2,0,2
malatyaapricot,2,0,2
octreotate,2,0,2
n-asetylcysteine,2,0,2
pulegium,2,0,2
.digitonin,2,0,2
ws07,2,0,2
ws11,2,0,2
ws14,2,0,2
rapsyn,2,0,2
pp06,2,0,2
pp11,2,0,2
pp23,2,0,2
psychotherapeutische,2,0,2
antipsychotikum,2,0,2
aciclovirtherapie,2,0,2
flt3l/,2,0,2
lb-ampicillin,2,0,2
niclosamideeprotein,2,0,2
cecropina,2,0,2
cicardi,2,0,2
.gst,2,0,2
p-galactosidase,2,0,2
сlozapine,2,0,2
syn-1,2,0,2
.doxil,2,0,2
pcresol,2,0,2
sling,2,0,2
insula,2,0,2
neuromodulation,2,0,2
ic-pi,2,0,2
vini,2,0,2
zinc-conjugates,2,0,2
.diltiazem,2,0,2
petunidin,2,0,2
chlorambucil/prednisolone,2,0,2
iotin,2,0,2
methyl-pred,2,0,2
hydrocort,2,0,2
anti-tnf-a,2,0,2
z23,2,0,2
sapag,2,0,2
fen-phen,2,0,2
gatifloxacino,2,0,2
p-tryptase,2,0,2
6-hydroxychrysene,2,0,2
5-diazouracil,2,0,2
antiestrogens,2,0,2
aroclor,2,0,2
chlorprothixen,2,0,2
3-hydroxymethylantipyrine,2,0,2
bemetizide,2,0,2
~-adrenoceptor,2,0,2
phenylalkylamines,2,0,2
(s)-diprafenone,2,0,2
a-adrenoceptor,2,0,2
iki,2,0,2
3h-noradrenaline,2,0,2
5-methyl-urapidil,2,0,2
dlazepam,2,0,2
bacigalupo,2,0,2
xeleris,2,0,2
in-111-octreotide,2,0,2
varicam,2,0,2
sm-edtmp,2,0,2
magicam,2,0,2
99mtc-pertechnetate,2,0,2
ribavirin/α-interferon,2,0,2
pknots-rg,2,0,2
cisplatin-gemcitabine,2,0,2
sinupret®,2,0,2
dracunculiasis,2,0,2
taxsubsidy,2,0,2
pana,2,0,2
lipide,2,0,2
sonine,2,0,2
guarda,2,0,2
.nicotinamide,2,0,2
fast,2,0,2
hexamethyl-pararosaniline,2,0,2
gv-dyedcloth,2,0,2
paycheck,2,0,2
b-propriolactone,2,0,2
mitomycin-c.,2,0,2
metronidazole-free,2,0,2
amicine,2,0,2
dermachat,2,0,2
1hbenzimidazole,2,0,2
x.var,2,0,2
op36,2,0,2
ze,2,0,2
pp154,2,0,2
pp103,2,0,2
nah,2,0,2
hansan,2,0,2
adab,2,0,2
progeroid,2,0,2
heparin-s,2,0,2
s-heparin,2,0,2
america,2,0,2
pandoravirus,2,0,2
magnusdottir,2,0,2
aptogen,2,0,2
antia-tubulin,2,0,2
quiggin,2,0,2
pril,2,0,2
endolaser,2,0,2
strahlentherapie,2,0,2
clopridogel,2,0,2
ella-danis,2,0,2
thudicum,2,0,2
4aminoquinoline,2,0,2
rifapentine.-theophylline.-alprazolam,2,0,2
.antithrombin,2,0,2
cysteine-bismuth,2,0,2
silonite,2,0,2
polaris,2,0,2
c.racemosa,2,0,2
drd2,2,0,2
r-methadone,2,0,2
u19,2,0,2
leishma-,2,0,2
"resources,",2,0,2
ksrr,2,0,2
bromelain-cleaved,2,0,2
baflinomycin,2,0,2
noside,2,0,2
erticillin,2,0,2
acid-ethanol,2,0,2
potassiumbro-mide,2,0,2
nabin,2,0,2
tryptaminealkaloids,2,0,2
stramineus,2,0,2
44properdin,2,0,2
lps.losartan,2,0,2
piperales,2,0,2
-bert,2,0,2
lalantha,2,0,2
phenylurea,2,0,2
pifn,2,0,2
pa-6,2,0,2
())-epicatechin,2,0,2
aprotinins,2,0,2
a1atb,2,0,2
trimethoprim/sulphonamide,2,0,2
zanamivir-13,2,0,2
enoxoparin,2,0,2
17-hydroxiprogesterone,2,0,2
gi01,2,0,2
hp01,2,0,2
omelene,2,0,2
busulfan/fludarabine,2,0,2
micol,2,0,2
nod2/card15,2,0,2
bu-cyclophosphamide,2,0,2
fludarabine+melphalane,2,0,2
busulfan+cyclophosphamide,2,0,2
cisplatina,2,0,2
zenone,2,0,2
bu/cyclophosphamide,2,0,2
piritramid,2,0,2
armijo,2,0,2
rhv,2,0,2
duganella,2,0,2
callose,2,0,2
lux,2,0,2
.oncostatin,2,0,2
a-133,2,0,2
eucoleus,2,0,2
arsenate,2,0,2
kpt-350,2,0,2
anti-plexin,2,0,2
cyberonics,2,0,2
mtx-ada,2,0,2
linomid,2,0,2
eterocoxib,2,0,2
gumarabic,2,0,2
arabinase,2,0,2
cysltr,2,0,2
halis,2,0,2
mfmns,2,0,2
azita,2,0,2
volodimir,2,0,2
cryptomeriajaponica,2,0,2
epipen,2,0,2
feliciamanole,2,0,2
circinalis,2,0,2
alvaro,2,0,2
salbutamol/terbutaline,2,0,2
sulbutamol,2,0,2
beta2agonist,2,0,2
streptokinaza,2,0,2
f.taiwana,2,0,2
isopropylpalmitate,2,0,2
xylocopa,2,0,2
phostal,2,0,2
angelika,2,0,2
c.siamea,2,0,2
norcuronium,2,0,2
irbesrtan-hydrochlothiazide,2,0,2
vicillin,2,0,2
ino3,2,0,2
heptapeptide,2,0,2
~-propiolactone,2,0,2
thomasiifolium,2,0,2
crinitum,2,0,2
b-cd,2,0,2
lenantiomer,2,0,2
holt,2,0,2
angotensin,2,0,2
icvtestosterone,2,0,2
ota-ap,2,0,2
sitosterin,2,0,2
stigmasterin,2,0,2
cimicifuga-triterpene,2,0,2
carbenoxolon,2,0,2
genine,2,0,2
chloroform-methanol,2,0,2
.calcitriol,2,0,2
salinas,2,0,2
hcv-evs,2,0,2
3-ketosteroids,2,0,2
lagenariasiceraria,2,0,2
ftsl,2,0,2
asb9,2,0,2
kyr,2,0,2
α2-antiplamin,2,0,2
biprong,2,0,2
revolix,2,0,2
a1d-adrenoceptor,2,0,2
collagen/epinephrine,2,0,2
felin,2,0,2
ag85b-esat-6,2,0,2
limaprost,2,0,2
kkh,2,0,2
anti-mir-92a,2,0,2
bradyarrhythmias,2,0,2
cyclosporinebased,2,0,2
picostim,2,0,2
zoledronate/il-23,2,0,2
mirna-146a,2,0,2
cov-nl63,2,0,2
longhofer,2,0,2
coronacept,2,0,2
2-dosemmr,2,0,2
zinc-t-2,2,0,2
mmv,2,0,2
medellin,2,0,2
ppif,2,0,2
valtellina,2,0,2
valcamonica,2,0,2
gravendeel,2,0,2
dub,2,0,2
tamoxifeno,2,0,2
antraciclinas,2,0,2
neuregulin-1,2,0,2
chordin,2,0,2
icubam,2,0,2
antiricin,2,0,2
pde3,2,0,2
hypercalciuria,2,0,2
renaltube,2,0,2
sod3,2,0,2
paclitaxel-therapy,2,0,2
k-means-lstm,2,0,2
ctst,2,0,2
dicloxicillin,2,0,2
eprazinon,2,0,2
zinc-ors,2,0,2
cg-bert,2,0,2
alisporitesgrauvogeli,2,0,2
triadispora,2,0,2
planisporites,2,0,2
scabratisporites,2,0,2
guttatisporites,2,0,2
sulcus,2,0,2
gravisporites,2,0,2
kosanke,2,0,2
jugasporites,2,0,2
lueckisporites,2,0,2
aratrisporites,2,0,2
saturnisporites,2,0,2
leschik1956a,2,0,2
leschik1956aemend,2,0,2
chordasporites,2,0,2
t.falcata,2,0,2
baotou,2,0,2
feldan,2,0,2
hydramnion,2,0,2
nalis,2,0,2
mosa,2,0,2
anti-oligomer,2,0,2
allon,2,0,2
vitamin-d3,2,0,2
rotifera,2,0,2
dipol,2,0,2
gerin,2,0,2
procyanidinsb2,2,0,2
dexasone,2,0,2
cardiomyoplasty,2,0,2
prazosinhydrochloride,2,0,2
norphin,2,0,2
aplisya,2,0,2
.erythropoietin,2,0,2
zenpep,2,0,2
mc3r,2,0,2
klaudia,2,0,2
magdalena,2,0,2
bratton,2,0,2
limeira,2,0,2
.eltrombopag,2,0,2
olis,2,0,2
cicerbita,2,0,2
hypotelorism,2,0,2
-lidocaine,2,0,2
titanium,2,0,2
murva,2,0,2
~2-agonists,2,0,2
artroprostesis,2,0,2
.chrysophyllum,2,0,2
anti-zikans1,2,0,2
.amiodarone,2,0,2
c-aconitase,2,0,2
boogaloo,2,0,2
boogaloos,2,0,2
duodenalis,2,0,2
fareed,2,0,2
ceftazidime/piperacillin,2,0,2
cloperastina,2,0,2
p.gingivalis,2,0,2
calman,2,0,2
diphtheria-tetanus-pertussisvaccine,2,0,2
ompa.,2,0,2
hd-mir2911,2,0,2
seclap,2,0,2
bif-1,2,0,2
atg12-atg5-atg16l,2,0,2
falcipain,2,0,2
speb,2,0,2
oxygenhydrogen,2,0,2
umpase,2,0,2
zn21,2,0,2
kurozu,2,0,2
grh1,2,0,2
nia-pro,2,0,2
aquo-cobalamin,2,0,2
remco,2,0,2
gads,2,0,2
rae1,2,0,2
"1,25dihydroxyvitamind",2,0,2
diapro,2,0,2
isth-ig,2,0,2
credé-prophylaxe,2,0,2
velcade/thalidomide/dexamethasone,2,0,2
allosct,2,0,2
uconazole/itraconazole,2,0,2
udarabine-cyclophosphamide,2,0,2
beam-alemtuzumab,2,0,2
paina,2,0,2
vixr,2,0,2
dimetridazol,2,0,2
spiruroids,2,0,2
coley,2,0,2
ha-1a,2,0,2
oesinophil,2,0,2
po-38,2,0,2
po-44,2,0,2
metformin/actimycin,2,0,2
uctum,2,0,2
cerumen,2,0,2
anisocorie,2,0,2
tacro,2,0,2
vikriti,2,0,2
pirenoxin,2,0,2
arsenics,2,0,2
ugc,2,0,2
ci1040,2,0,2
hes/terlipressin,2,0,2
midotrine,2,0,2
mitodrine,2,0,2
sulfo-nhs-ssbiotin,2,0,2
mycobactins,2,0,2
spepaniuk,2,0,2
moghaddam,2,0,2
shiv,2,0,2
theophilus,2,0,2
rmil-1ra,2,0,2
zixuan,2,0,2
shringrix,2,0,2
h4b,2,0,2
pulseoximeter,2,0,2
.methicillin,2,0,2
tpa-abl,2,0,2
lp6,2,0,2
mmf/tacrolimus,2,0,2
aza/tacrolimus,2,0,2
sevelamerhydrochloride,2,0,2
precision@k,2,0,2
@1@3@5,2,0,2
@10@20,2,0,2
fabra,2,0,2
il1/,2,0,2
ctz,2,0,2
dcia,2,0,2
rhagoletis,2,0,2
l-carrageenan,2,0,2
aloxide,2,0,2
cdgl,2,0,2
astragulus,2,0,2
tmp/,2,0,2
radixficisimplicissimae,2,0,2
proil-1b,2,0,2
ep/,2,0,2
buderus,2,0,2
sirna-and,2,0,2
diclofenac-in,2,0,2
legambiente,2,0,2
pt-cd,2,0,2
perfluoran,2,0,2
rebutta,2,0,2
novosibirsk,2,0,2
ur-cb,2,0,2
treosulfanbased,2,0,2
biphen,2,0,2
cy,2,0,2
-rituximab,2,0,2
mofetilmycophenolat,2,0,2
chlorhexidine/,2,0,2
jeremyyoude,2,0,2
grepin,2,0,2
merodon,2,0,2
l-serine,2,0,2
retinis,2,0,2
-adefovir,2,0,2
l-fmau,2,0,2
lanoteplase,2,0,2
muricide,2,0,2
calamidazolium,2,0,2
nrsur7dq4,2,0,2
acyl-biotin,2,0,2
f-measure,2,0,2
pp090,2,0,2
pp092,2,0,2
imiquimodcream,2,0,2
pp238,2,0,2
hypomagnesaemia,2,0,2
savaş,2,0,2
wundhaken,2,0,2
janeiro,2,0,2
.propofol,2,0,2
kluth,2,0,2
hohenems,2,0,2
esb2,2,0,2
clavulane,2,0,2
parsifal,2,0,2
chlorhexidine-or,2,0,2
cyanoliseus,2,0,2
alefantis,2,0,2
flavonoids-dna,2,0,2
(hydroxyl)chloroquine,2,0,2
aga,2,0,2
sebastien,2,0,2
c-erythromycin,2,0,2
chelicerata,2,0,2
mir-35,2,0,2
rde-1,2,0,2
cnn-64,2,0,2
nsdb,2,0,2
bh-cine,2,0,2
omphalocele,2,0,2
rus,2,0,2
vozalis,2,0,2
nitrogenase,2,0,2
zl006,2,0,2
cimicidanol,2,0,2
cimicidol,2,0,2
cimicifugadine,2,0,2
@10@100,2,0,2
tris±,2,0,2
sea-,2,0,2
monoxide,2,0,2
endoglycanase,2,0,2
microsomes,2,0,2
rotate,2,0,2
jamar,2,0,2
heinrich,2,0,2
p-471,2,0,2
p-516,2,0,2
p-520,2,0,2
binswanger,2,0,2
p-601,2,0,2
p-662,2,0,2
p-670,2,0,2
hernia,2,0,2
herniorrhaphy,2,0,2
adriamycin/5-fu,2,0,2
25hydroxycholecalciferol,2,0,2
4hydroxycytidine,2,0,2
.magnolol,2,0,2
topbp,2,0,2
dl-propargylglycine,2,0,2
praeruptorin,2,0,2
betaherpesvirine,2,0,2
ws1,2,0,2
tgase1,2,0,2
mir-371a-3p,2,0,2
mir-371,2,0,2
silver-russel,2,0,2
bab,2,0,2
mrec,2,0,2
actinospore,2,0,2
ng50,2,0,2
meryl,2,0,2
adhsp,2,0,2
urologische,2,0,2
edad,2,0,2
efedrina,2,0,2
ara-c/mitoxantrone,2,0,2
zanolin,2,0,2
pegylatedinterferon-a,2,0,2
lcholine,2,0,2
pompa,2,0,2
trombectomia,2,0,2
bicava,2,0,2
trombi,2,0,2
usura,2,0,2
ago-mir-142,2,0,2
-cyclosporin,2,0,2
/l-cysteine,2,0,2
mukherjee,2,0,2
idurd,2,0,2
gip01,2,0,2
gip03,2,0,2
kmv04,2,0,2
kmv06,2,0,2
mpp07,2,0,2
mpp22,2,0,2
lichenicidin,2,0,2
mpp34,2,0,2
msp01,2,0,2
msp03,2,0,2
zop03,2,0,2
zop04,2,0,2
zop06,2,0,2
zop07,2,0,2
zop11,2,0,2
zop14,2,0,2
radiowave,2,0,2
pir-796,2,0,2
cyp-gst,2,0,2
massoth,2,0,2
5-hydroxymethylcystosine,2,0,2
androl,2,0,2
nifedipina,2,0,2
cisplatino,2,0,2
furusemide,2,0,2
methyleneflavonoid,2,0,2
hemodiafiltration,2,0,2
-lactoglobulin-lactoferrin,2,0,2
-59,2,0,2
multisectoral,2,0,2
sidepak,2,0,2
preprolactin,2,0,2
pyrazines,2,0,2
ribavirin/kg,2,0,2
theas03adjuvant,2,0,2
60nitazoxanide,2,0,2
munshiganj,2,0,2
oronero,2,0,2
.glabridin,2,0,2
phenformin-zn,2,0,2
v03,2,0,2
cisplatin/,2,0,2
14-jd,2,0,2
zonaria,2,0,2
fludarabine-treosulfan,2,0,2
fludarabine-melphalan,2,0,2
mapse,2,0,2
cemil,2,0,2
allergol,2,0,2
csurf,2,0,2
vapur,2,0,2
uconazol,2,0,2
p780,2,0,2
carbopenems,2,0,2
mirna20a,2,0,2
flu/cy,2,0,2
aak,2,0,2
rubi,2,0,2
guyton,2,0,2
erythromycin-salbe,2,0,2
stroganov,2,0,2
parascaptor,2,0,2
vacciniummembranaceum,2,0,2
zythia,2,0,2
strobii,2,0,2
amn107,2,0,2
presidida,2,0,2
dabf,2,0,2
picco-catheter,2,0,2
oleicacid,2,0,2
anticholeragen,2,0,2
3-ketosteroid,2,0,2
b-secretase,2,0,2
dogemon,2,0,2
c1onidine,2,0,2
mirnaisomers,2,0,2
ov,2,0,2
ndcg@10,2,0,2
candioli,2,0,2
sensa,2,0,2
celexa,2,0,2
toprol,2,0,2
wiedemannia,2,0,2
brillia,2,0,2
minjian,2,0,2
.ψ,2,0,2
77diphtheria,2,0,2
velacumantus,2,0,2
potamididae,2,0,2
canada-israel,2,0,2
glucoseelectrolyte,2,0,2
pramod,2,0,2
thue,2,0,2
anr,2,0,2
isolectins,2,0,2
moshe,2,0,2
resveratrol/,2,0,2
t-to-estrogen,2,0,2
hat/malaria,2,0,2
lubumbashi,2,0,2
cyhalothrin,2,0,2
matata,2,0,2
artemetherlumefantrin,2,0,2
mf-2,2,0,2
md-arac,2,0,2
g-csf/cyclophosphamide,2,0,2
udarabine-cytarabine,2,0,2
interleukin-27,2,0,2
4/fondaparinux,2,0,2
fonfdaparinux,2,0,2
oviparae,2,0,2
mosin,2,0,2
d-panthenol,2,0,2
anti-a-gal,2,0,2
approxmc3,2,0,2
hbv-pol,2,0,2
imipenem/cilistatin,2,0,2
fk506/rapamycin,2,0,2
vitamind-fortified,2,0,2
vitamind-mushrooms,2,0,2
nonparacetamol,2,0,2
hemodyn,2,0,2
liguria,2,0,2
.juglanin,2,0,2
.interferon-α,2,0,2
pd1-pdl1,2,0,2
vanhove,2,0,2
haldrup,2,0,2
valx,2,0,2
o/oxygen,2,0,2
ascorbie,2,0,2
meadsimplex,2,0,2
vestas,2,0,2
sessanta,2,0,2
gaddis,2,0,2
afluriaquadrivalent,2,0,2
441-kda1a,2,0,2
zn-c,2,0,2
ced-9,2,0,2
afya,2,0,2
.thalidomid,2,0,2
gemcitabin/cisplatin,2,0,2
canil,2,0,2
medroxyprogesteronacetat,2,0,2
of-penicillin,2,0,2
dspd,2,0,2
/-aminoglycoside,2,0,2
losporine,2,0,2
wirkstoff,2,0,2
poxand,2,0,2
artemisinin-a,2,0,2
3tc/,2,0,2
mirnas,2,0,2
savlon,2,0,2
bdp/formoterol,2,0,2
tflx,2,0,2
ciprofloxazin,2,0,2
bev,2,0,2
c6-cer,2,0,2
ncht,2,0,2
azithromycin(4,2,0,2
e2e,2,0,2
millio,2,0,2
9-hydroxyrisperidone,2,0,2
fpr2/,2,0,2
oenema,2,0,2
gradin,2,0,2
job,2,0,2
geschwulstähnliche,2,0,2
femodene,2,0,2
nantrophil,2,0,2
pneumokokkenimpfung,2,0,2
suggamadex,2,0,2
cornium,2,0,2
tl2,2,0,2
wsκs,2,0,2
vele,2,0,2
polythymidine,2,0,2
p.trichocarpa,2,0,2
eu,2,0,2
fp6,2,0,2
nrf2-sirna,2,0,2
miraxanthin,2,0,2
8-pn,2,0,2
ludovicin,2,0,2
peroxidic,2,0,2
hmgb1,2,0,2
csisomers,2,0,2
sema4a,2,0,2
platinum/pemetrexed,2,0,2
venodilation,2,0,2
arvac,2,0,2
hemoptoe,2,0,2
dragomir,2,0,2
silver-silver,2,0,2
cddo,2,0,2
r-d,2,0,2
mk-h4,2,0,2
atp-cone,2,0,2
ftsa,2,0,2
cladribine-tp,2,0,2
8-hydroxy-2'-deoxyguanosine,2,0,2
kojicacid,2,0,2
nigerazines,2,0,2
maravirok,2,0,2
sé,2,0,2
mo-mulv,2,0,2
syri,2,0,2
fb2,2,0,2
pegifna/ribavirin,2,0,2
cat-mscs,2,0,2
nicolaioidesin,2,0,2
rhinolalia,2,0,2
audiometriegeleidingsslechthorendheid,2,0,2
id-arac,2,0,2
biosimilarfilgrastim,2,0,2
csaavr,2,0,2
canoga,2,0,2
bb02,2,0,2
hcmv-mir-us25-1-5p,2,0,2
hexachlorophane,2,0,2
d-cysteinates,2,0,2
tenofovir/,2,0,2
doxorubicin/,2,0,2
ribavirin/hemoglobin,2,0,2
csa-me,2,0,2
propranololaerosol,2,0,2
tetravalentlive-attenuated,2,0,2
zfp36,2,0,2
aurka,2,0,2
pde4a,2,0,2
rpl554,2,0,2
cff,2,0,2
cadexomer,2,0,2
potassiumoleate,2,0,2
(diii).famciclovir,2,0,2
amil,2,0,2
ticum,2,0,2
igys,2,0,2
peg-thymosin,2,0,2
xine,2,0,2
citrullination,2,0,2
digitoxins,2,0,2
.giia,2,0,2
alopurinol,2,0,2
ammonium-nitrogen,2,0,2
.desethylchloroquine,2,0,2
andrographolidesulfonate,2,0,2
volvulus,2,0,2
mr147,2,0,2
renart,2,0,2
chikungunyachikungunya,2,0,2
aiteplase,2,0,2
thrombin-antithrombin,2,0,2
martel,2,0,2
roseus,2,0,2
mui,2,0,2
kadin,2,0,2
statin/,2,0,2
sulfam,2,0,2
dibrated,2,0,2
cocoon,2,0,2
duedonum,2,0,2
b-ad,2,0,2
sabahattin,2,0,2
diosmin-hesperidin,2,0,2
parietextm,2,0,2
rosini,2,0,2
sirna-4,2,0,2
ns2b(1,2,0,2
axiomsaxm,2,0,2
glaesver,2,0,2
nukam,2,0,2
peg-90,2,0,2
peg-180,2,0,2
peg-alfa-interferon-2b,2,0,2
peg-ifn+rbv,2,0,2
peginterferon-alpha2b,2,0,2
cholangiocarcinoma,2,0,2
h-prazosin,2,0,2
h]noradrenaline,2,0,2
h]-dihydroalprenolol,2,0,2
h-adenosine,2,0,2
thiopentobarbital,2,0,2
βadrenoceptor,2,0,2
h-nitrendipine,2,0,2
(-)norepinephrine,2,0,2
alclometasone,2,0,2
niitotane,2,0,2
levo-norgestrel,2,0,2
bv-gd-orf2,2,0,2
lindile,2,0,2
tanshen,2,0,2
tniia,2,0,2
mgvp,2,0,2
mabac,2,0,2
hcz,2,0,2
a-agonists,2,0,2
odianisidine,2,0,2
wheatgerm,2,0,2
24-epicastasterone,2,0,2
imqcream,2,0,2
rhptx-2,2,0,2
metabisulfite,2,0,2
fault,2,0,2
ssw.it,2,0,2
chromafenozide,2,0,2
fvm02,2,0,2
esat-6/,2,0,2
ullrasound,2,0,2
spiral-ct,2,0,2
gadod,2,0,2
iamide,2,0,2
mr-artrography,2,0,2
hexol,2,0,2
barna,2,0,2
-imatinib,2,0,2
propanol/chlorhexidine,2,0,2
varol,2,0,2
price-,2,0,2
lactu,2,0,2
hiv-er,2,0,2
vulgar,2,0,2
groll,2,0,2
albuin,2,0,2
verapami,2,0,2
panosso,2,0,2
poly[116-mp,2,0,2
nctx,2,0,2
cyclosporine-a-toxicity,2,0,2
asir,2,0,2
gadofosveset-contrast,2,0,2
contrast-enhanced,2,0,2
cs-cad,2,0,2
primovist,2,0,2
varamine-b,2,0,2
shermilamine-b,2,0,2
eudistomaolivaceum,2,0,2
cephalostatins,2,0,2
makaluvamines,2,0,2
phosphinate-zinc,2,0,2
mini-thiotepa,2,0,2
mir-us4,2,0,2
ffp2/,2,0,2
wc3rotavirus,2,0,2
rvht,2,0,2
myomectomy,2,0,2
temninalia,2,0,2
sinton,2,0,2
squamipleuris,2,0,2
tap,2,0,2
ovarectomy,2,0,2
amniae,2,0,2
ecf,2,0,2
excide,2,0,2
pld-carboplatin,2,0,2
fetocid,2,0,2
at6,2,0,2
d5-s2cp-cysteamine,2,0,2
s2cp-cysteamine,2,0,2
3methylcrotonylglycine,2,0,2
lovastatin/coenzymeq10,2,0,2
ct-amt-011,2,0,2
c3-carnitine,2,0,2
geldanamycin/17-aag,2,0,2
deoxycytidin,2,0,2
cef/pip,2,0,2
carboxyifosfamide,2,0,2
protaminechloride,2,0,2
rna-aminoglycoside,2,0,2
aminoacid1823,2,0,2
metasin,2,0,2
bromo-deoxyuridine,2,0,2
gorap,2,0,2
fs-scc,2,0,2
dalteparinsodium,2,0,2
glucotrend,2,0,2
acepromazine/ketamine,2,0,2
sataranjipura,2,0,2
amga,2,0,2
mboll,2,0,2
lmm-heparin,2,0,2
-prohnp1,2,0,2
ofenergy,2,0,2
1811,2,0,2
neop,2,0,2
-sildenafil,2,0,2
alpinia,2,0,2
denvc75,2,0,2
az-adrenoceptor,2,0,2
neuromab,2,0,2
antibiotic^.^^,2,0,2
sigel,2,0,2
peano,2,0,2
mir-1305,2,0,2
erythromycin.^^^,2,0,2
holodiastolic,2,0,2
rauchfrei,2,0,2
deepika,2,0,2
zolen,2,0,2
tazobac,2,0,2
kayakalp,2,0,2
vitamin/,2,0,2
sars-covrbd-based,2,0,2
mifepristone-misoprostol,2,0,2
strumazol,2,0,2
drugs-nitazoxanide,2,0,2
iipals,2,0,2
iipal2,2,0,2
bookheimer,2,0,2
snake,2,0,2
poly-histidine,2,0,2
-sotalol,2,0,2
-nifedipine,2,0,2
-labetalol,2,0,2
-losartan,2,0,2
no.14,2,0,2
pectobacterium,2,0,2
repoman,2,0,2
smsr,2,0,2
mamb,2,0,2
no.16,2,0,2
mesedin,2,0,2
krelin,2,0,2
pimpinellifolium,2,0,2
25-hydroxy-vitamin,2,0,2
potassium-decreased,2,0,2
bay73,2,0,2
all-glutamine,2,0,2
octenediol,2,0,2
.teriflunomide,2,0,2
hexamethylene-amiloride,2,0,2
genit,2,0,2
bisadducts,2,0,2
.hydroxyurea,2,0,2
.eribulin,2,0,2
ponto,2,0,2
2015.it,2,0,2
enduracidin,2,0,2
vitamin-a,2,0,2
guadix,2,0,2
levobupivacaïne,2,0,2
aldactazide,2,0,2
ipecg,2,0,2
estradiol17-b,2,0,2
wamm,2,0,2
flamethrower,2,0,2
vancomycin-teicoplanin,2,0,2
kenis,2,0,2
so-rafenib,2,0,2
hcq-led,2,0,2
layla,2,0,2
cryoprotectants,2,0,2
.actinomycin,2,0,2
thep,2,0,2
sulfo-nhsbiotin,2,0,2
rbr,2,0,2
promobot,2,0,2
atris,2,0,2
mohc,2,0,2
ll-ha1/l/,2,0,2
limbus,2,0,2
segel,2,0,2
lopinavir/ritonavir(kaletra,2,0,2
meldonium,2,0,2
cocarnit,2,0,2
hydroxyzinehydrochloride,2,0,2
dp178/t-20/enfuvirtide,2,0,2
t-20/enfuvirtide,2,0,2
bumin,2,0,2
jarosław,2,0,2
rbv/rifn-α2a,2,0,2
formoterolo,2,0,2
s-adenosyl-l-methionine,2,0,2
bathyproctus,2,0,2
mk-8,2,0,2
mepoli,2,0,2
odv-e35,2,0,2
lysobacter,2,0,2
-oac-clarithromycin,2,0,2
surgailis,2,0,2
ada-peg,2,0,2
naproxen-clarithromycin,2,0,2
-ombitasvir,2,0,2
ombitasvir-paritaprevir/ritonavir,2,0,2
ombitasvir-paritaprevir/ritonavir-dasabuvir,2,0,2
h.isora,2,0,2
tureek,2,0,2
warbler,2,0,2
theaflavin-3-ogallate,2,0,2
bovinepancreas,2,0,2
silverdiamine,2,0,2
wa-60,2,0,2
clopidogrel/placebo,2,0,2
orf1-encodedpolyprotein,2,0,2
funhaler,2,0,2
bcgv,2,0,2
ospa-basedlymerix,2,0,2
atovaquone-azithromycin,2,0,2
serotonergen,2,0,2
depressivität,2,0,2
s-methionine/,2,0,2
anti-ad,2,0,2
prognet,2,0,2
.artemisia,2,0,2
peg-based,2,0,2
mephalan,2,0,2
cd19-cart,2,0,2
l-csa-i,2,0,2
t-haplo,2,0,2
plerixaphor,2,0,2
p2x7r,2,0,2
ginko,2,0,2
eubosmina,2,0,2
soa,2,0,2
goneri,2,0,2
seto,2,0,2
kdc2,2,0,2
dm-nitrophen,2,0,2
chlorins,2,0,2
ketocholesterol,2,0,2
bmg,2,0,2
detrusorraphy,2,0,2
dlvap,2,0,2
penectomy,2,0,2
renova,2,0,2
5-alpha,2,0,2
nitroseoxide,2,0,2
public-private,2,0,2
lbsapsal,2,0,2
elshnig,2,0,2
andrografis,2,0,2
2100,2,0,2
azt/lamivudine,2,0,2
penicillin-g-benzathine,2,0,2
melusin,2,0,2
cefoperazon/sulbactam,2,0,2
coccinella,2,0,2
azd4547,2,0,2
ofp-14,2,0,2
ofp-15-007,2,0,2
hccc,2,0,2
hemangioblastoma,2,0,2
ps-05-023,2,0,2
mtrc,2,0,2
e-ps-13,2,0,2
fetald3,2,0,2
mir-517a,2,0,2
t-003,2,0,2
t-048,2,0,2
t-055,2,0,2
t-076,2,0,2
t-077,2,0,2
t-092,2,0,2
norethindroneacetate,2,0,2
t-118,2,0,2
t-122,2,0,2
t-140,2,0,2
bisulphate,2,0,2
t-146,2,0,2
t-166,2,0,2
t-176,2,0,2
t-178,2,0,2
t-184,2,0,2
t-190,2,0,2
t-193,2,0,2
t-195,2,0,2
t-197,2,0,2
t-223,2,0,2
granulosa,2,0,2
t-264,2,0,2
f-028,2,0,2
f-043,2,0,2
f-135,2,0,2
f-195,2,0,2
s-009,2,0,2
s-017,2,0,2
s-043,2,0,2
s-054,2,0,2
s-060,2,0,2
peg1,2,0,2
s-065,2,0,2
s-084,2,0,2
s-135,2,0,2
bioquip,2,0,2
heberferon,2,0,2
lems,2,0,2
l-plot,2,0,2
tiotropiumrespimat,2,0,2
isoprinosinum,2,0,2
sharpin,2,0,2
r.spinosissima,2,0,2
m.brassicae,2,0,2
m.persicariae,2,0,2
meala,2,0,2
fkh,2,0,2
os-formula,2,0,2
qmpsf,2,0,2
robiniophilamurr,2,0,2
astodrimersodium,2,0,2
icar-ar1,2,0,2
salvinia,2,0,2
penicillatus,2,0,2
5ivermectin,2,0,2
ascodipteron,2,0,2
fluoroglucose,2,0,2
petrobras,2,0,2
ralitrexed,2,0,2
pe01,2,0,2
mtbp,2,0,2
iso-tretinoin,2,0,2
adhoc,2,0,2
inh-rifampin,2,0,2
25-oh-vitamind3,2,0,2
5-fu/fa/irinotecan,2,0,2
telluride,2,0,2
preq,2,0,2
silesia,2,0,2
yannis,2,0,2
frieslandfoodshellas,2,0,2
unilever,2,0,2
previtae,2,0,2
medipix,2,0,2
aegis,2,0,2
gafchromic,2,0,2
-isorhamnetin-3-o-b-d,2,0,2
folfox6bevacizumab,2,0,2
/sulfamethoxazole,2,0,2
panoptis,2,0,2
andorra,2,0,2
gymnophalloides,2,0,2
fapesp,2,0,2
alfredo,2,0,2
neorogiotriol,2,0,2
hydrochaeris,2,0,2
arthr,2,0,2
ap214,2,0,2
dowson,2,0,2
sakt,2,0,2
cglobulin,2,0,2
related-ketoconazole,2,0,2
vesicae,2,0,2
hapax,2,0,2
hsa-mir-223,2,0,2
mir-378-3p,2,0,2
anti-mir-146a,2,0,2
cfpmir-646,2,0,2
etg,2,0,2
t-127,2,0,2
t-136,2,0,2
il-1b,2,0,2
f-080,2,0,2
f-096,2,0,2
il6/il6r,2,0,2
s-025,2,0,2
s-066,2,0,2
walkerdine,2,0,2
dataremdesivir,2,0,2
6-desfluoroquinolones,2,0,2
bipipered,2,0,2
fluorine-oxygen,2,0,2
chloroquinean,2,0,2
inspheroag,2,0,2
burulin,2,0,2
pyramethamin,2,0,2
epoetin-alpha,2,0,2
daunorubicin/cytarabine,2,0,2
triazolines,2,0,2
t-butylamine,2,0,2
sphinc,2,0,2
molybde,2,0,2
lubri,2,0,2
zuprevo,2,0,2
sedativums,2,0,2
syringocele,2,0,2
conanthus,2,0,2
n.parvifolium,2,0,2
atg12-atg5/atg16l,2,0,2
cantabilin,2,0,2
labl,2,0,2
pfa100,2,0,2
hanus,2,0,2
os60,2,0,2
sirolimus+tacrolimus,2,0,2
istvan,2,0,2
ceftazidime-and,2,0,2
plk-ds,2,0,2
timololi,2,0,2
ic31âadjuvant,2,0,2
tulipalin,2,0,2
plantaben,2,0,2
linola,2,0,2
baradon,2,0,2
achyranthan,2,0,2
-carotene,2,0,2
z-hypnotics,2,0,2
afan,2,0,2
cafebazaar,2,0,2
useval-dm,2,0,2
soyprotein/isoflavone,2,0,2
wfr,2,0,2
ncit,2,0,2
qzd,2,0,2
methylnitrosurea,2,0,2
lipemia,2,0,2
reinke,2,0,2
ofp-16-,2,0,2
ofp-19-,2,0,2
hepatoblastoma,2,0,2
imiquimodum,2,0,2
hos,2,0,2
antibiotisch,2,0,2
umazenil,2,0,2
yamanitin,2,0,2
milrinone+forskolin,2,0,2
foldrx,2,0,2
"hydroxychloroquine)""i",2,0,2
antib,2,0,2
guamani,2,0,2
mafp,2,0,2
cifn/rbv,2,0,2
zolt,2,0,2
arotinolol,2,0,2
acteonemertes,2,0,2
budcsonide,2,0,2
atl26,2,0,2
bib,2,0,2
lomazenil,2,0,2
philornis,2,0,2
lamivudine/adefovir,2,0,2
thymosin-a1,2,0,2
mil-12,2,0,2
butea,2,0,2
nimonic,2,0,2
kleist,2,0,2
hpv-test,2,0,2
nanoparaffin,2,0,2
aras,2,0,2
cg2,2,0,2
plexinb1,2,0,2
acuson,2,0,2
prta,2,0,2
cystatin-s,2,0,2
ernie,2,0,2
azitrocin,2,0,2
cellium,2,0,2
cisplatin/cetuximab,2,0,2
cerrena,2,0,2
laccase,2,0,2
demetri,2,0,2
granocel,2,0,2
yogurts,2,0,2
5-ketogluconate,2,0,2
anti-angiogenics,2,0,2
intraglobin,2,0,2
cmv-ly,2,0,2
eckel,2,0,2
caminopyrine,2,0,2
8-isoprostaglandin,2,0,2
alfadalone,2,0,2
ctla-4i,2,0,2
reflora,2,0,2
savastano,2,0,2
nanoprobes,2,0,2
stichopusvastus,2,0,2
gly-leu-metnhz,2,0,2
travancoricus,2,0,2
forskolin/genistein,2,0,2
camp/forskolin,2,0,2
eflow,2,0,2
tocofersolan,2,0,2
lactahedrin,2,0,2
erionite,2,0,2
malanje,2,0,2
laniarius,2,0,2
polioxantha,2,0,2
cckwbw,2,0,2
as0,2,0,2
anti-oestradiol,2,0,2
benhamiae,2,0,2
į-toxin,2,0,2
caulerpasertularioides,2,0,2
na-salicylate,2,0,2
haema,2,0,2
philistine,2,0,2
zangger,2,0,2
osterley,2,0,2
mercury/thimerosal,2,0,2
hpv18e7,2,0,2
ta-hpv,2,0,2
vd+losartan,2,0,2
bay-153,2,0,2
insulin-clamp,2,0,2
hsa-mir-876,2,0,2
16α-hydroxyprogesterone,2,0,2
adm2,2,0,2
fetalfa,2,0,2
-fluoxetine,2,0,2
buk,2,0,2
novosti,2,0,2
lopinavir/ritonavir/,2,0,2
sayano-shushensky,2,0,2
jogan,2,0,2
alyeskaoil,2,0,2
alyeska,2,0,2
piperalpha,2,0,2
ventumask,2,0,2
∆amiloride,2,0,2
cytogenet,2,0,2
pentoxyfillin,2,0,2
methylpredoisolone,2,0,2
bradycor,2,0,2
ambiseme,2,0,2
f-dex,2,0,2
luteolin7rutinoside,2,0,2
lautella,2,0,2
eulathyrus,2,0,2
nn50n,2,0,2
ops,2,0,2
apahc,2,0,2
nilitonib,2,0,2
udoteatrial,2,0,2
magnesiumaspartatehydrochloride,2,0,2
caracaraí,2,0,2
gastrinom,2,0,2
jlexilis,2,0,2
oocarpae,2,0,2
candidum,2,0,2
thymosinβ4,2,0,2
oldenlandia,2,0,2
h.purpurea,2,0,2
dosil-santamaria,2,0,2
vulnologica,2,0,2
thioether,2,0,2
herbsho-saiko-to,2,0,2
xiao-shai-hu-tang,2,0,2
benoxacor,2,0,2
halofenozide,2,0,2
azomite,2,0,2
nicorol,2,0,2
tolvaptans,2,0,2
satavaptan,2,0,2
lbz,2,0,2
pirl1,2,0,2
statins-simvastatin,2,0,2
dssg,2,0,2
dogcv,2,0,2
salmeterolo-fluticasone,2,0,2
sebesin,2,0,2
antinomycind,2,0,2
anticholinesterasic,2,0,2
amitriptiline,2,0,2
c1adribine,2,0,2
d'antica,2,0,2
mixanik,2,0,2
mofetilo,2,0,2
tris-heparin,2,0,2
imdp,2,0,2
sacubitrilo/valsartán,2,0,2
darunavir-m,2,0,2
chloralhydrat,2,0,2
gestus,2,0,2
oplopanax,2,0,2
torra,2,0,2
lilra2,2,0,2
betamethasone-17-valerate,2,0,2
g.verrucosa,2,0,2
progrado,2,0,2
thecamonas,2,0,2
yf17dvaccine,2,0,2
norepinephine,1,1,2
bersin,1,1,2
gorilline,1,1,2
sulfadinethoxine,1,1,2
biclutamide,1,1,2
stilbenavir,1,1,2
trimethoprime––sulfamethoxazole,1,1,2
terfenadine.6,1,1,2
antigenin,1,1,2
chloroquinechloroquine,1,1,2
fdropcvir,1,1,2
ruxlitinib,1,1,2
cyclocycline,1,1,2
azd3582,1,1,2
nitrosoureas).fotemustine,1,1,2
d.chlorozotocin,1,1,2
.fotemustine,1,1,2
d.fludarabine,1,1,2
theophiline,1,1,2
dansylglutathione,1,1,2
temfloxacin,1,1,2
temefloxacin,1,1,2
adamantane‐amantadine,1,1,2
glygen,1,1,2
flavonoide,1,1,2
bicyclomycin,1,1,2
dexmeditomidine,1,1,2
josephin,1,1,2
cantharidine,1,1,2
diprophylline,1,1,2
l’omalizumab,1,1,2
endomorphine,1,1,2
dimethylselenide,1,1,2
phenylethylsulphonylfluoride,1,1,2
p5-aspargine,1,1,2
flutamine,1,1,2
olestamivir,1,1,2
glufosfamide,1,1,2
methoxide,1,1,2
dihydropyran,1,1,2
rydroxychloroquine,1,1,2
ebovcelgosivir,1,1,2
netoglitazone,1,1,2
rivoglitazone,1,1,2
methylselenomethionine,1,1,2
levo­floxacin,1,1,2
osteogenin,1,1,2
nelfivavir,1,1,2
sesquiterpene,1,1,2
enzatulamide,1,1,2
metopateronol,1,1,2
hivganciclovir,1,1,2
azithromycinare,1,1,2
cefotaximeacyclovir,1,1,2
vsunitinib,1,1,2
eamlodipine,1,1,2
emacitentan,1,1,2
guertin,1,1,2
leflunomide.104leflunomide,1,1,2
pseudohaje,1,1,2
andaescin,1,1,2
nafomastat,1,1,2
hrclemastine,1,1,2
pterostilbine,1,1,2
remdisevir,1,1,2
doxyrubicin,1,1,2
actomycin,1,1,2
monomethylether,1,1,2
monteleone,1,1,2
satvawajaya,1,1,2
rora,1,1,2
glaucine,1,1,2
ns3‐telaprevir,1,1,2
peginterferon‐alfa,1,1,2
arenavir,1,1,2
parata,1,1,2
pitrilysin,1,1,2
insulysin,1,1,2
isoplumericin,1,1,2
faviprevir,1,1,2
levofloxacindoripenem,1,1,2
chuanxiong,1,1,2
tociclizumab,1,1,2
•acyclovir,1,1,2
cingolani,1,1,2
sulfametaxazole,1,1,2
•oseltamivir,1,1,2
noragmatine,1,1,2
methusalem,1,1,2
beta‐catenin,1,1,2
opicalcin,1,1,2
noradrenaline•dobutamine,1,1,2
imipenem‐cilastatin,1,1,2
digitoxingenin,1,1,2
chlorpheniramine.216,1,1,2
pädagogen,1,1,2
isoacronycine,1,1,2
thehaplosine,1,1,2
paclizumab,1,1,2
h).oseltamivir,1,1,2
norcloza­pine,1,1,2
chloropyramine,1,1,2
trimethroprim‐sulfamethoxazole,1,1,2
a.prochlorperazine,1,1,2
g.metronidazole,1,1,2
h.cholestyramine,1,1,2
i.loperamide,1,1,2
pigatinib,1,1,2
rescimetol,1,1,2
nitazoxanide.38,1,1,2
b).remdesivir,1,1,2
clavulatane,1,1,2
pirazinamide,1,1,2
rifampcin,1,1,2
guanidine‐cytosine,1,1,2
γvir,1,1,2
triamide,1,1,2
ruficornis,1,1,2
38)remdesivir,1,1,2
hcov‐229e.lopinavir,1,1,2
athlone,1,1,2
adefovirdidanosine,1,1,2
gamamab,1,1,2
usasovaprevir,1,1,2
lopinavir‐umifenovir,1,1,2
spaeranthine,1,1,2
biplanar,1,1,2
tetracycline.76,1,1,2
cinnamoylguanidine,1,1,2
eocine,1,1,2
trollioside,1,1,2
penicillin.76,1,1,2
flurane,1,1,2
withmoxifloxacin,1,1,2
loxacin,1,1,2
mebandazole,1,1,2
curcuphenol,1,1,2
isokaerophyllin,1,1,2
optonanogen,1,1,2
lazabemide,1,1,2
patriniaflavanone,1,1,2
olddoxycycline,1,1,2
old)mefloquine,1,1,2
novir,1,1,2
vinacapusine,1,1,2
alloyohimbine,1,1,2
acylcovir,1,1,2
methoxynepetaefolin,1,1,2
eriope,1,1,2
trigonoliimine,1,1,2
tomentolide,1,1,2
nurcan,1,1,2
kohrsolin,1,1,2
•azelastine,1,1,2
minone,1,1,2
trifluoroacetamidine,1,1,2
nitrotriazole,1,1,2
spegazzini,1,1,2
rubritepida,1,1,2
backgroundnifedipine,1,1,2
alureon,1,1,2
cats)ketoconazole,1,1,2
val−/acyclovir,1,1,2
val−/ganciclovir,1,1,2
fiol,1,1,2
chrystine,1,1,2
amarouciaxanthin,1,1,2
mytilin,1,1,2
oxazinin,1,1,2
alisporivir)•chloroquine,1,1,2
"2′,3′‐dideoxycytidine",1,1,2
hydroxyquercetin,1,1,2
hydrxychloroquine,1,1,2
hydroxychlorouine,1,1,2
fortacin,1,1,2
"zanamivir,11",1,1,2
desmethylcephalotaxinone,1,1,2
thiolactam,1,1,2
fluavir,1,1,2
posaconzole,1,1,2
linopristin,1,1,2
flopristin,1,1,2
chroramphenicol,1,1,2
gentmicin,1,1,2
chloramphenenicol,1,1,2
mg)–fosfomycin,1,1,2
strepsin,1,1,2
benzoquinoline,1,1,2
deepanam,1,1,2
chronogen,1,1,2
oxylamine,1,1,2
therapy35.telaprevir,1,1,2
glutamine‐glycine,1,1,2
endorphin,1,1,2
gücin,1,1,2
chlorphentiramine,1,1,2
pentaiodide,1,1,2
medocillin,1,1,2
midecamicine,1,1,2
rokytamycin,1,1,2
galifloxacin,1,1,2
clindamysin,1,1,2
trimethoprimsulfomethoxazole,1,1,2
ciprofloxocin,1,1,2
enicillin,1,1,2
roxitromycin,1,1,2
acithromycin,1,1,2
ceftriaksone,1,1,2
ceftazimide,1,1,2
ceftacidime,1,1,2
anphotericin,1,1,2
amhotericin,1,1,2
oxaprosine,1,1,2
oxaprozine,1,1,2
lindamycin,1,1,2
postdaptomycin,1,1,2
claridiromycin,1,1,2
cefaroxime,1,1,2
ciprofoxacin,1,1,2
a.enrofloxacin,1,1,2
b.doxycycline,1,1,2
toritonavir,1,1,2
grisin,1,1,2
triazepine,1,1,2
phylpro,1,1,2
chloramphenicolcycloheximide,1,1,2
oxazolinidone,1,1,2
nitroxolin,1,1,2
mykosenamphotericin,1,1,2
darunvir,1,1,2
s‐adenosyl‐l‐methionine,1,1,2
batzelladine,1,1,2
triclabedazole,1,1,2
vancoymcin,1,1,2
pulegon,1,1,2
metronidzole,1,1,2
cipirofloxacin,1,1,2
amidinopenicillin,1,1,2
rifanpin,1,1,2
linozolide,1,1,2
kezoconazole,1,1,2
glycycline,1,1,2
turimycin,1,1,2
carbopenem,1,1,2
sulphaguanidine,1,1,2
wortthalidomideticlopidinetroglitazone,1,1,2
brindicofovir,1,1,2
syntomycin,1,1,2
pyridazinone,1,1,2
theophyllinedipyridamole,1,1,2
saralasine,1,1,2
drochloride,1,1,2
konin,1,1,2
essramycin,1,1,2
lindomycine,1,1,2
"ganciclovir.80,82valganciclovir",1,1,2
erythropoietin.195telaprevir,1,1,2
carbonylimidazolide,1,1,2
topro,1,1,2
clarlithromycin,1,1,2
chloramphencol,1,1,2
flucloxacillincefazolin,1,1,2
ceftriaxone)cephalexin,1,1,2
imipenem.meropenem,1,1,2
b)amantadine,1,1,2
voriconzole,1,1,2
grayzone,1,1,2
ciprtofloxacin,1,1,2
cefuroximgentamicin,1,1,2
larithromycin,1,1,2
emtricitrabine,1,1,2
cefapirin,1,1,2
daptopmycin,1,1,2
altevir,1,1,2
gemfribrozil,1,1,2
tysabr,1,1,2
tripepetide,1,1,2
nigercin,1,1,2
tometronidazole,1,1,2
amoxcillin,1,1,2
rilpilvirine,1,1,2
cytidinediphosphatecholine,1,1,2
phosphorus.69,1,1,2
chloroquine.6,1,1,2
cosinium,1,1,2
catomaxomab,1,1,2
mitumomab,1,1,2
flluticasone,1,1,2
pithymidine,1,1,2
i.doxycycline,1,1,2
i.clindamycin,1,1,2
a.cytosine,1,1,2
i.thiamine,1,1,2
c.oseltamivir,1,1,2
salicyladmine,1,1,2
a.ceftriaxone,1,1,2
ubiquilin,1,1,2
raltegaravir,1,1,2
carbenicilin,1,1,2
pantaprazole,1,1,2
abc.neratinib,1,1,2
polymycin,1,1,2
c.methionine,1,1,2
valacyclovir.38,1,1,2
a.metoclopramide,1,1,2
c.erythromycin,1,1,2
d.ranitidine,1,1,2
poly‐glutamine,1,1,2
levofloxacin)/doxycycline,1,1,2
palmoplantar,1,1,2
52.ritonavir,1,1,2
trimethoprim‐sulfadiazine,1,1,2
rifambicine,1,1,2
levofloxain,1,1,2
cotimoxazole,1,1,2
voriconalzole,1,1,2
talecris,1,1,2
profloxacin,1,1,2
fireqi,1,1,2
sovosbuvir,1,1,2
faviperavir,1,1,2
darunavir‐ritonavir,1,1,2
.butorphanol,1,1,2
itrizole,1,1,2
zanamivir.14,1,1,2
rifampicin-,1,1,2
gentimicine,1,1,2
kolimycin,1,1,2
fetomodulin,1,1,2
umnogovi,1,1,2
ttp.hydroxychloroquine,1,1,2
lareotide,1,1,2
2020).azithromycin,1,1,2
•antihistamine,1,1,2
euphylline,1,1,2
﻿oseltamivir,1,1,2
hydroxyl‐chloroquine,1,1,2
boc‐oxazolidine,1,1,2
trichothecin,1,1,2
casuarine,1,1,2
b.ketamine,1,1,2
d.ketamine,1,1,2
cochicine,1,1,2
tinzaparine,1,1,2
or•primaquine,1,1,2
lacritin,1,1,2
guadinine,1,1,2
isodihydrosyringetin,1,1,2
astatide,1,1,2
antazanavir,1,1,2
p7794).streptomycin,1,1,2
hmcpts)rifampicin,1,1,2
r3501)omeprazole,1,1,2
hiv-1.ritonavir,1,1,2
clatrine,1,1,2
orexine,1,1,2
carboxyamidomethylcysteine,1,1,2
lévamisole,1,1,2
.ralimetinib,1,1,2
thiurea,1,1,2
trimethoprimsulfamethoxasole,1,1,2
312chloroquine,1,1,2
amlopdipine,1,1,2
gemcitumab,1,1,2
uroquinolone,1,1,2
dithiazanine,1,1,2
.satralizumab,1,1,2
vareniciline,1,1,2
jaline,1,1,2
tracolimus,1,1,2
azathyoprine,1,1,2
géfitinib,1,1,2
cremastrine,1,1,2
benzoisothiazole,1,1,2
jarastatin,1,1,2
dihydrothiazine,1,1,2
lmimosine,1,1,2
galaxolide,1,1,2
tetramethylrodamine,1,1,2
antipaine,1,1,2
concanavalin,1,1,2
allpurinol,1,1,2
zolimitriptan,1,1,2
s-(?)-ketamine,1,1,2
thazolidone,1,1,2
nelfinavirnelfinavir,1,1,2
dihydrocodone,1,1,2
shellone,1,1,2
.remdesvir,1,1,2
antihistaminesastemizole,1,1,2
erthromycin,1,1,2
nitrotryrosine,1,1,2
hjuridine,1,1,2
evrolimus,1,1,2
units).oseltamivir,1,1,2
hoofdpijn,1,1,2
denosine,1,1,2
cysteinehistidine,1,1,2
mpicillin,1,1,2
ticagrelo,1,1,2
hydroxyhyoscyamine,1,1,2
schloroquine,1,1,2
clorobiocin,1,1,2
gatifloxacine,1,1,2
grépafloxacine,1,1,2
etronidazole,1,1,2
oxibendazolediethylcarbamazine,1,1,2
carboxyatractyloside,1,1,2
nalapril,1,1,2
kinesine,1,1,2
purinol,1,1,2
methoxycryptopleurine,1,1,2
concamycin,1,1,2
sinicin,1,1,2
stenotrophmonas,1,1,2
simidazole,1,1,2
postganciclovir,1,1,2
koreaesomeprazole,1,1,2
epirrubicin,1,1,2
semedo,1,1,2
moksifloxacin,1,1,2
ofloxasin,1,1,2
chlorambucilprednisolone,1,1,2
.forodesine,1,1,2
boceproevir,1,1,2
carbenicilline,1,1,2
cysplatin,1,1,2
ethoposide,1,1,2
monfalcone,1,1,2
tenacsine,1,1,2
sinaptophizine,1,1,2
trastusumab,1,1,2
beutin,1,1,2
kamilaris,1,1,2
onitrochlorobenzene,1,1,2
topyridine,1,1,2
wybutosine,1,1,2
i'oseltamivir,1,1,2
lorvotuzumab,1,1,2
dinutuiximab,1,1,2
inotumumab,1,1,2
postsirolimus,1,1,2
emtracitabine,1,1,2
chlormustine,1,1,2
pnmaquine,1,1,2
procarbacin,1,1,2
somaostatin,1,1,2
noradenaline,1,1,2
å.saquinavir,1,1,2
emtricitabinetenofovir,1,1,2
hadil,1,1,2
collabomycin,1,1,2
tocililizumab,1,1,2
betaglucan,1,1,2
a.cyclosporine,1,1,2
cissidine,1,1,2
.galanthamine,1,1,2
thidine,1,1,2
acetazolamine,1,1,2
cholcine,1,1,2
demgegenuber,1,1,2
fistuloplasty,1,1,2
pemrolizumab,1,1,2
olanzepine,1,1,2
procan,1,1,2
l-(r)-carnitine,1,1,2
.pyridoxine,1,1,2
cleuvudine,1,1,2
valtocitabine,1,1,2
orthodianisidine,1,1,2
2020a).baricitinib,1,1,2
hyrdroxychloroquine,1,1,2
cosin,1,1,2
mithrarnycin,1,1,2
fluoroquinoloneeoxadiazolethione,1,1,2
8methoxyciprofloxacin,1,1,2
isatinemoxifloxacin,1,1,2
nicamycin,1,1,2
arnikacin,1,1,2
razaxaban,1,1,2
.pirodavir,1,1,2
sulfazalasine,1,1,2
lepidasvir,1,1,2
.ceftriaxone,1,1,2
ademethionine,1,1,2
spentinomycin,1,1,2
ostradiol,1,1,2
oxandrine,1,1,2
ofprotein,1,1,2
ganciclovir+valganciclovir,1,1,2
ledipasvirsofosbuvir,1,1,2
ceforanide,1,1,2
adductin,1,1,2
lenizulumab,1,1,2
famantadine,1,1,2
sulbactamampicillin,1,1,2
celestamine,1,1,2
-sofosbuvir,1,1,2
-paritaprevir,1,1,2
povidoneeiodine,1,1,2
.amikacin,1,1,2
.fosfomycin,1,1,2
lépirudine,1,1,2
bivalirudine,1,1,2
.halocyamine,1,1,2
oseltami6iroseltamivir,1,1,2
chleroquine,1,1,2
tizadine,1,1,2
pancuroniumbromide,1,1,2
anorepinephrine,1,1,2
cyelesporine,1,1,2
nifmdipine,1,1,2
.pexelizumab,1,1,2
5hydroxytryptamine,1,1,2
tunicmycin,1,1,2
/-capecitabine,1,1,2
prochlopererazine,1,1,2
c.sofosbuvir,1,1,2
7pioglitazone,1,1,2
ubicine,1,1,2
thalidomine,1,1,2
stercobilinogen,1,1,2
capecitabineoxaliplatin,1,1,2
ceutiximab,1,1,2
.erythromycin,1,1,2
tetrazycline,1,1,2
valganciclovir-resistenz,1,1,2
pheniramin,1,1,2
iodsalze,1,1,2
fenticonazol,1,1,2
fluomycin,1,1,2
ribamustin,1,1,2
farmorubicin,1,1,2
urogonadotropin,1,1,2
glutril,1,1,2
vectavir,1,1,2
stanciole,1,1,2
noroxycodone,1,1,2
kaempferolglucoside,1,1,2
trimeprazine,1,1,2
mxifloxacin,1,1,2
norfoxacin,1,1,2
eyrthromycin,1,1,2
oxacillin'/ciprofloxacin'/netilmicin,1,1,2
morfoline,1,1,2
ventilation).hydroxychloroquine,1,1,2
prednisoneprednisolone,1,1,2
iodopargyline,1,1,2
medidine,1,1,2
cholestiramine,1,1,2
memicine,1,1,2
leavir,1,1,2
dannorubicin,1,1,2
doxombicine,1,1,2
fluthicasone,1,1,2
cephalotaxane,1,1,2
anhydroharringtonine,1,1,2
cephalotaxidine,1,1,2
bretastatin,1,1,2
levomycetin,1,1,2
heparintyramine,1,1,2
thienothiazine,1,1,2
ndesethylhydroxychloroquine,1,1,2
trimethoprimsulfametaxozole,1,1,2
bezimidazole,1,1,2
adifovir,1,1,2
adenocaine,1,1,2
chyrriotrypsin,1,1,2
fidoximicin,1,1,2
tocillizumab,1,1,2
.oligomycin,1,1,2
ciprofloxcin,1,1,2
rabatin,1,1,2
lovafloxacin,1,1,2
maxzide,1,1,2
dxamethasone,1,1,2
intini,1,1,2
lactalysin,1,1,2
ucanazole,1,1,2
natalizmumab,1,1,2
ratib,1,1,2
epine,1,1,2
catenibacterium,1,1,2
pronamide,1,1,2
fenoverine,1,1,2
fosgemcitabine,1,1,2
trimethoprimsulfadioxine,1,1,2
zagopus,1,1,2
oxyuva,1,1,2
neticonazole,1,1,2
odalasvir,1,1,2
ikone,1,1,2
lbupivacaine,1,1,2
chlorheximide,1,1,2
antitransferrin,1,1,2
oselatmivir,1,1,2
cipro¯oxacin,1,1,2
sirnillimus,1,1,2
depotpenicilline,1,1,2
ml.oseltamivir,1,1,2
tildralkizumab,1,1,2
ihogaine,1,1,2
o:-chymotrypsin,1,1,2
dexynojirimycin,1,1,2
deoxyromanomycin,1,1,2
trypsinchymotrypsin,1,1,2
.albendazole,1,1,2
trophil,1,1,2
carfilzomibdexamethasone,1,1,2
cycloxolone,1,1,2
vinexin,1,1,2
psychlit,1,1,2
levosulpiride,1,1,2
epicatechine,1,1,2
elopiprazole,1,1,2
ceftiaxone,1,1,2
ildocaine,1,1,2
gadiodamide,1,1,2
gadodlamide,1,1,2
mercaptopropionylglycin,1,1,2
loncerin,1,1,2
ticlodipine,1,1,2
adryamicin,1,1,2
proximetacaine,1,1,2
aripirazole,1,1,2
capriprazine,1,1,2
liposomialdaunorubicin,1,1,2
hydroxorubicine,1,1,2
diethylaminoethyldextran,1,1,2
tubastrine,1,1,2
abipenem,1,1,2
pseudopterolide,1,1,2
deoxypseudopterolide,1,1,2
bisbutenolide,1,1,2
anordrine,1,1,2
soulattrolide,1,1,2
disparinol,1,1,2
thymetrypsin,1,1,2
.trovafloxacin,1,1,2
uvoxamine,1,1,2
ozoralizumab,1,1,2
vobarilizumab,1,1,2
linezoline,1,1,2
tathione,1,1,2
myrictin,1,1,2
chlorproguanildapsone,1,1,2
antisomatostatin,1,1,2
dibenzazepine,1,1,2
otine,1,1,2
dexbrompheniramine,1,1,2
tenfovir,1,1,2
fliximab,1,1,2
zaltoprofen,1,1,2
cyclophopamide,1,1,2
bafiromycin,1,1,2
momethasone,1,1,2
lepinephrine,1,1,2
linisopril,1,1,2
cetriaxone,1,1,2
thestatin,1,1,2
slatin,1,1,2
digaxigenin,1,1,2
doxarubicin,1,1,2
tucumán,1,1,2
ssulphocysteine,1,1,2
aprotin,1,1,2
methynitrosourea,1,1,2
buconazole,1,1,2
voiconazole,1,1,2
posaonazole,1,1,2
gansiklovir,1,1,2
moxioxacin,1,1,2
clarithroycin,1,1,2
rmsf.doxycycline,1,1,2
nitrofuradantin,1,1,2
uoradrenaline,1,1,2
thyoxine,1,1,2
thlabendazole,1,1,2
licine,1,1,2
tluorouracil,1,1,2
tobulin,1,1,2
.trypsin,1,1,2
jacquinet,1,1,2
olmersartan,1,1,2
otoxin,1,1,2
metazoline,1,1,2
sulfdiazine,1,1,2
hyosine,1,1,2
dipyrdamole,1,1,2
dexametharone,1,1,2
aziathioprine,1,1,2
sle.tacrolimus,1,1,2
levotyroxine,1,1,2
tiroxine,1,1,2
.alisporivir,1,1,2
cuspidata,1,1,2
gentumycin,1,1,2
corredine,1,1,2
kolestyramine,1,1,2
cmorphine,1,1,2
antiferrltin,1,1,2
feroxamine,1,1,2
niaoldipine,1,1,2
dfpyridamole,1,1,2
ropolone,1,1,2
foresterhill,1,1,2
takenone,1,1,2
nitazoxanideremdesivir,1,1,2
butamirate,1,1,2
remdevir,1,1,2
hydroxyquinolinone,1,1,2
hydroxyergotamine,1,1,2
hydergine,1,1,2
lachin,1,1,2
tcciprofloxacin,1,1,2
erthyromycin,1,1,2
offenbendazole,1,1,2
terbutoline,1,1,2
anfibatide,1,1,2
trimus,1,1,2
stychnine,1,1,2
liperudine,1,1,2
cefrtriaxone,1,1,2
lansoprozole,1,1,2
metaprolol,1,1,2
almesartan,1,1,2
axatilimab,1,1,2
kalinin,1,1,2
ketoconozole,1,1,2
oestrostilben,1,1,2
nitazonide,1,1,2
doxyclycin,1,1,2
romedex,1,1,2
toramyxin,1,1,2
hydroxychlorooquine,1,1,2
thiazoleimidazole,1,1,2
antilumiliximab,1,1,2
drugamphotericin,1,1,2
seemab,1,1,2
atorvastatine,1,1,2
clvancomycin,1,1,2
.aprotinin,1,1,2
methylergotamine,1,1,2
.tizoxanide,1,1,2
isoferritin,1,1,2
entactin,1,1,2
.lenzilumab,1,1,2
kalazar,1,1,2
βpinene,1,1,2
emtrictabine,1,1,2
trimethoprimsulphadiazine,1,1,2
/-dasabuvir,1,1,2
aminoxyrone,1,1,2
zincmethionine,1,1,2
ofmethionine,1,1,2
ethambuthol,1,1,2
pretocilizumab,1,1,2
fisogatinib,1,1,2
bigeminy,1,1,2
trimethylxanthine,1,1,2
rcaffeine,1,1,2
custine,1,1,2
imidazolethanamine,1,1,2
kabalin,1,1,2
trichlocarban,1,1,2
gancilovir,1,1,2
bidesethylhydroxychloroquine,1,1,2
dna.chloroquine,1,1,2
leupeptinin,1,1,2
roxsr,1,1,2
bethanacol,1,1,2
avoidmetoclopramide,1,1,2
mhllchloroquine,1,1,2
gactin,1,1,2
nesvacumab,1,1,2
azithromizine,1,1,2
bicin,1,1,2
klimazone,1,1,2
zephalosporine,1,1,2
cereolysin,1,1,2
sulfasalazopyrine,1,1,2
difenoconazole,1,1,2
josacine,1,1,2
lcysteinylglycine,1,1,2
tenafovir,1,1,2
sosfobuvir,1,1,2
métopirone,1,1,2
anthracin,1,1,2
desciclovir,1,1,2
moribavir,1,1,2
laxaphycine,1,1,2
2'-deoxyriboadenosine,1,1,2
viscosinamide,1,1,2
ketobemidone,1,1,2
capscaicin,1,1,2
obinitizumab,1,1,2
vancomycin.•,1,1,2
.isavuconazole,1,1,2
erythromycinrifampin,1,1,2
vaponephrine,1,1,2
amantadinerimantadine,1,1,2
cizumab,1,1,2
pralsetinib,1,1,2
anthrazycline,1,1,2
elbavir,1,1,2
depotestosterone,1,1,2
humine,1,1,2
parachloroamphetamine,1,1,2
nobuhide,1,1,2
valosin,1,1,2
tinazaparin,1,1,2
cotrimoxazolestreptomycin,1,1,2
rographolide,1,1,2
.lestaurtinib,1,1,2
likacin,1,1,2
klindamicin,1,1,2
doxaciclin,1,1,2
zosterin,1,1,2
cisplatnin,1,1,2
clindamicine,1,1,2
tocilzumab,1,1,2
alentuzumab,1,1,2
daratumomab,1,1,2
metronidasole,1,1,2
mepiricaine,1,1,2
permavir,1,1,2
flufenicol,1,1,2
erdafitinib,1,1,2
bellidifolin,1,1,2
uorothymine,1,1,2
.elvucitabine,1,1,2
aramine,1,1,2
oseltavir,1,1,2
cchloramphenicol,1,1,2
vavancomycin,1,1,2
ophylline,1,1,2
kepone,1,1,2
testostrone,1,1,2
aloprostadil,1,1,2
liposomalquercetin,1,1,2
axinitinib,1,1,2
proanthocyanidine,1,1,2
.desferrioxamine,1,1,2
keramine,1,1,2
acyctovir,1,1,2
n~-tigmine,1,1,2
ceftdaxone,1,1,2
tidocaine,1,1,2
garnitine,1,1,2
eamitine,1,1,2
forremdesivir,1,1,2
teneligliptindoes,1,1,2
hydralzine,1,1,2
tipranivir,1,1,2
-mab,1,1,2
claritheromycin,1,1,2
tazosin,1,1,2
tradinterol,1,1,2
ruscin,1,1,2
tetrozole,1,1,2
trimethoprimsulfamethoxazol,1,1,2
streptotricin,1,1,2
fagomine,1,1,2
gmnidine,1,1,2
.daclizumab,1,1,2
ginsensoside,1,1,2
chlorhexedine,1,1,2
thrigonosomone,1,1,2
hostasinine,1,1,2
dehydroschoberine,1,1,2
daphhimalenine,1,1,2
longphyllineside,1,1,2
daphenylline,1,1,2
oldhamine,1,1,2
ningnamycin,1,1,2
indomethocin,1,1,2
isocyclosporin,1,1,2
naquotinib,1,1,2
sobin,1,1,2
a.hydrocortisone,1,1,2
a.dexamethasone,1,1,2
c.dexamethasone,1,1,2
diethlycarbamazine,1,1,2
atezoluzimab,1,1,2
methylenedioxyamphetamine,1,1,2
enoxaparinin,1,1,2
durvalamab,1,1,2
taclolimus,1,1,2
lanamycin,1,1,2
tobramycininhalationen,1,1,2
antioxidantsadiponectin,1,1,2
cardarone,1,1,2
cavir,1,1,2
quinavir,1,1,2
testnevirapine,1,1,2
.isatuximab,1,1,2
.spartalizumab,1,1,2
evorolimus,1,1,2
savir,1,1,2
cyklofosfamide,1,1,2
filgrastin,1,1,2
asnis,1,1,2
transresveratrol,1,1,2
sopropanol,1,1,2
ndemethylanisodamine,1,1,2
tevacycline,1,1,2
.necitumumab,1,1,2
gammatocotrienol,1,1,2
olpaparib,1,1,2
cardiopetamine,1,1,2
adryamycine,1,1,2
mithoxantrone,1,1,2
acyclolovir,1,1,2
zinch,1,1,2
andrapamicin,1,1,2
sulfmethemoglobin,1,1,2
disobutamine,1,1,2
bumetadine,1,1,2
guanghuoxiang,1,1,2
valbenazine,1,1,2
pipaeracillin,1,1,2
taigecycline,1,1,2
deferriprone,1,1,2
mlysine,1,1,2
selisistat,1,1,2
αisonitrosopropiophenone,1,1,2
bismuth(ⅲ)-ciprofloxacin,1,1,2
viroconazole,1,1,2
scarboxymethylcysteine,1,1,2
eloxatine,1,1,2
-fostriecin,1,1,2
bisindenoisoquinoline,1,1,2
.cytidine,1,1,2
trametnib,1,1,2
benizimidazole,1,1,2
chloraquine,1,1,2
chlormethiazole,1,1,2
acilovir,1,1,2
tachykardien,1,1,2
moxifloxaxin,1,1,2
muripocin,1,1,2
colimicin,1,1,2
clinamycin,1,1,2
recordati,1,1,2
haeparin,1,1,2
brotini,1,1,2
miline,1,1,2
rcetin,1,1,2
gancicyclovir,1,1,2
lascufloxacin,1,1,2
productgemifloxacin,1,1,2
ofenkephalin,1,1,2
normetazocine,1,1,2
isoeudistomin,1,1,2
polyetylenoglycol,1,1,2
methylphenobarbitone,1,1,2
integramide,1,1,2
eldeirawi,1,1,2
alphavaccine,1,1,2
.elvitegravir,1,1,2
benzodipirazole,1,1,2
lifen,1,1,2
oxtetracycline,1,1,2
metimazole,1,1,2
rifamicin,1,1,2
methyphenol,1,1,2
xanthinazole,1,1,2
mg)-fosfomycin,1,1,2
benethamine,1,1,2
ivfoscarnet,1,1,2
polymixine,1,1,2
floxacine,1,1,2
cyprofloxacine,1,1,2
vidwabine,1,1,2
somantadine,1,1,2
norbuprenophine,1,1,2
icaridine,1,1,2
dimethyltryptamine,1,1,2
desvenlafaxin,1,1,2
proserpine,1,1,2
chymotrysin,1,1,2
thatnicorandil,1,1,2
xylomatazoline,1,1,2
antifungine,1,1,2
cloramine,1,1,2
kaletra_remdesivir,1,1,2
ahydroxychloroquine,1,1,2
acyklovir,1,1,2
ceropenem,1,1,2
tazonam,1,1,2
ffluconazole,1,1,2
thiazinimine,1,1,2
ramcilumab,1,1,2
sandostatine,1,1,2
ufidine,1,1,2
dipycidamole,1,1,2
freamine,1,1,2
prednlsone,1,1,2
gianantonin,1,1,2
deteamine,1,1,2
preclinipalivizumab,1,1,2
arevir,1,1,2
prodrugvalganciclovir,1,1,2
hphob,1,1,2
reddisivir,1,1,2
azthromycin,1,1,2
glibenclmide,1,1,2
ganciclivir,1,1,2
ransone,1,1,2
pompholyx,1,1,2
demeclocyclin,1,1,2
piperacin,1,1,2
nifurtimoxeflornithine,1,1,2
pholasin,1,1,2
myotone,1,1,2
pyribenzamine,1,1,2
argeatine,1,1,2
asulfidine,1,1,2
etoconazole,1,1,2
methylchymotrypsin,1,1,2
betabromoalanine,1,1,2
chlamydocin,1,1,2
pentileneterazole,1,1,2
rifampycin,1,1,2
keliximab,1,1,2
norephedrine,1,1,2
mizolastin,1,1,2
levarterenol,1,1,2
alphamethyldopa,1,1,2
clofazemine,1,1,2
methylprednisolonaceponide,1,1,2
fluocortin,1,1,2
mycactin,1,1,2
2oxolycorine,1,1,2
clondine,1,1,2
antireserpine,1,1,2
zervamicin,1,1,2
streptotozocin,1,1,2
uridinecytidine,1,1,2
tryptophanserotonin,1,1,2
zincpyrithione,1,1,2
listamine,1,1,2
methylxnthine,1,1,2
oxadiazolone,1,1,2
lprednisolone,1,1,2
oican,1,1,2
amflutizole,1,1,2
mytidine,1,1,2
bentonine,1,1,2
atezolimumab,1,1,2
atzeolizumab,1,1,2
bglobin,1,1,2
buttin,1,1,2
zamamivir,1,1,2
ofzanamivir,1,1,2
trophamine,1,1,2
adaline,1,1,2
sotradecol,1,1,2
tazolol,1,1,2
eorticosterone,1,1,2
desfcrrioxamine,1,1,2
ganciolovir,1,1,2
.clofazimine,1,1,2
dtubocurarin,1,1,2
drine,1,1,2
togavir,1,1,2
hypot+ephedrine,1,1,2
macrolidelincosamide,1,1,2
gramone,1,1,2
fluarabin,1,1,2
foscarnet+ganciclovir,1,1,2
yrazine,1,1,2
improveclarithromycin,1,1,2
antipertuzumab,1,1,2
antiipilimumab,1,1,2
lulin,1,1,2
ritaonavir,1,1,2
grtin,1,1,2
fucidine,1,1,2
.pepsin,1,1,2
lavivir,1,1,2
ofketamine,1,1,2
galdesivir,1,1,2
.daptomycin,1,1,2
eroxacin,1,1,2
gliadine,1,1,2
alandronat,1,1,2
dpseudoephedrine,1,1,2
chelone,1,1,2
.olanzapine,1,1,2
ofremdesivir,1,1,2
captepril,1,1,2
styramine,1,1,2
prostoglandine,1,1,2
ednisone,1,1,2
ledobenzamide,1,1,2
picin,1,1,2
danosine,1,1,2
dinavir,1,1,2
tabine,1,1,2
nevir,1,1,2
procalamine,1,1,2
avoidenrofloxacin,1,1,2
darbazine,1,1,2
ofbleomycin,1,1,2
gajic,1,1,2
axithromycin,1,1,2
lflmipenem,1,1,2
pravir,1,1,2
famiclovir,1,1,2
gastrogralin,1,1,2
tenofvir,1,1,2
romidepsine,1,1,2
epolactaene,1,1,2
belomycin,1,1,2
lobin,1,1,2
mephyramine,1,1,2
promacyclin,1,1,2
dalargine,1,1,2
prutactine,1,1,2
ladex,1,1,2
crcalinine,1,1,2
renitidine,1,1,2
erylhromycin,1,1,2
methyiprednisolone,1,1,2
hsmine,1,1,2
cicinsporin,1,1,2
tosatoxumab,1,1,2
analogpenciclovir,1,1,2
netilmycine,1,1,2
prometazine,1,1,2
mycofenolatmofetil,1,1,2
micronazole,1,1,2
cabapenem,1,1,2
olazapine,1,1,2
gadoline,1,1,2
mopyridone,1,1,2
tapimycin,1,1,2
cotrimoxasole,1,1,2
flumarin,1,1,2
levofloxaxin,1,1,2
fofomycin,1,1,2
.danoprevir,1,1,2
oseltamivirzanamivir,1,1,2
thiazolinone,1,1,2
nacriclasine,1,1,2
fium,1,1,2
.aminophylline,1,1,2
јdeoxyuridine,1,1,2
5αdihydrotestosterone,1,1,2
remdesirvir,1,1,2
transamantadine,1,1,2
bronoseltamivir,1,1,2
becavizumab,1,1,2
driamycin,1,1,2
biotinepoxomicin,1,1,2
ofimmunoglobulin,1,1,2
cycioheximide,1,1,2
cycloporine,1,1,2
fclofarabine,1,1,2
atovarstatin,1,1,2
amautadine,1,1,2
aeyclovir,1,1,2
roxitromycine,1,1,2
dexibuprofen,1,1,2
bamipin,1,1,2
pentoxyverin,1,1,2
liserdol,1,1,2
termozolomide,1,1,2
tropin,1,1,2
defroxamine,1,1,2
vermurafenib,1,1,2
tunnin,1,1,2
gclatin,1,1,2
nitropit,1,1,2
nlcohol,1,1,2
iodcosin,1,1,2
nifedlpine,1,1,2
nitroelycerine,1,1,2
mg)+daclatasvir,1,1,2
sofosbuvir+ledipasvir,1,1,2
hoegl,1,1,2
eficonazole,1,1,2
isavaconazole,1,1,2
ecol,1,1,2
gentamicinkanamycin,1,1,2
telitromycin,1,1,2
rimantadinerimantadine,1,1,2
euthanol,1,1,2
papaverin,1,1,2
harefi,1,1,2
ruxotlitinib,1,1,2
lidocaineprilocaine,1,1,2
ⅲgalidesivir,1,1,2
triptonine,1,1,2
lopinavir+ritornavir,1,1,2
bariticinib,1,1,2
monensine,1,1,2
valanciclovir,1,1,2
canacinumab,1,1,2
chlaritromycine,1,1,2
amphoterecine,1,1,2
ivacyclovir,1,1,2
schurft,1,1,2
glutinone,1,1,2
enorfloxacin,1,1,2
chlotetracycline,1,1,2
palmitamide,1,1,2
quitazine,1,1,2
hydroxybenzylbenzimidazole,1,1,2
sarmazenil,1,1,2
nornicotine,1,1,2
thionol,1,1,2
gallone,1,1,2
monticone,1,1,2
dfampicin,1,1,2
doxcycyline,1,1,2
trettin,1,1,2
ofadducin,1,1,2
aganciclovir,1,1,2
treetine,1,1,2
prednitolone,1,1,2
lisinoropril,1,1,2
aminoguauidine,1,1,2
earbamazepine,1,1,2
thaopylline,1,1,2
apretinin,1,1,2
hygremycin,1,1,2
nieardipine,1,1,2
estradiole,1,1,2
idarrubicine,1,1,2
antracicline,1,1,2
loretadine,1,1,2
karbapenem,1,1,2
cycophosphamide,1,1,2
mitozantrone,1,1,2
dexclorfeniramine,1,1,2
thioredoksin,1,1,2
tbutanol,1,1,2
chlorpyrifosethylene,1,1,2
doksazosin,1,1,2
butoxamine,1,1,2
autiopronin,1,1,2
kavir,1,1,2
cervavix,1,1,2
fingelimod,1,1,2
amerin,1,1,2
redisevir,1,1,2
phermacol,1,1,2
rifanapicin,1,1,2
cytoeholasine,1,1,2
gincuronide,1,1,2
aprindine,1,1,2
audanosine,1,1,2
acetylcboline,1,1,2
trifluperazine,1,1,2
glibenelamide,1,1,2
s)-diprafenone,1,1,2
meexipril,1,1,2
bethanecbol,1,1,2
bisabolole,1,1,2
selenodisulfide,1,1,2
h]acetylcholine,1,1,2
acfinomycin,1,1,2
ifensine,1,1,2
isosproteranol,1,1,2
nalexonazine,1,1,2
memantin,1,1,2
dibromomethane,1,1,2
bromomethylcholine,1,1,2
védolizumab,1,1,2
paramavir,1,1,2
asremdesivir,1,1,2
tanospermine,1,1,2
dimethanol,1,1,2
eponemycin,1,1,2
tnidazole,1,1,2
methoserpidine,1,1,2
periciazine,1,1,2
dimethylxanthine,1,1,2
recomendamos,1,1,2
pimozide.-cisapride.-tacrolimus.-sildenafil.-cilostazol.-omeprazole.-vinblastine,1,1,2
sle.tofacitinib,1,1,2
gefatinib,1,1,2
methylcyclopentane,1,1,2
riperidone,1,1,2
omide,1,1,2
doxyclycline,1,1,2
osehamivir,1,1,2
.loxoribine,1,1,2
ethnol,1,1,2
rotigotin,1,1,2
sulphydril,1,1,2
canthromycin,1,1,2
ciprofloucin,1,1,2
amidarone,1,1,2
medetetomidine,1,1,2
trimethoprimsulphametoxazole,1,1,2
eritromycine,1,1,2
dehydepiandrosterone,1,1,2
nontenofovir,1,1,2
netromidazole,1,1,2
trimetoprimsulfamethoxazole,1,1,2
methionineisoleucine,1,1,2
ferrocholoroquine,1,1,2
mprodarunavir,1,1,2
mprolopinavir,1,1,2
pushkina,1,1,2
ciclophosfamide,1,1,2
salazopirine,1,1,2
benzylpencillin,1,1,2
mexilletine,1,1,2
epnastine,1,1,2
methalcholine,1,1,2
quinalapril,1,1,2
orthotolidine,1,1,2
butylimidazole,1,1,2
winstrol,1,1,2
methochloride,1,1,2
chlorpyrifos).diphenhydramine,1,1,2
cyclamiretin,1,1,2
sinapine,1,1,2
micrococcin,1,1,2
methisoprinole,1,1,2
eprirubicin,1,1,2
rituxmimab,1,1,2
dialanine,1,1,2
.nifedipine,1,1,2
amrubicinol,1,1,2
methy\prednisolone,1,1,2
rnf216,1,1,2
.aripiprazole,1,1,2
monocrotalin,1,1,2
sidone,1,1,2
rednisone,1,1,2
erythropoetine,1,1,2
/-azacytidine,1,1,2
annexine,1,1,2
anciclovir,1,1,2
almonertinib,1,1,2
agentsclarithromycin,1,1,2
kansuinin,1,1,2
flncloxacillin,1,1,2
itu.ganciclovir,1,1,2
naheparin,1,1,2
ghitathione,1,1,2
chlornmphenicol,1,1,2
lovine,1,1,2
theophyllinum,1,1,2
nitretyrosine,1,1,2
isoprotherenol,1,1,2
oftoxacin,1,1,2
netiimicin,1,1,2
lilr,1,1,2
perphtoran,1,1,2
ooxygen,1,1,2
bilirabine,1,1,2
aoradrenaline,1,1,2
belamycin,1,1,2
oliogmycin,1,1,2
.mepolizumab,1,1,2
medisin,1,1,2
nitrityrosine,1,1,2
aazithromycin,1,1,2
dexamithasone,1,1,2
osteogenesiscan,1,1,2
.naltrexone,1,1,2
salvinorine,1,1,2
silutuximab,1,1,2
withaminothiazole,1,1,2
chymotrypsin.trypsin,1,1,2
elastatin,1,1,2
arilumab,1,1,2
andtrazodone,1,1,2
"budesonide,¯uticasone",1,1,2
thienobenzodiazepine,1,1,2
adenofovir,1,1,2
jmethionine,1,1,2
benzolactam,1,1,2
inmatinib,1,1,2
salicylcarnosine,1,1,2
fentolamine,1,1,2
mir-106a,1,1,2
tactolimus,1,1,2
dieldtin,1,1,2
mas.nilotinib,1,1,2
cefatriaxone,1,1,2
cystathione,1,1,2
nonrifampicin,1,1,2
nurexin,1,1,2
cytostat,1,1,2
trimethopin,1,1,2
livamisole,1,1,2
pulsecyclophosphamide,1,1,2
hydroxyxchloroquine,1,1,2
thevaccine,1,1,2
nitrogylcerine,1,1,2
cysplatine,1,1,2
cidofavir,1,1,2
busulfan+fludarabine,1,1,2
vanlafaxine,1,1,2
milataxel,1,1,2
nhydroxycytidine,1,1,2
psslmethionine,1,1,2
tromethamol,1,1,2
alpinumisoflavone,1,1,2
rhynchosciara,1,1,2
µm.niclosamide,1,1,2
peramvir,1,1,2
virus.oseltamivir,1,1,2
mecaprine,1,1,2
tiamazole,1,1,2
imiquiimod,1,1,2
hectochlorin,1,1,2
.phenylephrine,1,1,2
perov,1,1,2
lplastin,1,1,2
rituxamab,1,1,2
ofethanol,1,1,2
sobianin,1,1,2
casescidofovir,1,1,2
cefpodoxine,1,1,2
gefitynib,1,1,2
noreadrenaline,1,1,2
tocilumab,1,1,2
tnnicamycin,1,1,2
.telithromycin,1,1,2
oiigomycin,1,1,2
epstatin,1,1,2
nowdazole,1,1,2
itraconaozole,1,1,2
cidofofovir,1,1,2
alemzutumab,1,1,2
ecuizumab,1,1,2
secystathionine,1,1,2
thymoglobin,1,1,2
amasacrine,1,1,2
rituximabbendamustin,1,1,2
ramiprifat,1,1,2
krasin,1,1,2
thryoxine,1,1,2
ciprofloxacindexamethasone,1,1,2
ribofuranosine,1,1,2
oxypuririol,1,1,2
plaquanil,1,1,2
mamide,1,1,2
ouabaine,1,1,2
diethylcarbazine,1,1,2
acetaminophene,1,1,2
tuntiamycin,1,1,2
tunicamyein,1,1,2
cortisonelhydrocortisone,1,1,2
penicillopepsin,1,1,2
quinineclindamycine,1,1,2
itaconazole,1,1,2
thymoglobine,1,1,2
indomethicine,1,1,2
basilixumab,1,1,2
ciproflaxcin,1,1,2
oxanosine,1,1,2
fendilin,1,1,2
procarabazine,1,1,2
linezolidmeropenem,1,1,2
deoxynosine,1,1,2
polamcoxib,1,1,2
famotine,1,1,2
linagliptine,1,1,2
-daptomycin,1,1,2
sulphamethylphenasole,1,1,2
fedratanib,1,1,2
sorefenib,1,1,2
safitri,1,1,2
laspartomycin,1,1,2
cystallomycin,1,1,2
telemeficine,1,1,2
sarelumab,1,1,2
centeon,1,1,2
comycine,1,1,2
parvaquone,1,1,2
cofloxacin,1,1,2
siprofloxacin,1,1,2
deflornithine,1,1,2
leflornithine,1,1,2
ivir,1,1,2
c6-ceramide,1,1,2
sorafanib,1,1,2
acyloguanosine,1,1,2
lipiarmycin,1,1,2
admriamycin,1,1,2
mesarazine,1,1,2
stibine,1,1,2
hatini,1,1,2
.crizanlizumab,1,1,2
chlorapromazine,1,1,2
éflornithine,1,1,2
79)remdesivir,1,1,2
innomycin,1,1,2
rifater,1,1,2
phenytonin,1,1,2
trimethoprinsulfamethoxazole,1,1,2
ruetoposide,1,1,2
hidroxychoroquine,1,1,2
tobramycindexamethasone,1,1,2
cyclomethylenetrinitramine,1,1,2
vereshchagin,1,1,2
5-aza-2¢-deoxycytidine,1,1,2
tricostatine,1,1,2
dihydroprogesterone,1,1,2
rosiglitasone,1,1,2
lauril,1,1,2
ethylmorphine,1,1,2
erytropoietin,1,1,2
urisidiol,1,1,2
cyclphosphamide,1,1,2
chlorambucilmethylprednisolone,1,1,2
respirine,1,1,2
colymycin,1,1,2
hydroxychloqoruine,1,1,2
postazithromycin,1,1,2
clarithrornycin,1,1,2
c).dobutamine,1,1,2
caciclovir,1,1,2
bacitramycin,1,1,2
algicide,1,1,2
ganclovir,1,1,2
fenothiazine,1,1,2
chirurgisch,1,1,2
fosaconazole,1,1,2
gemzitabine,1,1,2
foscanet,1,1,2
clorafabine,1,1,2
fluradarabine,1,1,2
nmethylhydroxylamine,1,1,2
cyllin,1,1,2
lef+cidofovir,1,1,2
osteltamavir,1,1,2
marcelline,1,1,2
seukinumab,1,1,2
diaphenilhydramine,1,1,2
plumabgin,1,1,2
beznidazole,1,1,2
hsv.valacyclovir,1,1,2
lipochitin,1,1,2
tigonin,1,1,2
deglucoruscin,1,1,2
nelifinavir,1,1,2
atv.fosamprenavir,1,1,2
celuprevir,1,1,2
arginine).arginine,1,1,2
metoprolole,1,1,2
oxyctocin,1,1,2
chlovaquine,1,1,2
radiobiol,1,1,2
aotin,1,1,2
pmtamine,1,1,2
thrcmbin,1,1,2
tentara,1,1,2
trimethop,1,1,2
selenocystamine,1,1,2
dglucoseamine,1,1,2
sorafeinib,1,1,2
trifluopromazine,1,1,2
bisurea,1,1,2
thoxamine,1,1,2
ut.noradrenaline,1,1,2
h]norepinephrine,1,1,2
enflurane,1,1,2
cetirizine).ruxolitinib,1,1,2
turbutaline,1,1,2
castasterone,1,1,2
h]cytidine,1,1,2
tenacin,1,1,2
prevaccine,1,1,2
relizumab,1,1,2
phenlhydazine,1,1,2
febratinib,1,1,2
tebufenozide,1,1,2
phosphoramidone,1,1,2
spiromycin,1,1,2
nitroxynil,1,1,2
helicoverpa,1,1,2
vicol,1,1,2
carolid,1,1,2
ethibloc,1,1,2
levofloxacillin,1,1,2
octreotide:-octreotide,1,1,2
apquinolone,1,1,2
noxacin,1,1,2
gemifloxtifloxacin,1,1,2
gaclarithromycin,1,1,2
estabclarithromycin,1,1,2
aminoglycotifloxacin,1,1,2
i.v.doxorubicine,1,1,2
i.p.cyclosporine,1,1,2
etrapenem,1,1,2
capillarisin,1,1,2
adirmycin,1,1,2
ciplatin,1,1,2
lipidol,1,1,2
peginterfron,1,1,2
arnoamine,1,1,2
demetyldeoxyamphimedine,1,1,2
mphimedine,1,1,2
fenfiuramine,1,1,2
cocaineamphetamine,1,1,2
andlisinopril,1,1,2
artesunatemefloquine,1,1,2
b-276,1,1,2
0homoabacavir,1,1,2
juromycin,1,1,2
zoanthamine,1,1,2
cephalostatin,1,1,2
leucettamine,1,1,2
.beclabuvir,1,1,2
doccol,1,1,2
achiamycin,1,1,2
vasohibin,1,1,2
micotil,1,1,2
pressat,1,1,2
betweenamantadine,1,1,2
sulphocysteine,1,1,2
sofusbuvir,1,1,2
spironolcatone,1,1,2
methyltioadenosine,1,1,2
datmorubicin,1,1,2
diestradiol,1,1,2
geutaminine,1,1,2
deferoxiamine,1,1,2
arac.idarubicin,1,1,2
cyclophesphamide,1,1,2
topetecan,1,1,2
prednimustin,1,1,2
monoglutathione,1,1,2
diglutathione,1,1,2
dexniguldipine,1,1,2
epidoxorubicin,1,1,2
cephazoline,1,1,2
rilimumab,1,1,2
.bictegravir,1,1,2
thiazolobenzmidazole,1,1,2
bestatine,1,1,2
benzamindine,1,1,2
amplodipine,1,1,2
podosin,1,1,2
esomus,1,1,2
mafloquine,1,1,2
autithrombin,1,1,2
ti¢lopidine,1,1,2
fhrombin,1,1,2
fraxipafine,1,1,2
ofthrombin,1,1,2
o~-antiplasmin,1,1,2
sulfamethoxozole,1,1,2
cefathiamidine,1,1,2
mycophenolatmophetil,1,1,2
lentiginosine,1,1,2
reaptan,1,1,2
balaxovir,1,1,2
loprinavir,1,1,2
trimethoprimsulphfamethoxazole,1,1,2
fysostigmine,1,1,2
influenzaoseltamivir,1,1,2
triamterenehydrochlorothiazide,1,1,2
156).zanamivir,1,1,2
claninamivir,1,1,2
metrodinazole,1,1,2
lariciersinol,1,1,2
cqazithromycin,1,1,2
cispatin,1,1,2
utrine,1,1,2
kinetine,1,1,2
dastinib,1,1,2
ecamulin,1,1,2
altitudinis,1,1,2
dihydroerythromycin,1,1,2
marplesornis,1,1,2
andosimertinib,1,1,2
endotoxine,1,1,2
thol,1,1,2
intravenousmethylprednisolone,1,1,2
cinromide,1,1,2
autoploide,1,1,2
bicórnis,1,1,2
bicuspidális,1,1,2
bimaculátus,1,1,2
progoneata,1,1,2
caseinogen,1,1,2
lábilis,1,1,2
ciliophora,1,1,2
ofmonensin,1,1,2
motuporin,1,1,2
exavir,1,1,2
zeaxanthine,1,1,2
d3-vitamin,1,1,2
riuximab,1,1,2
apixiban,1,1,2
dantrole,1,1,2
procabarbazine,1,1,2
.galiximab,1,1,2
.ramucirumab,1,1,2
.ranibizumab,1,1,2
phenylketone,1,1,2
.daclatasvir,1,1,2
ydroxylamine,1,1,2
ysteine,1,1,2
colehicine,1,1,2
jacozine,1,1,2
seneciphylline,1,1,2
isomeprazole,1,1,2
snitrosoglutathione,1,1,2
galanciclovir,1,1,2
carbamacepine,1,1,2
eslicarbacepine,1,1,2
tunacamycin,1,1,2
l'irbesartan,1,1,2
catepsine,1,1,2
"sj::,ectinomycin",1,1,2
betalactamine,1,1,2
tbofilgrastim,1,1,2
doxorubricin,1,1,2
benzimadizole,1,1,2
group).azithromycin,1,1,2
.homoharringtonine,1,1,2
nefazodon,1,1,2
friesin,1,1,2
.valinomycin,1,1,2
ruxolinib,1,1,2
allavoine,1,1,2
valaganciclovir,1,1,2
azatioprine,1,1,2
sulfamethoxazole).letermovir,1,1,2
xocaine,1,1,2
indanomycin,1,1,2
oritidine,1,1,2
thalydomide,1,1,2
hiv.tenofovir,1,1,2
adasuve,1,1,2
telotristat,1,1,2
delphinidine,1,1,2
veratrosine,1,1,2
tylocrepine,1,1,2
ervatamine,1,1,2
thalistine,1,1,2
thalmelatine,1,1,2
thalmirabine,1,1,2
thalphenine,1,1,2
thalrugosine,1,1,2
cinchophylline,1,1,2
verazine,1,1,2
angustifoline,1,1,2
glomerine,1,1,2
nifidipine,1,1,2
voricocanazole,1,1,2
hydroxiguanosine,1,1,2
betamethosone,1,1,2
euroline,1,1,2
prianos,1,1,2
.iodine,1,1,2
guyra,1,1,2
cyanidine,1,1,2
exaparine,1,1,2
basilximab,1,1,2
anasamycin,1,1,2
cefazotin,1,1,2
losiglitazone,1,1,2
tesofensine,1,1,2
sorfenib,1,1,2
novaminsulfone,1,1,2
dexmedatomidine,1,1,2
carbacholine,1,1,2
acethylcoline,1,1,2
indometecin,1,1,2
zerpa,1,1,2
ozagamicin,1,1,2
isogladine,1,1,2
baloxiavir,1,1,2
merfloquine,1,1,2
fasi,1,1,2
modiphamide,1,1,2
cadenosine,1,1,2
rifomycin,1,1,2
femmine,1,1,2
stretomycin,1,1,2
lestautinib,1,1,2
crenolinib,1,1,2
triazoloquinolone,1,1,2
benzothiadiazepine,1,1,2
proquamezine,1,1,2
dazole,1,1,2
sedecamycin,1,1,2
bendazole,1,1,2
emine,1,1,2
danin,1,1,2
.paritaprevir,1,1,2
aminoglutethamide,1,1,2
ld-5,1,1,2
vandetinib,1,1,2
postdoxorubicin,1,1,2
mir192,1,1,2
zanavir,1,1,2
admantadine,1,1,2
mmethylcarboxamide,1,1,2
methyloprednizolone,1,1,2
ifliximab,1,1,2
oflxacin,1,1,2
caproic,1,1,2
clomethiazole,1,1,2
calretinin,1,1,2
lormetazepam,1,1,2
.concanamycin,1,1,2
tetramethylhydroxide,1,1,2
.telaprevir,1,1,2
hexexidine,1,1,2
remdeivir,1,1,2
micin,1,1,2
sporopollenin,1,1,2
chlormethiozole,1,1,2
ceriops,1,1,2
fngolimod,1,1,2
tixocortol,1,1,2
coffeine,1,1,2
ofastatine,1,1,2
farnciclovir,1,1,2
laminvudine,1,1,2
querctin,1,1,2
adriamicine,1,1,2
khodamine,1,1,2
cmx012,1,1,2
tofacicitinib,1,1,2
drughydroxychloroquine,1,1,2
nivolumabipilimumab,1,1,2
metrozine,1,1,2
cefurixime,1,1,2
cotrimozazole,1,1,2
vibramycine,1,1,2
.olokizumab,1,1,2
stilboestrol,1,1,2
voricanazole,1,1,2
feneretinide,1,1,2
galidesrivir,1,1,2
favipirivir,1,1,2
nontocilizumab,1,1,2
sulak,1,1,2
thecan,1,1,2
nonetoposide,1,1,2
quinudalfopristin,1,1,2
.denosumab,1,1,2
diltiazemoseltamivir,1,1,2
l-[35slmethionine,1,1,2
camvir,1,1,2
staurospirone,1,1,2
rosigltiazone,1,1,2
f-086,1,1,2
nitropmsside,1,1,2
pentoxlfylline,1,1,2
metylpredniselone,1,1,2
rydrocortisone,1,1,2
pentoxffylline,1,1,2
thymaline,1,1,2
olmamine,1,1,2
giulamine,1,1,2
methylprednisoione,1,1,2
gfutathione,1,1,2
optinem,1,1,2
pharmakol,1,1,2
lindiol,1,1,2
anticystatin,1,1,2
naldemedine,1,1,2
cellulosin,1,1,2
roxithroromycin,1,1,2
trimethoprimsulfadimethoxine,1,1,2
.oxycodone,1,1,2
.voxilaprevir,1,1,2
imuthiol,1,1,2
olseltamivir,1,1,2
thymogubine,1,1,2
valtropin,1,1,2
ofchymotrypsin,1,1,2
tocin,1,1,2
trimethacarb,1,1,2
jiroveci,1,1,2
phenethanolamine,1,1,2
ttocilizumab,1,1,2
rruxolitinib,1,1,2
llenalidomide,1,1,2
iuridine,1,1,2
acetilcoline,1,1,2
trihexiphenidil,1,1,2
arechine,1,1,2
pyridostiginine,1,1,2
prasozine,1,1,2
fotémustine,1,1,2
atazonavir,1,1,2
katharine,1,1,2
pneumotachografen,1,1,2
calcine,1,1,2
parathenolide,1,1,2
trimethylpurine,0,2,2
menghai,0,2,2
arbido,0,2,2
hinam,0,2,2
srt200,0,2,2
pnone,0,2,2
tropatepine,0,2,2
ovalifoliolata,0,2,2
azeez,0,2,2
perimidinone,0,2,2
dihydroperimidine,0,2,2
tripyrrole,0,2,2
die.3,0,2,2
"amino)-4,7,10-trioxa-13-tridecanamine",0,2,2
problemstellungen,0,2,2
marktversagen,0,2,2
rückschlüssen,0,2,2
problemverständnis,0,2,2
bedarfen,0,2,2
kifunsine,0,2,2
chictr2000029544).favipiravir,0,2,2
lovastain,0,2,2
rosuvsatin,0,2,2
pravstatin,0,2,2
delingpole,0,2,2
dihydroquinazolin,0,2,2
propylphenazone,0,2,2
oraine,0,2,2
tiglylglycine,0,2,2
tiglylcarnitine,0,2,2
theonline,0,2,2
polhemus,0,2,2
allinovi,0,2,2
coumaroyltyramine,0,2,2
licoleafol,0,2,2
leptodactylone,0,2,2
dextran sulfate,0,2,2
cyotokine,0,2,2
sjrogen,0,2,2
vacccine,0,2,2
glycosaminoglycol,0,2,2
prolisec,0,2,2
tebanicline,0,2,2
ritonoavir,0,2,2
tropomysin,0,2,2
pro403,0,2,2
caride,0,2,2
alpert,0,2,2
kisspeptine,0,2,2
neuroopioide,0,2,2
diesjährigen,0,2,2
alibrahim,0,2,2
cortodoxone,0,2,2
hydroxyandrostenedione,0,2,2
geisbert,0,2,2
didemethylasterriquinone,0,2,2
alternaroil,0,2,2
griseoxanthone,0,2,2
janjati,0,2,2
umckalin,0,2,2
dihexanoylphosphatidylcholine,0,2,2
agnoproteinis,0,2,2
parahydrogen,0,2,2
pfizer,0,2,2
demetoxicurcumin,0,2,2
pavettanin,0,2,2
gallenblasensteine,0,2,2
nervenblockade,0,2,2
hydantoine,0,2,2
apokrine,0,2,2
zusammenhängt,0,2,2
oberflächenglykoproteine,0,2,2
amboine,0,2,2
bdelin,0,2,2
teicher,0,2,2
ansocalcin,0,2,2
thujanol,0,2,2
ritovir,0,2,2
cifotaxime,0,2,2
ebericol,0,2,2
benzeneacetamide,0,2,2
inflammation.38,0,2,2
π*c1–c2,0,2,2
met276,0,2,2
karline,0,2,2
eudicot,0,2,2
spanos,0,2,2
schiffen,0,2,2
langzeitbeobachtungen,0,2,2
radionucleide,0,2,2
scutinin,0,2,2
hosokawa,0,2,2
halgerdamine,0,2,2
yersiniachelin,0,2,2
temsilorimus,0,2,2
qitaihe,0,2,2
tosylarginine,0,2,2
aodemus,0,2,2
sanmiguel,0,2,2
pocrine,0,2,2
solnin,0,2,2
dasatenib,0,2,2
shubin,0,2,2
tegafycline,0,2,2
pietrantonio,0,2,2
"n',n'-tetrakis(2-pyridinylmethyl)-1,2-ethanediamine",0,2,2
anticitokine,0,2,2
lp prrsv strains,0,2,2
heathy,0,2,2
entrolobin,0,2,2
irini,0,2,2
tyr1049,0,2,2
pyramidoquinazolinone,0,2,2
cidofvir,0,2,2
cyanazine,0,2,2
deaths/10,0,2,2
gesundheitskompetenz,0,2,2
nafld.remdesivir,0,2,2
indianopolis,0,2,2
bradikynin,0,2,2
shaogaol,0,2,2
gingeronone,0,2,2
mignone,0,2,2
h33342,0,2,2
tetm+ermb,0,2,2
nchlorotaurine,0,2,2
butylenediamide,0,2,2
lisdexamphetamine,0,2,2
torniquet,0,2,2
n(mod,0,2,2
paspuel,0,2,2
filippidis,0,2,2
mls_cp,0,2,2
dchemokine,0,2,2
λcytokine,0,2,2
λdebris,0,2,2
schemokine,0,2,2
sdebris,0,2,2
ucytokine,0,2,2
ρcytokine,0,2,2
σchemokine,0,2,2
σdebris,0,2,2
ἔντομον,0,2,2
bioamine,0,2,2
andesm,0,2,2
convicine,0,2,2
chetone,0,2,2
ferriprotoporphyrine,0,2,2
frietag,0,2,2
jutras,0,2,2
abrami,0,2,2
nawabi,0,2,2
huisgen,0,2,2
epoposide,0,2,2
topotectan,0,2,2
yannet,0,2,2
kazatchkine,0,2,2
ramalingan,0,2,2
zaytseva,0,2,2
vyvanse,0,2,2
fosfomycin calcium,0,2,2
dimethylimidazole,0,2,2
fampyra,0,2,2
octahydroisoquinoline,0,2,2
vitro.69,0,2,2
slijmvliesoppervlak,0,2,2
alcoholes,0,2,2
methylamphetamine,0,2,2
noumi,0,2,2
zahler,0,2,2
ongoing.32,0,2,2
suizhou,0,2,2
xiangyang,0,2,2
televancin,0,2,2
space.9,0,2,2
bismerthiazole,0,2,2
lokelma,0,2,2
sodium ethoxide,0,2,2
caprini,0,2,2
butylcyclohexanone,0,2,2
cinnamyloxybenzotriazole,0,2,2
ripafentine,0,2,2
civetone,0,2,2
cycloheptadecanone,0,2,2
cyclododecanone,0,2,2
cyclohexadecanone,0,2,2
muscone,0,2,2
pezzoli,0,2,2
kg?we,0,2,2
shintani,0,2,2
karasin,0,2,2
arylketone,0,2,2
kennéy,0,2,2
fließschnupfen,0,2,2
mycothiol,0,2,2
cryptosanguinolentine,0,2,2
rosiglitazione,0,2,2
triazolopiridine,0,2,2
difluoromethylsulfonamide,0,2,2
thoridazine,0,2,2
taole,0,2,2
tedstone,0,2,2
thermozymocidin,0,2,2
rukachaisirikul,0,2,2
aminoadenosine,0,2,2
enteroviri,0,2,2
dihydroartemisin,0,2,2
neutraformalin,0,2,2
balasalazide,0,2,2
ramagopal,0,2,2
enrofloxcacin,0,2,2
norfloxcaxin,0,2,2
qutparabline,0,2,2
mesulgen,0,2,2
glycopetide,0,2,2
tovok,0,2,2
thiazolylaminopyrimidine,0,2,2
n-(4-isopropoxyphenyl)-4-(6-methoxy-7-(3-(piperidin-1-yl,0,2,2
grp94.novobiocin,0,2,2
ansamitocin,0,2,2
remitogen,0,2,2
lamotrogone,0,2,2
phosphine hydrochloride,0,2,2
isopropylethylamine,0,2,2
hineline,0,2,2
hvac_zone,0,2,2
nirupama,0,2,2
daolin,0,2,2
actidione,0,2,2
irgasin,0,2,2
dinitrobenzamide,0,2,2
orno,0,2,2
dymethylarginine,0,2,2
neusilin,0,2,2
rv‐ev,0,2,2
pingtan,0,2,2
hololectin,0,2,2
germ‐line,0,2,2
pentaketide,0,2,2
heptaketide,0,2,2
medimachine,0,2,2
oxpentifylline,0,2,2
modaquenil,0,2,2
equilin,0,2,2
padaglione,0,2,2
lotanavir,0,2,2
vonderhaar,0,2,2
polyethelenimine,0,2,2
borondipyrromethene,0,2,2
deoxyribonucleoside,0,2,2
kamph,0,2,2
yeffet,0,2,2
abilify,0,2,2
scarfone,0,2,2
österreichpatriotismus,0,2,2
forkel,0,2,2
guanide,0,2,2
tetrahydroazocine,0,2,2
eritromicin,0,2,2
p1178,0,2,2
temedicine,0,2,2
fehlcodierungen,0,2,2
abrahamian,0,2,2
fayoum,0,2,2
dimyristoylphosphatidylcholine,0,2,2
pilze,0,2,2
knu-0801,0,2,2
phaseococcin,0,2,2
diaminophenylmethane,0,2,2
rky172,0,2,2
tiamalin,0,2,2
iogen,0,2,2
disulone,0,2,2
cau214,0,2,2
rhodionin,0,2,2
acetylrodalgin,0,2,2
fallbesprechungen,0,2,2
δmucin,0,2,2
tetrahydropyrrole,0,2,2
arg1602,0,2,2
trp1538,0,2,2
verlängerungsleine,0,2,2
anagyris,0,2,2
santerre,0,2,2
retonavir,0,2,2
hemocyaine,0,2,2
micotossine,0,2,2
couteaudier,0,2,2
⟨a⟩,0,2,2
fallacara,0,2,2
tetrachloromethane,0,2,2
solution.69,0,2,2
bis(triphenylphosphine,0,2,2
corbicostat,0,2,2
mohafez,0,2,2
lcariine,0,2,2
metaarrestin,0,2,2
below).curcumin,0,2,2
pallidisetin,0,2,2
cumulatin,0,2,2
tristin,0,2,2
crepidatin,0,2,2
lunularin,0,2,2
plagiochine,0,2,2
δ1-tetrahydrocannabinol,0,2,2
lymphopoieitin,0,2,2
céfazoline,0,2,2
burkit,0,2,2
doxazolidine,0,2,2
trifluoromethylphenylpiperazine,0,2,2
napthyridine,0,2,2
alkenylene,0,2,2
octahydroquinazoline,0,2,2
aminoisoxazole,0,2,2
landesregierungen,0,2,2
sulfonamide nitrogen,0,2,2
amanatidine,0,2,2
bistheonellasterone,0,2,2
cyanobenzothiazole,0,2,2
tyrc,0,2,2
required.•in,0,2,2
methodsin,0,2,2
theresin,0,2,2
deubiquitinatin,0,2,2
glykopeptide,0,2,2
penicillinallergien,0,2,2
bereichert,0,2,2
sontoquine,0,2,2
concavaline,0,2,2
atemstörungen,0,2,2
beklemmungsgefühle,0,2,2
shatzel,0,2,2
tachyarrythmias,0,2,2
gazina,0,2,2
kohlway,0,2,2
transcriptome‐wide,0,2,2
sargencuneside,0,2,2
date.•,0,2,2
thermoplasty,0,2,2
harasawa,0,2,2
yadavalli,0,2,2
smiglaside,0,2,2
charytan,0,2,2
einschleppungsrisiko,0,2,2
rechtsbegriffe,0,2,2
cardesartan,0,2,2
nalaxolone,0,2,2
poonsuk,0,2,2
caritat,0,2,2
cyclooctane,0,2,2
acylguanidine,0,2,2
cyclooctylamine,0,2,2
rettab,0,2,2
mononegaviralis,0,2,2
hydroxysine,0,2,2
amentofalvone,0,2,2
transmissionsrisiko,0,2,2
ribas,0,2,2
isothiazolinone,0,2,2
gangotri,0,2,2
water).mavrilimumab,0,2,2
shown).mavrilimumab,0,2,2
nachgewiesenem,0,2,2
aquatex,0,2,2
dichlorophenylborane,0,2,2
grossiord,0,2,2
microglobilin,0,2,2
d900a,0,2,2
n6-threonylcarbamoyladenosine,0,2,2
großzahligen,0,2,2
tetraoxide,0,2,2
myritilin,0,2,2
lactucopicrin,0,2,2
inavoidingbone,0,2,2
chlorocytosine,0,2,2
gujer,0,2,2
hocheng,0,2,2
cathespsin,0,2,2
putresceine,0,2,2
pioglitasone,0,2,2
benchside,0,2,2
triphenylcarbinol,0,2,2
human).oseltamivir,0,2,2
glycinbetaine,0,2,2
ehnis,0,2,2
alhajj,0,2,2
reizgefühle,0,2,2
plastiras,0,2,2
geoide,0,2,2
nurre,0,2,2
batta,0,2,2
l.l.c,0,2,2
termolisin,0,2,2
gunazhou,0,2,2
depka,0,2,2
zhou,0,2,2
grätzel,0,2,2
"octahydro[1,4]dioxino[2,3-j]phenanthridin-6(2h)-one",0,2,2
symptoms.69,0,2,2
mupirocin calcium,0,2,2
ivig.tocilizumab,0,2,2
boughanem,0,2,2
val)acyclovir,0,2,2
ziekteverheffingen,0,2,2
nct04341584).canakinumab,0,2,2
okewole,0,2,2
olubunmi,0,2,2
compaine,0,2,2
bromadoline,0,2,2
hydroxyethyladenosine,0,2,2
harmone,0,2,2
vatalanib,0,2,2
luprolide,0,2,2
megesterol,0,2,2
poulat,0,2,2
chloroindole,0,2,2
leu492,0,2,2
gln493,0,2,2
methylpyrrolidone,0,2,2
melettin,0,2,2
adepovir,0,2,2
azadiractin,0,2,2
āgantujvara,0,2,2
jvara,0,2,2
tarunajvara,0,2,2
prasara,0,2,2
etoformin,0,2,2
scopine,0,2,2
benzylcarbamoyl)benzotriazole,0,2,2
cyclohexanemethylamine,0,2,2
σ1=0.08,0,2,2
umnugovi,0,2,2
dundgovi,0,2,2
corymbosin,0,2,2
staphyloccocu,0,2,2
biothionol,0,2,2
vibarabine,0,2,2
\end{document}:time,0,2,2
muconolactone,0,2,2
ficuseptine,0,2,2
mavrilumumab,0,2,2
khorasanian,0,2,2
˂5,0,2,2
schulterdystokie,0,2,2
vomifoliol,0,2,2
dehydrovomifoliol,0,2,2
annuionone,0,2,2
bombasinol,0,2,2
exemorelin,0,2,2
otosiban,0,2,2
argiprestocin,0,2,2
pegamopecan,0,2,2
bronchium,0,2,2
gerone,0,2,2
pirro,0,2,2
frensham,0,2,2
bio171,0,2,2
dianhydride,0,2,2
nitrosodimethylaniline,0,2,2
tolylfluanide,0,2,2
simeprevir qd,0,2,2
biphenylimidazole,0,2,2
pegfr,0,2,2
protocadherin,0,2,2
neurospine,0,2,2
methanothermus,0,2,2
sapistan,0,2,2
isocolumbin,0,2,2
cordifolide,0,2,2
palmarin,0,2,2
javincin,0,2,2
codinaeopsin,0,2,2
altenusin,0,2,2
oblongolide,0,2,2
benzofuranone,0,2,2
graphislactone,0,2,2
chaetopyranin,0,2,2
isotetrahydroauroglaucin,0,2,2
th-1-cytokine,0,2,2
provocholine,0,2,2
aminopyrrole,0,2,2
ribonolactone,0,2,2
überwiegen,0,2,2
affektinkontinenz,0,2,2
e.t.m,0,2,2
thiamine mononitrate,0,2,2
radusin,0,2,2
onychine,0,2,2
rotigaptide,0,2,2
grjebine,0,2,2
corr#1,0,2,2
einzunähen,0,2,2
edelsteine,0,2,2
pogrebin,0,2,2
phyocoerythrin,0,2,2
alnajar,0,2,2
ecocardiografías,0,2,2
pannone,0,2,2
polyallylamine,0,2,2
opistophtalmus,0,2,2
hydroxycantharidimide,0,2,2
irisquinone,0,2,2
sarcolysin,0,2,2
biomolane,0,2,2
rustaq,0,2,2
deoxynivalenone,0,2,2
neritaloside,0,2,2
oleandrinigen,0,2,2
threadworm,0,2,2
khainaoside,0,2,2
mölnlycke,0,2,2
mauno,0,2,2
bevridgean,0,2,2
enfuviride,0,2,2
sigmondontine,0,2,2
fluycytosine,0,2,2
gtttag-3,0,2,2
stresnil,0,2,2
fehlverhalten,0,2,2
kisiel,0,2,2
tambini,0,2,2
levimasole,0,2,2
fasciola gigantica,0,2,2
ser399,0,2,2
phe(2)-orn(8)-vasotocin,0,2,2
rusticyanin,0,2,2
rubredoxin,0,2,2
l.m.k,0,2,2
surfactantproteine,0,2,2
l-(−)-glutathione,0,2,2
dehydrolalanine,0,2,2
quiescin,0,2,2
thiazolopyrimidine,0,2,2
maiyo,0,2,2
cocklin,0,2,2
laurylsarcosine,0,2,2
caryolysine,0,2,2
carboxyphosphamide,0,2,2
oxazaphosphorine,0,2,2
gliomata,0,2,2
onrigin,0,2,2
trisethylene,0,2,2
hexastat,0,2,2
triazoquinone,0,2,2
oligopyrrole,0,2,2
bruneomycin,0,2,2
duborimycin,0,2,2
oxanthrazole,0,2,2
collinemycin,0,2,2
schaunardimycin,0,2,2
jaclacin,0,2,2
dynemicins,0,2,2
hydroxylactone,0,2,2
butoxyiminomethylcamptothecin,0,2,2
campthotecin,0,2,2
condyline,0,2,2
benzisoquinolinedione,0,2,2
cyclophosohamide,0,2,2
chlorosulfaquinoxaline,0,2,2
thymitaq,0,2,2
croysulfone,0,2,2
diphenasone,0,2,2
dumitone,0,2,2
novophone,0,2,2
leucovorin calcium,0,2,2
biosupressin,0,2,2
teratocarcinomata,0,2,2
dihydro-5-azacytidine,0,2,2
azidopyrimethamine,0,2,2
epi-4′-homocarbovir,0,2,2
radex,0,2,2
limitcytokine,0,2,2
limonine,0,2,2
pegifn/,0,2,2
"9-[2-(r)-(phosphonomethoxy)propyl]-2,6-diaminopurine",0,2,2
lacker,0,2,2
cytochine,0,2,2
nourine,0,2,2
bmb171,0,2,2
oxendolone,0,2,2
topilutamide,0,2,2
epristeride,0,2,2
kathrine,0,2,2
rrifa,0,2,2
amoxicllin,0,2,2
syringopeptin,0,2,2
grobelak,0,2,2
smallbone,0,2,2
hirsutine,0,2,2
rhynchociline,0,2,2
tetrahydroalstonine,0,2,2
pteropodine,0,2,2
isopteropodine,0,2,2
speciophylline,0,2,2
scytek,0,2,2
dehydrotylophorine,0,2,2
deoxytylophorinine,0,2,2
deoxytylophorine,0,2,2
thalifendine,0,2,2
pouchkine,0,2,2
covid-19shows,0,2,2
freqmine,0,2,2
raytrace,0,2,2
triphenylphoshphine,0,2,2
twintigvlak,0,2,2
salvecin,0,2,2
diphenhylpyraline,0,2,2
gesteine,0,2,2
glühendheiße,0,2,2
regen,0,2,2
ermöglichen,0,2,2
eiweißbausteine,0,2,2
eingetragen,0,2,2
restriktionsenzyms,0,2,2
gravettien,0,2,2
evolutionismus,0,2,2
naturgeschichte,0,2,2
vergrößert,0,2,2
oxaline,0,2,2
thiazepinone,0,2,2
taligen,0,2,2
muraricine,0,2,2
tetrahydrobenzylisoquinoline,0,2,2
bisbenzylsisoquinoline,0,2,2
neokauluamine,0,2,2
neurophilin,0,2,2
herzbeuteltamponade,0,2,2
pestflöhe,0,2,2
isoprekinamycin,0,2,2
lomaiviticin,0,2,2
nitrosohydrazone,0,2,2
shipstone,0,2,2
triazaspirone,0,2,2
jurine,0,2,2
ratole,0,2,2
arginine hydrochloride,0,2,2
sodium benzoate,0,2,2
methylprednsiolone,0,2,2
gemoad,0,2,2
flecanide,0,2,2
karno,0,2,2
entschärfen,0,2,2
histidylleucine,0,2,2
supone,0,2,2
valeranone,0,2,2
lungenversagen,0,2,2
sorbrerol,0,2,2
letosteine,0,2,2
cithiolone,0,2,2
tetraphenylethene,0,2,2
uidoquinol,0,2,2
somniferinine,0,2,2
withananine,0,2,2
pseudowithanine,0,2,2
anaferine,0,2,2
anahydrine,0,2,2
isopelletierine,0,2,2
withanosine,0,2,2
oxenone,0,2,2
ashwagandanolide,0,2,2
proteiform,0,2,2
glycerone,0,2,2
prosolin,0,2,2
isoproturone,0,2,2
paraprotein•urine,0,2,2
perfluoroisobutylene,0,2,2
tl‐3,0,2,2
polysulphone,0,2,2
polyetherketone,0,2,2
matavelli,0,2,2
cowbone,0,2,2
rr=4.1,0,2,2
ablysinol,0,2,2
abmole,0,2,2
hamrick,0,2,2
polydiene,0,2,2
criner,0,2,2
nimbolinin,0,2,2
calcheamycin,0,2,2
sulfonylazide,0,2,2
tecioplanin,0,2,2
ipilipumamb,0,2,2
blendgrade,0,2,2
leukoencephalopathy,0,2,2
egolf,0,2,2
percipimus,0,2,2
miniferritin,0,2,2
benzetimide,0,2,2
pyrinrethamine,0,2,2
formlabs,0,2,2
monobin,0,2,2
ornithodorin,0,2,2
nepropathy,0,2,2
benzopyrazine,0,2,2
deubiquitin,0,2,2
xylozene,0,2,2
irisflorentin,0,2,2
geleris,0,2,2
inversin,0,2,2
abranxane,0,2,2
nemonoxacin zabofloxacin,0,2,2
ticagrélor,0,2,2
course.9,0,2,2
licocalchone,0,2,2
glisoflavanone,0,2,2
jadavpur,0,2,2
ardibol,0,2,2
escalofríos,0,2,2
implicado,0,2,2
thr440,0,2,2
primavir,0,2,2
amixine,0,2,2
fluorene,0,2,2
"piperidin-1-ylmethyl)-benzo[4,5]imidazo[1,2-c]quinazoline",0,2,2
panine,0,2,2
haverslag,0,2,2
strepsirrhinin,0,2,2
haplorhine,0,2,2
dong'ao,0,2,2
shuilin,0,2,2
etutabine,0,2,2
confiriéndole,0,2,2
linatone,0,2,2
laryngismus,0,2,2
nonanthracycline,0,2,2
figlewski,0,2,2
titaniumdioxide,0,2,2
magini,0,2,2
kurumbagaram,0,2,2
cryoglobin,0,2,2
wilsonol,0,2,2
oligostilbene,0,2,2
leachianol,0,2,2
vaticaffinol,0,2,2
argabotran,0,2,2
geare,0,2,2
days.38,0,2,2
adaptorproteine,0,2,2
gebratenem,0,2,2
gebackenem,0,2,2
blastistin,0,2,2
y·f,0,2,2
vitamin-,0,2,2
responses.69,0,2,2
falin,0,2,2
quinepristin,0,2,2
benzylhydrazine,0,2,2
thioformamide,0,2,2
cyanomethylketone,0,2,2
benzyloxymethyloxirane,0,2,2
diacetylguanine,0,2,2
lipofusin,0,2,2
androstanol,0,2,2
nutrikine,0,2,2
bannantine,0,2,2
benefit.76,0,2,2
karakhalak,0,2,2
khunymuny,0,2,2
serotonin hydrochloride,0,2,2
sérine,0,2,2
muljačić,0,2,2
cycloeucalenol,0,2,2
erythrodiol,0,2,2
chinensin,0,2,2
prenyletin,0,2,2
polythionine,0,2,2
pannexin,0,2,2
tub_f,0,2,2
phenylpro,0,2,2
poxel,0,2,2
tselios,0,2,2
melagenine,0,2,2
toufen,0,2,2
yanezawa,0,2,2
ershad,0,2,2
vearrier,0,2,2
angueyra,0,2,2
fröschle,0,2,2
neocyclomorusin,0,2,2
monascropunctamine,0,2,2
benzothiadiazinylquinone,0,2,2
monochlorotriazine,0,2,2
magnesium bicarbonate,0,2,2
pericyazine,0,2,2
eidne,0,2,2
garvicin,0,2,2
atwine,0,2,2
abatacep,0,2,2
xenazine,0,2,2
yannikkaya,0,2,2
terchebin,0,2,2
colestin,0,2,2
aqrabawi,0,2,2
amyris,0,2,2
augenhöhe,0,2,2
sköld,0,2,2
ribonucleoside,0,2,2
wongyanin,0,2,2
disbrow,0,2,2
saltuximab,0,2,2
ochtendurine,0,2,2
plasmaferese,0,2,2
hartafwijkingen,0,2,2
isoxazol-5-one,0,2,2
aminoiminoisoxazole,0,2,2
piperidinylisoxazole,0,2,2
thomasi,0,2,2
pseudocrocodilicolini,0,2,2
proterodiplostomini,0,2,2
bucini,0,2,2
proo,0,2,2
acetocyringone,0,2,2
ghadiri,0,2,2
kanger,0,2,2
interleucin,0,2,2
thoredoxin,0,2,2
gusarov,0,2,2
transacylase,0,2,2
fagiolini,0,2,2
nymfolide,0,2,2
sinfungine,0,2,2
follin,0,2,2
laruel,0,2,2
robavirin,0,2,2
phaedranamine,0,2,2
zefbetaine,0,2,2
epinorgalanthamine,0,2,2
hamayne,0,2,2
hsp70s,0,2,2
diethyltin dichloride,0,2,2
dibutyltin dichloride,0,2,2
dioctyltin dichloride,0,2,2
organotin,0,2,2
lupus).feline,0,2,2
monvisade,0,2,2
alphaamyrin,0,2,2
uvaol,0,2,2
confertifolin,0,2,2
fulbariya,0,2,2
valuka,0,2,2
hariharpara,0,2,2
lauroylsarcosine,0,2,2
self‐care,0,2,2
brickstone,0,2,2
ceralifimod,0,2,2
fabris,0,2,2
edecril,0,2,2
koechel,0,2,2
dharmayanti,0,2,2
indriani,0,2,2
bronchoscope,0,2,2
brescap,0,2,2
enterobacterias,0,2,2
furno,0,2,2
recipients.69,0,2,2
talquetamab,0,2,2
poseida,0,2,2
buzios,0,2,2
erzähle,0,2,2
orthograde,0,2,2
benzpyrene,0,2,2
semipterosin,0,2,2
dehydropterosin,0,2,2
ptesculentoside,0,2,2
protoapigenin,0,2,2
flavotorresin,0,2,2
multiflorin,0,2,2
tetrahydroxyflavanone,0,2,2
acetylglucopyranoside,0,2,2
pulvinatabiflavone,0,2,2
dieneone,0,2,2
ptesculenoside,0,2,2
taiwaniaflavone,0,2,2
delvosteron,0,2,2
vedantham,0,2,2
lambeir,0,2,2
hexamethylamiloride,0,2,2
legumanin,0,2,2
ritornavir,0,2,2
phosphatidlyserine,0,2,2
tentoxilysin,0,2,2
snapalysin,0,2,2
mycolysin,0,2,2
flagellinolysin,0,2,2
fungalysin,0,2,2
yodfat,0,2,2
asprellanoside,0,2,2
metastasin,0,2,2
bovinem,0,2,2
polyamidodamine,0,2,2
schwandner,0,2,2
resick,0,2,2
mannarini,0,2,2
normacin,0,2,2
asn280,0,2,2
chymotypsin,0,2,2
shown).bestatin,0,2,2
s)-1-(benzyloxy)but-3-en-2-amine,0,2,2
testudinaris,0,2,2
bam17994.1,0,2,2
invivofectamine,0,2,2
tetraaminoquinozaline,0,2,2
tiosulfato,0,2,2
noncathecolamine,0,2,2
timonin,0,2,2
etheno,0,2,2
capsiasin,0,2,2
dolichosterone,0,2,2
megasolone,0,2,2
cephadol,0,2,2
broxyquinoline,0,2,2
f.j.l,0,2,2
traumakine,0,2,2
copolypeptide,0,2,2
primaclade,0,2,2
geneup,0,2,2
fishione,0,2,2
guselcumab,0,2,2
∼20,0,2,2
speciociliatine,0,2,2
mytragine,0,2,2
paynantheine,0,2,2
mahanimbicine,0,2,2
chanoclavine,0,2,2
methylcanadine,0,2,2
indoloquinazoline,0,2,2
oleoylethanolamide,0,2,2
i168-i171,0,2,2
naphthodiantrone,0,2,2
isomura,0,2,2
pterygospermin,0,2,2
caffeoyltryamine,0,2,2
feruloyltryamine,0,2,2
kirghizstan,0,2,2
smi312,0,2,2
fattiviracin,0,2,2
hydroxypyridinone,0,2,2
tripyridylamine,0,2,2
stappenbeck,0,2,2
methylcyclohexanol,0,2,2
phredonline,0,2,2
frigatebirds,0,2,2
ruxolitnib,0,2,2
tube.9,0,2,2
psychoserisiko,0,2,2
ciccolini,0,2,2
gaertner,0,2,2
imine nitrogen,0,2,2
methylthiosemicarbazone,0,2,2
serumglobuline,0,2,2
arciclasine,0,2,2
perfusieverhoudingen,0,2,2
tekortschiet,0,2,2
longoppervlak,0,2,2
berardone,0,2,2
iltuximab,0,2,2
führt,0,2,2
geistigen einschränkungen,0,2,2
pantethinone,0,2,2
subthalamus,0,2,2
technologischer,0,2,2
universalität,0,2,2
pertechnetat,0,2,2
glukoside,0,2,2
boscan,0,2,2
mantione,0,2,2
lilotomab,0,2,2
kanmogne,0,2,2
nicotinamide mononucleotide,0,2,2
perficitinib,0,2,2
avasin,0,2,2
bevacizeimab,0,2,2
bofvaccin,0,2,2
balangen,0,2,2
hwangbo,0,2,2
hymocysteine,0,2,2
cagnoli,0,2,2
naphthobisthiadiazole,0,2,2
celltron,0,2,2
α-1-antichymotrypsin,0,2,2
cólicos,0,2,2
thereonine,0,2,2
aminomethylpropanol,0,2,2
butylacetamide,0,2,2
elisabatin,0,2,2
allolaurintenol,0,2,2
sophoraflavonoloside,0,2,2
trifolin,0,2,2
butirolactone,0,2,2
cytosinpeptidemycin,0,2,2
poly(9-vinyladenine,0,2,2
iglλlup,0,2,2
physarolisin,0,2,2
polyglycolide,0,2,2
łodzi,0,2,2
cinanserin hydrochloride,0,2,2
campagnole,0,2,2
odereine,0,2,2
nortryptiline,0,2,2
cobiscitat,0,2,2
isoneobayachalcone,0,2,2
bavachromanol,0,2,2
snapka,0,2,2
fluoro-3-[hydroxymethyl]butyl)guanine,0,2,2
ethyloxazoline,0,2,2
biocan,0,2,2
n1-acetyl-5-methoxykynuramine,0,2,2
cycloleucine,0,2,2
nakamine,0,2,2
lactacysin,0,2,2
alogiptin,0,2,2
tb.levofloxacin,0,2,2
mers(li,0,2,2
pentofuranos-1-yl)-thymine,0,2,2
efv)/nevirapine,0,2,2
basutinib,0,2,2
propoxyphene,0,2,2
enfuvitride,0,2,2
pebax,0,2,2
pyrodixine,0,2,2
vetone,0,2,2
saikoside,0,2,2
methylrosmanol,0,2,2
inuroyleanol,0,2,2
cryptojaponol,0,2,2
deoxypicropodophyllin,0,2,2
dibenzylbutyrolactone,0,2,2
olguine,0,2,2
trnayyz,0,2,2
prometrium,0,2,2
unifenovir,0,2,2
anejos,0,2,2
vittone,0,2,2
reputex,0,2,2
diheptanoylphosphatidylcholine,0,2,2
phylloseptin,0,2,2
distinctin,0,2,2
quinazolidone,0,2,2
borglin,0,2,2
merione,0,2,2
übertragungen,0,2,2
trifluorethanol,0,2,2
fermentiert,0,2,2
fifty‐nine,0,2,2
treatmengt,0,2,2
chloroxyphenol,0,2,2
dichlorodimethylphenol,0,2,2
propanone,0,2,2
t)+μ(τk,0,2,2
thiethylphenazine,0,2,2
pyrrolopyridine,0,2,2
ski-417616,0,2,2
trypaflavine,0,2,2
b11a5,0,2,2
ecluzimab,0,2,2
meliponine,0,2,2
proteorhodopsin,0,2,2
tricaprylin,0,2,2
ethynitrosourea,0,2,2
schutzzielbestimmungen,0,2,2
ausschreitungen,0,2,2
prisbe,0,2,2
ljp538,0,2,2
daunavir,0,2,2
tetrachlorohydroquinone,0,2,2
sialurea,0,2,2
resilienz,0,2,2
cytophilin,0,2,2
nanovakzine,0,2,2
undecylprodigioisin,0,2,2
myburgh,0,2,2
grenzzone,0,2,2
rattanakosin,0,2,2
chloranfenicol,0,2,2
dinuclelotide,0,2,2
fotemusine,0,2,2
pcreb,0,2,2
gemcitabine hydrochloride,0,2,2
virus.69,0,2,2
beriglobin,0,2,2
glucocontrol,0,2,2
groenouw,0,2,2
cucchiara,0,2,2
souweine,0,2,2
cndp1-flag,0,2,2
mountan,0,2,2
halupka,0,2,2
todisentangle,0,2,2
microbiológicos,0,2,2
logischerwijs,0,2,2
torosachrysone,0,2,2
isotoralactone,0,2,2
cassialactone,0,2,2
oxidopamine,0,2,2
freter,0,2,2
mda5.imiquimod,0,2,2
tourre,0,2,2
cyanotoxin,0,2,2
glyurallin,0,2,2
oliognucleotide,0,2,2
coronagolf,0,2,2
castenier,0,2,2
triethoxyaminopropylsilane,0,2,2
methyloxazole,0,2,2
procymidone,0,2,2
mohle,0,2,2
technavio,0,2,2
goepfert,0,2,2
glu-1-fibrinopeptide,0,2,2
gycan,0,2,2
piratox,0,2,2
oligonucleoside,0,2,2
naphthacemycin,0,2,2
1-adamantamine,0,2,2
life.38,0,2,2
gce536,0,2,2
reasner,0,2,2
σ2ε,0,2,2
krivine,0,2,2
technothrombin,0,2,2
≥6x,0,2,2
mioglobine,0,2,2
redcivir,0,2,2
racemic hydroxychloroquine,0,2,2
jhone,0,2,2
bubaline,0,2,2
amphozone,0,2,2
rabefine,0,2,2
thiadiazolidindione,0,2,2
sulphapyridine,0,2,2
baceriorhodopsin,0,2,2
boronophthalide,0,2,2
methylplatyphyllonol,0,2,2
betulone,0,2,2
oxapeucedanin,0,2,2
"7s,11r)-tetrahydrooligomycin",0,2,2
borole,0,2,2
nobiline,0,2,2
nobilonine,0,2,2
dendrine,0,2,2
shihunine,0,2,2
kinderschutzhotline,0,2,2
desmethoxyangonin,0,2,2
dihydrochaclone,0,2,2
methacholline,0,2,2
sex.3,0,2,2
emanil,0,2,2
vengicide,0,2,2
pusparini,0,2,2
tolera,0,2,2
resmdesivir,0,2,2
coltra,0,2,2
cortexolone,0,2,2
centauroside,0,2,2
muskelproteine,0,2,2
trypsin=10:1,0,2,2
raquinone,0,2,2
trihydroxyanthraquinone,0,2,2
trimecaine,0,2,2
l183p,0,2,2
toxicarioside,0,2,2
rizzone,0,2,2
prigione,0,2,2
trispectrum,0,2,2
pozsgay,0,2,2
pfmrp,0,2,2
figuerola,0,2,2
diphenylbutanamine,0,2,2
pipamperone,0,2,2
paonessa,0,2,2
hermaline,0,2,2
roopenian,0,2,2
sym009,0,2,2
navicixizumab,0,2,2
placzek,0,2,2
newburn,0,2,2
jecheon,0,2,2
asc09f,0,2,2
ongecompliceerde,0,2,2
tetra(indol-3-yl)ethenone,0,2,2
leukoencephalopthy,0,2,2
trichomegaly,0,2,2
endothel,0,2,2
proadm,0,2,2
tiamutine,0,2,2
synthroid,0,2,2
bellenamine,0,2,2
sarkomycin,0,2,2
isprinosine,0,2,2
dosulépine,0,2,2
miansérine,0,2,2
méthyldopa,0,2,2
baclofène,0,2,2
contraceptifs,0,2,2
caféine,0,2,2
duloxétine,0,2,2
désipramine,0,2,2
mélatonine,0,2,2
sélégiline,0,2,2
oxymétazoline,0,2,2
anthrabenzoxocinone,0,2,2
sapogenol,0,2,2
neurocine,0,2,2
auletta,0,2,2
constricta,0,2,2
remdesilvir,0,2,2
fachkompetenz,0,2,2
monopeptide,0,2,2
rahdari,0,2,2
sepasi,0,2,2
zoppo,0,2,2
dimyristoylphosphatidylcoline,0,2,2
polyactin,0,2,2
betapropriolactone,0,2,2
admissionsin,0,2,2
entfiebert,0,2,2
rilpivirine hydrochloride,0,2,2
fosamprenavir calcium,0,2,2
elvitegarvir,0,2,2
tylvalosine,0,2,2
margine,0,2,2
farara,0,2,2
favipitavir,0,2,2
küchle,0,2,2
kuwabara,0,2,2
burcin,0,2,2
bomancin,0,2,2
dillapiole,0,2,2
harpagoside,0,2,2
erolin,0,2,2
littlestone,0,2,2
n-(2-mercaptopropionyl)-glycine,0,2,2
aax82494.1,0,2,2
polioencephalomalacia,0,2,2
ormannitol,0,2,2
puchooa,0,2,2
schinner,0,2,2
cincin,0,2,2
nicotianine,0,2,2
latranculin,0,2,2
replycare,0,2,2
acetylaszonalenin,0,2,2
mycocyclosin,0,2,2
fuqua,0,2,2
histidylproline,0,2,2
m-125,0,2,2
remeron,0,2,2
paschou,0,2,2
azzedine,0,2,2
loteprednol,0,2,2
vasotone,0,2,2
bronchotone,0,2,2
capzasin,0,2,2
ocrotonotoluidine,0,2,2
redmesivir,0,2,2
indinarvir,0,2,2
lalopa,0,2,2
promone,0,2,2
proteinurea,0,2,2
potassium iodine,0,2,2
oxymorphine,0,2,2
plex+rituximab,0,2,2
venerea,0,2,2
breitsohl,0,2,2
g/125,0,2,2
rocap,0,2,2
dammaradienol,0,2,2
abikoviromycin,0,2,2
myxoviromycin,0,2,2
tenside,0,2,2
klunklin,0,2,2
chloroalanine,0,2,2
nematofauna,0,2,2
puupehanol,0,2,2
chloropuupehenone,0,2,2
tiomanene,0,2,2
fischambiguine,0,2,2
alternaramide,0,2,2
tetrahydrobostrycin,0,2,2
"1,8-dihydroxy-2-methoxy-6-methylanthraquinone",0,2,2
pulsaquinone,0,2,2
fibritin,0,2,2
isoproterenol hydrochloride,0,2,2
meclizine hydrochloride,0,2,2
nialamide,0,2,2
mutan,0,2,2
alternan,0,2,2
asoció,0,2,2
sphaeranthol,0,2,2
urotropine,0,2,2
treetime,0,2,2
propylamine,0,2,2
temudo,0,2,2
dimethoxine,0,2,2
matsumaya,0,2,2
karvakrol,0,2,2
gati,0,2,2
enterohaemolysin,0,2,2
optochine,0,2,2
karavelioglu,0,2,2
ostojic,0,2,2
alcántara,0,2,2
emadastine,0,2,2
tegaserole,0,2,2
lorian,0,2,2
merpenem,0,2,2
5-fluorocytocine,0,2,2
flucitosine,0,2,2
methylquinazoline,0,2,2
kallet,0,2,2
ccg-2891,0,2,2
synpeptide,0,2,2
vinylaniline,0,2,2
feltey,0,2,2
taladafil,0,2,2
grummt,0,2,2
cyclododecadepsipeptide,0,2,2
emerade,0,2,2
glucotabs,0,2,2
glucogen,0,2,2
furione,0,2,2
f-104,0,2,2
meitan,0,2,2
eculizmab,0,2,2
syntometrine,0,2,2
karamoddini,0,2,2
emami,0,2,2
g106d,0,2,2
eupelmus,0,2,2
dinarmus,0,2,2
manganin,0,2,2
gentamincin,0,2,2
spelaeophlebotomus,0,2,2
antireflux,0,2,2
ziconitide,0,2,2
parachlorometaxylenol,0,2,2
riboxx,0,2,2
tetrahexosylceramide,0,2,2
glycerophophocholine,0,2,2
perfectin,0,2,2
glycyrrhizic flavone,0,2,2
glycyrrhizic acid,0,2,2
ragone,0,2,2
pinidine,0,2,2
alkufra,0,2,2
guandine,0,2,2
r-224,0,2,2
e-276,0,2,2
n-294,0,2,2
magrone,0,2,2
naidenko,0,2,2
panaccione,0,2,2
helvellisin,0,2,2
benghalensin,0,2,2
cospin,0,2,2
kazal,0,2,2
gosserlin,0,2,2
ibritumomabtiuxetan,0,2,2
lys206,0,2,2
lys648,0,2,2
strunc,0,2,2
seeff,0,2,2
lundbeck,0,2,2
pronucleotide,0,2,2
deeside,0,2,2
pyridinoxazole,0,2,2
tolylsulfonylhydrazine,0,2,2
dihydrocapsaicin,0,2,2
g}}$$\end{document}g.,0,2,2
palombi,0,2,2
p450.favipiravir,0,2,2
triiodothyonine,0,2,2
semicarbazide hydrochloride,0,2,2
orthocresoftaleine,0,2,2
teilimpfungen,0,2,2
antivaccine,0,2,2
glycerolphosphoethanomine,0,2,2
rathinasabapathy,0,2,2
grzybowski,0,2,2
vilensky,0,2,2
dermathycin,0,2,2
aglépristone,0,2,2
maginnis,0,2,2
wormannin,0,2,2
microbiocide,0,2,2
butantan,0,2,2
lallouet,0,2,2
diethylnorsmperidine,0,2,2
dasatimib,0,2,2
predinisolone,0,2,2
guabi,0,2,2
transferrrin,0,2,2
reflectsa,0,2,2
mobcap,0,2,2
cozaril,0,2,2
antarcticine,0,2,2
dendrobeaniamine,0,2,2
pukalide,0,2,2
y439h,0,2,2
cmrsa,0,2,2
dibenzoquinoline,0,2,2
ocludine,0,2,2
pseudoparticles,0,2,2
stbg8666,0,2,2
barrr,0,2,2
clarithmyocin,0,2,2
benzobisoxazole,0,2,2
departmentsin,0,2,2
vicenistatin,0,2,2
cremimycin,0,2,2
lysphosphatidylethanolamine,0,2,2
lysophsophatidylinositol,0,2,2
mutanolysine,0,2,2
aflatoxine,0,2,2
ligustici,0,2,2
präp,0,2,2
quercetin rhamnoside,0,2,2
desmethylclozapine,0,2,2
dihydrofurochromenone,0,2,2
gebregiyorgis,0,2,2
\begin{document}$$\begin{aligned}&(x_1,0,2,2
najme,0,2,2
thionitrosamine,0,2,2
otkun,0,2,2
j669h,0,2,2
pantanos,0,2,2
potnis,0,2,2
azhytrominin,0,2,2
zoniporide,0,2,2
caeca,0,2,2
cyclodityrosine,0,2,2
longicaudata,0,2,2
katholm,0,2,2
glycylglycylserine,0,2,2
tyrosylglycylglycine,0,2,2
tryptylglycylglycine,0,2,2
levurozide,0,2,2
afloqualone,0,2,2
hemograma,0,2,2
dideoxyinosine,0,2,2
nanoparticule,0,2,2
effective).povidone,0,2,2
ofwel,0,2,2
n-(methoxyoxoacetyl)-glycine,0,2,2
nonbacteriocin,0,2,2
berücksichtigen,0,2,2
nonfludarabine,0,2,2
prodefensin,0,2,2
gallinacin,0,2,2
neurophysin,0,2,2
chelonianin,0,2,2
tetraazide,0,2,2
clathrochloris,0,2,2
sjtpm,0,2,2
phanerochaete,0,2,2
infacol,0,2,2
myotonine,0,2,2
fayuom,0,2,2
aulostomus,0,2,2
phenalzine,0,2,2
quinoxalinone,0,2,2
int407,0,2,2
cordyline,0,2,2
druckveränderungen,0,2,2
metamorphosehormone,0,2,2
atherocalcin,0,2,2
yaqoob,0,2,2
earlywine,0,2,2
sofortigen,0,2,2
stellettamine,0,2,2
persinos,0,2,2
phenylquinone,0,2,2
etheretherketone,0,2,2
mesoporphyrin,0,2,2
"n-(2-aminoethyl)ethane-1,2-diamine",0,2,2
biphenyloxy)propyl]isoxazole,0,2,2
cianidanol,0,2,2
liebl,0,2,2
almandine,0,2,2
quade,0,2,2
filmus,0,2,2
microsilicone,0,2,2
lashuel,0,2,2
quione,0,2,2
ethylprednisolone,0,2,2
khemici,0,2,2
berline,0,2,2
zebapsin,0,2,2
tetrahydroxybutylimidazole,0,2,2
nanomicin,0,2,2
lungdunin,0,2,2
carboprostacyclin,0,2,2
erythroferrone,0,2,2
pericalline,0,2,2
neokadsuranin,0,2,2
phosphatydylserine,0,2,2
trialysin,0,2,2
vollmecke,0,2,2
hexasaccharide,0,2,2
lecitin,0,2,2
pseudopteroxazole,0,2,2
laulimalide,0,2,2
dictyostatin,0,2,2
cyclotheonarnide,0,2,2
anelloviridade,0,2,2
amg655,0,2,2
marburgh,0,2,2
evasin,0,2,2
multichaperone,0,2,2
kinefusine,0,2,2
aujla,0,2,2
molwiol,0,2,2
sahle,0,2,2
readcivir,0,2,2
royole,0,2,2
alarmone,0,2,2
campothecin,0,2,2
yuzawa,0,2,2
nakahara,0,2,2
saïdi,0,2,2
globaline,0,2,2
fishstone,0,2,2
captagon,0,2,2
angione,0,2,2
guanylguanidine,0,2,2
refat,0,2,2
telethonin,0,2,2
brilliantine,0,2,2
silver nitrate,0,2,2
reajustan,0,2,2
unicorno,0,2,2
julios,0,2,2
demethylcalabaxanthone,0,2,2
bismurrayafoline,0,2,2
methylglabranine,0,2,2
flemiflavanone,0,2,2
novoxel,0,2,2
methylpyrimidine,0,2,2
hydroxystilbamidine,0,2,2
pyrimidopyridazine,0,2,2
pyrazol-5-yl]piperazine,0,2,2
alkylguanidine,0,2,2
δarea,0,2,2
gleptoferron,0,2,2
leu287,0,2,2
thr275,0,2,2
val763,0,2,2
gly464,0,2,2
leu443,0,2,2
yakiyama,0,2,2
c.peptide,0,2,2
nanodropone,0,2,2
pr(zi,0,2,2
antri,0,2,2
hexadecanol,0,2,2
oryzralin,0,2,2
tolylacetamide,0,2,2
biomodex,0,2,2
zotepine,0,2,2
poststrabismus,0,2,2
l‐threonine,0,2,2
sialorrea,0,2,2
cyclopentadienone,0,2,2
jenssen,0,2,2
glukosestoffwechselstörungen,0,2,2
methylpredinosolone,0,2,2
entyvio,0,2,2
ravagalimab,0,2,2
ilumetri,0,2,2
fensenra,0,2,2
ffavipiravine,0,2,2
valcade,0,2,2
lactacistin,0,2,2
eepoxomomine,0,2,2
llactacystine,0,2,2
thiozolidinone,0,2,2
dimethinemerocyanine,0,2,2
benzthiazole,0,2,2
isatine,0,2,2
benzylidenerhodanine,0,2,2
effectine,0,2,2
elhefnawi,0,2,2
vernolepin,0,2,2
cobisistat,0,2,2
g6125,0,2,2
kozyra,0,2,2
battistone,0,2,2
lukasik,0,2,2
lp)/ritonavir,0,2,2
yeravdekar,0,2,2
acetoacetone,0,2,2
benzopyrazole,0,2,2
bedaqualine,0,2,2
colensolide,0,2,2
fucophloroethol,0,2,2
benzocyloheptenone,0,2,2
rajoelina,0,2,2
tàbara,0,2,2
feijóo,0,2,2
cyclopentylcytosine,0,2,2
hydroxylguanidine,0,2,2
oxoaporphine,0,2,2
benzyldithiosemicarbazone,0,2,2
bis-4-phenyl-3-thiosemicarbazone,0,2,2
gritstone,0,2,2
carbenexolone,0,2,2
≥7.0/10,0,2,2
hemoagglutinin,0,2,2
coccolysin,0,2,2
aeruginolysin,0,2,2
mirabilysin,0,2,2
pyrrolysin,0,2,2
averbeck,0,2,2
saline,0,2,2
thiazolin-4-one,0,2,2
bromophenylpyrazole,0,2,2
sulfonilamidothiopyrimidone,0,2,2
ribanavir,0,2,2
sarilimumab,0,2,2
porthcurno,0,2,2
b.grade,0,2,2
pöschel,0,2,2
dihydroetorphine,0,2,2
therelationship,0,2,2
m7‐guanosine,0,2,2
dinaphthylalanine,0,2,2
lastline,0,2,2
nct01231620).zanamivir,0,2,2
epiglucoisatisin,0,2,2
elubaquine,0,2,2
quantine,0,2,2
podocarpusflavone,0,2,2
misbin,0,2,2
phycocyanorubin,0,2,2
pyridopyrimidine,0,2,2
capectibaine,0,2,2
valkanovi,0,2,2
benzyloxyphenethylamine,0,2,2
katritzky,0,2,2
n4-benzoylcytosine,0,2,2
pyrrolocytosine,0,2,2
ambenonium,0,2,2
spenderorganrisiko,0,2,2
kudzuvine,0,2,2
natalizmab,0,2,2
calaquionone,0,2,2
calantquinone,0,2,2
cremastranone,0,2,2
grandifoline,0,2,2
cymbidoside,0,2,2
ephermeranthoquinone,0,2,2
marylaurencin,0,2,2
yapicioglu,0,2,2
nylidrin,0,2,2
aligne,0,2,2
depryck,0,2,2
lysogen,0,2,2
falmagne,0,2,2
lungkine,0,2,2
übergriffen,0,2,2
sole,0,2,2
crespin,0,2,2
pelizaeus,0,2,2
periaxin,0,2,2
corcin,0,2,2
mizolastione,0,2,2
ruhex,0,2,2
bleasby,0,2,2
yeheye,0,2,2
näyhä,0,2,2
kolawole,0,2,2
kasachstan,0,2,2
flussprofil,0,2,2
reifgeborene,0,2,2
allergierisiko,0,2,2
jacutin,0,2,2
pantalone,0,2,2
ratclife,0,2,2
insectin,0,2,2
pacycduet-1,0,2,2
colgajos,0,2,2
itsin,0,2,2
kasari,0,2,2
siwalik,0,2,2
laurabolin,0,2,2
phosphatidylglycine,0,2,2
kojic,0,2,2
felmlee,0,2,2
chromenopyridine,0,2,2
naphthofuranone,0,2,2
phenylhydrazone,0,2,2
thiophine,0,2,2
furanchalcone,0,2,2
pouramiri,0,2,2
tioxazafen,0,2,2
benzopyranopyridone,0,2,2
cagide,0,2,2
tachykinin,0,2,2
galmarini,0,2,2
oleszek,0,2,2
tetraethylammonium bicarbonate,0,2,2
amphothericine,0,2,2
usa800,0,2,2
remdesivir saquinavir,0,2,2
jilaihawi,0,2,2
schlosser,0,2,2
thionucleotide,0,2,2
ycg063,0,2,2
lyssinum,0,2,2
lyssin,0,2,2
saltiel,0,2,2
meprone,0,2,2
longfunctieafwijkingen,0,2,2
espline,0,2,2
chemocytokine,0,2,2
trichophytin,0,2,2
ouabagenin,0,2,2
furan-2-one,0,2,2
isourea,0,2,2
sialoglycopeptide,0,2,2
zurückgegriffen,0,2,2
arylhydrazide,0,2,2
arylidine,0,2,2
thioxothiazolidin-4-one,0,2,2
chloroacetylchloride,0,2,2
thiadiazole-2-yl,0,2,2
hexahydropyridine,0,2,2
"1,3-thiazolidine-4-one",0,2,2
plasdone,0,2,2
cellgosivir,0,2,2
karako,0,2,2
zurückzugreifen,0,2,2
diketone,0,2,2
acronine,0,2,2
muchipara,0,2,2
grapetree,0,2,2
putschky,0,2,2
homospermidine,0,2,2
deguine,0,2,2
trymethoxyflavone,0,2,2
cerretelli,0,2,2
yanovitzky,0,2,2
dehydroxyisoterreulactone,0,2,2
prävalenzabhängig,0,2,2
parexel,0,2,2
nitromethylimidazole,0,2,2
propidine iodide,0,2,2
sutchuenoside,0,2,2
pharmacoat,0,2,2
vivacoat,0,2,2
asp684,0,2,2
graphine,0,2,2
fawbert,0,2,2
agrilabs,0,2,2
ommaya,0,2,2
ponton,0,2,2
pétrilli,0,2,2
bipyam,0,2,2
leukolysin,0,2,2
decyldimethylamine,0,2,2
raffone,0,2,2
consedine,0,2,2
deger,0,2,2
pacher,0,2,2
campoplegine,0,2,2
miner,0,2,2
сhloropyramine,0,2,2
chymotrpsin,0,2,2
kousin,0,2,2
entevir,0,2,2
benzyldiaminopyrimidine,0,2,2
ppilimumab,0,2,2
phalak,0,2,2
noureddini,0,2,2
self‐made,0,2,2
tilade,0,2,2
metacycline,0,2,2
kerateine,0,2,2
yousefi,0,2,2
furostanol,0,2,2
spirostanol,0,2,2
cholestanol,0,2,2
ergostanol,0,2,2
pregnanol,0,2,2
furostane,0,2,2
protoneogracillin,0,2,2
chmelik,0,2,2
butyrosin,0,2,2
catacalcin,0,2,2
ciprofloacin,0,2,2
transadingen,0,2,2
doxyccline,0,2,2
ipomelin,0,2,2
dienz,0,2,2
proglumetacin,0,2,2
gnathostomata,0,2,2
methylgalactoside,0,2,2
tribromsalans,0,2,2
llfpg,0,2,2
gobel,0,2,2
phosphatydilcholine,0,2,2
wildasin,0,2,2
quantikine,0,2,2
l'enfuvirtide,0,2,2
pyrazanimide,0,2,2
phenylbutzone,0,2,2
dizocipline,0,2,2
gumus,0,2,2
phenylpropyl,0,2,2
tayliri,0,2,2
polynesium,0,2,2
bortzetomib,0,2,2
emirascan,0,2,2
nanchagmycin,0,2,2
hydrocortisone sodium,0,2,2
fsfacv,0,2,2
ambrisetan,0,2,2
pretrypsin,0,2,2
lumboperitoneal,0,2,2
plocabulin,0,2,2
theopederin,0,2,2
lissoclinolide,0,2,2
biotron,0,2,2
ans142,0,2,2
beutelurin,0,2,2
höhergradigen,0,2,2
leitline,0,2,2
exsudativer,0,2,2
angeborenem,0,2,2
frühsyphilis,0,2,2
atemwegschinolone,0,2,2
meningokokkenprophylaxe,0,2,2
sholaricine,0,2,2
kurorinone,0,2,2
kushen gancao,0,2,2
polyphor,0,2,2
thiazotropsin,0,2,2
thiomab,0,2,2
cylcloserine,0,2,2
geptotidacin,0,2,2
immunseneszenz,0,2,2
primozone,0,2,2
butylscopolamine bromide,0,2,2
ubertini,0,2,2
multicystatin,0,2,2
caraphenol,0,2,2
compugen,0,2,2
cy5-dutp,0,2,2
glimepride,0,2,2
droserone,0,2,2
gewert,0,2,2
testkit,0,2,2
priyadarshini,0,2,2
scanone,0,2,2
omeprazole sodium,0,2,2
puccinelli,0,2,2
d09100310,0,2,2
bispyrroloiminoquinone,0,2,2
deoxytopsentin,0,2,2
3-aminodemethyl(oxy)aaptamine,0,2,2
penaresin,0,2,2
plakohypaphorine,0,2,2
papuamine,0,2,2
sintokamide,0,2,2
cyclodecapeptide,0,2,2
manzamenone,0,2,2
orhalquinone,0,2,2
plakortin,0,2,2
leiodermatolide,0,2,2
mamanuthaquinone,0,2,2
nakijinol,0,2,2
dysidavarone,0,2,2
ansellone,0,2,2
nakiterpiosin,0,2,2
nakiterpiosinone,0,2,2
gelliusterol,0,2,2
naozhou,0,2,2
samouel,0,2,2
parravicini,0,2,2
p1585,0,2,2
tigeycline,0,2,2
formaecin,0,2,2
lopanivir,0,2,2
µm.none,0,2,2
persteril,0,2,2
botulotoxin,0,2,2
meflochine,0,2,2
neuroplastin,0,2,2
smithline,0,2,2
magnonol,0,2,2
pr8-δns1,0,2,2
nadiri,0,2,2
bahrini,0,2,2
gahnem,0,2,2
arcobacte,0,2,2
sordaricin,0,2,2
assouline,0,2,2
kirinyaga,0,2,2
nimocinol,0,2,2
isomeldenin,0,2,2
nimbandiol,0,2,2
desacetylnimbin,0,2,2
pozzilli,0,2,2
fagone,0,2,2
vitrakvi,0,2,2
potasium,0,2,2
cianocobalamine,0,2,2
cholyltaurine,0,2,2
ngf1-a,0,2,2
armus,0,2,2
dehydroerythromycin,0,2,2
dithioerythritol,0,2,2
granisol,0,2,2
strophantin,0,2,2
erucin,0,2,2
dianabol,0,2,2
thiazolone,0,2,2
flavenone,0,2,2
selection.iv,0,2,2
xylacine,0,2,2
chytra,0,2,2
osteospontin,0,2,2
kinurenin,0,2,2
carbaril,0,2,2
butalamine,0,2,2
"bis-1,2,4-oxadiazole",0,2,2
imidazothiadiazole,0,2,2
tamifen,0,2,2
genox,0,2,2
chorotoxin,0,2,2
maleque,0,2,2
wormstone,0,2,2
pileus,0,2,2
glycerophosphatidylserine,0,2,2
cyclohexyladenosine,0,2,2
gelscan,0,2,2
cordellini,0,2,2
pyridinecarboximidamide,0,2,2
telmirsatan,0,2,2
tosamine,0,2,2
lorasatan,0,2,2
flaim,0,2,2
dibenamine,0,2,2
propyl pyrazole,0,2,2
deoxypergularinine,0,2,2
groups).other,0,2,2
ironside,0,2,2
fargione,0,2,2
aglycone quercetin,0,2,2
gentalline,0,2,2
sezamine,0,2,2
norisoboldine,0,2,2
dynamulin,0,2,2
medioresinol,0,2,2
sedridine,0,2,2
pseudopelletierine,0,2,2
marilysin,0,2,2
najjar,0,2,2
timucin,0,2,2
lugari,0,2,2
proceranone,0,2,2
grandifoliolenone,0,2,2
bourjotinolone,0,2,2
piscidinol,0,2,2
ocotillone,0,2,2
thioglycine,0,2,2
mu6,0,2,2
tetrahydropurine,0,2,2
ephyra,0,2,2
turbellarian,0,2,2
thujole,0,2,2
iron ethoxide,0,2,2
nerfasin,0,2,2
phenytoin sodium,0,2,2
alloxanthoxyletine,0,2,2
dipetalolactone,0,2,2
isodiospyrin,0,2,2
glyoxaline,0,2,2
lupinane,0,2,2
tropan,0,2,2
tetraglycoside,0,2,2
monoglycoside,0,2,2
deacetylnimbin,0,2,2
genkwadaphnin,0,2,2
tyr619,0,2,2
v.o.w,0,2,2
cuneata,0,2,2
coriandrin,0,2,2
calendulaglycoside,0,2,2
tetrahydroimidazopyridine,0,2,2
gunduz,0,2,2
decalactone,0,2,2
bianthraquinone,0,2,2
isogemichalcone,0,2,2
diaminiobenzidine,0,2,2
depsin,0,2,2
kazahstan,0,2,2
methephedrine,0,2,2
guanggu,0,2,2
rukutama,0,2,2
solak,0,2,2
escapebehandelingen,0,2,2
moxifloxcin,0,2,2
\;x,0,2,2
pettinato,0,2,2
deuschle,0,2,2
trp161,0,2,2
pambolini,0,2,2
tetratermini,0,2,2
stiropiini,0,2,2
redecvir,0,2,2
dimesalamine,0,2,2
mansf,0,2,2
biasini,0,2,2
pyrimidine-4(3h)-one,0,2,2
ashburgh,0,2,2
atoum,0,2,2
asn300,0,2,2
gaslidessivir,0,2,2
cilizumab,0,2,2
vinysulfone,0,2,2
favirab,0,2,2
hsueh,0,2,2
secukinwmab,0,2,2
oryzalin,0,2,2
eplerone,0,2,2
raches-1,0,2,2
dexmedetoimidine,0,2,2
chlorobiocin,0,2,2
barno,0,2,2
bacteriaj,0,2,2
flunixin injection,0,2,2
konkrete,0,2,2
labyrinthopeptin,0,2,2
site).cytokine,0,2,2
blonanserin,0,2,2
diaphenylsulfone,0,2,2
avoided.)-zanamivir,0,2,2
avoided.)-peramivir,0,2,2
palanisamy,0,2,2
tetraubiqutin,0,2,2
ordinaly,0,2,2
dopplerbox,0,2,2
mailhot,0,2,2
sertaline,0,2,2
lopaine,0,2,2
i181s,0,2,2
d15f1,0,2,2
anykrin,0,2,2
icilin,0,2,2
nonporcine,0,2,2
ternatolide,0,2,2
tetra‐alanine,0,2,2
orthohydrogen,0,2,2
garmezy,0,2,2
glabrin,0,2,2
tak165,0,2,2
carbamic,0,2,2
tolylurea,0,2,2
polyethersulphone,0,2,2
ala30thr,0,2,2
ferrocerone,0,2,2
mucinex,0,2,2
gly75,0,2,2
fastier,0,2,2
dermatopontin,0,2,2
gloshedobin,0,2,2
plantagonin,0,2,2
cd90-allophycocyanin,0,2,2
putrescin,0,2,2
tropenerkrankungen,0,2,2
foucquier,0,2,2
waugh,0,2,2
phenanthrenequinone,0,2,2
pittinger,0,2,2
ploop,0,2,2
roodvonk,0,2,2
moonrungsee,0,2,2
butanedione,0,2,2
macroangiopathy,0,2,2
khounboline,0,2,2
nebacetin,0,2,2
bleomyxin,0,2,2
triazolyloxadiazole,0,2,2
resistenztestungen,0,2,2
dimethylcurcin,0,2,2
ethylvaline,0,2,2
razzini,0,2,2
bromate,0,2,2
oleoyloxyethylphosphocholine,0,2,2
typtophol,0,2,2
creplin,0,2,2
hydrochoriquine,0,2,2
guner,0,2,2
theine,0,2,2
pietrobelli,0,2,2
methylenedioxybenzazepine,0,2,2
trihydride,0,2,2
vincrinstine,0,2,2
yeasts,0,2,2
desomedine,0,2,2
ophtamedine,0,2,2
methylisothiazoline,0,2,2
polyinosine,0,2,2
borbone,0,2,2
chuangxinmycin,0,2,2
besorgungen,0,2,2
tomográficos,0,2,2
leucofushsin,0,2,2
kurane,0,2,2
tussilagine,0,2,2
isotussilagine,0,2,2
iranshahi,0,2,2
longiloroside,0,2,2
kogarah,0,2,2
4-(5-aminopentyl)imidazole,0,2,2
xalatan,0,2,2
channelrhodopsin,0,2,2
hadagalli,0,2,2
neuromedicine,0,2,2
esmolol hydrochloride,0,2,2
cyanoamide,0,2,2
neorogioltriol,0,2,2
maione,0,2,2
kaf156,0,2,2
medénine,0,2,2
galfre,0,2,2
dodecylphosphatidycholine,0,2,2
bacteriohodopsin,0,2,2
rhodospin,0,2,2
iprodione,0,2,2
kelto,0,2,2
coptine,0,2,2
tetraethylbenzimidazolylcarbocyanine,0,2,2
doggybone,0,2,2
thymquinone,0,2,2
tables1,0,2,2
ecoimmunologists,0,2,2
p77398,0,2,2
sufamonomethoxine,0,2,2
paone,0,2,2
nuelcotide,0,2,2
etiko,0,2,2
ansabanin,0,2,2
amaodiquine,0,2,2
ritronavir,0,2,2
allylic,0,2,2
thiophen-2-yl,0,2,2
hicke,0,2,2
carbamazapine,0,2,2
fluorenol,0,2,2
nucleotdide,0,2,2
tavanx,0,2,2
apostu,0,2,2
leschner,0,2,2
cephalosporin cefepime,0,2,2
hagtvedt,0,2,2
kashdan,0,2,2
assemblin,0,2,2
lomerizine hydrochloride,0,2,2
gnwvtc,0,2,2
tilimicosin,0,2,2
obstruerende,0,2,2
tussigen,0,2,2
liclofelone,0,2,2
isothane,0,2,2
prd801,0,2,2
octadecenamide,0,2,2
glycylvaline,0,2,2
traumatin,0,2,2
valerylglycine,0,2,2
acetylhistidine,0,2,2
suomenmaa,0,2,2
state.9,0,2,2
clindaycin,0,2,2
chokchai,0,2,2
netimicin,0,2,2
neopterine,0,2,2
flunixine,0,2,2
propoanol,0,2,2
polycarbone,0,2,2
bamyfilline,0,2,2
spleen,0,2,2
halotestin,0,2,2
cimitedine,0,2,2
tilarginine,0,2,2
dihydrofuropyridinone,0,2,2
ospexin,0,2,2
favorgen,0,2,2
dzanis,0,2,2
lipofectomine,0,2,2
delcour,0,2,2
sodium heparin,0,2,2
celgosvir,0,2,2
tenuirostris,0,2,2
benzindole,0,2,2
lactocidine,0,2,2
lactoline,0,2,2
enterocine,0,2,2
hhr23a,0,2,2
exаmрlеѕ,0,2,2
dynorphine,0,2,2
sodium polyanethole,0,2,2
amidotetrahydroacridine,0,2,2
tetrahydroacridine,0,2,2
chrysophanein,0,2,2
sudarsanam,0,2,2
ttsuv,0,2,2
aminothiophenol,0,2,2
josephine,0,2,2
transplantation.86,0,2,2
ferretonin,0,2,2
n-1-naphthylethylenediamide,0,2,2
loopstra,0,2,2
naltréxone,0,2,2
methylcystidine,0,2,2
pristinamicin,0,2,2
poshinothricin,0,2,2
mrp2-a,0,2,2
barriga,0,2,2
toxiloxixanthone,0,2,2
piranojacareubine,0,2,2
tertbutylhydroxyquinone,0,2,2
lymphopeietin,0,2,2
pdc.omalizumab,0,2,2
tironavir,0,2,2
mateon,0,2,2
liensinine,0,2,2
disease).baseline,0,2,2
"indeno[1,2-b]quinoxalin-11-one",0,2,2
"sodium bicarbonate,",0,2,2
kryostat,0,2,2
indolearnine,0,2,2
coumaroylhydroxyagmatine,0,2,2
lompole,0,2,2
thio‐β‐d‐galactoside,0,2,2
mikrofone,0,2,2
joséphine,0,2,2
feyisetan,0,2,2
youle,0,2,2
michihiko,0,2,2
lattuca,0,2,2
zweifelhaft,0,2,2
nakhil,0,2,2
mgd006,0,2,2
taladegib,0,2,2
diazone,0,2,2
leurocristine,0,2,2
nogara,0,2,2
gcamp6,0,2,2
spesolimab,0,2,2
gensumycin,0,2,2
ritonavir(40,0,2,2
oryzanol,0,2,2
myrtenol,0,2,2
erythroidine,0,2,2
cyclopropylcarbinol,0,2,2
benzotropolone,0,2,2
theabrowin,0,2,2
peg300,0,2,2
virgata,0,2,2
ictacalcin,0,2,2
influensa,0,2,2
fab310,0,2,2
twenty‐one,0,2,2
olivaris,0,2,2
e2827/10,0,2,2
self‐contact,0,2,2
drymaritin,0,2,2
dileuicine,0,2,2
pyridinediol,0,2,2
fragmentbausteine,0,2,2
aminnukleophil,0,2,2
tacrin,0,2,2
osajaxanthone,0,2,2
trapezifolixanthone,0,2,2
calanone,0,2,2
ertaxpenem,0,2,2
promazine hydrochloride,0,2,2
pseudoalteromone,0,2,2
isoasparagine,0,2,2
gezwungen,0,2,2
trisjuglone,0,2,2
rampamycin,0,2,2
einwegpumpköpfen,0,2,2
keratopathie,0,2,2
verbundwerkstoffen,0,2,2
umweltresistenz,0,2,2
zellgebundenem,0,2,2
vorvakuumstufen,0,2,2
auflagen,0,2,2
hühnerproteine,0,2,2
arbeiterin,0,2,2
konfektionierungen,0,2,2
rodentizide,0,2,2
nct04339712).sarilumab,0,2,2
dammatan,0,2,2
ril-22,0,2,2
tigercycline,0,2,2
parperis,0,2,2
scy582,0,2,2
pervouchine,0,2,2
hydroprednisone,0,2,2
dalziel,0,2,2
bleomaycin,0,2,2
deforoxamine,0,2,2
fspace,0,2,2
patientenrisiko,0,2,2
douissa,0,2,2
i.d.p,0,2,2
zacopride,0,2,2
bioaerocol,0,2,2
hehine,0,2,2
circos,0,2,2
usneoidone,0,2,2
zosteronediol,0,2,2
sudha,0,2,2
diaminophenylindole,0,2,2
erbrochenem,0,2,2
maßen,0,2,2
phosphole,0,2,2
diphenylchlorophosphine,0,2,2
propylisatin,0,2,2
personenansammlungen,0,2,2
haemotobium,0,2,2
remdevisir,0,2,2
covallatoxin,0,2,2
salicifoline,0,2,2
citlalitrione,0,2,2
pubescenol,0,2,2
welwitschene,0,2,2
euphosquamosin,0,2,2
euphomelliferine,0,2,2
paralianone,0,2,2
sutthivaiyakit,0,2,2
thioamine,0,2,2
tröpfchenaerosole,0,2,2
tiere).eine,0,2,2
anamnesebögen,0,2,2
macronine,0,2,2
gadsby,0,2,2
polyethylsulfone,0,2,2
cyano,0,2,2
familian,0,2,2
didehydroretinol,0,2,2
impftermine,0,2,2
baccharin,0,2,2
drupanin,0,2,2
retinylethanolamine,0,2,2
chloroamitriptyline,0,2,2
eskulin,0,2,2
lektine,0,2,2
féline,0,2,2
katastrophenverständnis,0,2,2
rufen,0,2,2
chymotrypsinagen,0,2,2
phenylbenzamide,0,2,2
aminopyrazole,0,2,2
antimigraine,0,2,2
triadimenol,0,2,2
triazoloprymidine,0,2,2
ranbaxy,0,2,2
zuließ,0,2,2
fodjo,0,2,2
y(wx,0,2,2
multitaq,0,2,2
tetramethylrhodamine dextran,0,2,2
pedata,0,2,2
carpin,0,2,2
afq056,0,2,2
l'endothéline,0,2,2
sorcin,0,2,2
ad.neprilysin,0,2,2
nonlipofuscin,0,2,2
catchpole,0,2,2
puroindoline,0,2,2
dihydrothymoquinone,0,2,2
camalier,0,2,2
tumors.76,0,2,2
gewwe,0,2,2
macaluso,0,2,2
liczne,0,2,2
cathelidicin,0,2,2
brüchig,0,2,2
metallotionein,0,2,2
polyvinylpyrolidone,0,2,2
sulfate‐polyacrylamide,0,2,2
bronchiolitisprotocol,0,2,2
porsline,0,2,2
bacitracine,0,2,2
parasporobacterium,0,2,2
semilepidine,0,2,2
tecomine,0,2,2
epitizide,0,2,2
polythiazide,0,2,2
bioshield,0,2,2
ozogamcin,0,2,2
amelopsin,0,2,2
foliar,0,2,2
antinicéine,0,2,2
épiligrine,0,2,2
ésoméprazole,0,2,2
vémurafénib,0,2,2
year−1,0,2,2
hygine,0,2,2
silipide,0,2,2
clavacin,0,2,2
fumigacin,0,2,2
tetramycine,0,2,2
oxybenzone,0,2,2
b.d.w,0,2,2
petrônio,0,2,2
sanjoinine,0,2,2
dihydrothymine,0,2,2
jn590244.1,0,2,2
rognone,0,2,2
hosseini,0,2,2
p1158,0,2,2
damascenone,0,2,2
harziaolide,0,2,2
thyoglobulin,0,2,2
mycochrysine,0,2,2
trifluromethylaniline,0,2,2
biomarin,0,2,2
utrophin,0,2,2
oligodeoxribonucleotide,0,2,2
sortillin,0,2,2
purin,0,2,2
scaiewicz,0,2,2
nct00831103).cyclopropavir,0,2,2
nct02412917).brincidofovir,0,2,2
demylocan,0,2,2
fanem,0,2,2
oligofructan,0,2,2
teradecyloxy)propan-1-amine,0,2,2
araban,0,2,2
sungnam,0,2,2
hosoe,0,2,2
ethisterone,0,2,2
transmigratory,0,2,2
parietin,0,2,2
phenylananine,0,2,2
terrorattacke,0,2,2
thiobenzophenone,0,2,2
thioketone,0,2,2
galusatechin,0,2,2
swissmod,0,2,2
mataireisnol,0,2,2
c.routine,0,2,2
bafilyomycin,0,2,2
preprotrypsin,0,2,2
vinylmethylsulfone,0,2,2
phenylsulfone,0,2,2
glycine vinylcyanide,0,2,2
mearnsetin,0,2,2
trinitrobenzene,0,2,2
timescan,0,2,2
bisnordihydrotoxiferine,0,2,2
thalifaberine,0,2,2
nyquil,0,2,2
easterlin,0,2,2
padmavathy,0,2,2
hombifine,0,2,2
tetrabutyl,0,2,2
fraquelli,0,2,2
linoic,0,2,2
karolak,0,2,2
metchnikowin,0,2,2
lebocin,0,2,2
metalnikowin,0,2,2
amoebiasin,0,2,2
falstatin,0,2,2
svedmyr,0,2,2
hexanoyl,0,2,2
flusilazole,0,2,2
azawi,0,2,2
attractylone,0,2,2
aesculin,0,2,2
lichenifikationen,0,2,2
sagarpa,0,2,2
pangasinan,0,2,2
caprolactam,0,2,2
perfusionsstörungen,0,2,2
oleuropeine,0,2,2
pb9,0,2,2
atavoquone,0,2,2
immunoswabs,0,2,2
p1′-thiazole,0,2,2
creatitin,0,2,2
regressrisiko,0,2,2
malodour,0,2,2
trichlorophenol,0,2,2
hydrocortosone,0,2,2
ropinorole,0,2,2
kurkbush,0,2,2
beaglehole,0,2,2
gitta,0,2,2
beaglohole,0,2,2
ace2-arbidol,0,2,2
spike-(s)-chloroquine,0,2,2
catapres,0,2,2
underinterpret,0,2,2
activity.(d,0,2,2
phenylhydrazonopyrazolone,0,2,2
jadeja,0,2,2
phenobarbital sodium,0,2,2
golebiowski,0,2,2
arbothioamide,0,2,2
stähelin,0,2,2
elaeocarpusin,0,2,2
thumesnil,0,2,2
triacylglyceride,0,2,2
carboranylphenoxyacetanilide,0,2,2
frostcoat,0,2,2
y.t.p,0,2,2
simpsonʼs,0,2,2
pcdna3.1-hygromycin,0,2,2
rr=0.38,0,2,2
terpinene,0,2,2
tryamine,0,2,2
bresnick,0,2,2
raone,0,2,2
acetylglycosamine,0,2,2
freiwilligen,0,2,2
malariaimpfstoffen,0,2,2
hervorzurufen,0,2,2
pankreasresektionen,0,2,2
knorpelgewebe,0,2,2
spenderaugen,0,2,2
therapiehilfen,0,2,2
seltenem,0,2,2
intensivabteilungen,0,2,2
risikoeingriffen,0,2,2
perieccrine,0,2,2
gln169,0,2,2
bostrycin,0,2,2
austrocortirubin,0,2,2
tiruchanduramine,0,2,2
tambjamine,0,2,2
bipyrrole,0,2,2
cycloheptanamine,0,2,2
bastimolide,0,2,2
didemnidine,0,2,2
ansasantapa,0,2,2
marinkellei,0,2,2
dulcoside,0,2,2
seviol-19-glucoside,0,2,2
buescher,0,2,2
colostrinin,0,2,2
cosfroviximab,0,2,2
vereide,0,2,2
oleocylethanolamine,0,2,2
zoopole,0,2,2
ceftraxione,0,2,2
rimanatine,0,2,2
g28ucm,0,2,2
disomin,0,2,2
ditercalinium,0,2,2
α1-ovomucin,0,2,2
α2-ovomucin,0,2,2
franzo,0,2,2
nonbenzimidazole,0,2,2
reinshagen,0,2,2
rajarathnam,0,2,2
necozione,0,2,2
ratzel,0,2,2
malthus,0,2,2
pannarin,0,2,2
peroxiredosin,0,2,2
curvata,0,2,2
lpplr1,0,2,2
ramphenicol,0,2,2
summus,0,2,2
chlorantraniliprole,0,2,2
louisias,0,2,2
viswnaan,0,2,2
atanazavir,0,2,2
pyrazoles,0,2,2
microprogram,0,2,2
petaslignolide,0,2,2
rhododendrum,0,2,2
technology?we,0,2,2
ethylenedibromide,0,2,2
terachloroethylene,0,2,2
provean,0,2,2
triazinoindole,0,2,2
micronucleotide,0,2,2
femicon,0,2,2
estragole,0,2,2
modela,0,2,2
below).emodin,0,2,2
τtl,0,2,2
alkylphosphocholine,0,2,2
tamtuvetmab,0,2,2
carbonyldimidazole,0,2,2
xylazine hydrochloride,0,2,2
isehara,0,2,2
dihydroxyflavone,0,2,2
habib,0,2,2
kondrachine,0,2,2
damocles,0,2,2
torbutrol,0,2,2
isoglabrolide,0,2,2
glycyrretol,0,2,2
glycyrrhetol,0,2,2
glyyunnansapogenin,0,2,2
glabranin,0,2,2
yahara,0,2,2
isoononin,0,2,2
cycolongifolene,0,2,2
sarreroside,0,2,2
stypticin,0,2,2
dihydrocoumarin,0,2,2
isoglycyrol,0,2,2
glisoflavone,0,2,2
shinflavone,0,2,2
luciraside,0,2,2
licoflavone,0,2,2
edudiol,0,2,2
hydroxydihydrochalcone,0,2,2
pseudoionone,0,2,2
heptadecane,0,2,2
octadecane,0,2,2
nonadecane,0,2,2
eicosane,0,2,2
heneicosane,0,2,2
tricosane,0,2,2
rhamanoliquiritin,0,2,2
isoviolanthin,0,2,2
odoratin,0,2,2
wistin,0,2,2
isotachioside,0,2,2
hydroxymethyldibenzoylmethane,0,2,2
dirican,0,2,2
ghazvini,0,2,2
icosahedron,0,2,2
bussolini,0,2,2
trypsinised,0,2,2
sarilmab,0,2,2
baricitunib,0,2,2
potassium penicillin,0,2,2
yanqi,0,2,2
pedrini,0,2,2
proticin,0,2,2
isoprenol,0,2,2
meilingmycin,0,2,2
covid-19-alone,0,2,2
ρmole,0,2,2
hordenine,0,2,2
salsoline,0,2,2
pseudobenzylisoquinoline,0,2,2
ledecorine,0,2,2
secobisbenzylisoquinoline,0,2,2
baluchistanamine,0,2,2
pisopowetine,0,2,2
rodiasine,0,2,2
cyclotryptamine,0,2,2
quinazolinocarbazole,0,2,2
ekeberginine,0,2,2
cyclobuxine,0,2,2
phidolopin,0,2,2
ficine,0,2,2
brevicolline,0,2,2
tetrahydroaminoacridine,0,2,2
polypyrrolidine,0,2,2
morphalgin,0,2,2
inflixiumab,0,2,2
sintenin,0,2,2
fimbriol,0,2,2
cordifolioside,0,2,2
tinosporide,0,2,2
tulsinol,0,2,2
protosinomenine,0,2,2
dehydrodiscretamine,0,2,2
bisbenyltetrahydroisoquinoline,0,2,2
stepharanine,0,2,2
bisflavone,0,2,2
protegrin,0,2,2
losulazine,0,2,2
lonafarbib,0,2,2
ribavirim,0,2,2
camphecene,0,2,2
sapogenin,0,2,2
benzodiezepine,0,2,2
iron hydroxide,0,2,2
bertagnolli,0,2,2
churzidse,0,2,2
vandenburgh,0,2,2
dehydropeptide,0,2,2
"z)-3-methyl-6-(3,4,5-trimethoxystyryl)-2(3h)-benzoxazolone",0,2,2
nitropyrrolizidine,0,2,2
azaheterocyclic,0,2,2
dasnois,0,2,2
abklärungen,0,2,2
exomorphine,0,2,2
isolaureline,0,2,2
corexamine,0,2,2
normuciferine,0,2,2
citroside,0,2,2
brincidofivir,0,2,2
t(334.76,0,2,2
rva125,0,2,2
rvb181,0,2,2
fracturas,0,2,2
yokayama,0,2,2
pranovi,0,2,2
macrofilaricide,0,2,2
ethambol,0,2,2
cubocistat,0,2,2
jillapalli,0,2,2
buv396,0,2,2
therapiezielklärungen,0,2,2
gestation).tociluzimab,0,2,2
loxp,0,2,2
bailone,0,2,2
aronson,0,2,2
ketoprofone,0,2,2
proprostasin,0,2,2
lossin,0,2,2
paratohormone,0,2,2
cyclohexanedimethanol,0,2,2
ghanawi,0,2,2
tacolimus,0,2,2
burtomab,0,2,2
frühgeburtsrisiko,0,2,2
adenovasin,0,2,2
citotal,0,2,2
peneraj,0,2,2
nimblegen,0,2,2
kidogobasi,0,2,2
phomapsichalasin,0,2,2
lagenarium,0,2,2
gahotri,0,2,2
tithoniamarin,0,2,2
findersine,0,2,2
anhydroevoxine,0,2,2
mandshuricum,0,2,2
invitogen,0,2,2
selenoadenosine,0,2,2
potassium rhodanide,0,2,2
diethylamine hydrochloride,0,2,2
behandlungsempfehlungen,0,2,2
streptmysin,0,2,2
pilione,0,2,2
chhikara,0,2,2
collocazione,0,2,2
riflessione,0,2,2
silver iodide,0,2,2
neriine,0,2,2
felinem,0,2,2
eritadenine,0,2,2
semerci,0,2,2
netarsudil,0,2,2
gerilimzumab,0,2,2
argenx,0,2,2
estradurine,0,2,2
fosmicin,0,2,2
taltorvic,0,2,2
dioxomorpholine,0,2,2
glucopyranos-1-yl,0,2,2
aortenbogenhöhe,0,2,2
publicationsin,0,2,2
misulban,0,2,2
therapy).baseline,0,2,2
triethylperazine,0,2,2
stata-9,0,2,2
risk).chloroquine,0,2,2
spicatoside,0,2,2
spc216,0,2,2
tableone,0,2,2
haltothane,0,2,2
ethynyladenosine,0,2,2
n6-(1-pyrenylmethyl)adenosine,0,2,2
trityluridine,0,2,2
abreojos,0,2,2
awassa,0,2,2
koronis,0,2,2
calyxin,0,2,2
petrini,0,2,2
fragraea,0,2,2
pestaloside,0,2,2
pladienolide,0,2,2
adenoside,0,2,2
shanzhiside,0,2,2
gardoside,0,2,2
scandoside,0,2,2
forkner,0,2,2
krzystolik,0,2,2
kerlone,0,2,2
naranbat,0,2,2
radnaabazar,0,2,2
lhagvasuren,0,2,2
osegbe,0,2,2
verschraegen,0,2,2
arylsulfonamide,0,2,2
dehydroampelopsin,0,2,2
anigopreissin,0,2,2
cytosporone,0,2,2
bacteridine,0,2,2
spiniferin,0,2,2
rafidan,0,2,2
hallin,0,2,2
benzylmercaptan,0,2,2
f5-adhesin,0,2,2
hydroxynorketamine,0,2,2
selenothiol,0,2,2
selenenylsulfide,0,2,2
diselenol,0,2,2
postprone,0,2,2
dplyr,0,2,2
xylezine,0,2,2
destiobiotin,0,2,2
zeocine,0,2,2
abdelmonem,0,2,2
pentamine,0,2,2
topal,0,2,2
epicorynoline,0,2,2
glioactin,0,2,2
konukoglu,0,2,2
dynarrestin,0,2,2
tris-(2-carboxyethyl)-phosphine,0,2,2
reseveratol,0,2,2
peine,0,2,2
ksa410,0,2,2
ph-72,0,2,2
monoketone,0,2,2
.cucurbitacin,0,2,2
methylfunicone,0,2,2
sangbaipi,0,2,2
interline,0,2,2
reyburn,0,2,2
rescovtine,0,2,2
veprafen,0,2,2
makni,0,2,2
triamcinalone,0,2,2
polytetrafluoroethyline,0,2,2
gptoe1,0,2,2
nhtoe1,0,2,2
bacillosamine,0,2,2
dextromethorphan hydrobromide,0,2,2
estratégicos,0,2,2
p17r,0,2,2
ammonium sulfate,0,2,2
sanocrysin,0,2,2
allocrysin,0,2,2
calabrò,0,2,2
oligolysine,0,2,2
gutgetan,0,2,2
stikstofoxide,0,2,2
zafrin,0,2,2
dicentracin,0,2,2
nortetillapyrone,0,2,2
smenospongidine,0,2,2
smenospongiarine,0,2,2
smenospongine,0,2,2
peribysin,0,2,2
thalassospiramide,0,2,2
damituricin,0,2,2
biotechspiramycin,0,2,2
shengjimycin,0,2,2
kalimanatan,0,2,2
s.i.d,0,2,2
benzyl azide,0,2,2
pyrimidoisoquinoline,0,2,2
benzoxazolone,0,2,2
aquapuromab,0,2,2
ceresole,0,2,2
l.li,0,2,2
gelseverine,0,2,2
bavachromene,0,2,2
neobavachalcone,0,2,2
coryfilolin,0,2,2
nazari,0,2,2
ketek,0,2,2
ravaine,0,2,2
trichoside,0,2,2
benpredil,0,2,2
zientara,0,2,2
acv)/valaciclovir,0,2,2
gcv)/valganciclovir,0,2,2
abhängig,0,2,2
grippegefühle,0,2,2
foscarnet-,0,2,2
subklone,0,2,2
linezolid gehemmt,0,2,2
immobilität,0,2,2
injuries.38,0,2,2
piperidin-2-one,0,2,2
fluorescein sodium,0,2,2
toxline,0,2,2
stanitsa,0,2,2
zaitlin,0,2,2
gyamfi,0,2,2
pyranoindole,0,2,2
imidazopyrimidine,0,2,2
benzisothiazole,0,2,2
quinoxoline,0,2,2
benzoxazapinoindole,0,2,2
benzodiazepinoindole,0,2,2
oxazinoindole,0,2,2
neoplanocin,0,2,2
≥1.4,0,2,2
kostyuk,0,2,2
fulgitini,0,2,2
aethoxysklerol,0,2,2
percutaan,0,2,2
echogeleide,0,2,2
natham,0,2,2
leukocitin,0,2,2
tmod,0,2,2
vaneseltine,0,2,2
fibrinogenanstieg,0,2,2
moxifloxazin,0,2,2
vre)/meropenem,0,2,2
zampliglione,0,2,2
okolobiri,0,2,2
thyronamine,0,2,2
arole,0,2,2
licofelone,0,2,2
phenanthriplatin,0,2,2
dupin,0,2,2
friedelanol,0,2,2
asclepios,0,2,2
carabepenem,0,2,2
zinc iodine,0,2,2
inverno,0,2,2
castaldo,0,2,2
dengu,0,2,2
parappil,0,2,2
depczynski,0,2,2
biscione,0,2,2
shimokata,0,2,2
bleocin,0,2,2
chlorotriazine,0,2,2
withametelinone,0,2,2
deprea,0,2,2
tubocapsenolide,0,2,2
bevasizumab,0,2,2
guanidine nitrogen,0,2,2
phenoxazinone,0,2,2
p53.questiomycin,0,2,2
serafini,0,2,2
dycinone,0,2,2
pamban,0,2,2
selenopersulfide,0,2,2
glutathionylselenol,0,2,2
purbrick,0,2,2
selidinin,0,2,2
worenine,0,2,2
tetrahydroscoulerine,0,2,2
berbithine,0,2,2
norsanguinarine,0,2,2
oxysanguinarine,0,2,2
epibeberine,0,2,2
flächig,0,2,2
dimethylaminophenazone,0,2,2
granulozytenpräparat,0,2,2
kamikawa,0,2,2
odulimomab,0,2,2
arylcyclohexamine,0,2,2
macroraft@au,0,2,2
flavitan,0,2,2
tetradotoxin,0,2,2
abidol hydrochloride,0,2,2
vasilios,0,2,2
tinaroo,0,2,2
xenovaccine,0,2,2
tortuosine,0,2,2
bujeine,0,2,2
craugsodine,0,2,2
isocraugsodine,0,2,2
incartine,0,2,2
ethanophenanthridine,0,2,2
epicrinine,0,2,2
demethylbuflavine,0,2,2
racemic pancracine,0,2,2
zephyranthine,0,2,2
racemic mesembrine,0,2,2
octahydroindolone,0,2,2
pummerer,0,2,2
masonine,0,2,2
tepal,0,2,2
pgt125,0,2,2
carbaphethiol,0,2,2
phethiol,0,2,2
jónsdóttir,0,2,2
tessellata,0,2,2
dilauroylphosphatidylcholine,0,2,2
gonarezhou,0,2,2
strehlenert,0,2,2
hasson,0,2,2
chersini,0,2,2
micales,0,2,2
zidovidine,0,2,2
vomiline,0,2,2
harkaya,0,2,2
fca225,0,2,2
fca230,0,2,2
nestorov,0,2,2
fimasratan,0,2,2
ballgown,0,2,2
bitektine,0,2,2
sorbin,0,2,2
parvifoliquinone,0,2,2
nigrolineaisoflavone,0,2,2
mangostinone,0,2,2
catchpoole,0,2,2
ammeline,0,2,2
monoamide,0,2,2
ettlingen,0,2,2
methoxychalcone,0,2,2
prachayasittikul,0,2,2
xantotoxine,0,2,2
gammafagarine,0,2,2
pteleine,0,2,2
kokusaginine,0,2,2
bromohydroxyacetophenone,0,2,2
dodecylguanidine,0,2,2
eguıa,0,2,2
trueba,0,2,2
mekonennem,0,2,2
suregen,0,2,2
ftc)/tenofovir,0,2,2
salzstraße,0,2,2
tralles,0,2,2
weight)-ritonavir,0,2,2
kg)-ritonavir,0,2,2
ubidecarenone,0,2,2
endemiegebieten,0,2,2
∆e,0,2,2
aminoquinolin,0,2,2
muparfostat,0,2,2
chmutina,0,2,2
ms.b,0,2,2
carbohydrazone,0,2,2
monothiocarbohydrazone,0,2,2
theronine,0,2,2
mensline,0,2,2
finkelhor,0,2,2
lyophyllin,0,2,2
orthovaniline,0,2,2
chloroaninline,0,2,2
clofazimime,0,2,2
allene,0,2,2
lossesin,0,2,2
ittigen,0,2,2
piganelli,0,2,2
evalúan,0,2,2
his1310,0,2,2
mab285,0,2,2
phospholcholine,0,2,2
murakawa,0,2,2
anrade,0,2,2
anastasi,0,2,2
ketobenzothiazole,0,2,2
cinnamycin,0,2,2
prno,0,2,2
pς,0,2,2
lys‐bradykinin,0,2,2
viratek,0,2,2
tetravaccine,0,2,2
usapimodivir,0,2,2
danrixin,0,2,2
hymenoptaecin,0,2,2
onocin,0,2,2
dehydrolycorine,0,2,2
g77,0,2,2
oseltaminvir,0,2,2
proença,0,2,2
straub,0,2,2
tirucalli,0,2,2
olujic,0,2,2
ruxolutinib,0,2,2
tacobactam,0,2,2
octylberberine,0,2,2
ala173,0,2,2
evidenzgrade,0,2,2
präzipitat,0,2,2
nitrendipin,0,2,2
serapide,0,2,2
fp9-pp,0,2,2
cq)/hydroxychloroquine,0,2,2
diphenylsulfone,0,2,2
acanthomoeba,0,2,2
gd33-biotin,0,2,2
kuhmilchproteine,0,2,2
adenilmethionine,0,2,2
cryptophyta,0,2,2
eugelophyta,0,2,2
ornibactin,0,2,2
pyochelin,0,2,2
cepabactin,0,2,2
burgoine,0,2,2
bancone,0,2,2
chloropiricin,0,2,2
cycloposine,0,2,2
loperimide,0,2,2
methoxyflavone,0,2,2
strzelak,0,2,2
formulary,0,2,2
ethicone,0,2,2
glyceril,0,2,2
multidiscipline,0,2,2
carboxyrhodamine,0,2,2
tetrachlorofluorescein,0,2,2
gambara,0,2,2
extrasin,0,2,2
veineoles,0,2,2
vectorsin,0,2,2
nigeracin,0,2,2
melagrin,0,2,2
ovoalbumine,0,2,2
lialda,0,2,2
albornoz,0,2,2
firre,0,2,2
phenoxide oxygen,0,2,2
majoroside,0,2,2
aucubigenin,0,2,2
janosi,0,2,2
caprea,0,2,2
hydroxynaphthoquinone,0,2,2
previoius,0,2,2
gefäßerkrankungen,0,2,2
porphyrine,0,2,2
tetrahydropapaverine,0,2,2
benzyltetrahydroisoquinoline,0,2,2
carbochol,0,2,2
moloneymurine,0,2,2
nicotinamin,0,2,2
glycyrinodin,0,2,2
antityrosine,0,2,2
g8231,0,2,2
calik,0,2,2
diphenyloxide,0,2,2
daq552,0,2,2
pyostacin,0,2,2
arthtiris,0,2,2
glycopeptidesrifampicin,0,2,2
teichoplanin,0,2,2
naxel,0,2,2
trimethylsphingosine,0,2,2
rhabdomyolysen,0,2,2
isorhamneine,0,2,2
imipenum,0,2,2
yoshihiko,0,2,2
carbothiomide,0,2,2
acetylthiocholine iodide,0,2,2
coprire,0,2,2
linifanib,0,2,2
asp594,0,2,2
cys532,0,2,2
lys483,0,2,2
casin,0,2,2
caderine,0,2,2
luedke,0,2,2
chaihunaphthone,0,2,2
berichtete,0,2,2
triethyleneglycol,0,2,2
octeotride,0,2,2
idarubincin,0,2,2
relenza)-have,0,2,2
d84411,0,2,2
polyandrocarpa,0,2,2
gjurasin,0,2,2
dorsolamide,0,2,2
poly(caprolactone,0,2,2
naruphontjirakul,0,2,2
hewstone,0,2,2
vespertilionis,0,2,2
rhaponticoside,0,2,2
fallacinol,0,2,2
polygonflavanol,0,2,2
différentiel,0,2,2
nationalstaat,0,2,2
erzwingen,0,2,2
secondline,0,2,2
yemenis,0,2,2
graham,0,2,2
abramov,0,2,2
treponem,0,2,2
bio124,0,2,2
denutrizione,0,2,2
decolonizzazione,0,2,2
neuroendrocrine,0,2,2
teniet,0,2,2
equithesin,0,2,2
coglycolide,0,2,2
thusin,0,2,2
cystcine,0,2,2
gammaherpesvirine,0,2,2
brca1-germline,0,2,2
inone,0,2,2
graan,0,2,2
triidothyronine,0,2,2
tetrahydropiridine,0,2,2
paxilin,0,2,2
behari,0,2,2
komagamine,0,2,2
piazzata,0,2,2
l'incannulazione,0,2,2
miniaturizzazione,0,2,2
nonmarine,0,2,2
smyrnios,0,2,2
billirubin,0,2,2
eiaculato,0,2,2
l'erezione,0,2,2
circoncisione,0,2,2
gallengängen,0,2,2
beschlagen,0,2,2
rahkonen,0,2,2
blane,0,2,2
antiserutn,0,2,2
complications.•,0,2,2
sulfiredoxin,0,2,2
fischione,0,2,2
lercanidipine hydrochloride,0,2,2
dglucan,0,2,2
spez,0,2,2
behandlungen,0,2,2
aufzeigen,0,2,2
ph+all,0,2,2
chevallier,0,2,2
electronehole,0,2,2
arfini,0,2,2
cacioppo,0,2,2
giorgiani,0,2,2
wickenhauser,0,2,2
cytarbine,0,2,2
aracytin,0,2,2
vlodavsky,0,2,2
rubtsova,0,2,2
fuckel,0,2,2
.bevacizumab,0,2,2
ecouen,0,2,2
ecoscin,0,2,2
previo,0,2,2
twave,0,2,2
koret,0,2,2
"s-(2,3-dihydroxypropyl)glutathione",0,2,2
formylglutathione,0,2,2
trihalomethanol,0,2,2
glutamyldehydroalanylglycine,0,2,2
coreon,0,2,2
buflomedil,0,2,2
phenylarsine,0,2,2
varin,0,2,2
diabéticos,0,2,2
fincham,0,2,2
ritonavir lopinavir,0,2,2
relat,0,2,2
arabinofuranosylguanine,0,2,2
undefi,0,2,2
galidisvir,0,2,2
trilaminar,0,2,2
orphanin,0,2,2
arphamenine,0,2,2
pneumokokkenconjugaatvaccin,0,2,2
gaubatz,0,2,2
tranferrin,0,2,2
jamovi,0,2,2
bedragen,0,2,2
ziektegevoel,0,2,2
voorafgaan,0,2,2
symptomen,0,2,2
ontstekingen,0,2,2
tuberculine,0,2,2
donryu,0,2,2
farlane,0,2,2
hev224,0,2,2
h]phenylalanine,0,2,2
spergualin,0,2,2
"n',n'tetramethylethylenediamine",0,2,2
antivimentin,0,2,2
zline,0,2,2
meat&bone,0,2,2
sheon,0,2,2
.endocrine,0,2,2
gelingen,0,2,2
injektionszwecke,0,2,2
rhythmusstörungen,0,2,2
halpin,0,2,2
bpeptide,0,2,2
leukomethylene,0,2,2
tripolidine,0,2,2
temponade,0,2,2
freiheitsgrade,0,2,2
zogen,0,2,2
clonazépam,0,2,2
bétaméthasone,0,2,2
d'insuline,0,2,2
l'insuline,0,2,2
rénine,0,2,2
funktionseinschränkungen,0,2,2
phosphocholin,0,2,2
fremdpeptide,0,2,2
hochaffine,0,2,2
zellproteine,0,2,2
methylmalonylcarnitine,0,2,2
furaltadone,0,2,2
l'hygiène,0,2,2
local.•,0,2,2
roséole,0,2,2
centrafricaine,0,2,2
notézine,0,2,2
secnol,0,2,2
luméfantrine,0,2,2
pipéraquine,0,2,2
octadecadienylcarnitine,0,2,2
hexanoylcarnitine,0,2,2
midarm,0,2,2
natri,0,2,2
fettsäuren,0,2,2
kopfform,0,2,2
emissionen,0,2,2
scharlachtoxin,0,2,2
nondihydropyridine,0,2,2
nonmacrolide,0,2,2
piccolomini,0,2,2
gammainterferon,0,2,2
sodium bicarbonate (,0,2,2
reac,0,2,2
clandestin,0,2,2
dubovi,0,2,2
sedotussin,0,2,2
tbpar,0,2,2
bettruhe,0,2,2
.ixazomib,0,2,2
lertwatcharasarakul,0,2,2
rabuel,0,2,2
.cladribine,0,2,2
einschlafen,0,2,2
librium,0,2,2
racine,0,2,2
selfprone,0,2,2
frenet,0,2,2
exoftalmos,0,2,2
otorrea,0,2,2
nocturnos,0,2,2
intracellularis,0,2,2
rhinorea,0,2,2
resorcin,0,2,2
arteriogram,0,2,2
epididymus,0,2,2
opthalmoplegia,0,2,2
percocet,0,2,2
atchaneeyasakul,0,2,2
myelopathy,0,2,2
alpralozam,0,2,2
bradikinin,0,2,2
bis(diimine,0,2,2
tridonymph,0,2,2
avallone,0,2,2
gersin,0,2,2
emulphogene,0,2,2
c-243,0,2,2
racey,0,2,2
bulbocapnine,0,2,2
blumenshine,0,2,2
glovi,0,2,2
serumlaktat,0,2,2
cannule,0,2,2
vorerkrankungen,0,2,2
sodium thiosulfate,0,2,2
cophylogeny,0,2,2
konformismus,0,2,2
sperrzone,0,2,2
zwingt,0,2,2
hungerstreiks,0,2,2
entlädt,0,2,2
fehlstellungen,0,2,2
centril,0,2,2
isothiazolidine,0,2,2
allergene,0,2,2
epidemiológicos,0,2,2
ceja,0,2,2
kozakia,0,2,2
oaminophenol,0,2,2
.streptomycin,0,2,2
dellinger,0,2,2
patiënte,0,2,2
syuzhet,0,2,2
phosphoarginine,0,2,2
fosthietan,0,2,2
p(nme2)3,0,2,2
triethylammonium bromide,0,2,2
phosphanetetraamine bromide,0,2,2
ro)3p,0,2,2
rantitrypsin,0,2,2
creatitine,0,2,2
.quarantine,0,2,2
deaminase/5-fluorocytosine,0,2,2
didimus,0,2,2
ornsby,0,2,2
alphahemolysin,0,2,2
borstkas,0,2,2
gerbera,0,2,2
kibana,0,2,2
yapar,0,2,2
decahydroisonoline,0,2,2
elctrocardiogram,0,2,2
inhospital,0,2,2
oxidiert,0,2,2
pancreata,0,2,2
eca230,0,2,2
g1-proteine,0,2,2
behausungen,0,2,2
bewirken,0,2,2
sulphotyrosine,0,2,2
bufotenine,0,2,2
"dioxino[2,3-j]phenanthridin-6(2h)-one",0,2,2
ferrés,0,2,2
leutine,0,2,2
wyebutoxine,0,2,2
jcl260,0,2,2
therapievorm,0,2,2
afzuigen,0,2,2
photobiol,0,2,2
theerawatanasirikul,0,2,2
nonhistone,0,2,2
giraffen,0,2,2
paviane,0,2,2
einzudringen,0,2,2
lthyronine,0,2,2
phenylsilane,0,2,2
triisopropylsilane,0,2,2
overdosed,0,2,2
nonfrontline,0,2,2
semicarabazone,0,2,2
sustaine,0,2,2
r.f.c,0,2,2
gravato,0,2,2
essudazione,0,2,2
billirubine,0,2,2
l-3-iodotyrosine,0,2,2
rialimentazione,0,2,2
moltiplicato,0,2,2
nieraandoeningen,0,2,2
verschil,0,2,2
mnangagwa,0,2,2
cefalee,0,2,2
degli,0,2,2
zezulak,0,2,2
albajar,0,2,2
respone,0,2,2
dynamitin,0,2,2
rimantadine rimantadine,0,2,2
trifillis,0,2,2
exogene faktoren,0,2,2
f-412,0,2,2
"3,3=-diaminobenzidine",0,2,2
hcatenin,0,2,2
gtubulin,0,2,2
säugerproteine,0,2,2
depsiundecapeptide,0,2,2
bisquinolizidine,0,2,2
kalantri,0,2,2
partner.38,0,2,2
disfi,0,2,2
isobutylamine,0,2,2
5'-methylthioadenosine,0,2,2
3-hydroxypyridine,0,2,2
ingig,0,2,2
mannojirimycin,0,2,2
fyodorov,0,2,2
f703s,0,2,2
rataj,0,2,2
proconvertin,0,2,2
sixtysix,0,2,2
izzettin,0,2,2
hemeagglutinin,0,2,2
mollusc,0,2,2
carbaryl,0,2,2
hémoline,0,2,2
rhinothermy,0,2,2
semprini,0,2,2
thalidasine,0,2,2
danopreivir,0,2,2
kardiologen,0,2,2
geburtsgewicht,0,2,2
glukokortikoide,0,2,2
transporterproteine,0,2,2
gartstein,0,2,2
isoluminol,0,2,2
tertleucine,0,2,2
spitzner,0,2,2
perfluorotrypropylamine,0,2,2
transf,0,2,2
thirtynine,0,2,2
tetrahydrouridine,0,2,2
bokszczanin,0,2,2
drexl,0,2,2
twoarm,0,2,2
prolipoprotein,0,2,2
neusbril,0,2,2
oxaldihydrazone,0,2,2
lowton,0,2,2
chonnam,0,2,2
glutarnine,0,2,2
idobananin,0,2,2
hydroxychromone,0,2,2
transplantés,0,2,2
desmethylselegiline,0,2,2
medicationsa,0,2,2
katheterisierungen,0,2,2
restriktionsfragmentlängenpolymorphismus,0,2,2
diepoxybutan,0,2,2
"triazol-4-yl)-8-azabicyclo(3,2,1]oct-8-yl]-1-phenylpropyl}cyclohexanecarboxamide",0,2,2
hirnleistungen,0,2,2
herdförmigen,0,2,2
sialolectin,0,2,2
d.ticlopidine,0,2,2
relestat,0,2,2
neugeborenem,0,2,2
tolciclat,0,2,2
gesichtsdysmorphien,0,2,2
spaltbildungen,0,2,2
actos,0,2,2
flowmessungen,0,2,2
nachverfolgt,0,2,2
neaime,0,2,2
joassin,0,2,2
6acetylmorphine,0,2,2
dilatazione,0,2,2
moltiplicazione,0,2,2
chimiokine,0,2,2
antistreptolysin,0,2,2
syrosingopine,0,2,2
20â,0,2,2
countriesin,0,2,2
daturalactone,0,2,2
physapubescin,0,2,2
physapubenolide,0,2,2
glycoaminoglycan,0,2,2
ventilato,0,2,2
proteolgycan,0,2,2
¬(c,0,2,2
opiate,0,2,2
dipropyltryptamine,0,2,2
contravir,0,2,2
epidepride,0,2,2
gemeitabine,0,2,2
abitbol,0,2,2
hainanensine,0,2,2
isocephalotaxinone,0,2,2
epicephalotaxine,0,2,2
homodeoxyharringtonine,0,2,2
bromoacetone,0,2,2
alarmine,0,2,2
camelysin,0,2,2
phlop1,0,2,2
spingosine,0,2,2
giglione,0,2,2
2'-deoxyadenosine,0,2,2
patscheke,0,2,2
contril,0,2,2
bouyabrine,0,2,2
maeno,0,2,2
stromata,0,2,2
bcen,0,2,2
dioxathiole,0,2,2
laypeople.•,0,2,2
normotone,0,2,2
balneazione,0,2,2
immunodepressione,0,2,2
adejuyigbe,0,2,2
rammensee,0,2,2
rachenhöhle,0,2,2
chisq,0,2,2
biluribin,0,2,2
lopanovir,0,2,2
antiaggrecan,0,2,2
gendiceerd,0,2,2
d723a,0,2,2
cyclodiathermy,0,2,2
romidpesin,0,2,2
azacitdine,0,2,2
apoquinine,0,2,2
calendine,0,2,2
pimagedine,0,2,2
glembatumumab,0,2,2
golumbeski,0,2,2
raphani,0,2,2
staphylokokkenpenicilline,0,2,2
fosfocin,0,2,2
rlucrep,0,2,2
aaab,0,2,2
candidategene,0,2,2
ammonium chloride,0,2,2
plasmafl,0,2,2
teine,0,2,2
calcyclin,0,2,2
artoscan,0,2,2
lymphadenophathy,0,2,2
glycoprotcin,0,2,2
predinisone,0,2,2
thrombophilie.•,0,2,2
foetoprotéine,0,2,2
hypogonadisme,0,2,2
d'haptoglobine,0,2,2
torrs,0,2,2
l'haptoglobine,0,2,2
céphaline,0,2,2
méthanol,0,2,2
l'adrénaline,0,2,2
normétanéphrine,0,2,2
métanéphrine,0,2,2
l'acétone,0,2,2
altérés,0,2,2
triplicata,0,2,2
triphenanthrene,0,2,2
aminoacylhistidine,0,2,2
decylrhodamine,0,2,2
dimitrov,0,2,2
binnendringen,0,2,2
pruckner,0,2,2
covid-19-assoziiert,0,2,2
methylmercaptan,0,2,2
levcromakalim,0,2,2
bhémolysine,0,2,2
biallelic,0,2,2
fibrosisin,0,2,2
ereignis,0,2,2
exazerbationsrisiko,0,2,2
manichaikul,0,2,2
mutationsa,0,2,2
erbringt,0,2,2
superpixel,0,2,2
divisione,0,2,2
capthepsin,0,2,2
pentasaccharide,0,2,2
st6gal,0,2,2
lgk974,0,2,2
nervenfaserdichte,0,2,2
blutdruckanstieg,0,2,2
coeff,0,2,2
syncollin,0,2,2
blähungen,0,2,2
laktat,0,2,2
gevaert,0,2,2
mediine,0,2,2
sportsmedicine,0,2,2
retronecine,0,2,2
jacobine,0,2,2
plasmaeiweiße,0,2,2
chemotaxine,0,2,2
stoffwechselentgleisungen,0,2,2
gamliel,0,2,2
argininearginine,0,2,2
trifluoroleucine,0,2,2
trifluorovaline,0,2,2
thyminemelamine,0,2,2
voriconzaole,0,2,2
lymfomen,0,2,2
primaire,0,2,2
pagliarini,0,2,2
leishmanin,0,2,2
tpcktrypsin,0,2,2
chylomicra,0,2,2
sekretin,0,2,2
chinolonen,0,2,2
gustducin,0,2,2
-gustducin,0,2,2
trpm,0,2,2
tübingen,0,2,2
calcium calmodulin,0,2,2
beauvercin,0,2,2
tritylinosine,0,2,2
glucagone,0,2,2
squamus,0,2,2
homopropargylglycine,0,2,2
nphenylmaleimide,0,2,2
diacetone,0,2,2
antiamphiphysin,0,2,2
postguideline,0,2,2
crotylthymine,0,2,2
chromosomewide,0,2,2
l'iperinflazione,0,2,2
.outside,0,2,2
sørensen,0,2,2
polyketide,0,2,2
meningoencephalopathy,0,2,2
proteasestrypsin,0,2,2
gigalin,0,2,2
âtoquinol,0,2,2
panier,0,2,2
plasmaseperationen,0,2,2
patri,0,2,2
hz]tyrosine,0,2,2
alkl,0,2,2
raddatz,0,2,2
ribaupierre,0,2,2
menoncin,0,2,2
pflanze,0,2,2
cefoxitine cycloserine,0,2,2
suggestin,0,2,2
gpr125,0,2,2
dimethyloxaloylglycine,0,2,2
notch3,0,2,2
rip140,0,2,2
ocur,0,2,2
pyrazofurinh,0,2,2
gorillini,0,2,2
rimandatine,0,2,2
comunidade,0,2,2
rocéphine,0,2,2
d'anatoxine,0,2,2
adiponektin,0,2,2
anaphylotoxin,0,2,2
carcinomaa,0,2,2
rügen,0,2,2
unbestimmt,0,2,2
nitrobenzylthioinosine,0,2,2
griko,0,2,2
s**thole,0,2,2
ankommt,0,2,2
glaberrima,0,2,2
mahle,0,2,2
tetracylcine,0,2,2
berninsone,0,2,2
bfgfr,0,2,2
dtpabiocytin,0,2,2
enddiastolic,0,2,2
spirodecanone,0,2,2
scintiscan,0,2,2
ofour,0,2,2
coproporphyrin,0,2,2
timentine,0,2,2
voldragen,0,2,2
uitvragen,0,2,2
opboeren,0,2,2
spectrine,0,2,2
foradil,0,2,2
ontregelingen,0,2,2
opheffen,0,2,2
nitisone,0,2,2
lhomocysteine,0,2,2
lévodopa,0,2,2
l'atovoquone,0,2,2
l'avoine,0,2,2
porphyrinogen,0,2,2
rare.•,0,2,2
benzotriazolylpropanone,0,2,2
tstat,0,2,2
ribbeck,0,2,2
alkynylpyrimidine,0,2,2
endogenem,0,2,2
perras,0,2,2
tamponade,0,2,2
goris,0,2,2
endothelinm,0,2,2
whichcan,0,2,2
recibieron,0,2,2
leberversagen,0,2,2
tetrahydroxynaphthalene,0,2,2
provasi,0,2,2
taccone,0,2,2
cytokine-/chemokine,0,2,2
busatin,0,2,2
r)-hydroxyethylamine,0,2,2
lcyclohexenylguanine,0,2,2
cyclopentadiene,0,2,2
timine,0,2,2
azidopurine,0,2,2
nchlorosuccinimide,0,2,2
rpl23a,0,2,2
lesho,0,2,2
télémédecine,0,2,2
aufzuzeigen,0,2,2
durchsuchungen,0,2,2
terroranschlag,0,2,2
verhaltensweisen,0,2,2
projektdateien,0,2,2
hervorbringen,0,2,2
vorstellungen,0,2,2
expone,0,2,2
displaed,0,2,2
focarelli,0,2,2
fdiethyleneglycol,0,2,2
furanosylguanine,0,2,2
f]npe,0,2,2
pac120,0,2,2
hematoxylineeosin,0,2,2
pteroside,0,2,2
alveole,0,2,2
protan,0,2,2
lungenfunktionsuntersuchungen,0,2,2
fragebogen,0,2,2
openangle,0,2,2
l'iperventilazione,0,2,2
immunonutrizione,0,2,2
autorizzazione,0,2,2
prokalcitonin,0,2,2
iymphokine,0,2,2
voorgeschiedenis,0,2,2
mamone,0,2,2
palmacci,0,2,2
briserin,0,2,2
prostavasin,0,2,2
antivenin,0,2,2
prednis(ol)one,0,2,2
hhall,0,2,2
nuthor,0,2,2
bcforc,0,2,2
thnt,0,2,2
ticid,0,2,2
rcsin,0,2,2
polylysin,0,2,2
verpackt,0,2,2
trichohyalin,0,2,2
pirque,0,2,2
способна,0,2,2
исследований,0,2,2
subkutanem,0,2,2
thyroidthymus,0,2,2
γinterferon,0,2,2
actine,0,2,2
r334w,0,2,2
rajk,0,2,2
itsmus,0,2,2
tomografy,0,2,2
vasospasmus,0,2,2
geschlechtshormone,0,2,2
diacylglycerole,0,2,2
gesamtsterole,0,2,2
typus,0,2,2
monodesmoside,0,2,2
tridesmoside,0,2,2
tetraoside,0,2,2
fließmittel,0,2,2
nebenglykoside,0,2,2
periplogenin,0,2,2
ped176,0,2,2
werfen,0,2,2
koratim,0,2,2
glasstone,0,2,2
hämolysine,0,2,2
exfoliativtoxine,0,2,2
schmohl,0,2,2
tissueone,0,2,2
quinonone,0,2,2
eurocontrol,0,2,2
'cidofivir,0,2,2
serno,0,2,2
dembrexine,0,2,2
fraktaline,0,2,2
toepassen,0,2,2
aanvullende,0,2,2
nonyldeoxynojirimycin,0,2,2
ovcar-3,0,2,2
pigsp,0,2,2
coni,0,2,2
fuel.•,0,2,2
avine,0,2,2
glypressin,0,2,2
ileocecocolic,0,2,2
burrhole,0,2,2
subhairline,0,2,2
creadnine,0,2,2
tubuline,0,2,2
prazosin hydrochloride,0,2,2
tetraiodothyronine,0,2,2
contrapsin,0,2,2
fargesin,0,2,2
dihydroxyphenylglycol,0,2,2
milstien,0,2,2
sharara,0,2,2
pendrin,0,2,2
daubin,0,2,2
schrk,0,2,2
serotypenucleotide,0,2,2
zusagen,0,2,2
trichoepitheliomas,0,2,2
kitandara,0,2,2
l'enzalutamide,0,2,2
geranylgeraniol,0,2,2
bleomysin,0,2,2
nassiri,0,2,2
alizapride,0,2,2
ontvingen,0,2,2
valis,0,2,2
grasby,0,2,2
phycocyanin,0,2,2
esacerbazione,0,2,2
ðuþ,0,2,2
biosyntan,0,2,2
dstorm.particle,0,2,2
andreini,0,2,2
lucesole,0,2,2
reichle,0,2,2
ttypsin,0,2,2
patiënten,0,2,2
sobsy,0,2,2
opisthotonos,0,2,2
vinylmagnesium bromide,0,2,2
voldaan,0,2,2
metingen,0,2,2
höhlenbildungen,0,2,2
vespignani,0,2,2
riesenchromosomensatz,0,2,2
chromatinschleifen,0,2,2
antigenkarenz,0,2,2
pmeumolysin,0,2,2
tetratricopeptide,0,2,2
r=-0.69,0,2,2
isoxaflutole,0,2,2
pyrroloiminoquinone,0,2,2
ambiguine,0,2,2
png276,0,2,2
nigrican,0,2,2
bifurcadiol,0,2,2
bifurcata,0,2,2
leptosin,0,2,2
xenicane,0,2,2
isodictytriol,0,2,2
cyckozonarone,0,2,2
methoxybifurcarenone,0,2,2
faulknar,0,2,2
thyrsiferol,0,2,2
peyssonol,0,2,2
chondriamide,0,2,2
simizu,0,2,2
festzulegen,0,2,2
bms-955176,0,2,2
prodesse,0,2,2
gvhd,0,2,2
cerno,0,2,2
fokussiert,0,2,2
tmprss2-camostat,0,2,2
clini,0,2,2
buckingham,0,2,2
eribuline,0,2,2
bijwerkingenprofiel,0,2,2
acylureidopenicillin,0,2,2
trinidade,0,2,2
pacliatxel,0,2,2
gutartigen,0,2,2
ongewone,0,2,2
yourno,0,2,2
galcb,0,2,2
c-192,0,2,2
pftopoi,0,2,2
microapocrine,0,2,2
brachiocephalic,0,2,2
classĉ,0,2,2
tablett,0,2,2
digoksin,0,2,2
i175v,0,2,2
axcan,0,2,2
ib´s,0,2,2
sorbicillin,0,2,2
decanolactone,0,2,2
trichotecene,0,2,2
"g""/""quarantine",0,2,2
belik,0,2,2
carbonylamide,0,2,2
luchtwegen,0,2,2
intermediaire,0,2,2
mondbodemflegmone,0,2,2
hoortoestel,0,2,2
lowferritin,0,2,2
deflem,0,2,2
fortier,0,2,2
manubrium,0,2,2
sprea,0,2,2
protrombine,0,2,2
fumihiko,0,2,2
confo,0,2,2
teucine,0,2,2
goggin,0,2,2
diii).famciclovir,0,2,2
drainagen,0,2,2
rachen,0,2,2
peltonen,0,2,2
pakit,0,2,2
cannabinoide,0,2,2
faradiol,0,2,2
membrangebundenem,0,2,2
isosapogenine,0,2,2
deglucoderhamnoruscin,0,2,2
zusätzlichen,0,2,2
pathogenetisch,0,2,2
granulozytopenien,0,2,2
hautrötungen,0,2,2
formestan,0,2,2
ttingen,0,2,2
prothrorabin,0,2,2
prostacyelin,0,2,2
thromb,0,2,2
theorine,0,2,2
gossner,0,2,2
c.triethylamine,0,2,2
cecorectal,0,2,2
enterogene,0,2,2
ontgen,0,2,2
noncaffeine,0,2,2
.clazakizumab,0,2,2
kiloparsec,0,2,2
transitivum,0,2,2
toonayunnanin,0,2,2
vertakkingen,0,2,2
vitrea,0,2,2
diiodotyrosine,0,2,2
ingestione,0,2,2
amanatoxin,0,2,2
cells.supplementary,0,2,2
ithylst,0,2,2
iymphnode,0,2,2
maehine,0,2,2
furapelargone,0,2,2
ratio<1.0,0,2,2
case#2,0,2,2
yridoacridine,0,2,2
turisrno,0,2,2
multivoxel,0,2,2
triglyeride,0,2,2
purealin,0,2,2
lipopurealin,0,2,2
tunichlorin,0,2,2
sofosbuvir qd,0,2,2
ert,0,2,2
antegrade,0,2,2
hutwagner,0,2,2
neophlebotomus,0,2,2
graubner,0,2,2
virusin,0,2,2
c2-creatine,0,2,2
zymogen plasminogen,0,2,2
alekhine,0,2,2
cilag,0,2,2
polfa,0,2,2
sollecitazione,0,2,2
dell'unione,0,2,2
bioline,0,2,2
atmpin,0,2,2
prothrembine,0,2,2
interstim,0,2,2
corynanthine,0,2,2
antiglobulin,0,2,2
yadahalli,0,2,2
lebendvakzine,0,2,2
tsushimycin,0,2,2
adporcine,0,2,2
water/0.1,0,2,2
tsukaya,0,2,2
kuhlemeier,0,2,2
polyolefine,0,2,2
ranbez,0,2,2
hämolysin,0,2,2
amplificazione,0,2,2
l'ipotensione,0,2,2
saturazione,0,2,2
gifte,0,2,2
gekrümmt,0,2,2
blindsäcke,0,2,2
folgewirkungen,0,2,2
ischnós,0,2,2
decemlineata,0,2,2
westeuropa,0,2,2
kaulade,0,2,2
pleon,0,2,2
cyamus,0,2,2
duplicidentata,0,2,2
tertiär,0,2,2
kreide,0,2,2
karpfen,0,2,2
plágios,0,2,2
zanini,0,2,2
fucoside,0,2,2
dihydrochromone,0,2,2
ramolpanin,0,2,2
ratlam,0,2,2
tinenz,0,2,2
trasladaban,0,2,2
muscleebone,0,2,2
stillfrequenz,0,2,2
pterine,0,2,2
aminosäurenmischungen,0,2,2
rafenib,0,2,2
citeline,0,2,2
heliotridine,0,2,2
l'oxybutinine,0,2,2
l'alanine,0,2,2
synucleinopathy,0,2,2
cardioembolic,0,2,2
lucigenine,0,2,2
l'infusione,0,2,2
generato,0,2,2
lipidi,0,2,2
espone,0,2,2
ematici,0,2,2
accurato,0,2,2
azione,0,2,2
standardizzazione,0,2,2
guarigione,0,2,2
conidiogenone,0,2,2
obesityprone,0,2,2
sonenshine,0,2,2
pimaricin,0,2,2
klinikletalit,0,2,2
haptoglobine,0,2,2
biotinamide,0,2,2
acinar,0,2,2
vitrogen,0,2,2
matrine sodium,0,2,2
monoglyceride,0,2,2
inotuzomab ozogamicin,0,2,2
cysteinyldopa,0,2,2
inotuzumab ozogamycin,0,2,2
erwürgen,0,2,2
trombóticos,0,2,2
vrouwen,0,2,2
raghow,0,2,2
tedone,0,2,2
lipoteichoic,0,2,2
h]ryanodine,0,2,2
topamax,0,2,2
mitk,0,2,2
g818s,0,2,2
consolini,0,2,2
sadenosylhomocysteine,0,2,2
avicine,0,2,2
solenopsine,0,2,2
gephyrotoxin,0,2,2
thaliglucinone,0,2,2
oxonantenine,0,2,2
solacasine,0,2,2
hydroxyrutacridone,0,2,2
adipokinin,0,2,2
gynaecol,0,2,2
t-216,0,2,2
tyrosinyltyramine,0,2,2
benzoxazepinone,0,2,2
doridosine,0,2,2
l'opsine,0,2,2
transducine,0,2,2
densitree,0,2,2
oxymethine,0,2,2
lucosamine,0,2,2
gtutathione,0,2,2
cyclohexylalanine,0,2,2
zellkulturvakzine,0,2,2
dorsomedian,0,2,2
schwanzvene,0,2,2
aminoplylline,0,2,2
tratuzumab,0,2,2
monoglucosylamine,0,2,2
frentizole,0,2,2
hexamine,0,2,2
aankondigen,0,2,2
moltitudine,0,2,2
ministri,0,2,2
catalizzato,0,2,2
abitazione,0,2,2
normosodé,0,2,2
furosémide,0,2,2
noradrénaline,0,2,2
l'hépcidine,0,2,2
folliculostimuline,0,2,2
sragen,0,2,2
hydroxyasparagine,0,2,2
adamantyl,0,2,2
oxopyrrolidine,0,2,2
dphenylalanine,0,2,2
trt,0,2,2
astressin,0,2,2
morphine hydrochloride,0,2,2
teruggedrongen,0,2,2
volumeherstel,0,2,2
leveraandoeningen,0,2,2
"3,5-diphenyl-2-pyrazoline-1-carboxamide",0,2,2
vollzieht,0,2,2
phenylidrazine,0,2,2
intoleranzreaktionen,0,2,2
nigramide,0,2,2
antecollis,0,2,2
addicsin,0,2,2
collapsin,0,2,2
neuroendocrinol,0,2,2
afternystagmus,0,2,2
taugner,0,2,2
mucosalis,0,2,2
echinochasmus,0,2,2
tryptoquivaline,0,2,2
oculaire,0,2,2
calicivir,0,2,2
nachbarproteine,0,2,2
moradabad,0,2,2
ω.cm2,0,2,2
neytrophil,0,2,2
partial(40,0,2,2
luthy,0,2,2
nmethylpyrrolidone,0,2,2
revimmune,0,2,2
lethargic.•,0,2,2
octcpine,0,2,2
out.1,0,2,2
focalyx,0,2,2
homviotensin,0,2,2
syngamus,0,2,2
mdif,0,2,2
ofpts,0,2,2
beneficial.•,0,2,2
domeridone,0,2,2
sadoh,0,2,2
fiftyfour,0,2,2
gci,0,2,2
monocytogen,0,2,2
peiminine,0,2,2
glymontanine,0,2,2
calycilactone,0,2,2
daphnilongerine,0,2,2
robertsonian,0,2,2
chini,0,2,2
norgen,0,2,2
potassium bicarbonate,0,2,2
faviprivir,0,2,2
c.2564dela,0,2,2
focalin,0,2,2
consanguine,0,2,2
luzzini,0,2,2
gezondheidsschade,0,2,2
pseudohypoaldosteronismus,0,2,2
h2-histamine,0,2,2
intragroup,0,2,2
pvsv(+)-ns1,0,2,2
crotalid,0,2,2
pligen,0,2,2
broncoscopía,0,2,2
6azauridine,0,2,2
langdurige,0,2,2
ludwin,0,2,2
sportvereine,0,2,2
anisidine,0,2,2
shu555,0,2,2
lys248,0,2,2
klag,0,2,2
b-146,0,2,2
browniine,0,2,2
chelidimerine,0,2,2
fumarophycine,0,2,2
dehydrocavidine,0,2,2
riparazione,0,2,2
regolata,0,2,2
migrazione,0,2,2
reper,0,2,2
terriou,0,2,2
shamshiri,0,2,2
gattorno,0,2,2
pelissier,0,2,2
ribvirin,0,2,2
haemocomplettan,0,2,2
transaminasenanstieg,0,2,2
ifmerg,0,2,2
deaths).oseltamavir,0,2,2
metarminol,0,2,2
tracheoplasty,0,2,2
hypoglaunine,0,2,2
tofacinitib,0,2,2
overfill,0,2,2
dideoxynucleotide,0,2,2
nonremdesivir,0,2,2
sottogruppo,0,2,2
estubazione,0,2,2
meritevole,0,2,2
isocucurbitacin,0,2,2
alnusonol,0,2,2
alnusone,0,2,2
plunc,0,2,2
frieman,0,2,2
/1/,0,2,2
paralleltherapieoptionen,0,2,2
isodrin,0,2,2
monoplegia,0,2,2
vorläuferproteine,0,2,2
e2-proteine,0,2,2
durchfallerkrankungen,0,2,2
glycoproteine,0,2,2
asima,0,2,2
shanmugaratnam,0,2,2
raadplegen,0,2,2
samuel,0,2,2
barsade,0,2,2
durnin,0,2,2
kreditorenumschlag,0,2,2
ovetchkine,0,2,2
carboxyethylsilanetriol,0,2,2
pottasiumferrociyanide,0,2,2
tsigara,0,2,2
kürzel,0,2,2
synpep,0,2,2
trimeperidine,0,2,2
enterodiol,0,2,2
l-[35s]methionine,0,2,2
4-(hydroxymethyl)-2nitrophenol,0,2,2
fridman,0,2,2
aloesin,0,2,2
tl/2rel,0,2,2
acetonitri,0,2,2
himbacine,0,2,2
hexadecyloxypropylcidofovir,0,2,2
gottwein,0,2,2
tomaymycin,0,2,2
cuprimine,0,2,2
fibrinopeptide,0,2,2
monoclone,0,2,2
speptide,0,2,2
triazolopyridine,0,2,2
verdrongen,0,2,2
longbloedingen,0,2,2
fistelspaltungen,0,2,2
bozhou,0,2,2
kayole,0,2,2
sl5=ϩ3=,0,2,2
survivine,0,2,2
panacinar,0,2,2
fundi,0,2,2
dansylhydrazine,0,2,2
chaetoxanthone,0,2,2
quenone,0,2,2
xmipp,0,2,2
blrl,0,2,2
anukanth,0,2,2
dihydroflavone,0,2,2
fowlie,0,2,2
l'amoxycilline,0,2,2
l'énalapril,0,2,2
l'enrofloxacine,0,2,2
heptaarginine,0,2,2
teixidó,0,2,2
szallasi,0,2,2
tenemus,0,2,2
babol,0,2,2
aythyini,0,2,2
tadornini,0,2,2
daylengths,0,2,2
betaglucopyranoside,0,2,2
paigen,0,2,2
vectoredvaccine,0,2,2
treescan,0,2,2
neosigniphora,0,2,2
octadecene,0,2,2
epitectin,0,2,2
napthylmethylamine,0,2,2
favipiravir favipiravir,0,2,2
verlfiufen,0,2,2
glucopyranosylamine,0,2,2
hydroxynorephedrine,0,2,2
f179a,0,2,2
rinderlungen,0,2,2
synonimus,0,2,2
acidificazione,0,2,2
sonoporazione,0,2,2
poliadenilazione,0,2,2
rappresentazione,0,2,2
trasfezione,0,2,2
www.ictvonline,0,2,2
levitan,0,2,2
edapeptide,0,2,2
syrjänen,0,2,2
cueunicin,0,2,2
gorgiacerone,0,2,2
www.erectie.info,0,2,2
dubow,0,2,2
ld6,0,2,2
soulattrone,0,2,2
scuffham,0,2,2
berno,0,2,2
binomios,0,2,2
federazione,0,2,2
polyadenosine,0,2,2
f]fluorocholine,0,2,2
hydroxyanisole,0,2,2
biotinyltyramide,0,2,2
sphase,0,2,2
"dec-8-ene-3,5-dione",0,2,2
chromeno,0,2,2
acetylputrescine,0,2,2
intrauterine,0,2,2
tub3,0,2,2
histamine hydrochloride,0,2,2
haemocyanin,0,2,2
corneodesmosin,0,2,2
augmentine,0,2,2
ternopil,0,2,2
turnour,0,2,2
bornbesin,0,2,2
mocs1ab,0,2,2
ciclehexenone,0,2,2
knospungszone,0,2,2
latat,0,2,2
t~'psin,0,2,2
endoscoplc,0,2,2
gher,0,2,2
lactoferrm,0,2,2
lp-esat-6±mpl,0,2,2
nmolll,0,2,2
conlinin,0,2,2
l'enoxaparine,0,2,2
dyhidrorhodamine,0,2,2
isosolenopsin,0,2,2
guggul,0,2,2
carlina,0,2,2
bromoacetophenone,0,2,2
methylidene,0,2,2
akzeptiert,0,2,2
xanthanolide,0,2,2
allaglyzin,0,2,2
tris-(2-hydroxyethyl)amine,0,2,2
benzotriazine,0,2,2
fabril,0,2,2
broadrange,0,2,2
ketoimine,0,2,2
protektionismus,0,2,2
ostanin,0,2,2
microglobuline,0,2,2
aracyitin,0,2,2
popline,0,2,2
glntamine,0,2,2
statscan,0,2,2
decortin,0,2,2
satisfi,0,2,2
benzoquinolizin-5-one,0,2,2
colisitin,0,2,2
soultan,0,2,2
phenylbenzoimidazole,0,2,2
leahy,0,2,2
coniugazione,0,2,2
individuums,0,2,2
fakinos,0,2,2
chartreusin,0,2,2
battestin,0,2,2
casitone,0,2,2
vas203,0,2,2
halsall,0,2,2
l-666,0,2,2
kawaguchi,0,2,2
ausdrücke,0,2,2
phthalhydrazine,0,2,2
growthhormone,0,2,2
zwerft,0,2,2
albaclone,0,2,2
alx148,0,2,2
phytohämagglutinin,0,2,2
münzel,0,2,2
lnorleucine,0,2,2
thyroglubulin,0,2,2
patientenebene,0,2,2
morronoside,0,2,2
-plumericin,0,2,2
oligo-/anhydramnios,0,2,2
c.50dela,0,2,2
mucocutan,0,2,2
l'olsétamivir,0,2,2
citrovorum,0,2,2
cuaderno,0,2,2
ofcone,0,2,2
zopjii,0,2,2
lumenverlegungen,0,2,2
desoxyhämoglobin,0,2,2
chlorgasverbindungen,0,2,2
d'infliximab,0,2,2
salverform,0,2,2
funnelform,0,2,2
l-1-naphthylalanine,0,2,2
γactin,0,2,2
2020}.remdesivir,0,2,2
sallylmercaptocysteine,0,2,2
transcuprin,0,2,2
bisazir,0,2,2
preprothaumatin,0,2,2
bensì,0,2,2
l'assunzione,0,2,2
alcaide,0,2,2
lodixanol,0,2,2
aftemystagmus,0,2,2
l'acépromazine,0,2,2
verbas,0,2,2
mahmassani,0,2,2
l'hydroxyzine,0,2,2
homoalanine,0,2,2
derjenigen,0,2,2
blicke,0,2,2
invitro,0,2,2
cyclopropylpyrroloindole,0,2,2
fremdantigen,0,2,2
mascherine,0,2,2
cirincione,0,2,2
ammissione,0,2,2
supplementazione,0,2,2
completata,0,2,2
invaginazione,0,2,2
utilizzazione,0,2,2
fibroproliferazione,0,2,2
enterobacterales,0,2,2
tularik,0,2,2
hurthle,0,2,2
erythroplakias,0,2,2
thiophosphine,0,2,2
larazotide,0,2,2
months.-to,0,2,2
tcp0,0,2,2
vogeloside,0,2,2
lline,0,2,2
sc/10,0,2,2
pretubulysin,0,2,2
carbamoylcholine,0,2,2
pulsanstieg,0,2,2
innovazione,0,2,2
fluoxétine,0,2,2
comprendenti,0,2,2
addestrato,0,2,2
concentrata,0,2,2
elaborazione,0,2,2
filtrazione,0,2,2
l'attribuzione,0,2,2
caratterizzare,0,2,2
borragine,0,2,2
reintroduzione,0,2,2
d'infezione,0,2,2
carbapenemasi,0,2,2
crescenti,0,2,2
iperimmunizzazione,0,2,2
cancellazione,0,2,2
restituzione,0,2,2
rivaccinazione,0,2,2
emotrasfusione,0,2,2
escursione,0,2,2
discriminazione,0,2,2
risultata,0,2,2
riprogettazione,0,2,2
evidenziando,0,2,2
valutare,0,2,2
cosomministrazione,0,2,2
l'automedicazione,0,2,2
rappresentata,0,2,2
simulazione,0,2,2
supervisione,0,2,2
d'opinione,0,2,2
refezione,0,2,2
l'amministrazione,0,2,2
donazione,0,2,2
captazione,0,2,2
alfabetizzazione,0,2,2
movimentazione,0,2,2
l'articolazione,0,2,2
coprogettazione,0,2,2
aggregazione,0,2,2
orientato,0,2,2
incentrato,0,2,2
variazione,0,2,2
testare,0,2,2
biologici,0,2,2
valutandone,0,2,2
formalizzazione,0,2,2
cannabinoidi,0,2,2
riclassificazione,0,2,2
disinfestazione,0,2,2
approvazione,0,2,2
l'esposizione,0,2,2
prenotazione,0,2,2
all'individuazione,0,2,2
fdr,0,2,2
occupazione,0,2,2
conduzione,0,2,2
l'ascolto,0,2,2
sperimentato,0,2,2
essiccazione,0,2,2
immissione,0,2,2
esclusione,0,2,2
comunicato,0,2,2
viruscapside,0,2,2
ddm128,0,2,2
kolokerinos,0,2,2
cialdini,0,2,2
engeletin,0,2,2
totals,0,2,2
psc,0,2,2
antichimotripsine,0,2,2
formedium,0,2,2
aufgeworfen,0,2,2
entgegenkommt,0,2,2
entspringt,0,2,2
anwältin,0,2,2
eigenem,0,2,2
einordnet,0,2,2
nachgeguckt,0,2,2
macbride,0,2,2
columellae,0,2,2
liothyronine,0,2,2
lambdacyhalothrin,0,2,2
honrone,0,2,2
omyelin,0,2,2
pudasaini,0,2,2
lglutamyltaurine,0,2,2
endosulfine,0,2,2
regev,0,2,2
biotinylatedandrographolide,1,0,1
[27].hydroxychloroquine,1,0,1
strabismus.12,1,0,1
eyes.45,1,0,1
il‐37,1,0,1
il‐18/il‐18bp,1,0,1
anti‐il‐18,1,0,1
ga).21,1,0,1
heavens.26in,1,0,1
somerville.46,1,0,1
cyanose,1,0,1
bronchodilatatie,1,0,1
videolaryngoscoop,1,0,1
nasaaura,1,0,1
beta‐tg,1,0,1
6‐gingerol,1,0,1
2018).vitamin‐c,1,0,1
cisplatin.66,1,0,1
spiramycin.117,1,0,1
erythromycin-derived,1,0,1
{xt}.,1,0,1
prosch,1,0,1
rapine,1,0,1
bozorgi,1,0,1
hariga,1,0,1
cpci-s,1,0,1
elayna,1,0,1
14).123,1,0,1
holtz,1,0,1
fairtrade,1,0,1
sanitizers.3,1,0,1
flowers.4,1,0,1
[280].aviptadil,1,0,1
santos-,1,0,1
lumicao,1,0,1
framarin,1,0,1
hsa-mir-125-5p,1,0,1
5-fluorouracil/mitomycin,1,0,1
anti-progestine,1,0,1
hyperoestrogenism,1,0,1
3rubber,1,0,1
•nitrile,1,0,1
pinverse→∞,1,0,1
salli,1,0,1
[35].chloroquine,1,0,1
orf1-,1,0,1
carboplatin.82,1,0,1
ferritin.64protein,1,0,1
sweetness.32,1,0,1
water.43,1,0,1
sebastiano,1,0,1
erythromycin.45,1,0,1
sigma-,1,0,1
•ketamine,1,0,1
chlor-amphenicol,1,0,1
ucinata,1,0,1
gdp.as,1,0,1
"that,4",1,0,1
mitomycin-camiodaronegoldnitrofurantoinhexamethoniumplacidylpenicillamine,1,0,1
amoxicillin-,1,0,1
turripeptides,1,0,1
turritoxin,1,0,1
carbapenem-imipenem,1,0,1
octaplex,1,0,1
vitaminsb12,1,0,1
immunonutrition,1,0,1
ciberes,1,0,1
frc,1,0,1
enoximone.1,1,0,1
krystalloid,1,0,1
nigripalpus,1,0,1
"aciclovir,47",1,0,1
bphenobarbitone,1,0,1
eterbutaline,1,0,1
fleviteracetam,1,0,1
drugs.98,1,0,1
erythromycin.193,1,0,1
sulphurdioxide.64,1,0,1
carcinogen.233,1,0,1
glutamine→,1,0,1
turnbull25,1,0,1
incpi,1,0,1
mycobacterum,1,0,1
zicai,1,0,1
ts’ui,1,0,1
cutaneatarda,1,0,1
azithromycin.[57,1,0,1
albatin,1,0,1
glutathione‐sepharose,1,0,1
formylpeptide,1,0,1
ice-dt,1,0,1
pomalidomide.2,1,0,1
imid/dexamethasone.3,1,0,1
incor,1,0,1
israeliis/1494/06vaccine,1,0,1
α-hemolysin,1,0,1
oligomycin.22,1,0,1
la21,1,0,1
la29,1,0,1
la38,1,0,1
ceftolozane-tazobactarm,1,0,1
nutini,1,0,1
pythagorean,1,0,1
μm).48,1,0,1
ribavirin.83,1,0,1
belatacepttm,1,0,1
np-metal,1,0,1
3-o-sulfation,1,0,1
taratala,1,0,1
belur,1,0,1
act.19,1,0,1
act;•it,1,0,1
2‐d‐glucose,1,0,1
aminoacidpolymer,1,0,1
tscc,1,0,1
sbadebt,1,0,1
amktype,1,0,1
lamivudine.229,1,0,1
co2/isoflurane,1,0,1
zanamivir.90,1,0,1
drugs.45,1,0,1
sadegh,1,0,1
adel,1,0,1
talat,1,0,1
isopropanole,1,0,1
eriocheirsinensis,1,0,1
citrivirus,1,0,1
ipomovirus,1,0,1
elaviroid,1,0,1
thermoprotheus,1,0,1
fda8,1,0,1
chaetomin,1,0,1
aspamides,1,0,1
2c).aspamide,1,0,1
enantiomers(+)-,1,0,1
fetuin.54,1,0,1
ahlis,1,0,1
al-shabaab,1,0,1
bokoharam.18,1,0,1
tioff,1,0,1
isofiurane,1,0,1
imidocloprid,1,0,1
"chloramphenicol,44",1,0,1
bronchodilators.16,1,0,1
tamoxifen.45,1,0,1
"carboplatin,60,61",1,0,1
rvt,1,0,1
usd/cad,1,0,1
ctrim,1,0,1
garbuglia,1,0,1
korten,1,0,1
biesbroek,1,0,1
proch,1,0,1
marlis,1,0,1
camponotus,1,0,1
quinolone/fluoroquinolone,1,0,1
hyroxychloroquin,1,0,1
tamila,1,0,1
ropalidiatamila,1,0,1
ropalidiarufoplagiata,1,0,1
r.fasciata,1,0,1
r.birmanica,1,0,1
napoleancat,1,0,1
sodiumchloride.56,1,0,1
dipterocarpaceaeous,1,0,1
gnetind,1,0,1
enantiomer(+)-ɛ-vf,1,0,1
5-aza-2’-deoxycytidine,1,0,1
2002).ribavirin,1,0,1
coxsackievirusa11,1,0,1
arife,1,0,1
ganciclovir.102,1,0,1
acyclovir.105,1,0,1
acyclovir.106,1,0,1
marreiros,1,0,1
nasentropfenantibiotika,1,0,1
amoxicillinbei,1,0,1
antipyretikaangebracht,1,0,1
4‐aminoquinolines,1,0,1
cetuximab79,1,0,1
n‐diisopropylethylamine,1,0,1
[36]).giia,1,0,1
giid,1,0,1
e16inhibitsflavivirus,1,0,1
urumchi,1,0,1
carboxypeptidasea1,1,0,1
medikamentetoxine,1,0,1
ppar-γ2,1,0,1
[172].ribavirin,1,0,1
thais,1,0,1
pd‐98059,1,0,1
trim40,1,0,1
vancomycin.[125,1,0,1
vancomycin.[127,1,0,1
vancomycin.[137,1,0,1
quinupristin/dalfopristin.[142,1,0,1
tobramycin.[153,1,0,1
[87].darunavir,1,0,1
.).lopinavir,1,0,1
.).valganciclovir,1,0,1
d-dimer.4,1,0,1
platelets.48,1,0,1
inhand-gesc,1,0,1
n-methyl-n’-nitrosoguanidine,1,0,1
karam,1,0,1
dextransodium,1,0,1
2‐iodoacetamide,1,0,1
pneumadyne,1,0,1
ritonavir3,1,0,1
[88,1,0,1
pvatvasodilators,1,0,1
mir125,1,0,1
adiponectin165,1,0,1
asprosin185,1,0,1
vtadopaminergic,1,0,1
carboxypeptidase-e,1,0,1
ox1,1,0,1
alumran1,1,0,1
spec,1,0,1
prednisolone≥30,1,0,1
ace-2/ang,1,0,1
isocorynoxine,1,0,1
ethylacetate-cyclohexane.3-(2-(6-hydroxy-4-methoxy-benzofuran-5-yl)-2-oxo-ethylidene)indolin-2-one,1,0,1
lgg,1,0,1
cyclophosphamid-induktionstherapie,1,0,1
xilogpx,1,0,1
"2′-deoxycytidine.39,40",1,0,1
5-methyl-2′-deoxyzebularine,1,0,1
1-propargyl-6-azauracil19f,1,0,1
"diethyl{4-[(3-acetylindol-1-yl)methyl]-1h-1,2,3-triazol-1-yl}methylphosphonate",1,0,1
"diethyl2-{4-[(3-acetylindol-1-yl)methyl]-1h-1,2,3-triazol-1-yl}ethylphosphonate",1,0,1
"diethyl3-{4-[(3-acetylindol-1-yl)methyl]-1h-1,2,3-triazol-1-yl}propylphosphonate",1,0,1
"diethyl4-(4-{[2,4-dioxopyrimidin-1-yl]methyl}-1h-1,2,3-triazol-1-yl)butylphosphonate",1,0,1
"diethyl4-{4-[(3-acetylindol-1-yl)methyl]-1h-1,2,3-triazol-1-yl}butylphosphonate",1,0,1
"diethyl2-{4-[(3-acetylindol-1-yl)methyl]-1h-1,2,3-triazol-1-yl}-1-hydroxyethylphosphonate",1,0,1
"diethyl3-{4-[(3-acetylindol-1-yl)methyl]-1h-1,2,3-triazol-1-yl}-2-hydroxypropylphosphonate",1,0,1
"diethyl1-hydroxy-3-(4-{[5-methyl-2,4-dioxopyrimidin-1(2h)-yl]methyl}-1h-1,2,3-triazol-1-yl)propylphosphonate",1,0,1
"diethyl3-(4-{[2,4-dioxopyrimidin-1-yl]methyl}-1h-1,2,3-triazol-1-yl)-1-hydroxypropylphosphonate",1,0,1
"diethyl3-{4-[(5,6-dimethylbenzoimidazol-1-yl)methyl]-1h-1,2,3-triazol-1-yl}-1-hydroxypropylphosphonate",1,0,1
"diethyl3-{4-[(3-acetylindol-1-yl)methyl]-1h-1,2,3-triazol-1-yl}-1-hydroxypropylphosphonate",1,0,1
amlodipine94,1,0,1
tnf-bps,1,0,1
saikochromonea,1,0,1
saikochromoside,1,0,1
scorzonerifolium,1,0,1
leukotriene‐b4,1,0,1
leukotriene‐c4,1,0,1
β‐pinene,1,0,1
hcv.11,1,0,1
interregprojectitaly-croatia,1,0,1
skj,1,0,1
micrornahsa-mir-223,1,0,1
m.japonica,1,0,1
beclomethasone.108,1,0,1
terfenadine.54,1,0,1
chlorpheniramine.95,1,0,1
"terfenadine,18",1,0,1
cetirizine21,1,0,1
azelastine63,1,0,1
terfenadine.14,1,0,1
terfenadine81,1,0,1
diphenhydramine.106,1,0,1
diphenhydramine.105,1,0,1
"vocabulary(chv),12",1,0,1
simoes,1,0,1
sorber,1,0,1
anthracyclines22,1,0,1
etoposide11,1,0,1
"cisplatin,45",1,0,1
methotrexate.47,1,0,1
•pleconaril,1,0,1
cephalosporinsc,1,0,1
aminoglycosides/piperacillin-tazobactam,1,0,1
nitrofurantoin).2,1,0,1
amoxicillin.4,1,0,1
caspase‐1,1,0,1
dihydroresveratrol,1,0,1
2005).rimantadine,1,0,1
p-nitrophenylbutyrate,1,0,1
interleukin-2r,1,0,1
zinc-pyrithione,1,0,1
selenicacid,1,0,1
[17].hydroxyurea,1,0,1
glutathion-resin-bound,1,0,1
poly-butylcyanoacrylate,1,0,1
vina39,1,0,1
darunavir16,1,0,1
"ritonavir,17",1,0,1
7-o-rutinoside,1,0,1
"adenophylla,58",1,0,1
"cannabissativa,69",1,0,1
4_4und10.1007/978-,1,0,1
leukozidine,1,0,1
atrina,1,0,1
hr2-palmitate,1,0,1
cr3014igg,1,0,1
liophryne,1,0,1
schlaginhaufeni,1,0,1
lysozyme/phenol,1,0,1
bromhexine.17,1,0,1
hulliana,1,0,1
zinc23,1,0,1
methotrexate(36,1,0,1
"goals(sdgs).[1,2",1,0,1
pparα-gw409544,1,0,1
robynrandall,1,0,1
gemcitabine+dacarbazine,1,0,1
gemcitabine+docetaxel,1,0,1
cobram,1,0,1
lab-probiotics,1,0,1
arb/ace,1,0,1
istm,1,0,1
chloroquine.2,1,0,1
"azithromycin.15,16",1,0,1
sulphadoxin,1,0,1
pipro,1,0,1
ptrans,1,0,1
chloramphenicol344,1,0,1
"neomycin,230",1,0,1
gentamicin246,1,0,1
azithromycin432,1,0,1
rifaximin433,1,0,1
cefamandole692,1,0,1
ceftriaxone.698,1,0,1
cephalosporins.860,1,0,1
azithromycin.866,1,0,1
metronidazole886,1,0,1
chloramphenicol.984,1,0,1
omidazole.1064,1,0,1
furazolidone.1080,1,0,1
folate-fitc,1,0,1
7-deaza-2′-deoxyguanosine,1,0,1
ecmo,1,0,1
darahallinan,1,0,1
gw3,1,0,1
5′‐bromo‐2′‐deoxyuridine,1,0,1
ngr‐modified,1,0,1
2019).emetine,1,0,1
emetinehydrochloride,1,0,1
orbiculatusthunb,1,0,1
deepawali,1,0,1
adp,1,0,1
oxidizer,1,0,1
ddp,1,0,1
benzo[a]anthracene,1,0,1
"adenovirus,18",1,0,1
clorochina,1,0,1
parvovirusvaccines,1,0,1
9h-carbazole,1,0,1
luminosa,1,0,1
alessandri,1,0,1
binan,1,0,1
vitaminavitaminbvitamincvitamind,1,0,1
oseltamivir.[60,1,0,1
medersa,1,0,1
mounia,1,0,1
•chikungunya,1,0,1
doxycycline25,1,0,1
etoposide34,1,0,1
2020.vitamindvitamind,1,0,1
antipyreticsibuprofen,1,0,1
combretumglutinosum,1,0,1
pedunculagin,1,0,1
rondônia,1,0,1
calcium.104,1,0,1
biedrusko,1,0,1
ganciclovir).hepatitis,1,0,1
strombus,1,0,1
1⩾n,1,0,1
nija,1,0,1
nagaradikashaya,1,0,1
silver-carbon,1,0,1
gnpsconjugates,1,0,1
lactococcuslactis,1,0,1
feyerabend,1,0,1
valganciclovir.94,1,0,1
rgs-ibg2,1,0,1
amantadine.4,1,0,1
diclofenac).17,1,0,1
clarithromycin.32,1,0,1
itraconazole.16,1,0,1
dodevska,1,0,1
ibuprofen/ketoprofen​​​​​​,1,0,1
losartan15,1,0,1
dexamethasone.6,1,0,1
[63].artemether,1,0,1
vismodegib[65,1,0,1
essen.20,1,0,1
then.38,1,0,1
ivig.147,1,0,1
aspirin.7,1,0,1
cyclophosphamide225,1,0,1
[88].ribavirin,1,0,1
[91].arbidol,1,0,1
[131].baricitinib,1,0,1
right-or,1,0,1
levomenol,1,0,1
-carotene,1,0,1
ammoniumperoxodisulfate,1,0,1
ha-paclitaxel,1,0,1
ruqin,1,0,1
co2r,1,0,1
niewiadomska,1,0,1
remarksneocrocodilicola,1,0,1
archaeodiplostomumparaprostate,1,0,1
itraconazole.134,1,0,1
thalidomide.161,1,0,1
ganciclovir.189,1,0,1
emtricitabine.200,1,0,1
ag7088.13,1,0,1
"allyl(2r,5s)-5-(tert-butoxycarbonyl)amino-2-(4-fluorobenzyl)-6-methyl-4-oxo-heptanoate",1,0,1
compound21a,1,0,1
compound21b,1,0,1
nics,1,0,1
zinc22,1,0,1
"prednisone,13",1,0,1
.8-methoxypsoralen,1,0,1
idi-araba,1,0,1
ne02adjuvant,1,0,1
tobramycin-encapsulated,1,0,1
-butyl,1,0,1
shank4,1,0,1
4′-hydroxiflurbiprofen,1,0,1
3-oh-ibuprofen,1,0,1
add-aspirin,1,0,1
nsaidprodrug,1,0,1
para-sulfonamide,1,0,1
naproxcinod,1,0,1
no-aspirin,1,0,1
no-diclofenac,1,0,1
hs-sulindac,1,0,1
hs-ibuprofen,1,0,1
somnath,1,0,1
danbrickley,1,0,1
[6].panavir,1,0,1
[9].panavir,1,0,1
foliumzuurgebrek,1,0,1
benzathinebenzylpenicilline,1,0,1
plusgentamicine,1,0,1
ingreep;amoxicilline,1,0,1
bcg.4,1,0,1
press.71,1,0,1
alimentos,1,0,1
lysostaphin∗,1,0,1
orphenoxymethylpenicillin,1,0,1
hydroxychloroquine11,1,0,1
lopinavir-ritonavir13,1,0,1
zanamivir-13c15n2,1,0,1
rimantadine-d4,1,0,1
laryngeus,1,0,1
hoolock,1,0,1
lenalidomide‐dexamethasone,1,0,1
coe-col-dcpepl.casei,1,0,1
güttel,1,0,1
barbuto,1,0,1
bedien-,1,0,1
1998).cyclophosphamide,1,0,1
diethylene,1,0,1
monoethylene,1,0,1
calcein-acetoxymethyl,1,0,1
c-linker,1,0,1
quercetinderivatives,1,0,1
aetius,1,0,1
alexia,1,0,1
grammitis,1,0,1
clavatum,1,0,1
grammitissw,1,0,1
diaphanum,1,0,1
tapse,1,0,1
bki1817,1,0,1
benjamin,1,0,1
amelot,1,0,1
oto-,1,0,1
antley,1,0,1
calciumsodium,1,0,1
ginimol,1,0,1
nitroprussiat,1,0,1
veriq,1,0,1
medistim,1,0,1
piperacillinum,1,0,1
tazobactamum,1,0,1
drabkin,1,0,1
8-oxo-2′-deoxyguanosine,1,0,1
deendayal,1,0,1
sureshrink,1,0,1
d-koptd,1,0,1
manel,1,0,1
chiheb,1,0,1
uzoma,1,0,1
imipenem=2,1,0,1
tartakowsky,1,0,1
hydroxychloroquine.2,1,0,1
vasodilatoreca2/ang-(1,1,0,1
"ganciclovir,15",1,0,1
"foscarnet,17",1,0,1
ganciclovir.19,1,0,1
potassiumtert-butoxide,1,0,1
ingushetia,1,0,1
platycyamus,1,0,1
elsie,1,0,1
rybakov,1,0,1
wita,1,0,1
t/p,1,0,1
[3].vasopressin,1,0,1
amygdalase,1,0,1
b(oh)4,1,0,1
[117].bismuth,1,0,1
antibody‐nanogold,1,0,1
"artemisinin4,5",1,0,1
prodrug28,1,0,1
"remdesivir,2",1,0,1
50%2.chloroquine,1,0,1
cotoneaster,1,0,1
gotts,1,0,1
pegylatedifn-α2a,1,0,1
polyomaviruses.130,1,0,1
poy,1,0,1
biotin.26,1,0,1
anti-di-,1,0,1
tbe-urea,1,0,1
3-chloro-4-fluoroaniline,1,0,1
anti-zikavaccine,1,0,1
φst,1,0,1
ribavirin.45,1,0,1
ribavirin.[47,1,0,1
ribavirin.[32,1,0,1
"bovinecoronavirus,26",1,0,1
secn-aspirin,1,0,1
ronak,1,0,1
anupam,1,0,1
anti‐her2,1,0,1
lapatinib‐capecitabine,1,0,1
1.theaflavin,1,0,1
cl)2,1,0,1
chloroethylating,1,0,1
d.nedaplatin,1,0,1
p53.chromomycin,1,0,1
dnaanthracyclines,1,0,1
mesylate33,1,0,1
bisindenoisoquinolines,1,0,1
batracyclin,1,0,1
dihydrofolates,1,0,1
methotrexate-e,1,0,1
1967).cytarabine,1,0,1
limiting.m-azidopyrimethamine,1,0,1
magnesiumin,1,0,1
aldaraji,1,0,1
tert-butylmagnesiumchloride,1,0,1
5804p.cysteine,1,0,1
alcohol.d,1,0,1
sodiumhypochloriteii,1,0,1
regorafenib-sorafenib,1,0,1
kelatra,1,0,1
us-,1,0,1
vitaminchoneysuckle,1,0,1
dimethylcadmium,1,0,1
lncrnadb.15,1,0,1
lncrna‐cmpk2,1,0,1
chloroquine.15,1,0,1
"staphylococcus,7",1,0,1
magnesiumisoglycolate,1,0,1
6-methoxy-7-hydroxycoumarin,1,0,1
ketamindosis,1,0,1
schmerztherapie,1,0,1
sunali,1,0,1
idocta,1,0,1
mpro-minocycline,1,0,1
mpro-tetracycline,1,0,1
"cidofovir,82",1,0,1
ivig31,1,0,1
ritonavir44,1,0,1
mir-143-,1,0,1
"tenofovir,12",1,0,1
diisopropylbromomethanephosphonate.15,1,0,1
dimethylaminomethylene,1,0,1
dexamethasonbehandelte,1,0,1
keto‐glutamine,1,0,1
interferon-α-,1,0,1
haemophylus,1,0,1
povidonjoodoogdruppels,1,0,1
varicellazostervirus,1,0,1
aciclovirdan,1,0,1
15n‐adenosine,1,0,1
bupp,1,0,1
mk-curve21,1,0,1
cypro,1,0,1
2-core,1,0,1
esene,1,0,1
ks.7,1,0,1
dimol,1,0,1
cgr,1,0,1
anthracycline-taxane,1,0,1
).cloxacillin,1,0,1
41–66].pyrimethamine,1,0,1
ub‐intein,1,0,1
loukas,1,0,1
dicaffeoylquinic,1,0,1
[28].trovafloxacin,1,0,1
dibromochloromethane,1,0,1
wikramaratna37,1,0,1
liposome-polycation-dna,1,0,1
dipivoxil3,1,0,1
nihao,1,0,1
tu-1810,1,0,1
1).glutathione,1,0,1
erythromycin16,1,0,1
azithromycin17,1,0,1
conoidasida,1,0,1
aminoacids.8,1,0,1
priam,1,0,1
amplex,1,0,1
iman,1,0,1
os2,1,0,1
bsin,1,0,1
p*.,1,0,1
trichosanthisfructus,1,0,1
ficolin-1,1,0,1
chlorhexidine.6,1,0,1
"azithromycin21,46",1,0,1
tengechlorenine,1,0,1
betadex,1,0,1
hemozin.40,1,0,1
remin,1,0,1
n-ethyl-n-hydroxyethylamine,1,0,1
dichloroethane.53(2)a,1,0,1
cobaltnitrate,1,0,1
amneal,1,0,1
hydroxychloroquine.68,1,0,1
hydroxychloroquine.69,1,0,1
oxychloride,1,0,1
n-chloro-n-methoxy-4-toluenesulfonamide,1,0,1
2-aminopyrazine.90,1,0,1
cake.94favipiravir,1,0,1
5-carboxypirfenidone,1,0,1
dibromo,1,0,1
remdesivir.126,1,0,1
ketone9.10,1,0,1
benzylmagnesiumchloride,1,0,1
lopinavir/ritonavir-ifn-γ,1,0,1
zerkle,1,0,1
hoewerkthet,1,0,1
paraplantarum,1,0,1
pardo.15,1,0,1
1).penicillin,1,0,1
tropomi,1,0,1
nii-trebi,1,0,1
adjuvant).1,1,0,1
4.forodesine,1,0,1
stereo-,1,0,1
zanamivir).6,1,0,1
c-intro,1,0,1
hydrosulfite,1,0,1
carbopac,1,0,1
moosa,1,0,1
sheena,1,0,1
vetrimoxin,1,0,1
smetal,1,0,1
phyloxine,1,0,1
"lopinavir/ritonavir,12",1,0,1
dqn-cvae(dqn-cvae,1,0,1
omeprazole41,1,0,1
fluconazole.77,1,0,1
"aminoglycosides,48",1,0,1
"fenbendazole,108",1,0,1
(rrt).hydroxychloroquine,1,0,1
[7].glutathione,1,0,1
2015–16,1,0,1
andryj,1,0,1
"ciar-ciah,42",1,0,1
gs-2,1,0,1
oncovin,1,0,1
reda,1,0,1
fouzia,1,0,1
saidboujraf,1,0,1
trilobiten,1,0,1
neandertaler,1,0,1
nilland,1,0,1
apophis,1,0,1
arsenpräparat,1,0,1
urmetazoen,1,0,1
unconjugatedangiotensinogen,1,0,1
thiopentonesodium,1,0,1
larcker,1,0,1
n12,1,0,1
σ13,1,0,1
alnuheptanoids,1,0,1
hamsaz,1,0,1
aqua,1,0,1
pacelc,1,0,1
bisnortetrandrine,1,0,1
(±)-12-desmethoxytetrandrine,1,0,1
(±)-12-desmethoxy-12-trifluoromethoxytetrandrine,1,0,1
(±)-12-desmethoxy-12-chlorotetrandrine,1,0,1
tsiapalis,1,0,1
[17].dexmedetomidine,1,0,1
"ribavirin,[8788",1,0,1
letifend,1,0,1
hydroxychloroquine13–16,1,0,1
azythromycine18.in,1,0,1
telmisartan22,1,0,1
"hydroxychloroquine13–15,27",1,0,1
5β-steroid,1,0,1
thrombin-,1,0,1
oxy-,1,0,1
intermedin1−−53,1,0,1
angiokeratoma,1,0,1
prox1,1,0,1
smad8,1,0,1
malcavernin,1,0,1
adrenalindosen,1,0,1
magnesiumsulfats,1,0,1
polysorbat,1,0,1
"2,5-dideoxystreptamine",1,0,1
methylprednisolone66,1,0,1
[7].ruxolitinib,1,0,1
polymyxinb.16,1,0,1
anti-cd14,1,0,1
colchicine.52,1,0,1
lham,1,0,1
[44].amantadine,1,0,1
kendig,1,0,1
kilo,1,0,1
oxycephalum,1,0,1
vinogradov,1,0,1
apogonae,1,0,1
tanaidacea,1,0,1
androdioecy,1,0,1
inquiline,1,0,1
orthonauplius,1,0,1
tantulus,1,0,1
firica,1,0,1
tsan-ming,1,0,1
"ukraine,3",1,0,1
congress.67,1,0,1
meena1,1,0,1
cipagen—,1,0,1
sorafenib22,1,0,1
azacitidine44,1,0,1
pentixafor,1,0,1
ipilimumab133,1,0,1
dao-kai,1,0,1
"denmark,69",1,0,1
"india,70",1,0,1
levofloxacine).in,1,0,1
chlorine.82,1,0,1
os.90,1,0,1
colchicine44,1,0,1
n4-acetylcytidine,1,0,1
bis‐amide,1,0,1
mono‐amide,1,0,1
prokarium,1,0,1
vaxonella,1,0,1
ago“it,1,0,1
nitrofurantoin73,1,0,1
mifespristone.102,1,0,1
hbeag+,1,0,1
rifampin.192,1,0,1
"1,25‐dihydroxycholecalciferol",1,0,1
scv.daunorubicin,1,0,1
fiatchrysler,1,0,1
everolimus).7,1,0,1
"cefuroxime,750",1,0,1
diabeticnephropathy,1,0,1
duloxetine178,1,0,1
hth,1,0,1
jakartan,1,0,1
traumas,1,0,1
hematek,1,0,1
jannsen,1,0,1
erythromycin-mrsa,1,0,1
pred,1,0,1
tlr1,1,0,1
6].hydroxychloroquine,1,0,1
(1).glycyrrhizaeradix,1,0,1
20-ketosteroids,1,0,1
"desferrioxamine,156",1,0,1
dnvr,1,0,1
mirley,1,0,1
alves,1,0,1
priscilacapelariorsolin,1,0,1
marynella,1,0,1
nilsonnicolau,1,0,1
lc-adc,1,0,1
echinaceapupurea,1,0,1
corydalisambigua,1,0,1
melaninsynthesis,1,0,1
pulsatillakoreana,1,0,1
berberisaquifolium,1,0,1
•chamomile,1,0,1
kavarhizome,1,0,1
vesicanta,1,0,1
capsaizin,1,0,1
cyclamin,1,0,1
galactoxylose,1,0,1
rufloxacin.220,1,0,1
vp2ef,1,0,1
codon.21,1,0,1
dips.40,1,0,1
atila,1,0,1
sphenomorphusvictoria,1,0,1
bipartalis,1,0,1
[17].aminophylline,1,0,1
elexacaftor/tezacaftor/ivacaftor,1,0,1
ics.28,1,0,1
alpha2-agonists,1,0,1
omeprazole).102,1,0,1
4.catecholamines,1,0,1
[38].chloroquine,1,0,1
gga-mir1595,1,0,1
onalytica,1,0,1
13c-urea,1,0,1
haplogroupa2,1,0,1
buprenorphine16,1,0,1
doxycycline.79,1,0,1
doxycycline.81,1,0,1
irine,1,0,1
done.94,1,0,1
ang(1–7,1,0,1
v‐atpase,1,0,1
chlorophen,1,0,1
cathepsinl-a,1,0,1
[79].ribavirin,1,0,1
[92].lopinavir/ritonavir,1,0,1
inhibitorsdanoprevir,1,0,1
inquireriv-4,1,0,1
ciprofloxacin-sodium,1,0,1
alpha-arbutin,1,0,1
ibuprofen.9,1,0,1
β‐lg,1,0,1
[47].enfuvirtide,1,0,1
d-enantiomers,1,0,1
pechstein,1,0,1
aliriza,1,0,1
beclomethasone70,1,0,1
mometasone.71,1,0,1
vitamind3-hydroxyderivatives,1,0,1
cocoanut,1,0,1
anti-ace-2,1,0,1
domain.[39]chloroquine,1,0,1
pep15,1,0,1
cefixime40,1,0,1
sofosbuvir.155,1,0,1
ciclosporin.73,1,0,1
medialipide,1,0,1
coot.60,1,0,1
hydroxychloroquine[21,1,0,1
"acuminata,",1,0,1
condylomaacuminatum,1,0,1
carbamazepine94,1,0,1
amministrativo,1,0,1
folate.9,1,0,1
film•cobalamin,1,0,1
anti-vax,1,0,1
hoc,1,0,1
ka-fai,1,0,1
aniarti,1,0,1
hydroxychloroquine.50,1,0,1
paholpak,1,0,1
suricata,1,0,1
ganco,1,0,1
μm).134,1,0,1
‐nitroso‐n‐acetylpenicillamine,1,0,1
chloroquine.168,1,0,1
tggtetra‐o‐galloyl‐β‐d‐glucose,1,0,1
ferella,1,0,1
taxiarchis,1,0,1
anca,1,0,1
yunjiao,1,0,1
"los,11",1,0,1
papillomavirus19,1,0,1
(il-6).il-6,1,0,1
nanosponge,1,0,1
"enterococcus,4",1,0,1
"staphylococcus,32",1,0,1
"albicans,4",1,0,1
14–aminoacid,1,0,1
"nl63-hr2p,",1,0,1
ketty,1,0,1
isopropanol.75,1,0,1
3.simeprevir,1,0,1
santos-filho,1,0,1
4′-o-methylbavachalcone,1,0,1
disulfiram44,1,0,1
ebselen43,1,0,1
mengdi,1,0,1
[47].ivabradine,1,0,1
[48]midodrine,1,0,1
auc0–24,1,0,1
levo-menthol,1,0,1
l-bupivacaine,1,0,1
β-conglycinin,1,0,1
artesunate.18,1,0,1
ceftaroline.32,1,0,1
teledentistry”.19,1,0,1
nutlin3a,1,0,1
non-alkylated,1,0,1
2020).vitaminc,1,0,1
yetim,1,0,1
apt-exos,1,0,1
afb1-,1,0,1
bauzeit,1,0,1
mclient-cms-ldp,1,0,1
mclient-cs-ldp,1,0,1
stroke,1,0,1
anthelix,1,0,1
amphotericin-bliposomal,1,0,1
caesalmin,1,0,1
methylprednisolone≤0.5,1,0,1
hetastarch1,1,0,1
(tazocin,1,0,1
jhqg,1,0,1
φ6–montmorillonite,1,0,1
tattooing2,1,0,1
polyomavirusvp1,1,0,1
treprostenol,1,0,1
alker,1,0,1
anti-mesothelinvaccine,1,0,1
usa).fluconazole,1,0,1
rdn5.8,1,0,1
31].oseltamivir,1,0,1
1.quercetin,1,0,1
fosco,1,0,1
coppery,1,0,1
andrén,1,0,1
kanhua,1,0,1
preeti,1,0,1
cytosine‐cytosine,1,0,1
amoxicillin.53,1,0,1
clarithromycin.62,1,0,1
fluoroquinolones.61,1,0,1
5α,1,0,1
"[25,26].hydroxychloroquine",1,0,1
isosceles,1,0,1
furans.38,1,0,1
"3,6-dimethyl-4,5,6,7-tetrahydrobenzofuran",1,0,1
qattarensissaleh,1,0,1
pirfenidone-,1,0,1
meran,1,0,1
"lamivudine,16",1,0,1
latydc1,1,0,1
bukola,1,0,1
surfactant.57,1,0,1
hbvhsv,1,0,1
3-chymotrypsin-,1,0,1
oxaazole,1,0,1
apo-protein,1,0,1
gestartet,1,0,1
benz[a]anthracene,1,0,1
gsh‐cleavable,1,0,1
fe-cov,1,0,1
oseltamivir.36,1,0,1
β-magnoflorine,1,0,1
n-methylcoclaurine,1,0,1
enterobacter,1,0,1
deanna,1,0,1
bravovax,1,0,1
pc786,1,0,1
stampacchia,1,0,1
bar-gera,1,0,1
hydroxytyrosolacetate,1,0,1
hydroxytyrosolbutyrate,1,0,1
salic,1,0,1
iganr8230,1,0,1
cine-ct,1,0,1
ketamine(0–5,1,0,1
midazolam+morphine,1,0,1
fluconazolefl,1,0,1
posaconazole(pos,1,0,1
micafungin(mica,1,0,1
anidulafungin(and,1,0,1
cathetersleeve,1,0,1
pseudoephedrina,1,0,1
efaroxan,1,0,1
dcx5,1,0,1
liptzin,1,0,1
ketoprophen,1,0,1
monkshood,1,0,1
gly‐cds,1,0,1
clavulanacid,1,0,1
[pyr1]apelin-13(1–12,1,0,1
mir-bf1,1,0,1
base.61,1,0,1
alcoholgel/rub,1,0,1
y27,1,0,1
benzotriazoleesters,1,0,1
lactylated,1,0,1
u35,1,0,1
pasudotox-tdfk,1,0,1
s-benzyl-cysteine,1,0,1
myolex,1,0,1
ymt,1,0,1
"amitriptyline,48",1,0,1
topiramate59,1,0,1
adjuvant.71,1,0,1
gi-13-,1,0,1
marijakamceva,1,0,1
mitoraj,1,0,1
artemisinin12,1,0,1
spella,1,0,1
gallopamil,1,0,1
cardioviruse,1,0,1
zinc+t3,1,0,1
2000).zinc,1,0,1
co‐amoxicillin,1,0,1
archilochus,1,0,1
hair-selenium,1,0,1
selenium/g,1,0,1
methylseleninicacid,1,0,1
dimethyselenide,1,0,1
hydrogenselenide,1,0,1
sulfadoxine-pyrimethamine.16,1,0,1
quinine.47,1,0,1
labiatae,1,0,1
yinqiao-decoction,1,0,1
roopa,1,0,1
atg12-conjugation,1,0,1
cbo,1,0,1
echinocandins20,1,0,1
fractura,1,0,1
drug-grapefruit,1,0,1
fumador,1,0,1
pentagastrina,1,0,1
nifedipino,1,0,1
alfametil,1,0,1
sulindaco,1,0,1
ruchitiwari,1,0,1
kovy,1,0,1
co-amoxyclavulanic,1,0,1
"vancomycin,38",1,0,1
hibvaccine.40,1,0,1
co-trimoxazole.28,1,0,1
diethylcarbamazine.91,1,0,1
caminero,1,0,1
hhv‐6a,1,0,1
5‐azacytidine,1,0,1
turmeric2,1,0,1
ibuprofen;8,1,0,1
hydroxychloroquine)2,1,0,1
lidocaine-,1,0,1
delso,1,0,1
klebsiella,1,0,1
cotrimoxazol22,1,0,1
cotrimoxazol29,1,0,1
atrin,1,0,1
musiktherapie,1,0,1
babyklappe,1,0,1
goldene,1,0,1
psychosomatik,1,0,1
3).hydroxychloroquine,1,0,1
dunja,1,0,1
ciclesonide;10,1,0,1
genprobeprodesse,1,0,1
penicillin.132,1,0,1
barnaby,1,0,1
[5].hydroxychloroquine,1,0,1
bronchodilators.59,1,0,1
5%.100,1,0,1
cyclosporine.124,1,0,1
mycopar®,1,0,1
hygromycin.40,1,0,1
–gluconate,1,0,1
rhopalosiphummaidis,1,0,1
schizaphisgraminum,1,0,1
rhopalosiphumpadi,1,0,1
graminium,1,0,1
frailty,1,0,1
chokki,1,0,1
polymycinb,1,0,1
neomycin-bacitracin,1,0,1
rafiq,1,0,1
dexamethasone80,1,0,1
(–)epigallocatechin-3-gallate,1,0,1
[131].favipiravir,1,0,1
carmaker,1,0,1
jujubaefructus,1,0,1
tamoxifen.6,1,0,1
zanamivir.4,1,0,1
argentine,1,0,1
oscorbin,1,0,1
zanamivir).101,1,0,1
exspirium,1,0,1
adrenalininhalation,1,0,1
theophyllin-,1,0,1
terbutalingabe,1,0,1
ipratropiumbromidinhalationen,1,0,1
ketoethylene,1,0,1
chloroquine138,1,0,1
vildagliptin/laf237,1,0,1
sitagliptin/mk-0431,1,0,1
penicillin.156,1,0,1
quetta,1,0,1
zanamivir).3,1,0,1
c27,1,0,1
panagiotidis,1,0,1
präambel,1,0,1
gp‐c,1,0,1
penciclovir19,1,0,1
hpv‐16e5,1,0,1
ubdist,1,0,1
[84].ribavirin,1,0,1
[102].hydroxychloroquine,1,0,1
1).prednisolone,1,0,1
[50].methylprednisolone,1,0,1
[56].budesonide,1,0,1
rdase,1,0,1
fusun,1,0,1
menderesgraben,1,0,1
2019-ncovs-hr1,1,0,1
nhx,1,0,1
chlortetracycline.13,1,0,1
neomycin.6,1,0,1
cyclosporine.57,1,0,1
valganciclovir.62,1,0,1
sulfamethoxazole.173,1,0,1
fenamate,1,0,1
zanamivird.trimethoprim-sulfamethoxazolee.vancomycin,1,0,1
neugeborene,1,0,1
cefotaxim)>3,1,0,1
katheter-,1,0,1
amg785,1,0,1
deruxtecan,1,0,1
antibiotics.30,1,0,1
pertussisimpfungetwa,1,0,1
isosteroid,1,0,1
citrireticulatae,1,0,1
polymethoxylatedflavonoids,1,0,1
d-glutamate,1,0,1
flavonoids70,1,0,1
musine,1,0,1
streptomycin-,1,0,1
[91].andrographolide,1,0,1
stanolester,1,0,1
plant-stanol,1,0,1
echinaceapurpureaherb,1,0,1
quercetin-cmkiv,1,0,1
anti-lymph,1,0,1
[89].chloroquine,1,0,1
ulvella,1,0,1
[2].rituximab,1,0,1
f.graminearum,1,0,1
[3].dexmedetomidine,1,0,1
acyclovir.14,1,0,1
landweber,1,0,1
orderrin,1,0,1
xilin,1,0,1
serletis,1,0,1
s-methylated,1,0,1
isopropanol.54,1,0,1
mercaptopyrimidine,1,0,1
thione69c,1,0,1
pharmacopoeialondinensis,1,0,1
trp27,1,0,1
rrrrrrrrr,1,0,1
(161).pexelizumab,1,0,1
s-adenosyl-[methyl-3h]methionine,1,0,1
longeveron,1,0,1
χmt,1,0,1
langmead,1,0,1
shagin,1,0,1
ginsenoside-rb1,1,0,1
forsythiaefructus-lonicerae,1,0,1
lonicerajaponicaflos,1,0,1
nadph,1,0,1
cyp3a1,1,0,1
讨论及文献复习,1,0,1
taoren,1,0,1
johndinesh,1,0,1
thiopurineanalogs,1,0,1
chop5,1,0,1
oseltamivir.140,1,0,1
sat-solvers,1,0,1
2-d.,1,0,1
glucose-syrup.6,1,0,1
juniperuschinensis,1,0,1
pyszczynski,1,0,1
adv-c,1,0,1
5′-methylated,1,0,1
(−)-pseudoephedrine,1,0,1
dosisdtap-hepb-ipv+hib,1,0,1
atovaquone.131,1,0,1
itraconazole.431,1,0,1
steroids.517,1,0,1
ethambutol.545,1,0,1
clarithromycin.548,1,0,1
7-serotypeconjugate,1,0,1
ritonavir)29,1,0,1
"adenovirus,35",1,0,1
etanercept.48,1,0,1
thalidomide.89,1,0,1
aldoxime,1,0,1
0f,1,0,1
proteaseiii,1,0,1
that“in,1,0,1
"canada,29",1,0,1
komoran,1,0,1
chlorine.70,1,0,1
cans’,1,0,1
himbvaccine,1,0,1
taperhydrocortisone,1,0,1
2–3hydrocortisone,1,0,1
mea,1,0,1
cflagyl,1,0,1
dgastrogard,1,0,1
eclorhexidine,1,0,1
fvitamine,1,0,1
ihumulin,1,0,1
mrifadin,1,0,1
nflunixamine,1,0,1
oketofen,1,0,1
ecnr2,1,0,1
albumin(bsa)/fructose,1,0,1
westland,1,0,1
azathioprine).17,1,0,1
technetium99,1,0,1
sirna-polymer,1,0,1
anti‐insect,1,0,1
rsem,1,0,1
aurelijazvirbliene,1,0,1
libin,1,0,1
zifei,1,0,1
bif‐1,1,0,1
tiensin,1,0,1
oxygen-scavenging,1,0,1
[70].vitamind,1,0,1
aminoglycoside‐benzimidazole,1,0,1
2‐aminobenzimidazoles,1,0,1
methothrexate,1,0,1
chlorine.21,1,0,1
reca,1,0,1
lopinavir/ritonavirand)arbidol,1,0,1
dc_cp20,1,0,1
stilbetin,1,0,1
.)sofosbuvir,1,0,1
sovaldi/,1,0,1
caftaroline,1,0,1
thioplex,1,0,1
β-carotene.159,1,0,1
netrokona,1,0,1
wenige,1,0,1
teratom,1,0,1
fludarabine/cyclophosphamide/rituximab,1,0,1
ribavirin.[101,1,0,1
(ddi)ganciclovirpentamidinespiramycinamphotericin,1,0,1
bketoconazolenystatin,1,0,1
gases.92,1,0,1
laryngoplasty.140,1,0,1
sydrome.221,1,0,1
surfactant.392,1,0,1
laryngoscopist,1,0,1
xylitol.32,1,0,1
zweibisdrei,1,0,1
[70].it,1,0,1
"hydroxychloroquine,25",1,0,1
chloroquine30,1,0,1
hydroxychloroquine.31,1,0,1
chloroquine.35,1,0,1
chloroquine).41,1,0,1
chloroquine.37,1,0,1
hydroxychloroquine.67,1,0,1
(sofosbuvir)44,1,0,1
~90%.sortilin,1,0,1
fmsd,1,0,1
icl004,1,0,1
sm012,1,0,1
icl006,1,0,1
mycophenolate)43,1,0,1
[83].ribavirin,1,0,1
prostacyclin.22,1,0,1
[32].sufentanil-midazolam,1,0,1
sufentanil-medetomidine,1,0,1
goldfaber,1,0,1
crystallography,1,0,1
ribavirin.34,1,0,1
aminomodified,1,0,1
diets.49,1,0,1
formyl,1,0,1
nitroprusside32,1,0,1
aβ42,1,0,1
hepatotoxin,1,0,1
arthrostoma,1,0,1
epac-pde4,1,0,1
waitingin,1,0,1
darunavir/3clpro,1,0,1
sieff,1,0,1
2≠ω,1,0,1
ttn,1,0,1
doxorubicin.59,1,0,1
vardenafil.55,1,0,1
doxorubicin.27,1,0,1
cephalosporin168,1,0,1
orlovsky17,1,0,1
dual-task,1,0,1
tinetti,1,0,1
ampicillin.20,1,0,1
colchicine.92,1,0,1
febuxostat.100,1,0,1
allopurinol.105,1,0,1
allopurinol.106,1,0,1
ze3,1,0,1
75selenium,1,0,1
algorithm4_3,1,0,1
steganography,1,0,1
dl‐dithiothreitol,1,0,1
6β-hydroxytropine,1,0,1
potatoes.21,1,0,1
prasajya,1,0,1
cystojejunostomy,1,0,1
2001).it,1,0,1
asvit,1,0,1
rvtw,1,0,1
06:53,1,0,1
hcvdaas,1,0,1
(-)-hopeaphenol,1,0,1
dehydroampelosinb,1,0,1
aurodox,1,0,1
dehydro-δ-viniferin,1,0,1
hge027,1,0,1
thatmf59®,1,0,1
antiaritmica,1,0,1
fludoxacilline,1,0,1
permutotetraviridae,1,0,1
carmotetraviridae,1,0,1
tepovirus,1,0,1
imperata,1,0,1
clavavirus,1,0,1
sigmapapillomavirus,1,0,1
phipapillomavirus,1,0,1
chipapillomavirus,1,0,1
psipapillomavirus,1,0,1
omegapapillomavirus,1,0,1
dyozetapapillomavirus,1,0,1
dyoetapapillomavirus,1,0,1
dyoiotapapillomavirus,1,0,1
bidensovirus,1,0,1
dsc,1,0,1
teratomas.1,1,0,1
tetracycline.16,1,0,1
mycotoxinaflatoxinb1,1,0,1
chrys,1,0,1
n‐acetylpenicillamine,1,0,1
hydrogenoxidation,1,0,1
alkaneoxidation,1,0,1
azidobenzene,1,0,1
urine.29,1,0,1
atemdepressiv,1,0,1
kathetern,1,0,1
breitspektrumantibiotika,1,0,1
danilov,1,0,1
antidepressants.82,1,0,1
17β-estradiol.208,1,0,1
439isotretinoin,1,0,1
"montelukast,445",1,0,1
varenicline446,1,0,1
guillaim-barre,1,0,1
clihydroxychloroquine,1,0,1
durunavir/cobicistat,1,0,1
rhizomapolygonicuspidati,1,0,1
9-o-acetylated-sia,1,0,1
gpx4,1,0,1
ageatovaquone,1,0,1
adsp,1,0,1
blackfin,1,0,1
rubén,1,0,1
[63–67].phenobarbital,1,0,1
67–71].dexamethasone,1,0,1
[512].cidofovir,1,0,1
baicalin-,1,0,1
cyclophosphamide/cytarabine,1,0,1
(inh)rifampicin,1,0,1
gonadotropinpräparate,1,0,1
ciprofloxacin)milzbrand,1,0,1
streptococcusgruppe,1,0,1
delitzscher,1,0,1
(114).hydroxychloroquine,1,0,1
prover9,1,0,1
micafingin,1,0,1
tabakswet,1,0,1
streptozotocin-,1,0,1
γ-protease,1,0,1
voxilaprevir.110,1,0,1
lopinavir/ritonavir-ifnb,1,0,1
oseltamivir.177,1,0,1
drug.109,1,0,1
hyekwon,1,0,1
52%.[5,1,0,1
chloroquine.[28,1,0,1
cephalosporins.13,1,0,1
amoxicillin/clavulanate.17,1,0,1
33.amoxicillin,1,0,1
amoxicillin.18,1,0,1
"remdesivir,19",1,0,1
disilethylene,1,0,1
dicyclohexylamine,1,0,1
oseltamivir.69,1,0,1
pulsoxymetrisch,1,0,1
pertussisgeimpft,1,0,1
yalmip,1,0,1
marabou-dnc,1,0,1
trail-2,1,0,1
e11,1,0,1
sperm,1,0,1
lolipid,1,0,1
shander,1,0,1
lasocki,1,0,1
mezzacasa,1,0,1
pharmacosmos,1,0,1
docetaxel-chitosan,1,0,1
bucak,1,0,1
erolönderoğlu,1,0,1
aspirin1,1,0,1
tsin,1,0,1
sarvashiksha,1,0,1
ashana,1,0,1
plasmalogen,1,0,1
prednisone.13,1,0,1
dubljević,1,0,1
d’antica,1,0,1
α2-helix,1,0,1
stam,1,0,1
sunah,1,0,1
d’haene,1,0,1
avogaro,1,0,1
roberto,1,0,1
"31].1,25(oh)2d",1,0,1
grl-0496,1,0,1
tcja,1,0,1
ksh,1,0,1
lcat,1,0,1
genusatractylodes,1,0,1
ovatade,1,0,1
shennong,1,0,1
puji,1,0,1
plantaginisherba,1,0,1
yueju,1,0,1
gigerii,1,0,1
chinensiscortex,1,0,1
hinesol,1,0,1
atractylispolysaccharide,1,0,1
atractylodiol,1,0,1
14-triol,1,0,1
yixue,1,0,1
fufangcangzhu,1,0,1
β-eucalyptol,1,0,1
atractylol,1,0,1
maocangzhu,1,0,1
a.macrocephala,1,0,1
benzodiazepines12,1,0,1
lorazepam.45,1,0,1
phencyclidine.117,1,0,1
dibromoxylenes.31,1,0,1
k-peptide,1,0,1
rifampin.9,1,0,1
allopurinol.17,1,0,1
zostavaxtm,1,0,1
acari,1,0,1
hrv22apro,1,0,1
coxsackievirus2apro,1,0,1
pv,1,0,1
bid-,1,0,1
azithromycin.30,1,0,1
martin).40,1,0,1
meike,1,0,1
hemoglobin.24,1,0,1
ribavirin.68,1,0,1
hsa-mir-138,1,0,1
vivofit,1,0,1
ixazomib;25,1,0,1
enfuvirtide5,1,0,1
enfuvirtide16,1,0,1
il4/il13,1,0,1
(itraconazole/voriconazole)anti-il5anti-il13,1,0,1
enfrin,1,0,1
oseltamivir(tamiflu,1,0,1
21-hydroxypregnenolone,1,0,1
azometine,1,0,1
cq.2–4,1,0,1
[84].chloroquine,1,0,1
gassterilisatie,1,0,1
vinylsulfones,1,0,1
triazolessya10,1,0,1
camostat.9,1,0,1
ifn/β-lopinavir/ritonavir,1,0,1
nitrothiazolyl,1,0,1
"resveratrol,251",1,0,1
"mefloquine,240",1,0,1
loperamide.252,1,0,1
mir-200c-3pantagomir,1,0,1
rubella[16,1,0,1
fev1,1,0,1
albuterol/metaproterenol,1,0,1
"measles,110",1,0,1
ligplot,1,0,1
cybercell,1,0,1
phd-,1,0,1
β-lactoalbumin,1,0,1
∼27,1,0,1
tetra-cys,1,0,1
biarsenical,1,0,1
nutlin‐2,1,0,1
scfβtrcp1,1,0,1
itraconazole.42,1,0,1
wakley,1,0,1
isoniazid)herpes,1,0,1
piperacillin/tazobactamif,1,0,1
herpesgladiatorum,1,0,1
enterovirushivmeaslesmumpsrubellarabiesarboviruses,1,0,1
zidovudinecondoms,1,0,1
antibioticstrimethoprim,1,0,1
vancomycinampicillin,1,0,1
sulfamethoxazolelinezolidquinupristin/dalfopristindaptomycintreat,1,0,1
clindamycin(if,1,0,1
clindamycinor,1,0,1
clindamycinthat,1,0,1
cephalexinis,1,0,1
clindamyciniv,1,0,1
metronidazolecan,1,0,1
clindamycinpenicillinampicillin,1,0,1
sulbactamamoxicillin,1,0,1
azithromycinand,1,0,1
doxycycline100,1,0,1
azithromycinsingle,1,0,1
azithromycin1,1,0,1
dobutaminehydrocortisone,1,0,1
delaydexamethasone,1,0,1
clindamycin+,1,0,1
azithromycincan,1,0,1
streptomycinfor,1,0,1
doxycyclineis,1,0,1
isdoxycycline,1,0,1
doxycyclinefor,1,0,1
rifampinan,1,0,1
ethambutolinh,1,0,1
voriconazoleallergic,1,0,1
itraconazolehigh,1,0,1
blastomycosisitraconazole,1,0,1
pentamidinein,1,0,1
lumefantrinequinine,1,0,1
clindamycinatovaquone,1,0,1
tochloroquine,1,0,1
oratovaquone,1,0,1
ormebendazole,1,0,1
ampicillinacyclovir,1,0,1
doxycycline(amoxicillin,1,0,1
doxycyclineno,1,0,1
altrenogestaspirinciprofloxacincorticosteroidsdiethylstilbestroldoxycyclineenrofloxacinestradiol,1,0,1
dgoldgriseofulvinmisoprostolmitotaneoxytetracyclinepentobarbitalstanozololstreptomycintestosteronetetracyclinewarfarin,1,0,1
carbaryldexamethasone,1,0,1
djerba,1,0,1
preussaggroup,1,0,1
preussag,1,0,1
urine.20,1,0,1
ciprofloxacin.70,1,0,1
amphotericinb.19,1,0,1
8it,1,0,1
lkt—,1,0,1
azithromycin34,1,0,1
co.it,1,0,1
β2-mercaptoenthanol,1,0,1
phloxine‐tartazine,1,0,1
ssd1-,1,0,1
ssd2-,1,0,1
ssd2,1,0,1
oxytetracycline.45,1,0,1
ciprofloxacin.58,1,0,1
cefixime61,1,0,1
"cefprozil,62",1,0,1
amoxycillin63,1,0,1
tetracyclines.69,1,0,1
hydroxyclarithromycin,1,0,1
ampicillin.55,1,0,1
ampicillin.79,1,0,1
enoxaparin14,1,0,1
ybzylxjzcpljfh,1,0,1
doxycycline.98,1,0,1
amoxicillin).4of,1,0,1
oleifoliosideb,1,0,1
minloop,1,0,1
ang-(1–7)/candesartan,1,0,1
xiaopeng,1,0,1
ekumi,1,0,1
boyuan,1,0,1
tylophorine-,1,0,1
claimed.16,1,0,1
robshields,1,0,1
vitamind-rich,1,0,1
guo-dong,1,0,1
do.53,1,0,1
urine.119,1,0,1
saa2,1,0,1
palivizumab.15,1,0,1
chloroplatinicacid,1,0,1
acuaria,1,0,1
1dihydrostreptomycinvet,1,0,1
hydrocortisone24,1,0,1
2016).angpt2,1,0,1
thiovet,1,0,1
isodinenodo,1,0,1
[115].chloroquine,1,0,1
anti‐hcv,1,0,1
penicillin.79,1,0,1
pyrimethamine.102,1,0,1
ceftaroline.135,1,0,1
minocyclines,1,0,1
clindamycin.58,1,0,1
erythromycin.58,1,0,1
sulfonatedcds,1,0,1
palaver,1,0,1
tumor,1,0,1
huifn-λ3,1,0,1
grim[97,1,0,1
surfactant-,1,0,1
phenothiazinium,1,0,1
hbv.109,1,0,1
vitamin.117,1,0,1
tizoxanideglucuronide11a,1,0,1
rm-5061,1,0,1
velcadetm,1,0,1
ec20,1,0,1
meta‐aramid,1,0,1
phenol‐aldehyde,1,0,1
n‐halamines,1,0,1
aminoacids.[qv,1,0,1
hcmv-dub,1,0,1
iftar,1,0,1
toxoids.1,1,0,1
massart,1,0,1
fereshteh,1,0,1
meisam,1,0,1
venomspla2,1,0,1
cannavò,1,0,1
"penciclovir),1",1,0,1
hiukwan,1,0,1
anti-h,1,0,1
ribavirin2,1,0,1
placebo.102hydroxyurea,1,0,1
src/vidone,1,0,1
jede,1,0,1
botenarznei,1,0,1
herbizide,1,0,1
dekokte,1,0,1
hydrophile,1,0,1
sirupe,1,0,1
易经,1,0,1
tcm-arzt,1,0,1
anglicae,1,0,1
scharfhb,1,0,1
stemoniae,1,0,1
asari,1,0,1
süßholz,1,0,1
hantelpuls,1,0,1
zimt,1,0,1
gespannte,1,0,1
antitussivrh,1,0,1
danzhu,1,0,1
bitterglycyrrhizaerd,1,0,1
weggelassen,1,0,1
präparierte,1,0,1
scharfglycyrrhizae,1,0,1
aconit,1,0,1
warmefr,1,0,1
chrysanthemie,1,0,1
breaban,1,0,1
zlatić,1,0,1
a.lappa,1,0,1
javaparser2,1,0,1
berberine18,1,0,1
jörn,1,0,1
"dabcyl-ktsavlqsgfrkme-edans,37",1,0,1
morpholino‐sulfamide,1,0,1
h.“ivermectin,1,0,1
pegifn-α2,1,0,1
salmeterol-,1,0,1
socorex,1,0,1
prosurfactant‐c,1,0,1
acetylatedtα1,1,0,1
α-acetylated,1,0,1
macrolide.116,1,0,1
5-bromourudine,1,0,1
niracha,1,0,1
greekaazein,1,0,1
immunoglobine,1,0,1
herg-potassium,1,0,1
bcg-danish.9,1,0,1
aspa,1,0,1
drugs.38,1,0,1
theophyllinewarfarin,1,0,1
mtb-basierteimpfstoff,1,0,1
hamidur,1,0,1
takenouchi,1,0,1
fungrim.2,1,0,1
sulizhi,1,0,1
β-,1,0,1
tetanustoxoidvaccine.104,1,0,1
dc8e8,1,0,1
folate.120,1,0,1
tapimmune,1,0,1
imu-131,1,0,1
3].andrographolide,1,0,1
flohe,1,0,1
fis/fondos,1,0,1
curodont78,1,0,1
gelatin-aunp,1,0,1
branluebe,1,0,1
idcrp,1,0,1
samorinha,1,0,1
phalangeridae,1,0,1
desmodontidae,1,0,1
procaviidae,1,0,1
paradipus,1,0,1
sicista,1,0,1
erethizontidae,1,0,1
citellophilus,1,0,1
hippopotamidae,1,0,1
2020).narsoplimab,1,0,1
antisenseps‐odn,1,0,1
no.18,1,0,1
no.4,1,0,1
bcgvaccinevpm1002,1,0,1
mir-335-,1,0,1
antoniodi,1,0,1
gaj,1,0,1
gaph,1,0,1
pantanal,1,0,1
"ritonavir,7",1,0,1
pcaf,1,0,1
lopinavir/ritonavir.61,1,0,1
chlorpheniramine.146,1,0,1
"antihistamine,146",1,0,1
bidphenylephrine,1,0,1
cefuroxime.39,1,0,1
violet-iodine,1,0,1
weinrib,1,0,1
okolnata,1,0,1
7-deazaguanines,1,0,1
toludin,1,0,1
61-kda,1,0,1
∼21-kda,1,0,1
renédubos,1,0,1
bir2000,1,0,1
chloroquine.29,1,0,1
chloroquine.31,1,0,1
eisa,1,0,1
"1,25(oh)2-vitamin",1,0,1
2a).sulfadoxine,1,0,1
spark1,1,0,1
budeanu,1,0,1
magnesium-sodium,1,0,1
v2o5,1,0,1
−-glycylglycine,1,0,1
akesis,1,0,1
(iii)-l-cysteine,1,0,1
"[32,33].amoxicillin-clavulanate",1,0,1
3).oseltamivir,1,0,1
beta‐blocker,1,0,1
(66).vitamin,1,0,1
107).vitamin,1,0,1
octenidin-basierte,1,0,1
anwendungsprofil,1,0,1
octenidin-basierter,1,0,1
muperocin,1,0,1
abidhaleem,1,0,1
abhishek,1,0,1
kyawlinn,1,0,1
3′-hydroxyprolinol,1,0,1
surfactant‐d,1,0,1
conacanavalin,1,0,1
copper.9,1,0,1
niv-cpap,1,0,1
azië,1,0,1
β-carotene24,1,0,1
[46].gentamicin,1,0,1
friederike,1,0,1
h2o2–methanol,1,0,1
2′‐c‐methylcytidine,1,0,1
(±)‐catechin,1,0,1
ct.24,1,0,1
liong,1,0,1
gharavi,1,0,1
enoxaparin/,1,0,1
solaimanzadeh,1,0,1
azithromycin.9,1,0,1
mitrus,1,0,1
betulbalaban,1,0,1
safiye,1,0,1
nurozcan,1,0,1
tolga,1,0,1
kadriyekilickesmez,1,0,1
trimethoprim.2,1,0,1
proc1s,1,0,1
scalabrin,1,0,1
alston,1,0,1
epirium,1,0,1
poifn-λ3,1,0,1
pt-,1,0,1
ramularia,1,0,1
α‐terpinene,1,0,1
ta4,1,0,1
glycine18,1,0,1
purothionine,1,0,1
α-d-mannopyranoside,1,0,1
trivalentmannosides,1,0,1
trisamine,1,0,1
hydrogenperoxide.4,1,0,1
"paracetamol,19",1,0,1
streptomycin.18,1,0,1
2017).palivizumab,1,0,1
ciao1,1,0,1
melatonin(8).melatonin,1,0,1
ascaridia,1,0,1
garvieae,1,0,1
deinecoccus-thermus,1,0,1
planctomyces/pirella,1,0,1
[283].leflunomide,1,0,1
4.penicillin,1,0,1
2).isoflurane,1,0,1
pentobarbitone.1,1,0,1
mammoth,1,0,1
lithiumgluconate/succinate,1,0,1
methionine‐sulfoxidized,1,0,1
cheima,1,0,1
–amine,1,0,1
angeloselicorni,1,0,1
hbjz-1,1,0,1
[32].metoclopramide,1,0,1
turenat,1,0,1
(8).hydroxychloroquine,1,0,1
treprostinil25,1,0,1
lopinavir/ritiomnavir,1,0,1
rdrp-remdesivir,1,0,1
cosmebio7).the,1,0,1
orf1b-encodedpolyprotein,1,0,1
avb,1,0,1
ns4bpbm,1,0,1
hku4hr2,1,0,1
mers-hr1p,1,0,1
alinamin,1,0,1
triamconolon,1,0,1
theophyllinelevy,1,0,1
azetazolamide,1,0,1
cyclosporineg,1,0,1
sulfoxide.27,1,0,1
p-nitrophenol.40,1,0,1
calcitriol.45,1,0,1
vitamind.49,1,0,1
eio,1,0,1
hc9,1,0,1
aminoacids73–93,1,0,1
ifosfamid-,1,0,1
zardecki,1,0,1
pegylated_ifn-α,1,0,1
selamet,1,0,1
amoxicillin/clavulanatemust,1,0,1
ecpap,1,0,1
bcg-modulator,1,0,1
lccrt14,1,0,1
ribavirin.42,1,0,1
etor,1,0,1
β-arrestin,1,0,1
[14].niclosamide,1,0,1
symdeko,1,0,1
a.antithrombin,1,0,1
[58].sitagliptin,1,0,1
buchrieser,1,0,1
δ9-thcp,1,0,1
2010).glutathione,1,0,1
ec*.,1,0,1
tsarist,1,0,1
exosomes.97,1,0,1
sodiumtitanate,1,0,1
bone-implant,1,0,1
jssantos,1,0,1
oseltamivir1020,1,0,1
androgens.48,1,0,1
"testosterone,90",1,0,1
calcium.193,1,0,1
tuber,1,0,1
hypophyseal,1,0,1
aromatase.404,1,0,1
scrotum.417,1,0,1
testosterone.687,1,0,1
dihydrotestosterone.778,1,0,1
dihydrotesto-sterone,1,0,1
inguinalis.801,1,0,1
cyclophosphamide.906,1,0,1
xq11,1,0,1
oxytocinic,1,0,1
α1-β-adrenergic,1,0,1
gonadotropins.1080,1,0,1
men.1116,1,0,1
gon-adotropin,1,0,1
testosterone.1295,1,0,1
testosterone.1300,1,0,1
hypoxanthine.1596,1,0,1
5-methyl-umbelliferone,1,0,1
clarthromycin-,1,0,1
"parvovirus,20",1,0,1
fnn,1,0,1
piptoporus,1,0,1
derya,1,0,1
bahadır,1,0,1
[3h]‐palmiticacid,1,0,1
discodermide,1,0,1
mycalamidesa,1,0,1
lucio,1,0,1
flicconjugate,1,0,1
ashwag,1,0,1
isam,1,0,1
escarlata,1,0,1
adenosinenucleotide,1,0,1
β-2-mercaptoethanol,1,0,1
crepidula,1,0,1
m)/,,1,0
"3′,4′-dichlorobenzamil",1,0,1
"anti-dengue,73",1,0,1
anti-anxiolytics,1,0,1
saba.,1,0,1
roll20,1,0,1
huifn-α1,1,0,1
mersana,1,0,1
acetylon,1,0,1
cotinga,1,0,1
mn-drug,1,0,1
telford,1,0,1
β2-agonist/antagonist,1,0,1
actinomycind.actinomycinsd,1,0,1
bcg.20,1,0,1
upasargajavyadhi,1,0,1
sansargaja,1,0,1
sahashayana,1,0,1
samprapti,1,0,1
sapta,1,0,1
hridaya,1,0,1
swasthasyorjaskara-which,1,0,1
tikta,1,0,1
oja,1,0,1
vyadhiviparita,1,0,1
tikshna,1,0,1
calycosinm/z,1,0,1
cimifuginm/z,1,0,1
"baithak,8",1,0,1
ifv-fp,1,0,1
4-iodopyridine,1,0,1
thalidomid/lenalidomid,1,0,1
pm,1,0,1
ulrich,1,0,1
penicillin.25,1,0,1
β‐cov.,1,0,1
branco,1,0,1
bevan,1,0,1
lactosedehydrogenase,1,0,1
aspirin.57,1,0,1
"aspirin,58",1,0,1
14c-remdesivir,1,0,1
hanqiguo-xiaoruyuan,1,0,1
48-amino-acid,1,0,1
y‐pc,1,0,1
nabunturan,1,0,1
sulphide,1,0,1
carlito,1,0,1
actinomycin‐d,1,0,1
2‐aminopurine,1,0,1
2001).cyclophosphamide,1,0,1
se-s,1,0,1
amphoterin/hmgb1,1,0,1
oxytocin.20,1,0,1
•methylprednisolone,1,0,1
"africa,1",1,0,1
nah2po4,1,0,1
seyedehnafiseh,1,0,1
wojennych,1,0,1
humara,1,0,1
fda120,1,0,1
kd.immunoglobulin,1,0,1
prednisolone7,1,0,1
googlenet-ri-l.,1,0,1
aal-mir-252,1,0,1
zacharia,1,0,1
secinh3,1,0,1
rheumatism,1,0,1
spondylitis,1,0,1
penicillin1,1,0,1
glutathione-s-transferase36,1,0,1
usa.verdinexor,1,0,1
tb).47,1,0,1
fleroxaci,1,0,1
trichloropyridinol,1,0,1
sigma).gelatin,1,0,1
amoxicillin.50,1,0,1
aasv,1,0,1
costaesmeralda,1,0,1
chicontepec,1,0,1
tributylgermanium,1,0,1
3′-deoxycytidine5,1,0,1
hellman,1,0,1
hnp1onau-gels,1,0,1
asn-met-hnp-1,1,0,1
hydroxychloroquine.49,1,0,1
nicolaaceto,1,0,1
evodia,1,0,1
2016).berberine,1,0,1
raf-,1,0,1
medibins,1,0,1
measles-rubellavaccines,1,0,1
ip3,1,0,1
s-glutamylcysteinyl,1,0,1
3h-serotonin,1,0,1
carbamazepine-,1,0,1
teamin,1,0,1
lansdowne,1,0,1
e‐64,1,0,1
bacf‐p1‐c3cd,1,0,1
anti-bje,1,0,1
14c-uridine,1,0,1
hsv-1vhs,1,0,1
β2-agonists.41,1,0,1
cxr.25,1,0,1
ivermectin.59,1,0,1
.oraldailydose(g/kg0.75)=drug,1,0,1
theae,1,0,1
maja,1,0,1
h.cordatapolysaccharides(chcp)20,1,0,1
2010).ultraviolet,1,0,1
"germany,25",1,0,1
methotrexate.108,1,0,1
scop32,1,0,1
youtube.12,1,0,1
mdlreducts,1,0,1
dc‐sign,1,0,1
leflunomide.6,1,0,1
"cyclosporine,1",1,0,1
mizoribine.126,1,0,1
tofacitinib.131,1,0,1
ketoconazole.159,1,0,1
klor,1,0,1
sie,1,0,1
avelumab/axitinib,1,0,1
athletin,1,0,1
hcv.10,1,0,1
2000).5,1,0,1
artimisia,1,0,1
isoproterenol.59,1,0,1
(s)-ribalinine,1,0,1
chrysosplenold,1,0,1
"povidone-iodine,8",1,0,1
8‐methoxypsoralen,1,0,1
kaa‐iya,1,0,1
ribavirin.190,1,0,1
peptoniphilus.99,1,0,1
cannabisruderalis,1,0,1
tradename,1,0,1
demethyled,1,0,1
•acetaminophen•benzocaine•propofol•dl-methionine•vitamin,1,0,1
doxycycline.22,1,0,1
ichloramphenicoliitrimethoprim,1,0,1
il-2was.80,1,0,1
fluin,1,0,1
hemanthidine/6-epihemanthidine,1,0,1
protocatechuicaldehyde,1,0,1
sprekeliaformosissima,1,0,1
(−)-obliquine,1,0,1
bromohydrin,1,0,1
2-epilycorine,1,0,1
narciclasine-4-o-β-d-glucopiranoside,1,0,1
psoralen-,1,0,1
b-hz,1,0,1
vp1bc,1,0,1
vancomycin.99,1,0,1
cephalosporins.96,1,0,1
fluconazole.139,1,0,1
with-levofloxacin,1,0,1
kloth,1,0,1
fold-1.it,1,0,1
~3.1,1,0,1
–ritonavir,1,0,1
roke,1,0,1
cytosine→uracil,1,0,1
pymol.59,1,0,1
remdesivir.7,1,0,1
cq.9,1,0,1
genitalia,1,0,1
clotrimazole21,1,0,1
posaconazole.33,1,0,1
alaplasty.41,1,0,1
methotrexateprednisolone,1,0,1
htlv‐iprotease,1,0,1
"(vaniprevir),96",1,0,1
(simeprevir)98,1,0,1
dpp‐4,1,0,1
chlorid,1,0,1
vitamind-resistenterachitis,1,0,1
β-mercaptoethanal,1,0,1
seleniumdopant,1,0,1
onchorhynchus,1,0,1
zms-e.,1,0,1
isopropylmagnesium,1,0,1
folio,1,0,1
ester7aj,1,0,1
"methyl3-(2,3-dioxoindolin-1-yl)propanoate",1,0,1
epicatechin-,1,0,1
catechin-basedpolyflavans,1,0,1
weißbuch,1,0,1
kommando,1,0,1
ginge,1,0,1
macrolides3,1,0,1
bmbl,1,0,1
orbiviruses,1,0,1
(2017).6,1,0,1
thm,1,0,1
victor!117,1,0,1
2-mercaptothanol,1,0,1
t-anth,1,0,1
10]artemether-lumefantrine,1,0,1
8]artemether-lumefantrine,1,0,1
2013).acyclovir,1,0,1
vegf165,1,0,1
acid-conjugates,1,0,1
murindagomo,1,0,1
sugar‐sweetened,1,0,1
asparagine/glutamine,1,0,1
feitosa,1,0,1
17-beta-oeastradiol,1,0,1
beta‐globin,1,0,1
hutan,1,0,1
surfactantcmc,1,0,1
surfactant.8,1,0,1
calfactant.29,1,0,1
surfactant.55,1,0,1
(98).hydroxychloroquine,1,0,1
niclosamide′s,1,0,1
(56).valinomycin,1,0,1
emetine′s,1,0,1
rv‐a.,1,0,1
grzegorczyk,1,0,1
clinoptilolites,1,0,1
perindopril-amlodipine-indapamide,1,0,1
telmisartan/amlodipine+hydrochlorothiazide,1,0,1
is.97,1,0,1
shire,1,0,1
111in-oxyquinolone,1,0,1
99mtc-fanolesomab,1,0,1
99mtc-sulesomab,1,0,1
44a,1,0,1
fbcsp2,1,0,1
ritonavir/abidol,1,0,1
bzip60s,1,0,1
5-fu/cisplatin[21,1,0,1
dikla,1,0,1
hl0,1,0,1
jennifer,1,0,1
petron,1,0,1
peget,1,0,1
γ-lactam,1,0,1
15.chloroquine,1,0,1
domenica,1,0,1
peroxide.20,1,0,1
epo12,1,0,1
cleistothecia,1,0,1
cotrimoxazole-streptomycin,1,0,1
xylometazolin.•ibuprofen,1,0,1
nikotinabusus,1,0,1
pneumonieantibiotika,1,0,1
awmf-registernummer,1,0,1
fiebermedikamente,1,0,1
antipyretikaparacetamol,1,0,1
apsgn,1,0,1
dmapt/sulindac,1,0,1
[154].vildagliptin,1,0,1
[165].actinomycin-d,1,0,1
sparrow9,1,0,1
qp,1,0,1
trimethoprim/sulfas,1,0,1
oxycodone‐acetaminophen,1,0,1
doxil41,1,0,1
antihistamine/decongestants,1,0,1
ptp-1d,1,0,1
2-anthraquinyl,1,0,1
naphthalene-2-sulfonamide,1,0,1
[61].remdesivir,1,0,1
hydroxychloroquine17,1,0,1
chimpanzeeadenovirus-vectored,1,0,1
•artemether,1,0,1
dha-piperaquine,1,0,1
•artesunate,1,0,1
oxytetracycline-laced,1,0,1
gingerrhizome,1,0,1
α-longipinene,1,0,1
berbere,1,0,1
geroux,1,0,1
hypochlorite•sodium,1,0,1
•ammonia/ammonium•isocyanurate,1,0,1
nalco,1,0,1
greenpeace).21,1,0,1
bjørn,1,0,1
yohe,1,0,1
leyi,1,0,1
huub,1,0,1
stanleyprusiner,1,0,1
vmf,1,0,1
v/propidineiodine,1,0,1
[39].hepcidin,1,0,1
dioscoreaerhizoma,1,0,1
scrophulariascorodoniaalso,1,0,1
toonasinensisaquas,1,0,1
kvetan,1,0,1
∼110,1,0,1
betabaculovirus,1,0,1
ac2isomer,1,0,1
plpro-disulfiram,1,0,1
correia,1,0,1
[7]:oseltamivir,1,0,1
triazavirin(tzv,1,0,1
danorevir/ritonavir,1,0,1
glutathione‐s‐transferase,1,0,1
hiv.1,1,0,1
halcyon,1,0,1
roisin,1,0,1
methyle,1,0,1
40.2).colchicine,1,0,1
[86].colchicine,1,0,1
[143].colchicine,1,0,1
andronis,1,0,1
9).chloroquine,1,0,1
lopinavir-ritonavir-,1,0,1
3).favipiravir,1,0,1
peonidin-3-glucoside,1,0,1
bacitracin5,1,0,1
maryna,1,0,1
hathidara,1,0,1
"sofosbuvir,18",1,0,1
hydroxychloroquine35,1,0,1
(47).it,1,0,1
[173].vitamind,1,0,1
gati-floxacin,1,0,1
23-valentvaccine,1,0,1
alexeev,1,0,1
methylprednisolone/dexamethasone,1,0,1
sodiumperchlorate,1,0,1
cys-gly-gly,1,0,1
haplorrhini,1,0,1
carmustat,1,0,1
heteroadamantanes,1,0,1
amantadine.6,1,0,1
bromoacetamide,1,0,1
haloacetamide,1,0,1
.amine,1,0,1
amantadine.10,1,0,1
nusrit,1,0,1
1865,1,0,1
[3h]gulonicacid,1,0,1
heparitinase,1,0,1
silver-graphene,1,0,1
aipeng,1,0,1
chlorine-carbon,1,0,1
antiacid,1,0,1
grocott-methenamine-silver,1,0,1
russia22,1,0,1
fullerenec60,1,0,1
de-cnn,1,0,1
at2r-antagonist,1,0,1
diphtheria-tetanustoxoid,1,0,1
radixscutellariaebaicalensis,1,0,1
forsythaside,1,0,1
metronidazole.15,1,0,1
romano,1,0,1
"adeno‐,11",1,0,1
edwardii,1,0,1
kurusu,1,0,1
sadakoogata,1,0,1
chlorine22,1,0,1
asub,1,0,1
hsa-mir-328-,1,0,1
hsa-mir-126-,1,0,1
(2017).10,1,0,1
",τh",1,0,1
diacid,1,0,1
bcn‐amine,1,0,1
escop,1,0,1
artesunate/pyronaridine,1,0,1
4).clindamycin,1,0,1
2007).artesunate,1,0,1
cyclohexylpiperazine,1,0,1
hydroxychloroquine.1about,1,0,1
riad,1,0,1
sattouf,1,0,1
penicillin.(113,1,0,1
carditis,1,0,1
f-dopa,1,0,1
herbicide/pesticide,1,0,1
clarithromycin.23,1,0,1
azithromycin.35,1,0,1
penicillins‐lactamase,1,0,1
meijiang,1,0,1
2-bromoethylaminehydrobromide,1,0,1
bacitracin.29,1,0,1
kousteni,1,0,1
minocycline.48,1,0,1
oxodipine.60,1,0,1
alcohol.74,1,0,1
cyclophosphamide.119,1,0,1
propranolol.135,1,0,1
ethylacrylate,1,0,1
estrogen.237,1,0,1
sulfomucin.397,1,0,1
ioxtidine.392,1,0,1
cyproteroneacetate.399,1,0,1
omeprazole.411,1,0,1
omeprazole.420,1,0,1
erythromycin.560,1,0,1
xtz,1,0,1
jarrin,1,0,1
"[30,31].tofacitinib",1,0,1
[88].ruxolitinib,1,0,1
8d).tofacitinib,1,0,1
hbv.9,1,0,1
hbv.172,1,0,1
mitalas,1,0,1
rajeev,1,0,1
rehan,1,0,1
auprc,1,0,1
mdr.it,1,0,1
skos,1,0,1
7]).it,1,0,1
sorafenib[40,1,0,1
björn,1,0,1
l.rhamnosus65,1,0,1
76.armeniacae,1,0,1
quinquefolii,1,0,1
β‐cyclodextrin,1,0,1
2′‐epimer,1,0,1
2α‐epimer,1,0,1
γ‐cyclodextrin,1,0,1
d‐glucose,1,0,1
silvertrifluoroacetate,1,0,1
oseltamivir.37,1,0,1
silizium-wafer,1,0,1
design-fmea/,1,0,1
schiffe,1,0,1
pg/ethanol,1,0,1
his-glu-x-x-his,1,0,1
his-leu,1,0,1
fpga,1,0,1
[19].tacrolimus,1,0,1
[20].tacrolimus,1,0,1
hyaluronate)23,1,0,1
hyaluronate39,1,0,1
1988).norwogonin-7-o-glucuronide,1,0,1
sarva,1,0,1
saikosaponinb4,1,0,1
ilim,1,0,1
alirezakhastan,1,0,1
valganciclovir.67,1,0,1
[ei,1,0,1
[26].teriflunomide,1,0,1
dopamine.53,1,0,1
botanistthunberg,1,0,1
muc5b/ac,1,0,1
βsim,1,0,1
rbd-based,1,0,1
pvp-i.3,1,0,1
"epstein-barrvirus,43",1,0,1
ivig.112,1,0,1
aspirin.87,1,0,1
cyclophosphamide185,1,0,1
"cyclosporine,186",1,0,1
cholesterol-pi4p,1,0,1
zf2,1,0,1
doxycyclindoxycyclin,1,0,1
sjc,1,0,1
shihua,1,0,1
onyinyechukwuokorji,1,0,1
finkle,1,0,1
idiano,1,0,1
piergiuseppe,1,0,1
ti25,1,0,1
igonin,1,0,1
paromomycin.4,1,0,1
quatsyl,1,0,1
boc-piperidinol,1,0,1
sodium(2s)-2-{(s)-2-[({[1-(tert-butoxycarbonyl)-4-ethylpiperidin-4-yl]oxy}carbonyl)amino]-4-methylpentanamido}-1-hydroxy-3-[(s)-2-oxopyrrolidin-3-yl]propane-1-sulfonate,1,0,1
sodium(2s)-2-{(s)-2-[({[1-(ethoxycarbonyl)piperidin-4-yl]oxy}carbonyl)amino]-4-methylpentanamido}-1-hydroxy-3-[(s)-2-oxopyrrolidin-3-yl]propane-1-sulfonate,1,0,1
omega-3polyunsaturatedfats,1,0,1
ace.21,1,0,1
λtb,1,0,1
peramivir).49,1,0,1
dna-n,1,0,1
mo.,1,0,1
se-yeast,1,0,1
[23].tigecycline,1,0,1
ctla-4-,1,0,1
ribavirin;15,1,0,1
ribavirin.9,1,0,1
onesmo,1,0,1
jiyou,1,0,1
jurjević,1,0,1
petrinja,1,0,1
ozoliņš,1,0,1
ulla,1,0,1
ruy,1,0,1
sabyasachi,1,0,1
buscar,1,0,1
punicagranatuml.,1,0,1
punicum,1,0,1
punicamultiflora,1,0,1
harilikgranaadipuu,1,0,1
rodia,1,0,1
pomogranato,1,0,1
pomopunico,1,0,1
rummiena,1,0,1
romeira,1,0,1
grenadier,1,0,1
punicagranatumfruits,1,0,1
punica­granatum,1,0,1
pj,1,0,1
­pomegranatejuice,1,0,1
pomegrante,1,0,1
­glutathione,1,0,1
­sulphasalazine,1,0,1
­punicalagin,1,0,1
statin110,1,0,1
malariazeckenstichfieber-rickettsioseschistosomiasisdenguefieberläuserückfallfieber,1,0,1
malariazeckenstichfieberdenguefieberchikungunyafiebertyphus,1,0,1
ebolafiebermalariatropicalassafieberdenguefiebergelbfieber,1,0,1
"measles,50",1,0,1
toprani,1,0,1
justo,1,0,1
mirna-foxo,1,0,1
isg15-ub,1,0,1
isg15-lys29-ub,1,0,1
blumenbach,1,0,1
whitman,1,0,1
tryptophan-serotonin,1,0,1
peptideacetals,1,0,1
pl.7,1,0,1
pl104,1,0,1
(264).bazedoxifene,1,0,1
deoxymethysulfoxide,1,0,1
l-chicoricacid,1,0,1
haloderivatives,1,0,1
benzimine,1,0,1
kn-95,1,0,1
l-cysteinesulfoxide,1,0,1
herbswertia,1,0,1
terpineolene,1,0,1
admetsar,1,0,1
(2015–2019).it,1,0,1
itsushi,1,0,1
mesolight,1,0,1
shengqi,1,0,1
dye-quencher,1,0,1
bicd2,1,0,1
procain‐penicillin,1,0,1
gprocillin,1,0,1
mpro-isorhamnetin-3,1,0,1
amalina,1,0,1
mohammadamir,1,0,1
3h-thymidine.33,1,0,1
lactoferrin.164,1,0,1
probiotics.19,1,0,1
cd28,1,0,1
junpin,1,0,1
brett,1,0,1
shisan,1,0,1
cefotaxime.24,1,0,1
enrofloxacin).26,1,0,1
asmaa,1,0,1
rifampicin.5,1,0,1
marialuisa,1,0,1
ethanol2,1,0,1
carmoterol,1,0,1
"nilevirus,11",1,0,1
meskhia,1,0,1
nαγ,1,0,1
xylaxine-alfentanil-midazolam,1,0,1
.formaldehyde,1,0,1
ave-0991,1,0,1
hsa-mir-143-,1,0,1
sirnalamin,1,0,1
ehab,1,0,1
dinu,1,0,1
[h]gh-dosevitaminc,1,0,1
nα,1,0,1
d=1/γ,1,0,1
mororó,1,0,1
dose.78,1,0,1
motrilinacg,1,0,1
nsc71097.ribavirin,1,0,1
gc-376,1,0,1
alfa-wasserman,1,0,1
yasamin,1,0,1
(49).thalidomide,1,0,1
hughes,1,0,1
orf-encodedpolyprotein,1,0,1
ochlerotatus,1,0,1
lumbo,1,0,1
sandfly,1,0,1
flava.69,1,0,1
(46).n6-methyladenosine,1,0,1
2′-o-dimethylcytidine,1,0,1
[52].halofuginone,1,0,1
cona,1,0,1
2′‐o‐methylation,1,0,1
antioxidantia,1,0,1
staphylococcusaureus,1,0,1
μgpropidium,1,0,1
μgampicillin,1,0,1
velichevskaya,1,0,1
tateo,1,0,1
dum_x,1,0,1
bacillecalmette‐guerin,1,0,1
rifampicin‐based,1,0,1
aip2,1,0,1
chloroquine/hydroxy-chloroquine,1,0,1
measles-,1,0,1
ginsengstem-leafsaponins,1,0,1
hydroxychloroquine.8,1,0,1
"resveratrol,19",1,0,1
chlorine.40,1,0,1
isopropylalcohol.70,1,0,1
hydrogenperoxide.58,1,0,1
antisepticiodophors,1,0,1
trim39,1,0,1
oxytetracyclinehcl,1,0,1
sulfaquinoxalinesodium,1,0,1
ginea,1,0,1
glabromaculatus,1,0,1
telengaia,1,0,1
spinaria,1,0,1
ashwagandha-,1,0,1
leu110,1,0,1
fp5,1,0,1
cmax/mic,1,0,1
chd-fa,1,0,1
l-amb+voriconazole,1,0,1
caspofungin+voriconazole,1,0,1
caspofungin+l-amb,1,0,1
bonostix,1,0,1
amynoglycoside,1,0,1
vancomycin-4,1,0,1
ciprofloxacin-4,1,0,1
chloramphenicol-8,1,0,1
erythromycin-40,1,0,1
ciprofloxacin-35,1,0,1
ampicillin-10,1,0,1
oxacillin/sulbactam,1,0,1
wcin,1,0,1
blac.,1,0,1
echinocandin-naïve,1,0,1
aspergillosis±posaconazole,1,0,1
ceftazidime-resistance,1,0,1
mgwas,1,0,1
vismodegib-albumin,1,0,1
haag-vismodegib,1,0,1
β=0,1,0,1
enterovirus-a71,1,0,1
c.hyaluronidase,1,0,1
violat,1,0,1
asine,1,0,1
chrysothemis,1,0,1
genprog,1,0,1
neuron,1,0,1
synogen,1,0,1
off.”119,1,0,1
ak-47s,1,0,1
northridge,1,0,1
bocavirus‐1,1,0,1
mgac2,1,0,1
[59].chloroquine,1,0,1
[71].chloroquine,1,0,1
surfactant[29].surfactant,1,0,1
vigabatrin.54,1,0,1
levetiracetam69,1,0,1
valproicacid50,1,0,1
naseptin,1,0,1
tsugaru,1,0,1
gnrh‐agonist,1,0,1
8‐hyderoxy‐2’‐deoxyguanosine,1,0,1
icp4‐sirna,1,0,1
agronomia,1,0,1
rhg-csf,1,0,1
merrimack,1,0,1
nedocromil30,1,0,1
chatchai,1,0,1
hpv-16-,1,0,1
phob,1,0,1
prednisolone.26,1,0,1
­glutamine,1,0,1
acetyl-cypa,1,0,1
toxicitycetacaine,1,0,1
pm.•atenolol,1,0,1
ecg.•diltiazem,1,0,1
acepromazine.•fentanyl,1,0,1
•heparin,1,0,1
q12h).carvedilol,1,0,1
lindim,1,0,1
avg-iou,1,0,1
selenitepharmaconutrition,1,0,1
rubber-dam,1,0,1
angiogenin1,1,0,1
"rifampicin,165",1,0,1
chaps{3‐[(3‐cholamidopropyl)‐dimethylammonio]‐1‐propanesulfonate}‐hbs,1,0,1
rauchgas,1,0,1
trivium,1,0,1
gezieltes,1,0,1
toren,1,0,1
2020).arbidol,1,0,1
"chikungunyavirus,1",1,0,1
glycyrrhizaeradixetrhizoma,1,0,1
glycyrrhizaeradixet,1,0,1
qing-fei-pai-du,1,0,1
64-flavonoid,1,0,1
angii/ang-(1–7,1,0,1
folin-denis,1,0,1
mortaza,1,0,1
colchicine214,1,0,1
metronidazole245,1,0,1
marna,1,0,1
célia,1,0,1
quinine.26,1,0,1
artesunate.17,1,0,1
quinine.22,1,0,1
wraith,1,0,1
acetylatedn-β-glycosides,1,0,1
anti-gjb2,1,0,1
mg/kgsuxamethonium,1,0,1
nitroalcohols,1,0,1
alcohol(s)-42,1,0,1
xinjun,1,0,1
gambit,1,0,1
at2r99,1,0,1
heptafluoropropane,1,0,1
5].dexmedetomidine,1,0,1
mononucleotide,1,0,1
k154-,1,0,1
daspassierte,1,0,1
zwischen,1,0,1
σj,1,0,1
nouredine,1,0,1
azithromycin.14,1,0,1
[2].surfactant,1,0,1
"greece,31",1,0,1
"russia,1",1,0,1
ribavirin.3,1,0,1
stratosphere,1,0,1
tika,1,0,1
gora,1,0,1
7073-residuepolyprotein1ab,1,0,1
γ-herpesvirus,1,0,1
carboxymethylcellulose,1,0,1
turkey[13,1,0,1
horseradish,1,0,1
4.chlorpromazine,1,0,1
valategrast,1,0,1
.ciclosporin,1,0,1
monosialoganglioside,1,0,1
cappa,1,0,1
amadeu,1,0,1
aneta,1,0,1
chaira,1,0,1
maddalena,1,0,1
gianfrancosinagra,1,0,1
bupropion.121,1,0,1
17β-glycoside,1,0,1
acetylatedglucosides,1,0,1
vansh,1,0,1
[5].isavuconazole,1,0,1
2015.1,1,0,1
2014).h₂,1,0,1
[1].pertussis,1,0,1
angiodysplasia,1,0,1
aromax,1,0,1
ceasa-pe,1,0,1
syphilus,1,0,1
chlorine-lime,1,0,1
[91].mupirocin,1,0,1
iodophor-alcohol,1,0,1
neu-tnfα,1,0,1
imiquimods,1,0,1
β-lactamase-,1,0,1
mcfg-,1,0,1
h)-atovaquone,1,0,1
cva/ampc,1,0,1
day-pentamidine,1,0,1
a/b-laninamivir,1,0,1
a/b-peramivir,1,0,1
cimetidine➁pyrantel,1,0,1
ltip,1,0,1
hippocrates’de,1,0,1
α-santonin,1,0,1
usaf,1,0,1
pit,1,0,1
med23,1,0,1
doxycycline.28,1,0,1
corixa’smpladjuvant,1,0,1
1-crotyl-cytosine,1,0,1
l.carnosum,1,0,1
obama.74,1,0,1
métis,1,0,1
h.pyloriigg,1,0,1
wyeth-lederle,1,0,1
azetreonam,1,0,1
halkis,1,0,1
vs.vancomycin,1,0,1
hejnar,1,0,1
tegucigalpa,1,0,1
msw,1,0,1
ceftriaxone(cro,1,0,1
(bl)–aminoglycoside,1,0,1
p928,1,0,1
teicoplanin-s,1,0,1
betaglucoronidase,1,0,1
turna,1,0,1
kostromitina,1,0,1
antimycotical,1,0,1
otolrhinollaryngol,1,0,1
[76].anakinra,1,0,1
kenia2,1,0,1
kis,1,0,1
ecto-arts,1,0,1
post-phenobarbital,1,0,1
zonisamide.13,1,0,1
prejanò,1,0,1
meis,1,0,1
arthrose,1,0,1
azithromycin-salbe,1,0,1
budesonide.1,1,0,1
diethylaminoethyl‐dextran,1,0,1
ap-07,1,0,1
igg1κ,1,0,1
12].artesunate,1,0,1
α-cedrol,1,0,1
inhibitoroseltamivir,1,0,1
[12].amitriptyline,1,0,1
1998).zanamivir,1,0,1
catechins.25,1,0,1
doxazosinprazosinindoraminphentolamineguanethidine,1,0,1
methyldopaclonidinereserpine,1,0,1
chlordiazepoxiderisperidoneamitriptyline,1,0,1
blockersamiloridehydralazine,1,0,1
a/silver,1,0,1
ranolazina4,1,0,1
crf.gentamicin,1,0,1
remetinostat,1,0,1
eusol,1,0,1
coxsackiea-21,1,0,1
context•fluconazole,1,0,1
endonovo,1,0,1
soterix,1,0,1
2014).hcv,1,0,1
baculovirusparvovirus,1,0,1
pentoxifylline.[25,1,0,1
aristolochicnephropathy,1,0,1
lu7-lopinavir,1,0,1
diário,1,0,1
sarvana,1,0,1
chroma-tin,1,0,1
β-glucoronidase,1,0,1
jedes,1,0,1
nicotine.30,1,0,1
hrv‐b.,1,0,1
liquiritiaeradix,1,0,1
anticarcinogenic,1,0,1
2′‐o‐methylglabridin,1,0,1
2004).isoliquiritigenin,1,0,1
1+.it,1,0,1
trimethoprim.4,1,0,1
3-piperidone,1,0,1
7(c)).it,1,0,1
229e-3clpro,1,0,1
β‐glucanase,1,0,1
anti-α-galigy,1,0,1
[114].primaquine,1,0,1
d-­desthiobiotin,1,0,1
β2-mercaptoethanol,1,0,1
-carnitine,1,0,1
-ornithine,1,0,1
vitaminadiets,1,0,1
nitens,1,0,1
γ-glutamyl-propylcysteine,1,0,1
garlic's,1,0,1
harazem,1,0,1
zanamivir).13,1,0,1
oseltamivir.16,1,0,1
peramivir.25,1,0,1
asimov1950/2008,1,0,1
gallium-72,1,0,1
gallium-transferrin,1,0,1
m17,1,0,1
oxaliplatin-fluoropyrimidine,1,0,1
nobilis®ibma5,1,0,1
esteban,1,0,1
artemesinins,1,0,1
artemisinin.29,1,0,1
hemozoin.53,1,0,1
cq.54,1,0,1
binita,1,0,1
tnf-α-238,1,0,1
γ-glutamyl-p-nitroanilide,1,0,1
n-hydroxycytidine,1,0,1
•acepromazine,1,0,1
(atapamazol).•tiletamine-zolazepam,1,0,1
lufenuron.•selamectin,1,0,1
famotidine.•omeprazole,1,0,1
α-d-xyloside,1,0,1
[1].cyclosporine,1,0,1
biopeptide,1,0,1
vitellogenin-1,1,0,1
apovitellenin-1,1,0,1
cevm,1,0,1
lianxin,1,0,1
valproichydrazide,1,0,1
"[6,7].remdesivir",1,0,1
indomethacin.43,1,0,1
wexler294,1,0,1
silver299,1,0,1
cephalosporin.301,1,0,1
"4-chloro-1-naphthol/3,3′-diaminobenzidine",1,0,1
acid/n-morpholinopyridine,1,0,1
toumazou,1,0,1
petrik,1,0,1
adpan,1,0,1
peramivir46,1,0,1
pi%,1,0,1
selenium2,1,0,1
•ciprofloxacin•antimalarial,1,0,1
99%.19,1,0,1
svl-2,1,0,1
interferon‐alpha/ribavirin,1,0,1
pellina,1,0,1
δ7-cholesterol,1,0,1
echinaster,1,0,1
topsentinol,1,0,1
kiheisterone,1,0,1
traumanetzwerk,1,0,1
fibrinogenantithrombindesmopressinppsbprotamin,1,0,1
epinephrine68,1,0,1
ceftriaxone.83,1,0,1
metronidazole83,1,0,1
ciprofloxacin.91,1,0,1
carla,1,0,1
luciognessi,1,0,1
"4-chloro-6-trifluoromethyl-7h-pyrrolo[2,3-d]pyrimidine",1,0,1
"4-chloro-5-trifluoromethyl-7h-pyrrolo[2,3-d]pyrimidine",1,0,1
"3-bromo-4-chloro-1h-pyrrolo[2,3-b]pyridine",1,0,1
"3-iodo-4-chloro-1h-pyrrolo[2,3-b]pyridine",1,0,1
antimalariachemotherapie,1,0,1
peta,1,0,1
sitaram,1,0,1
srv-1rna25,1,0,1
m-aramide,1,0,1
β-propionolactone,1,0,1
zolazepam(zoletil,1,0,1
iu/mlpenicillin,1,0,1
kapalabhati,1,0,1
aaamide,1,0,1
phosphovanadate,1,0,1
methylprednisolone.14,1,0,1
pegorini,1,0,1
s.pneumoniae,1,0,1
m.catarrhalis,1,0,1
pudilanxiaoyan,1,0,1
qingrejiedu,1,0,1
.kan,1,0,1
moncef,1,0,1
james-lange,1,0,1
β‐lipotropin,1,0,1
θsin,1,0,1
rsph,1,0,1
peiju,1,0,1
antyodaya,1,0,1
gram-präparaten,1,0,1
pseudomonaspenicillins,1,0,1
cefotaxim-,1,0,1
isoxazolyl-penicilline,1,0,1
phenoxypropylpenicillin,1,0,1
phenoxypenicillin-kalium,1,0,1
phenoxypenicillin-benzathin,1,0,1
oralpencilline,1,0,1
ketolid,1,0,1
cotrimoxazol-,1,0,1
isoxazolylpenicillinen,1,0,1
levofloxacins,1,0,1
2-antiplasmin.7,1,0,1
qaly.49,1,0,1
whv/hbv,1,0,1
beier,1,0,1
’smilk,1,0,1
prolactin.109,1,0,1
medroxyprogesteroneacetate).67,1,0,1
fkz,1,0,1
[46].curcumin,1,0,1
wolfe,1,0,1
20-,1,0,1
chlorhexidine/silver-sulfadiazine-impregnated,1,0,1
berghella,1,0,1
[56].betamethasone,1,0,1
[61].ceftriaxone,1,0,1
[64].metformin,1,0,1
heebum,1,0,1
insoo,1,0,1
chul,1,0,1
jae-woo,1,0,1
sirna-tat47,1,0,1
solc-verify,1,0,1
credential,1,0,1
bafana,1,0,1
bessiana,1,0,1
campe,1,0,1
ritaceresola,1,0,1
todar,1,0,1
neijinglingshu,1,0,1
galax,1,0,1
dhea-s.,1,0,1
solmaz,1,0,1
acetaminophen.11,1,0,1
ace.3,1,0,1
(26).oxymetazoline,1,0,1
50-mg,1,0,1
trivacton,1,0,1
n1α,1,0,1
chamaecyparis,1,0,1
disinfectant.11,1,0,1
acceptor.28,1,0,1
sodiumhypochlorite).95,1,0,1
8b).lopinavir,1,0,1
lunulariacruciata,1,0,1
chlorine(32,1,0,1
[methyl‐3h]methionine,1,0,1
5‐methylcytosine,1,0,1
glycyrrhizapallidiflora,1,0,1
2006).rifampicin,1,0,1
v.trifolia,1,0,1
polygoni,1,0,1
multifloriradix,1,0,1
gigas,1,0,1
asphodeloidisradix,1,0,1
amydae,1,0,1
brevicornum,1,0,1
corylifoliaefructus,1,0,1
cuscutachinensis,1,0,1
oxymethylanthraquinone,1,0,1
chlorhexidine.8,1,0,1
•remdesivir,1,0,1
lopinavir/ritonavir.•in,1,0,1
glucose.31,1,0,1
co-trimoxazole37,1,0,1
muzamil,1,0,1
ayman,1,0,1
muntaser,1,0,1
saltcholate,1,0,1
spirulan,1,0,1
andradina,1,0,1
tipranavir/tpv,1,0,1
erythromycin90,1,0,1
clarithromycin.92,1,0,1
trimethoprim-sulfamethoxazole.91,1,0,1
peroxidasesproteinasestrypsin,1,0,1
integrierte,1,0,1
r-α-tocopherol,1,0,1
dalarna,1,0,1
anna-karin,1,0,1
2′omtas-teniposide,1,0,1
2′omtase-dihydroergotamine,1,0,1
2′omtase-teniposide,1,0,1
azithromycin.37,1,0,1
isokalorisch,1,0,1
gastrale,1,0,1
peg-anlage▶10.1007/978-,1,0,1
zanamivir.36,1,0,1
oseltamivir.78,1,0,1
tolerated.90,1,0,1
alessandrozaldei,1,0,1
keystone45,1,0,1
penicillin20,1,0,1
cephalosporins•clindamycin•macrolides,1,0,1
2019).lopinavir-ritonavir,1,0,1
ribavirin.180,1,0,1
ribavirin.30,1,0,1
valopicitabine.28,1,0,1
"benzo-1,2,4-thiadiazine",1,0,1
enfuvirtide.105,1,0,1
zanamivir181,1,0,1
oseltamivir84,1,0,1
oseltamivir.114,1,0,1
melampolides,1,0,1
8-deoxylactucin,1,0,1
riley1,1,0,1
yaakov,1,0,1
bellani,1,0,1
poze,1,0,1
nitroflurbiprofen,1,0,1
steinbach,1,0,1
kabeer,1,0,1
abelacimab,1,0,1
osocimab,1,0,1
aronora,1,0,1
telazole,1,0,1
zaghum,1,0,1
rolf,1,0,1
3′-blocked,1,0,1
miltiorrhizaebunge,1,0,1
xanthohumol,1,0,1
dehydrocostus,1,0,1
esculentoside,1,0,1
rupr,1,0,1
punicagranatumlinn,1,0,1
cannabissativalinn,1,0,1
schisantherin,1,0,1
dehydromatricarin,1,0,1
pro.10,1,0,1
plp58-74,1,0,1
aminoacids25,1,0,1
ns3/4a-boceprevir,1,0,1
ritz‐carton,1,0,1
ymax,1,0,1
teg11,1,0,1
chengqi,1,0,1
dolutegravir/rilpivirine,1,0,1
stem-hairpin,1,0,1
gk1,1,0,1
sp‐d,1,0,1
ethyl‐alcohol,1,0,1
abk,1,0,1
oxyimino-cephalosporin,1,0,1
penicillinase/esbl,1,0,1
streptograminb,1,0,1
brinda,1,0,1
yicu,1,0,1
glucocorticosteroids.184,1,0,1
123].fluconazole,1,0,1
qisw,1,0,1
his41,1,0,1
torstenhägerstrand,1,0,1
wisely®,1,0,1
[6].azithromycin,1,0,1
[8].lopinavir,1,0,1
[9].ritonavir,1,0,1
noshaba,1,0,1
cisco,1,0,1
selettra,1,0,1
"theophylline,115",1,0,1
remdesivir-chloroquine,1,0,1
2002).alcohol,1,0,1
trips,1,0,1
98–126,1,0,1
[85].vitamind,1,0,1
[97].chloroquine,1,0,1
biochars,1,0,1
hydroxylatedpyranoside,1,0,1
18sc,1,0,1
(ssw):spiramycin,1,0,1
vorozole1a,1,0,1
everolimus‐eluting,1,0,1
powpv,1,0,1
ketones.72,1,0,1
[93].colistin,1,0,1
methyldehydroabietate,1,0,1
bcg-revaccination,1,0,1
k>1,1,0,1
pneumokokken-,1,0,1
anästhesieteam,1,0,1
tetracycline.3,1,0,1
hydroxychloroquine/sulphasalazine,1,0,1
gertig,1,0,1
małgorzata,1,0,1
[278].thalidomide,1,0,1
pattarin,1,0,1
alfateh,1,0,1
anti-zincalkoxide20a,1,0,1
vrcdna-rad5vaccine,1,0,1
anti-rankmab-calcitoninconjugate,1,0,1
denosumab–,1,0,1
α-spectrin,1,0,1
[16].indirubin,1,0,1
inhibitorbaricitinib,1,0,1
drugsnitazoxanide,1,0,1
"hippocrates,1",1,0,1
mattone,1,0,1
edax,1,0,1
almelo,1,0,1
dariusz,1,0,1
hydroxychloroquine—6.5,1,0,1
acyclovir.71,1,0,1
vancomycin2,1,0,1
metapnomovirus,1,0,1
chidi,1,0,1
cathal,1,0,1
ca-074,1,0,1
magnesiumchelatase,1,0,1
uga,1,0,1
paternalorphan,1,0,1
neira,1,0,1
5-benzyloxygramine,1,0,1
[77].it,1,0,1
3′-iodine,1,0,1
bacillus-calmette-guerin,1,0,1
antoinearnauld,1,0,1
lecstin,1,0,1
seow,1,0,1
isotonic,1,0,1
∗)/d,1,0,1
thecv777,1,0,1
amoxicillin‐clavulanicacid,1,0,1
amsactamorei,1,0,1
5′‐biotin,1,0,1
vz,1,0,1
that:“a,1,0,1
acetyl-l-[3h]carnitine,1,0,1
[3h]pyrilamine,1,0,1
[3h]-zidovudine,1,0,1
hiv-1gag,1,0,1
tecfidera,1,0,1
piperacillin/tazobactam-resistant,1,0,1
sodiumnitrite.5,1,0,1
tbzs.4,1,0,1
(raltegravir)45,1,0,1
elvitegravir).44,1,0,1
elvitegravir(gs‐9137)53,1,0,1
"raltegravir,58",1,0,1
"oseltamivir,98",1,0,1
zanamivir.106,1,0,1
oseltamivir.108,1,0,1
ribavirin124,1,0,1
benzodiazinylurea,1,0,1
"1,n‐2‐ethenoguanosine",1,0,1
"1,n‐2‐ethenoguanine",1,0,1
7‐deazaxanthine,1,0,1
pi2,1,0,1
antipruriginosos,1,0,1
democracy?ns,1,0,1
bsen14476,1,0,1
jun/5,1,0,1
ctla-4:b7,1,0,1
heparin-peptide,1,0,1
geef,1,0,1
ribavirin8,1,0,1
n‐acetyl‐tetraose,1,0,1
2‐aminobenzamide,1,0,1
3‐amino‐9‐ethylcarbazole,1,0,1
3‐aminoquinoline,1,0,1
oligosialicacids,1,0,1
icp-6,1,0,1
ringer‐agar,1,0,1
wolozin,1,0,1
42/aβ,1,0,1
1-α-dihydroxyvitamind3,1,0,1
tetanus­vaccine,1,0,1
giandomenico,1,0,1
l-bfgs,1,0,1
huba,1,0,1
pyogen,1,0,1
ntithrombin-iii,1,0,1
jerusalem.7,1,0,1
curcumin(ccm-cds,1,0,1
alcohol‐rub,1,0,1
rhinovirentherese,1,0,1
neomycin-gentamycin-kortison-ohrentropfen,1,0,1
antitoxin/kg,1,0,1
cefuro-xim-axetil,1,0,1
urea20a,1,0,1
phosphonium,1,0,1
methylcoumarines,1,0,1
potassiumethylmalonate,1,0,1
penicillin.102,1,0,1
metronidazole.103,1,0,1
ampicillin/sulbactam.106,1,0,1
gagnep,1,0,1
trifoliolate,1,0,1
glutamylation,1,0,1
sedivy,1,0,1
sahana,1,0,1
1).dexamethasone,1,0,1
ma).kanamycin,1,0,1
lateolabrax,1,0,1
jenneriana,1,0,1
splitvaccinea,1,0,1
fredy,1,0,1
〈δf,1,0,1
maximiliano,1,0,1
lactocin705,1,0,1
e1-,1,0,1
badewi,1,0,1
chidini,1,0,1
aids.63,1,0,1
"desferrioxamine,135",1,0,1
47].valacyclovir,1,0,1
52].acyclovir,1,0,1
baralis,1,0,1
proteinfatty,1,0,1
mirati,1,0,1
ticarcillin-claculanate,1,0,1
amantadine.11,1,0,1
zanamivir.63,1,0,1
zanamivir).79,1,0,1
zinc‐oxide,1,0,1
"rhinovirus,54",1,0,1
[420].fluconazole,1,0,1
[426].itraconazole,1,0,1
diphtheria-tetanus-pertussis-hepatitisb-polio-haemophilusinfluenzae,1,0,1
bruijne,1,0,1
valiati,1,0,1
molnar,1,0,1
mir-362-3p,1,0,1
amoxycillin‐clavulanate,1,0,1
remifentanil.59,1,0,1
boucar,1,0,1
howieson,1,0,1
cholecalciferol.65,1,0,1
pre-mir-615-3p,1,0,1
focps,1,0,1
rfeifn1,1,0,1
vujicic,1,0,1
luchini,1,0,1
xortx,1,0,1
(50).hepatitisb,1,0,1
metpatiëntcontroleonderzoek,1,0,1
hlj/hrb/2016/10,1,0,1
fn-α,1,0,1
tnf-α.44,1,0,1
dexamethasone.13,1,0,1
letto,1,0,1
mmap24,1,0,1
sitagliptin-,1,0,1
trx-1/adam17,1,0,1
na-gluconate,1,0,1
e.it,1,0,1
dna2,1,0,1
tigelaar,1,0,1
beta‐agonist,1,0,1
yun-lu,1,0,1
gavin,1,0,1
atorvastatin.24,1,0,1
"bananin1-[3-hydroxy-5-(hydroxymethyl)-2-methyl-4-pyridinyl]-2,8,9-trioxaadamantane-3,5,7-triol",1,0,1
vitamina-vitaminb6conjugate,1,0,1
•lopinavir-ritonavir,1,0,1
•chlorpromazine•mycophenolic,1,0,1
virginiamycin/d,1,0,1
l1/e6/e7-,1,0,1
tavr,1,0,1
tenella,1,0,1
cephalospo-rin,1,0,1
treaties,1,0,1
epoxomicin-,1,0,1
anti-atg8,1,0,1
ketoconazole.36,1,0,1
phenobarbital.83,1,0,1
"β-1,3-d-glucan",1,0,1
noradrenaline5,1,0,1
tridip,1,0,1
in30,1,0,1
•permethrin,1,0,1
•penicillin,1,0,1
resverlogix,1,0,1
ρ∥u,1,0,1
regrna2.0,1,0,1
tmglycoprotein,1,0,1
"(hydroxy)chloroquine,7",1,0,1
"azithromycin,38",1,0,1
immunoglobuling1,1,0,1
cytosine.5,1,0,1
eticoprovinciale,1,0,1
"kg),pyrimethamin",1,0,1
min-ji,1,0,1
[165].rapamycin,1,0,1
bms-986179,1,0,1
balaz,1,0,1
11-cis-retinaldehyde,1,0,1
bglucuronidase,1,0,1
hebel,1,0,1
duprat,1,0,1
hottendorf,1,0,1
lphv1,1,0,1
alcoholrubs,1,0,1
•adrenaline,1,0,1
•hydrocortisone,1,0,1
takis,1,0,1
gelsomina,1,0,1
sodium-flucloxacillinsodium,1,0,1
jemmerson,1,0,1
pantophlet,1,0,1
s-m,1,0,1
tbc1d5,1,0,1
urea-adduct,1,0,1
cyclophosphamide.29,1,0,1
tewantin,1,0,1
hutin,1,0,1
hayne,1,0,1
zd-1,1,0,1
mansonii,1,0,1
mitocu,1,0,1
neuroconn,1,0,1
al‐batin,1,0,1
samanthaa.,1,0,1
cefaclor.98,1,0,1
henoch–schönleinpurpura,1,0,1
β-carotene319,1,0,1
ziwei,1,0,1
arginine-glycine-aspartate,1,0,1
hartocollus,1,0,1
istaroxime,1,0,1
ev71hijacks,1,0,1
histamine.82,1,0,1
mir-17-5p,1,0,1
bms-005tv,1,0,1
κ-carrageenangel,1,0,1
h3po4,1,0,1
14c]acetate,1,0,1
serum.1010,1,0,1
noro,1,0,1
butylscopalamin,1,0,1
malariatropica,1,0,1
"benzathin-penicillin2,4",1,0,1
ulcusmolle,1,0,1
198n,1,0,1
lopinavir/ritonavir-,1,0,1
se-ptc,1,0,1
dnak.47,1,0,1
unigene0005847,1,0,1
pharmacopoeiacommission,1,0,1
cml-mc,1,0,1
brachyphylla,1,0,1
"metapneumovirus,43",1,0,1
"antihistamine,216",1,0,1
korobeinikov,1,0,1
cidofovir.99,1,0,1
polyestercloth,1,0,1
indigoticarootpolysaccharide,1,0,1
protollin–adjuvanted,1,0,1
devarbhavi:64,1,0,1
reispaspoort,1,0,1
16f6,1,0,1
tat-ebo,1,0,1
"amiodarone,93",1,0,1
cpg-odntype,1,0,1
itraconazole‐induced,1,0,1
side.1,1,0,1
metronidazole.82,1,0,1
cair,1,0,1
herpes-viren-familie,1,0,1
onkoviren,1,0,1
qingfeitouxie,1,0,1
triquinobenzene,1,0,1
shermaline,1,0,1
kuanoniamined,1,0,1
kinuramine,1,0,1
baiyamine,1,0,1
acrifoline,1,0,1
atalaphyllinine,1,0,1
buntanbismine,1,0,1
4-methylpiperazide,1,0,1
gravacridonolchlorine,1,0,1
furofoline,1,0,1
furoparadine,1,0,1
nimesh,1,0,1
busulfan+melphalan,1,0,1
strepto,1,0,1
berbamin,1,0,1
paragonimiasis,1,0,1
citalopram.67,1,0,1
babyboomers,1,0,1
methylprednisolone.56,1,0,1
day.64,1,0,1
mitoxantrone.95,1,0,1
methylprednisolone.96,1,0,1
pact‐d3,1,0,1
bcg-pasteur,1,0,1
oseltamivir-based,1,0,1
oseltamivir8,1,0,1
methylprednisolone.1,1,0,1
carbenecillin,1,0,1
anti-myc,1,0,1
"dexmedetomidine.33,34",1,0,1
pete,1,0,1
kovatsis,1,0,1
fausto,1,0,1
p-cl,1,0,1
berita,1,0,1
suyu,1,0,1
stief,1,0,1
β2-agonist.76,1,0,1
mizoribine100,1,0,1
rbcs.29,1,0,1
(46).it,1,0,1
vancomycin.9,1,0,1
anti-addiction,1,0,1
anthranoside,1,0,1
aspernolide,1,0,1
dichotella,1,0,1
penicitrinone,1,0,1
everolimus-,1,0,1
chloroquine3,1,0,1
clarithromycin22,1,0,1
lopinavir/ritonavir)2,1,0,1
abacavir64,1,0,1
persulfate,1,0,1
[32].vitamin,1,0,1
[23].vitamind,1,0,1
ciprofloxacin.57,1,0,1
chloramine.96,1,0,1
n-nitrosamines.99,1,0,1
rocuronium7,1,0,1
theaflavin‐3,1,0,1
meeresfrüchte,1,0,1
brocade,1,0,1
revenio,1,0,1
[39].sutchuenoside,1,0,1
[42].(+)-catechin,1,0,1
[43].kampferol,1,0,1
[46].crassirhizomoside,1,0,1
2-chloracetamide,1,0,1
lumley,1,0,1
scuttari,1,0,1
remdesivir.13,1,0,1
histidine/cysteine,1,0,1
da/db,1,0,1
charter62,1,0,1
knuth,1,0,1
lamivudine.(a,1,0,1
parody,1,0,1
"bleomycin,14",1,0,1
rubbermaid,1,0,1
alcohol.5,1,0,1
mathilda,1,0,1
oxygensupplementation,1,0,1
ha-vitaminesuccinate,1,0,1
oxarol,1,0,1
copeland,1,0,1
plasmin-α2-antiplasmin,1,0,1
forexample,1,0,1
https://www.guidetopharmacology.org/grac/liganddisplayforward?ligandid=6884,1,0,1
vincristine57,1,0,1
griseofulvin.34,1,0,1
metronidazole.16,1,0,1
ketamine.116,1,0,1
"methimazole,119",1,0,1
dna-helix,1,0,1
oxy­metazoline,1,0,1
"gap(2018),10",1,0,1
hld.48,1,0,1
conoravirus,1,0,1
daynanada,1,0,1
levofloxacin‐resistance†,1,0,1
rago,1,0,1
marzio,1,0,1
wolves.15,1,0,1
[96].vitamin,1,0,1
artemisinin-,1,0,1
astragaloside-,1,0,1
(hcv)38,1,0,1
sunflower(helianthus)—its,1,0,1
q12h);pantoprazole,1,0,1
atmungstherapie,1,0,1
"“),19",1,0,1
74).tocilizumab,1,0,1
adesola,1,0,1
γ‐glutamylcysteinylglycine,1,0,1
glutamate‐cysteine,1,0,1
amoxicillineamoxicilline,1,0,1
frilander,1,0,1
radiolabeled14c,1,0,1
intensivistas,1,0,1
rrrrr,1,0,1
bundetwa,1,0,1
op-masken,1,0,1
peg-ifn-α60,1,0,1
hydroxychloroquine188,1,0,1
avaccine[16,1,0,1
"lamivudine,35",1,0,1
krzysztof,1,0,1
southwestern,1,0,1
[55].sofosbuvir,1,0,1
ceftriaxone‐tazobactum,1,0,1
t.chebula,1,0,1
macrolidei,1,0,1
levofloxacin)ii,1,0,1
pyrazinamide.36,1,0,1
linezolid.38,1,0,1
metronidazole.39,1,0,1
nitrofurantoin/monohydrate,1,0,1
fluoroquinoloneb.β-lactamc,1,0,1
levofloxacin.42,1,0,1
sirnax1,1,0,1
19).it,1,0,1
dramatisch,1,0,1
hhv‐53,1,0,1
3h‐uridine,1,0,1
mir-148b-3p,1,0,1
mir-877-5p,1,0,1
mir-877,1,0,1
13].chloroquine,1,0,1
43/2016,1,0,1
caroleeldin,1,0,1
pazy,1,0,1
sail-,1,0,1
ti+4,1,0,1
pyr.cycloguanil,1,0,1
3-deazatrimethoprim,1,0,1
valentina,1,0,1
[53].hydrocortisone,1,0,1
1.metoprolol,1,0,1
neopentylglycine,1,0,1
isobutylsulfonylcysteine,1,0,1
puruvate,1,0,1
schistosomiasisvaccine,1,0,1
klotins,1,0,1
4d).it,1,0,1
[4]chloroquine,1,0,1
alfa.3,1,0,1
smidnanocomplex,1,0,1
—bupivacaine—,1,0,1
kefraza,1,0,1
cyclophosphamide/methylprednisolone,1,0,1
2018).29,1,0,1
potassium.56,1,0,1
ubiquitin-peptide,1,0,1
ifn‐,1,0,1
mir‐125,1,0,1
antus,1,0,1
castrica,1,0,1
bitim,1,0,1
anax,1,0,1
brachytrupes,1,0,1
clanis,1,0,1
catholyte,1,0,1
anolyte,1,0,1
clarithromycin.38,1,0,1
pentoxifylline79,1,0,1
"1,6-diphenyl-1,3,5-hexatriene",1,0,1
qingfeipaidutang,1,0,1
zingiberensis,1,0,1
adjuvantto,1,0,1
karadag,1,0,1
mb−,1,0,1
[116].linagliptin,1,0,1
mader,1,0,1
n-glycans,1,0,1
β-galactosamine,1,0,1
glucose-novobiocine,1,0,1
prerov,1,0,1
anatoxinm1,1,0,1
aminoglycoside-,1,0,1
ysoniasid,1,0,1
boiarintsev,1,0,1
vahnina,1,0,1
metola,1,0,1
etestmbl,1,0,1
piperaciilin/tazobactam,1,0,1
halkida,1,0,1
trimethoprimesul-phametoxazole,1,0,1
kaletra/lopinavir/ritonavir,1,0,1
kineret/anakinra,1,0,1
olumiant/baricitinib,1,0,1
heparins.5,1,0,1
amtm02,1,0,1
amtm04,1,0,1
"azithromycin,5",1,0,1
bc=0,1,0,1
catb.metoclopramide,1,0,1
111).e.ketoconazole,1,0,1
amikacin2.ampicillin,1,0,1
cephalosporins4.imipenem,1,0,1
d.d-xylose,1,0,1
b.pyrantel,1,0,1
b.tylosin,1,0,1
sirna:•sirna,1,0,1
pao-yu,1,0,1
(cephalexin)•ivermectin•vaccines•metronidazole•phenobarbital•furosemide•itraconazole•phenylbutazone•enalapril•imodium•metoclopramide•fenbendazole•nsaids,1,0,1
fenbendazole15,1,0,1
veloso,1,0,1
alemánalemán,1,0,1
buzón,1,0,1
/prednisolon,1,0,1
chloroquingabe,1,0,1
hydroxychloroquingabe,1,0,1
hydroxychloroquinerste,1,0,1
chloroquin-,1,0,1
aveneae,1,0,1
monocotjrl,1,0,1
vitaminc.7vitaminc,1,0,1
darunavir.3,1,0,1
serum.1,1,0,1
2014–02,1,0,1
ny).rapamycin,1,0,1
[14c]-amprenavir,1,0,1
single-dosevaccine,1,0,1
haemagogus,1,0,1
dithio-thiopurines,1,0,1
tx19ox,1,0,1
totin,1,0,1
2′-o-methyl,1,0,1
ameida,1,0,1
fmt,1,0,1
trimethoprim-sulfonamides.29,1,0,1
metronidazole).38,1,0,1
trimethoprim.55,1,0,1
[3h]-methyl-choline,1,0,1
jeremyyuen-chun,1,0,1
heparin41,1,0,1
gs4,1,0,1
10-membered,1,0,1
n-acetylcysteamine-,1,0,1
permethrin-,1,0,1
hydroxychloroquine.20,1,0,1
lopinavir/ritonavir.34,1,0,1
ribavirin.40,1,0,1
lopinavir/ritonavir.41,1,0,1
chloroquine.50,1,0,1
"hydroxychloroquine,13",1,0,1
half.71hydroxychloroquine,1,0,1
kancera,1,0,1
ribavirin157,1,0,1
wanwansun,1,0,1
enfu,1,0,1
hemoglobin.31,1,0,1
erythromycin.473,1,0,1
rifampin677,1,0,1
erythromycin.1022,1,0,1
heparin1135,1,0,1
vallate,1,0,1
carboplatin.1437,1,0,1
peclet,1,0,1
tran,1,0,1
cilostazol5,1,0,1
il‐27,1,0,1
pegah,1,0,1
nasrin,1,0,1
pyrimethamine.39,1,0,1
trimethoprim/sulfamethoxazole.43,1,0,1
rifabutin).37,1,0,1
loiasis.67,1,0,1
2016).tamoxifen,1,0,1
sahardadkhahfar,1,0,1
desoxyuridine,1,0,1
l’acicloviracyclovir,1,0,1
naulin,1,0,1
proline/glutamine,1,0,1
surfactantspan,1,0,1
aminoacid.56,1,0,1
qβ,1,0,1
enda,1,0,1
δdose,1,0,1
h˜,1,0,1
sophoradin,1,0,1
diazoles,1,0,1
sti&dui,1,0,1
[72].ribavirin,1,0,1
poicephalus,1,0,1
alcoholamines27a,1,0,1
piperidines28a,1,0,1
ﬂuconazole,1,0,1
galla,1,0,1
nitroacrylates,1,0,1
nitroolefin,1,0,1
d-glucal,1,0,1
tamoxifen18,1,0,1
dimo,1,0,1
azithromycin.8,1,0,1
[36].artemether-lumefantrine,1,0,1
[43].primaquine,1,0,1
[45].curcumin,1,0,1
cpg‐odnadjuvant,1,0,1
ensifer,1,0,1
cpg23,1,0,1
pharmamar,1,0,1
hypochlorite11,1,0,1
[35s]methionine-cysteine,1,0,1
ace2-conjugated,1,0,1
aesculusturbinata,1,0,1
[30].famciclovir,1,0,1
unicef/who,1,0,1
tobramycin.74,1,0,1
[35s]cysteine/methionine,1,0,1
mendes,1,0,1
calciumguanidinate,1,0,1
herbapogostemonis,1,0,1
mabey,1,0,1
galalith,1,0,1
oleyamine,1,0,1
"tacrolimus,9",1,0,1
that“the,1,0,1
coxs/pgs,1,0,1
struvite.62,1,0,1
o2/isoflurane,1,0,1
kpfm,1,0,1
tf,1,0,1
dhn-melanin,1,0,1
sodium-to-potassium,1,0,1
glucocorticoids).110,1,0,1
praziquantel.141,1,0,1
crystalloids.47,1,0,1
statinb,1,0,1
creel-bulos,1,0,1
gloves.26,1,0,1
naoh-n-acetylcysteine,1,0,1
(r)–ethambutol,1,0,1
dtt-chlorhexidine,1,0,1
ha-loaded,1,0,1
evengård,1,0,1
husada,1,0,1
rifampic,1,0,1
miró,1,0,1
trampuz,1,0,1
marañón,1,0,1
plantinga,1,0,1
tenofovir-abacavir,1,0,1
anogenital,1,0,1
(r)rifampicin,1,0,1
{β}-lactamase,1,0,1
tsn,1,0,1
gentamicin/cotrimoxazole,1,0,1
ciprofloxacin/clindamycin/erythromycin,1,0,1
lutro,1,0,1
kalunga,1,0,1
oseltamir-zanamivir,1,0,1
eckmanns,1,0,1
chania,1,0,1
cyclophosphamide.1,1,0,1
cesiumchloride,1,0,1
ciprofloxacin4,1,0,1
testosterone-to-oestrogen,1,0,1
calcium-channel,1,0,1
rotavirusvaccine.21,1,0,1
streptomycin.118,1,0,1
cardio-,1,0,1
messagecolchicine,1,0,1
indomethacin.7,1,0,1
2002).samsung,1,0,1
pdbfo,1,0,1
dgk,1,0,1
zanamivir.124,1,0,1
semmelweiss24,1,0,1
drj,1,0,1
paclitaxel40,1,0,1
"1,25(oh)2d-calcitriol.42",1,0,1
na+-citrate,1,0,1
piperidine/dmf,1,0,1
ac-dvad-fmk,1,0,1
"cbz-d-arg-pro-arg-amc,24",1,0,1
ac-val-arg-pro-arg-amc,1,0,1
cbz-d-arg-pro-arg-amc,1,0,1
ctb-linker,1,0,1
qj/dj,1,0,1
duq,1,0,1
u[(wi,1,0,1
acf)/acnf,1,0,1
n‐acetylglusamine,1,0,1
kousei,1,0,1
abayomitoyinonanuga,1,0,1
nonoxynol‐9,1,0,1
ipratropium.25,1,0,1
visconti,1,0,1
einox,1,0,1
gallnut,1,0,1
methionine.114,1,0,1
enalapril.97,1,0,1
[14].glycyrrhizin,1,0,1
paclitaxel.”at,1,0,1
sulfopropylether,1,0,1
sbe-β-cds,1,0,1
125-mg,1,0,1
dtp1,1,0,1
pentavalent2,1,0,1
bcg4,1,0,1
hpv9,1,0,1
gallocatechin-3-gallate,1,0,1
papyriferapolyphenols,1,0,1
gezondelevensverwachting,1,0,1
post‐tocilizumab,1,0,1
jenamani,1,0,1
ethylglyoxalate,1,0,1
tetrahydroquinolines.60,1,0,1
β-ketoamide,1,0,1
magnesiumhydride,1,0,1
aeff,1,0,1
h-ferritin,1,0,1
mayneord,1,0,1
lenvatinib‐everolimus,1,0,1
somov,1,0,1
dexamethasone.79,1,0,1
病例与方法,1,0,1
liae,1,0,1
constana,1,0,1
benzatin-penicillin,1,0,1
hizel,1,0,1
esberitox,1,0,1
antibiotics.101,1,0,1
epimagnolin,1,0,1
99mtc-sestamibi,1,0,1
immunair,1,0,1
hpv–,1,0,1
1%.8,1,0,1
hydroxychloroquine‐induced,1,0,1
d.lestan,1,0,1
ifrcebolastrategic,1,0,1
devenow,1,0,1
siacoin,1,0,1
rajendram,1,0,1
cavariella,1,0,1
bharatiya,1,0,1
[98].favipiravir,1,0,1
esc-java,1,0,1
mocha,1,0,1
singelis,1,0,1
"rhinovirus,45denguevirus,46chikungunyavirus,47",1,0,1
safespark-ope,1,0,1
adkin,1,0,1
csa/mtx/anti‐tnf‐ɑ,1,0,1
energiezufuhr,1,0,1
40].lopinavir,1,0,1
trimodale,1,0,1
pilocarpin,1,0,1
levofloxacin)orale,1,0,1
chondroitin-sulfate,1,0,1
r.komisaruk,1,0,1
naoh/isopropanol,1,0,1
alpharetrovirus,1,0,1
wei‐chen,1,0,1
"(linezolid),fosfomycin",1,0,1
"ampicillin),polymyxine",1,0,1
caspofunginliposomales,1,0,1
dahan,1,0,1
2020).chloroquine,1,0,1
r(e,1,0,1
ribavirin400,1,0,1
corticosteroidsmethylprednisolone,1,0,1
deltacoronavirus,1,0,1
2004).ganciclovir,1,0,1
mod,1,0,1
sil-more,1,0,1
zeria,1,0,1
dewi,1,0,1
katarzyna,1,0,1
mirza,1,0,1
kelley,1,0,1
nisida,1,0,1
berberi,1,0,1
gianna,1,0,1
"pricewaterhousecoopers,51",1,0,1
boukeria,1,0,1
[202].chloroquine,1,0,1
"chloroquine,75",1,0,1
magnesium.2,1,0,1
glucose-insulin-potassium,1,0,1
passenger,1,0,1
irigaraybank,1,0,1
ambulatorio,1,0,1
oxime/praziquantel,1,0,1
milbemax,1,0,1
diuren,1,0,1
narsaq,1,0,1
odv‐e25,1,0,1
olmesartan134,1,0,1
apply’—by,1,0,1
yohei,1,0,1
nittel,1,0,1
hadv‐7,1,0,1
korea.6,1,0,1
pyrrolidinedithiocarbamic,1,0,1
rodin/,1,0,1
bravato,1,0,1
peconga,1,0,1
etrahydrocurcumin,1,0,1
palivizumab‐n.,1,0,1
dazu,1,0,1
pneumokokkengeimpft,1,0,1
mdc2,1,0,1
32].lopinavir/ritonavir,1,0,1
rehder,1,0,1
modusvivendi,1,0,1
fluticasone)57,1,0,1
c4-o-acetyl,1,0,1
graziela,1,0,1
securitybill,1,0,1
syariah,1,0,1
fady,1,0,1
laylael,1,0,1
nadineel-husseiny,1,0,1
chlorhexidin-fluid,1,0,1
testosterone10,1,0,1
glucocorticoids.99,1,0,1
zinc26,1,0,1
–cysteine,1,0,1
dynafit,1,0,1
ramón,1,0,1
6-sulfatoxymelatonin,1,0,1
santalum,1,0,1
lunulatumburm,1,0,1
ns2an-term-fifo,1,0,1
interferon(ifn)-α2b,1,0,1
liver.9,1,0,1
dunhuang,1,0,1
waliguan,1,0,1
weekend,1,0,1
tris−glycine,1,0,1
levofloxacin).16,1,0,1
riccardopinciroli,1,0,1
binglan,1,0,1
erec,1,0,1
daunorubicin-,1,0,1
artemisinin.7,1,0,1
zinc.75,1,0,1
effectstacrolimus,1,0,1
dosagemycophenolate,1,0,1
glukuronide,1,0,1
bromodiiodomethane,1,0,1
5).)salicyl-carnosine,1,0,1
anastasiya,1,0,1
mezei,1,0,1
a.curassavica,1,0,1
balxavirmarboxil,1,0,1
xofloza,1,0,1
ambecosteryl,1,0,1
modeler25,1,0,1
chymotrypsin‐fold,1,0,1
mpxv,1,0,1
catechol.98,1,0,1
angola.280,1,0,1
voi,1,0,1
"methyl3-o-acetyl-1,2-o-isopropylidene-α-d-ribofuranuronate",1,0,1
"n-methyl-1,2-o-isopropylidene-α-d-ribofuranuronamide",1,0,1
α=1,1,0,1
act.26,1,0,1
bisbenzimidazole,1,0,1
antimycobacterial13,1,0,1
izabela,1,0,1
diethyleneether,1,0,1
erennur,1,0,1
dipropionicacid,1,0,1
"sulforaphane,101scriptaid,103",1,0,1
ambulante,1,0,1
cvb42apro,1,0,1
‐98,1,0,1
dopamine24,1,0,1
guoxin,1,0,1
yadi,1,0,1
zhentao,1,0,1
moxifloxacin15,1,0,1
8].azithromycin,1,0,1
prednisone.40,1,0,1
octenediol1,1,0,1
ribavirin.58,1,0,1
mg-s.,1,0,1
else16,1,0,1
interferon-β1a,1,0,1
sterilisata,1,0,1
acetaminophen.•penicillin,1,0,1
azithromycin.15,1,0,1
irinotecan-,1,0,1
anti-pertuzumab,1,0,1
dm1-trastuzumab,1,0,1
p-hydroxymethylphenoxymethyl,1,0,1
cvb33cpro,1,0,1
t-butyl,1,0,1
bpifa1δα4,1,0,1
generi,1,0,1
"vzv,150",1,0,1
tavg,1,0,1
nitrofurantoin.9,1,0,1
infrapatella,1,0,1
onthe,1,0,1
"(58%),oseltamivir",1,0,1
s-plus,1,0,1
preurine,1,0,1
anti-plasmin,1,0,1
"glid,17",1,0,1
4t).entecavir,1,0,1
4t).montelukast,1,0,1
bromhexine37,1,0,1
ambroxol38,1,0,1
placebo/sulindac,1,0,1
asterellaangusta,1,0,1
neomarchantin,1,0,1
perrottetin,1,0,1
radulanin,1,0,1
r.kojana,1,0,1
ß2-agonist,1,0,1
simiansapeloviruses,1,0,1
chloroquine.41,1,0,1
goni,1,0,1
romeo-arroyo,1,0,1
fluoroquinolones.3,1,0,1
metatheria,1,0,1
chloroquine.(13,1,0,1
festubert,1,0,1
moisturizeras,1,0,1
ifn‐inhibitor,1,0,1
[2].metformin,1,0,1
graca,1,0,1
cirella,1,0,1
m-aba,1,0,1
intravaginal,1,0,1
oseltamivir[52,1,0,1
peramivir[54,1,0,1
oseltamivir.[70]one,1,0,1
linezolid.5,1,0,1
rifampicin.7,1,0,1
4-ethylpiperazine,1,0,1
4-ethylpiperazinyl,1,0,1
[72].camptothecin,1,0,1
δ-tocotrienol,1,0,1
8-methoxyciprofloxacin,1,0,1
4-methyl-1-piperazinyl,1,0,1
tacrine–8-hydroxyquinoline,1,0,1
[3h]spiperone,1,0,1
dopamined3,1,0,1
silica/polypnp,1,0,1
bisias,1,0,1
4‐hydroxycytidine,1,0,1
photobacterium,1,0,1
erregelt,1,0,1
schutzvon,1,0,1
achivirus,1,0,1
nitrosovasodilators,1,0,1
aptm30,1,0,1
methylprednisolone.82,1,0,1
donepezil.297,1,0,1
phac,1,0,1
stamatis,1,0,1
panagiotis-spyridong.,1,0,1
2012).cholesterol,1,0,1
pegylation.37,1,0,1
amirmohsenjalaeefar,1,0,1
oseltamivir.131,1,0,1
fluca,1,0,1
conjugated.45,1,0,1
sirna.91,1,0,1
2014).mavs,1,0,1
[34].azithromycin,1,0,1
annas2,1,0,1
(paracetamol).we,1,0,1
peramivir8,1,0,1
suleman,1,0,1
farhan,1,0,1
~p~,1,0,1
legaler,1,0,1
28.87).hydroxychloroquine,1,0,1
novosanis,1,0,1
sublingually.578,1,0,1
toxinadjuvant.574,1,0,1
ciclosporin.6,1,0,1
"amine.64,67,84n-halamines",1,0,1
imiden-halamines,1,0,1
quercetin-3-β-o-glucoside,1,0,1
hippocratic,1,0,1
betalactam-penicilline,1,0,1
exeltis,1,0,1
leflore,1,0,1
e-x,1,0,1
mono-acetylated-[14c]-chloramphenicol,1,0,1
di-acetylated-[14c]-chloramphenicol,1,0,1
felipeschuch,1,0,1
trichostrongylus,1,0,1
fenoterol/ipratropium,1,0,1
sirnassi-g1,1,0,1
memecylon,1,0,1
umbellatum,1,0,1
cumini,1,0,1
actinodaphne,1,0,1
carallia,1,0,1
abisara,1,0,1
matapa,1,0,1
chliaria,1,0,1
vulcanus,1,0,1
tarucus,1,0,1
bharata,1,0,1
tirumala,1,0,1
papilio,1,0,1
metformin/phenformin,1,0,1
(thalidomide)10,1,0,1
atorvastatin.36,1,0,1
doxorubicin.80,1,0,1
aanode,1,0,1
ub-thioester,1,0,1
cysteine.10,1,0,1
ha-ub1–75-thioester,1,0,1
coccineus,1,0,1
vlachos,1,0,1
gs-9350,1,0,1
cephalosporins.9,1,0,1
pyrazolone-pyridazine,1,0,1
spiramide,1,0,1
z-guggulsterone,1,0,1
usl,1,0,1
joeri,1,0,1
telithromycin20,1,0,1
azithromycin.21,1,0,1
75].bleomycin,1,0,1
envirovettanzania,1,0,1
medicea,1,0,1
biblioteka,1,0,1
apostolica,1,0,1
vaticana,1,0,1
",ym",1,0,1
hii,1,0,1
bera,1,0,1
benzodiazepines52,1,0,1
sergliflozin,1,0,1
5‐aza‐2′‐deoxycytidine,1,0,1
orfs7a,1,0,1
calcium.255,1,0,1
(in).338hsp60-hsp10,1,0,1
rgg,1,0,1
"antioxidant,689",1,0,1
o-carboranyl-phenoxyacetanilide,1,0,1
6).melatonin,1,0,1
matrix-m1adjuvant,1,0,1
[104].hydroxychloroquine,1,0,1
lt,1,0,1
penicillin5,1,0,1
sigma-proligo,1,0,1
i)vitaminb12,1,0,1
mendil,1,0,1
木香radix,1,0,1
fdara,1,0,1
"l-epinephrine,16",1,0,1
enterolitica,1,0,1
ace.113,1,0,1
magnesium-,1,0,1
5-ethynyl-2′-deoxyuridine,1,0,1
foscarnet‐based,1,0,1
tagalog,1,0,1
beta-myrcene,1,0,1
hybrigenics,1,0,1
anti-astrovirus,1,0,1
theda,1,0,1
ninhydrine,1,0,1
ifitm108,1,0,1
nielsen,1,0,1
kaczynski,1,0,1
hemsleyanumflavonoids,1,0,1
hippophamide,1,0,1
cathelicidin.2,1,0,1
eczemacoxsackium,1,0,1
delgocitinib,1,0,1
lorenzos,1,0,1
malariavakzine,1,0,1
3.4).progesterone,1,0,1
radio-iodinated,1,0,1
tetracyclines).3,1,0,1
bettlägeriger,1,0,1
zahnpflege,1,0,1
stomabeutel,1,0,1
synbiotika,1,0,1
synbiotikasind,1,0,1
aldam,1,0,1
alkoholbasierte,1,0,1
unfallchirurgieantibiotikatherapie,1,0,1
antibiotikatherapieorthopädie,1,0,1
neurochirurgietransoraler,1,0,1
chx/isopropanol,1,0,1
gemmell,1,0,1
anästhesiemrsa,1,0,1
anästhesievre,1,0,1
anästhesieesbl,1,0,1
anästhesiehiv,1,0,1
harnwegskatheter,1,0,1
latexkatheterharnwegskatheterbeschichtete,1,0,1
harnwegskatheterkatheterstärke,1,0,1
kondomurinalenicht,1,0,1
fahrbare,1,0,1
hals-nasen-ohren-heilkunde,1,0,1
hals-nasen-ohren-heilkundeantiseptik,1,0,1
augemikroflorapräoperativ,1,0,1
lokalantibiotika,1,0,1
geriatrische,1,0,1
taurolidin,1,0,1
parenteralia,1,0,1
zahnarztpraxismundhöhlenantiseptik,1,0,1
chxmundhöhlenantiseptikchlorhexidin,1,0,1
chlorhexidinmundhöhlenantiseptik,1,0,1
zahnarztpraxisschutzhandschuhe,1,0,1
impfprophylaxezahnarztpraxis,1,0,1
wassersicherheitzahnarztpraxis,1,0,1
chlorhexidinglukonat,1,0,1
saternus,1,0,1
jakirhosen,1,0,1
viridicatumtoxins,1,0,1
azaphilones,1,0,1
nigrosporin,1,0,1
neoechinulinb,1,0,1
almiramidesb,1,0,1
thiaplakortone,1,0,1
palivizumab.52,1,0,1
"ribavirin,46",1,0,1
ribavirin.170,1,0,1
valganciclovir.179,1,0,1
mamsa,1,0,1
nidan,1,0,1
madhuyashti,1,0,1
talishadi,1,0,1
thiol-modifiedalcohols,1,0,1
ds-sirna,1,0,1
fotodyne,1,0,1
egfp-mismatch,1,0,1
tf/sirna(+,1,0,1
psycholoog,1,0,1
metwattrucs,1,0,1
rawstrone,1,0,1
mtd50,1,0,1
zanamivir.30,1,0,1
kokić,1,0,1
ru-etoposide,1,0,1
gwatkin15,1,0,1
methylprednisolone25,1,0,1
amine11b,1,0,1
amine11a,1,0,1
snakeskin,1,0,1
fomc,1,0,1
denedylase,1,0,1
calfizomib/thalidomide/dexamethasone/cyclosporamide,1,0,1
amg-8735,1,0,1
atsp-7041,1,0,1
p1‐imidazole,1,0,1
α‐methyl,1,0,1
"theophylline,16",1,0,1
echinocandin.74,1,0,1
ribavirin.106,1,0,1
ornithogalum,1,0,1
scutellarin17,1,0,1
euthanex,1,0,1
75–81,1,0,1
32:•doxycycline,1,0,1
6c).viperin,1,0,1
vamsi,1,0,1
steroids.1,1,0,1
lpro,1,0,1
acer3,1,0,1
anisomycin.54,1,0,1
ramlal,1,0,1
bat‐covratg3,1,0,1
kherbache,1,0,1
gram-dosevitaminc,1,0,1
pradeep,1,0,1
rokkam,1,0,1
gurusaravanan,1,0,1
radhakrishna,1,0,1
kalyan,1,0,1
rathnamitreyee,1,0,1
vegunta,1,0,1
atipamizole.14,1,0,1
celum,1,0,1
ribavirin.107,1,0,1
itraconazole.38,1,0,1
”38,1,0,1
[7].artesunate,1,0,1
[27].artemisinin,1,0,1
hcv.1,1,0,1
hcv5,1,0,1
trimethoprim-sulfameth-oxazole,1,0,1
tac-rolimus,1,0,1
gujrathi,1,0,1
gálvez,1,0,1
ergonomie,1,0,1
[3h]-palmitate,1,0,1
odlovastatin,1,0,1
tinz,1,0,1
xycarbide,1,0,1
pleconaril31,1,0,1
1981).oxygen,1,0,1
hrv‐d.,1,0,1
3‐methoxyflavones.320,1,0,1
2‐methoxystypandrone.324,1,0,1
"4′,5‐diacetyloxy‐3,3′,7‐trimethoxyflavone",1,0,1
3‐methoxyflavoneinspired,1,0,1
3‐methoxyflavones,1,0,1
anti‐hrvchalcones,1,0,1
cystein‐,1,0,1
2‐pyridone,1,0,1
pandemrix™,1,0,1
chart2,1,0,1
intramuscularvaccine,1,0,1
psoriasis-arthritis,1,0,1
fallberichte,1,0,1
cyclomedica,1,0,1
osche,1,0,1
palmitoylase,1,0,1
s-fattyacid,1,0,1
unpalmitolated,1,0,1
quillajasaponins,1,0,1
panch,1,0,1
edo,1,0,1
rμ,1,0,1
2-acetylpyridine,1,0,1
hl1,1,0,1
ribavirin.82,1,0,1
low-gluconate,1,0,1
convlstm1dadlm,1,0,1
methyl‐cavicol,1,0,1
γ‐terpinene,1,0,1
thymeoil.19,1,0,1
mdeo,1,0,1
daily.97,1,0,1
toxoidmefa,1,0,1
atoxic,1,0,1
fiocchi,1,0,1
ozonate,1,0,1
endoprost,1,0,1
odontoglossum,1,0,1
",10.1007/978-94-007-4780-7_9",1,0,1
1999).fenbendazole,1,0,1
dna-alkylating,1,0,1
hr1–25,1,0,1
isoguanine/5-methyl-isocytidine,1,0,1
yersiniae,1,0,1
[151].remdesivir,1,0,1
imipenem/cilastatin/relebactam,1,0,1
acycloviraminoglycosidesamphotericin,1,0,1
bclarithromycinethambutolfoscarnetfluconazoleflucytosineganciclovirpentamidinetmp,1,0,1
pittalis,1,0,1
[14].tebuconazole,1,0,1
-trypsin,1,0,1
villepin,1,0,1
lassina,1,0,1
dietylpirocarbonate,1,0,1
bibhud.,1,0,1
ricerca,1,0,1
cˉ,1,0,1
bortezomib-,1,0,1
egcg/gte,1,0,1
mir-30e∗,1,0,1
hydrocortisone60,1,0,1
polymyxinbhaemoperfusion,1,0,1
themf59™adjuvant,1,0,1
mf59™,1,0,1
2′-deoxyadenosine,1,0,1
"n6,n6-dimethyl-2′-deoxyadenosine",1,0,1
gramig,1,0,1
energypolicy,1,0,1
ketamine-acepromazine,1,0,1
trihalomethanes•,1,0,1
epilim/thalidomide,1,0,1
citricacid/ethylenediamine,1,0,1
−b(oh)2,1,0,1
advaxis,1,0,1
chemoid,1,0,1
mir-122/hcv,1,0,1
kristinnichol,1,0,1
herba-armeniacae,1,0,1
usp/,1,0,1
chinensisfructus,1,0,1
pf-2,1,0,1
evm,1,0,1
piskac,1,0,1
3‐deazaneplanocin,1,0,1
3000).40,1,0,1
bdbv,1,0,1
cytomegalovirusebov,1,0,1
contractility.1,1,0,1
epinephrine.39,1,0,1
anti-ccl2,1,0,1
"prednisolone,188",1,0,1
cyclophosphamide.15,1,0,1
trec,1,0,1
vancomycycin,1,0,1
coereba,1,0,1
mitoprot,1,0,1
zhi-peng,1,0,1
monetny,1,0,1
dextran-alexa,1,0,1
teichomyceticus,1,0,1
autin,1,0,1
dieta2,1,0,1
nrmp,1,0,1
gemcitabine/mitomycin,1,0,1
nutrex,1,0,1
glove1,1,0,1
tridib,1,0,1
rmt,1,0,1
gemcitabine266,1,0,1
poprednisone,1,0,1
cyclophosphamide/prednisolone,1,0,1
doxorubicin.847,1,0,1
ribs.797,1,0,1
aex,1,0,1
tex.32,1,0,1
artesunate-sulfadoxine-pyrimethamine,1,0,1
gordi,1,0,1
chloroquine-primaquine,1,0,1
kassa,1,0,1
14c‐serotonin,1,0,1
hiberix,1,0,1
shashi,1,0,1
darshana,1,0,1
2017).pirfenidone,1,0,1
iron.48vitamin,1,0,1
•hydroxyurea,1,0,1
•vitamins,1,0,1
•iron•vitamin,1,0,1
•desmopressin,1,0,1
melikov,1,0,1
ze-bao,1,0,1
"moxifloxacin,3",1,0,1
rosuvastatin.59,1,0,1
5-aza-2’deoxycytidine,1,0,1
diproline,1,0,1
probestin/bestatin,1,0,1
99mtc-perthecnetate,1,0,1
blippi,1,0,1
l-=,1,0,1
clenet,1,0,1
dosingin,1,0,1
rilpivirine/emtricitabine/tenofovir,1,0,1
thatour,1,0,1
rivals—,1,0,1
doritos,1,0,1
glycyrrhizapallida,1,0,1
matutak,1,0,1
regalis,1,0,1
regaléssia,1,0,1
sladić,1,0,1
shirinbayan,1,0,1
liocras,1,0,1
sladok,1,0,1
recalissi,1,0,1
qizilmiya,1,0,1
ziswortsl,1,0,1
glycyrrhizanga,1,0,1
dicycloctanopyridazine,1,0,1
kirghiz,1,0,1
non-glycyrrhizin,1,0,1
glabrarhizome,1,0,1
hemoclar,1,0,1
isoliquiritigenin-4′-o-apioglucoside,1,0,1
isoglycerol,1,0,1
hydroperoxy,1,0,1
ketasol,1,0,1
rongqin,1,0,1
baoxin,1,0,1
platelets.18,1,0,1
acetaminophenb.,1,0,1
metronidazolej.,1,0,1
nitrofurantoinl.,1,0,1
penicillinm.,1,0,1
procainamideo.,1,0,1
tetracycliner.,1,0,1
zenta,1,0,1
reinsurance,1,0,1
jirapa,1,0,1
hiv-1n74d,1,0,1
carnosinesupplementation,1,0,1
"rimantadine.71,72",1,0,1
[69].vitamind,1,0,1
[77].vitamin,1,0,1
theporcilis®,1,0,1
ganciclovir.33,1,0,1
pregger,1,0,1
torresol,1,0,1
khalifafund,1,0,1
liazid,1,0,1
xueqi,1,0,1
lyc,1,0,1
ruyi,1,0,1
o'hair,1,0,1
aayah,1,0,1
hcv/hiv,1,0,1
mitomycin‐c,1,0,1
bismuth-sulfur,1,0,1
4′-cyano-2′-deoxycytidine,1,0,1
smitha,1,0,1
ikr,1,0,1
[18].hydroxychloroquine,1,0,1
ad-pol,1,0,1
mashiyat,1,0,1
•hepatoprotectants,1,0,1
•ursodiol,1,0,1
•prednisolone,1,0,1
2’-fluoro-2’-deoxycytidine,1,0,1
2’-fdc,1,0,1
maxinshigan,1,0,1
srb1,1,0,1
β-cov[9].it,1,0,1
prime/booster,1,0,1
herpesvirus.32,1,0,1
"peramivir,35",1,0,1
ribavirin.162,1,0,1
nigeria.24,1,0,1
negida,1,0,1
gasteiner,1,0,1
conclusio,1,0,1
lovech,1,0,1
intercalated.86,1,0,1
it).107,1,0,1
poncet,1,0,1
τemin,1,0,1
trypsin.85,1,0,1
hai-1,1,0,1
corin.220,1,0,1
fis/fondosfeder,1,0,1
hemoglobin.3,1,0,1
4).paritaprevir,1,0,1
symphoricarpos,1,0,1
munditika,1,0,1
medaroga,1,0,1
pinophilum,1,0,1
s.indicus,1,0,1
hyaluronidase.[95,1,0,1
[9].25-hydroxy-vitamin,1,0,1
crb,1,0,1
dlt,1,0,1
3-mercaptopropionic,1,0,1
ficarra,1,0,1
bpp‐10c,1,0,1
4-chlorobenzamide,1,0,1
arda,1,0,1
[131].daclatasvir,1,0,1
orally,1,0,1
teriflunomide(15,1,0,1
seqx,1,0,1
triazole-3-carboxamide,1,0,1
f)maxingshigan-yinqiaosan,1,0,1
usanitazoxanide,1,0,1
voriconazole39,1,0,1
hydrochlorothiazide.31,1,0,1
dexamethasone.39,1,0,1
rsv.58aln-rsv01,1,0,1
cal2,1,0,1
znl(oh)2,1,0,1
ml3,1,0,1
lipins,1,0,1
garnier,1,0,1
tigr,1,0,1
[54]].ribavirin,1,0,1
rulin,1,0,1
ub-usp,1,0,1
absaugkatheter,1,0,1
mennis,1,0,1
amabalat,1,0,1
esi-09—a,1,0,1
cafer,1,0,1
dobromirdobrev,1,0,1
enko,1,0,1
n‐desethylhydroxychloroquine,1,0,1
[3].azithromycin,1,0,1
chlorinedihydroquinolinones,1,0,1
lidiane,1,0,1
oxathiolane,1,0,1
d-ribolactone,1,0,1
drug.89,1,0,1
"hydroxychloroquine,122",1,0,1
β‐hematin,1,0,1
inje,1,0,1
shoujun,1,0,1
2000).vitamine/selenium,1,0,1
sefora,1,0,1
conivaptan-mpro,1,0,1
benzetamophylline,1,0,1
can-fite,1,0,1
mdi-spacer,1,0,1
conca,1,0,1
nilvadipine203,1,0,1
"mf59,",1,0,1
marburg).5,1,0,1
tacrolimus‐,1,0,1
oseltamivir.10,1,0,1
azithromycin.11,1,0,1
[70].amantadine,1,0,1
infliximabtm,1,0,1
teicoplanin112,1,0,1
ivermectin114,1,0,1
nephron,1,0,1
wgx,1,0,1
4).rapamycin,1,0,1
mathiasclasen,1,0,1
20(s)-ginsenosiderg3,1,0,1
20(r)-ginsenoside,1,0,1
ampicillinsodium,1,0,1
ang-(1–7)-mas,1,0,1
alcohol.27,1,0,1
f167,1,0,1
apronti,1,0,1
kaml,1,0,1
sulfonylurea.6,1,0,1
linagliptin-ddp4,1,0,1
alogliptin-bound,1,0,1
teneligliptin-bound,1,0,1
dimeticon,1,0,1
koprolith,1,0,1
methylbenzamide,1,0,1
isobologramme,1,0,1
moclobemid,1,0,1
bioverfügbarkeit,1,0,1
johanneskraut,1,0,1
v).it,1,0,1
his-imidazole,1,0,1
compound24a,1,0,1
me2s,1,0,1
nano‑silver,1,0,1
third-dose,1,0,1
hiv.91,1,0,1
neuralgia.1–3,1,0,1
nrf2-are,1,0,1
mptp,1,0,1
gureev,1,0,1
2011).vitamin,1,0,1
resti,1,0,1
protamine-complexed,1,0,1
rfeifn-α,1,0,1
rhuifn-α(2a,1,0,1
agricola3,1,0,1
citavi13,1,0,1
[18].vancomycin,1,0,1
"clemastinefumarate,1",1,0,1
nitrates.139,1,0,1
zanamivir172,1,0,1
oseltamivir170,1,0,1
anti-tuberin,1,0,1
"rhazes,avicenna",1,0,1
khulāsātal-tajārib,1,0,1
diphtheria.9,1,0,1
glucocorticoids8,1,0,1
hab18g/cd147,1,0,1
wallinga,1,0,1
acetaminophen‐codeine,1,0,1
"ubal,51",1,0,1
dolutegravir/lamivudine,1,0,1
azithromycin.40,1,0,1
bsp1,1,0,1
4-(methylamino)-2-tosylphenol,1,0,1
-methylmethanesulfonamide,1,0,1
digielch,1,0,1
nucana,1,0,1
"(71,72).lopinavir/ritonavir",1,0,1
pleconaril.[110]icam-1,1,0,1
40.ribavirin,1,0,1
43.ribaviran,1,0,1
occludin,1,0,1
lactrase,1,0,1
lupineneiweißtofu,1,0,1
allergenarme,1,0,1
"papillomavirus,21",1,0,1
hemipyrellia,1,0,1
albuterol.29,1,0,1
albuterol.32,1,0,1
bdma,1,0,1
ribavirin1927,1,0,1
ribavirin28,1,0,1
diltiazem28,1,0,1
lfwrote,1,0,1
t-705-ribofuranosyl-5′-triphosphate,1,0,1
ecteinascidia,1,0,1
cyclosporine51,1,0,1
cyclosporine.84,1,0,1
sarilumabantii,1,0,1
clitoria,1,0,1
des-ciclesonide,1,0,1
scanogen,1,0,1
g%,1,0,1
methylprednisolone.25,1,0,1
trypsin/lysc,1,0,1
azithromycin)4,1,0,1
hahyaluronicacid,1,0,1
"4,7-dichloroquinoline",1,0,1
2014).permethrin,1,0,1
anophthalmia,1,0,1
percival,1,0,1
doses.71,1,0,1
dibenzodioxin-fucodiphloroethol,1,0,1
dibenzodioxin-fucodiphloroeckol,1,0,1
hsv-1.3,1,0,1
sarcosine1,1,0,1
hcv23,1,0,1
hcv97,1,0,1
(g3u)4,1,0,1
ω33,1,0,1
edta-β-lactam,1,0,1
aminoglycozide,1,0,1
thiolet,1,0,1
ligios,1,0,1
obolensk,1,0,1
o218,1,0,1
puumula,1,0,1
sobrinus,1,0,1
sbv,1,0,1
ewni,1,0,1
ofloxacin.•in,1,0,1
quinupristin-dalfopristin-q/d,1,0,1
ampicillin-amp,1,0,1
300mg/emtricitabine,1,0,1
adilrashid,1,0,1
cytochalasin‐d.,1,0,1
measles‐mumps‐rubella,1,0,1
tetanus‐diphtheria,1,0,1
naltrexonehydrochloride,1,0,1
arnold)8,1,0,1
guaifenesin4,1,0,1
dipo,1,0,1
yusril,1,0,1
indrid.ayulani,1,0,1
abida,1,0,1
15-(r/s)-methyl-lxa4,1,0,1
"laninamivir,71",1,0,1
ara-c/cytarabine,1,0,1
zev,1,0,1
mmu-mir-137,1,0,1
penha,1,0,1
mwaniki,1,0,1
m-nitrobenzoylhydrazone,1,0,1
saridogan,1,0,1
15].acetaldehyde,1,0,1
jeden,1,0,1
tapnea,1,0,1
2).pradofloxacin,1,0,1
doxycycline.60,1,0,1
beta‐lactams,1,0,1
enrofloxacin.91,1,0,1
paschoalin,1,0,1
asn-36,1,0,1
asn-198,1,0,1
glyconz,1,0,1
pharmacodia,1,0,1
il‐35,1,0,1
yasmine,1,0,1
renamo24,1,0,1
mersr-cov,1,0,1
atlo,1,0,1
7.cyclophilin,1,0,1
compound25e,1,0,1
9-azido-,1,0,1
compound26e,1,0,1
compound27i,1,0,1
compound27r,1,0,1
compound31v,1,0,1
compound32a,1,0,1
compound32b,1,0,1
"-1,3-diazepine",1,0,1
bis(2-chloroethyl)-,1,0,1
cisplatin-etoposide,1,0,1
23.e4,1,0,1
deidre,1,0,1
lj002,1,0,1
oxidisedphospholipids,1,0,1
hetong,1,0,1
pentoxifyllinbehandelt,1,0,1
francisca,1,0,1
araceli,1,0,1
aravena,1,0,1
azithromycin.48,1,0,1
sitanshu,1,0,1
noyola,1,0,1
sapan,1,0,1
neostigmine-glycopyrrolate,1,0,1
cn3,1,0,1
fssp,1,0,1
β‐clam,1,0,1
giα,1,0,1
anti-albumin,1,0,1
iridoidglycosides,1,0,1
18β-glycyrrhetinicacid,1,0,1
trim5sirna2,1,0,1
congress.7,1,0,1
azithromycin5,1,0,1
chmp3,1,0,1
cobanoglu,1,0,1
paniculataburm,1,0,1
shanhuanglian,1,0,1
6-hydroxymethyladenosine,1,0,1
hearts.27,1,0,1
anteroseptal,1,0,1
t≤nf2,1,0,1
methotrexate6,1,0,1
hydroxychloroquine9,1,0,1
schmerzkinetik,1,0,1
gastrografinbreipassage,1,0,1
mycotoxin.38,1,0,1
herbnephropathy.51,1,0,1
batya,1,0,1
oxalacetic,1,0,1
sarithaa,1,0,1
fondaparinuxsodium,1,0,1
azoic,1,0,1
nocc,1,0,1
2020).lopinavir,1,0,1
danijela,1,0,1
anti-mirna–,1,0,1
ortho-phenylenediamine,1,0,1
oxalate5,1,0,1
parismita,1,0,1
timir,1,0,1
azaadamantane,1,0,1
ns5aah,1,0,1
[102].bavituximab,1,0,1
[14].hydroxychloroquine,1,0,1
[23].hydroxychloroquine,1,0,1
acranil,1,0,1
ca/afp/11-,1,0,1
galectin‐1,1,0,1
3).curcumin,1,0,1
blackhole-quencher,1,0,1
l-glutamateacid,1,0,1
dartz,1,0,1
glycyrrhizicacidammoniated,1,0,1
mitophagy,1,0,1
xiaozhe,1,0,1
foscarnet.43,1,0,1
floege,1,0,1
(8)ibuprofen,1,0,1
niacinsupplementation,1,0,1
haeok,1,0,1
dumartin,1,0,1
cefotaxime/cefotaxime-clavulanic,1,0,1
ceftazidime/ceftazidime-clavulanic,1,0,1
amphotericsurfactants,1,0,1
imipenemn,1,0,1
meropenemn,1,0,1
imipenems.,1,0,1
penicillin(pc,1,0,1
trimethoprim/sulfamethoxazole(sxt,1,0,1
imipenemrose,1,0,1
citrofresh®,1,0,1
trimethoprim-sulfamethxazole,1,0,1
piperasilin-tazobactam,1,0,1
cysteines(10.1007/978,1,0,1
2012).lopinavir,1,0,1
n-iodoacetamide,1,0,1
kara,1,0,1
of.20,1,0,1
rabbiyochanan,1,0,1
ilastatin,1,0,1
sevoflurane.12,1,0,1
edilene,1,0,1
infectologia,1,0,1
quercetin-3-b-galactoside,1,0,1
l=3,1,0,1
endriyas,1,0,1
amoakoh,1,0,1
fijianolides,1,0,1
hennoxazole,1,0,1
proteoglycane,1,0,1
fangzhuang,1,0,1
schiffman,1,0,1
rukumnuaykit,1,0,1
kugelman,1,0,1
61b,1,0,1
miranker,1,0,1
yet5,1,0,1
vitaminb12-,1,0,1
ga.62,1,0,1
[87].bromocriptine,1,0,1
[165].doxycycline,1,0,1
minocycline.(90,1,0,1
sanofi-aventis,1,0,1
epicatechin3‐o‐gallate,1,0,1
epigallocatechin3‐gallate,1,0,1
egcg‐palmitate,1,0,1
bevölkerungsgruppekam,1,0,1
navarro’s,1,0,1
desaussure1916/2011,1,0,1
souriau,1,0,1
samuelis,1,0,1
aied,1,0,1
hannafin,1,0,1
"muraglitazar,76",1,0,1
"faraglitazar,77",1,0,1
work).it,1,0,1
isopropanol‐cleaned,1,0,1
"qz,wl,yw,yd",1,0,1
lian-huaqing-wen,1,0,1
kayvonmodjarrad,1,0,1
bupleurumchinense,1,0,1
veatch114,1,0,1
2008).vitamin,1,0,1
trichodina,1,0,1
abu-shanab,1,0,1
canti,1,0,1
cantisens,1,0,1
remdesivir.[45]ribavarin,1,0,1
chikungunya(togavirus)—africa,1,0,1
interferon‐,1,0,1
plipastatins,1,0,1
coreductant,1,0,1
"temozolamide,9",1,0,1
altana,1,0,1
7-benzyloxy-1-tetralol,1,0,1
4-hyroxyquinoline,1,0,1
na-asp-2aminoacid,1,0,1
averroes,1,0,1
2‐oxolycorine,1,0,1
2‐aminolycorine,1,0,1
1‐acetyllycorine,1,0,1
1‐acetyl‐2‐oxolycorine,1,0,1
2‐azidolycorine,1,0,1
2‐acetyllycorine,1,0,1
1‐benzoyl‐2‐oxolycorine,1,0,1
patrinia-glycoside,1,0,1
herbapatrininae,1,0,1
birui,1,0,1
linna,1,0,1
"hydrochloride.9,10",1,0,1
tib,1,0,1
osimertinib.13,1,0,1
cuniberti,1,0,1
grantme-01,1,0,1
cephalgia,1,0,1
sulfonyl,1,0,1
sulfonylamidinea,1,0,1
zinc‐,1,0,1
penicillin.4,1,0,1
kunxiaojiayuan,1,0,1
(-)-α-pinene,1,0,1
i¯.,1,0,1
symfony,1,0,1
2010).celgosivir,1,0,1
uv-4b,1,0,1
non-selenocysteine,1,0,1
piscihepevirus,1,0,1
kumaranrasappan,1,0,1
gp0,1,0,1
melatonin26,1,0,1
eleutherosideb1,1,0,1
relenzatm,1,0,1
chlorophenols,1,0,1
rocchi,1,0,1
soleyman,1,0,1
nematollah,1,0,1
jonaidijafari,1,0,1
mortezaizadi,1,0,1
gholamreza,1,0,1
yousef,1,0,1
sepideh,1,0,1
esmaeili,1,0,1
sollima,1,0,1
quercetol,1,0,1
‐50,1,0,1
β‐lactams,1,0,1
praziquantel15,1,0,1
spero,1,0,1
phosphatrest,1,0,1
cytidin,1,0,1
puder,1,0,1
mdc/ccl22,1,0,1
drug-herbal,1,0,1
"valinomycin,52",1,0,1
curcumin.44,1,0,1
epimrdiiherba,1,0,1
ribavirin-peginterferon-α,1,0,1
vrccholesterol,1,0,1
pit.26,1,0,1
enin,1,0,1
hsv-2icp27,1,0,1
birth-dose,1,0,1
matyas1,1,0,1
ubiquitin-conjugated,1,0,1
chloroquine).1,1,0,1
"hydroxychloroquine,1",1,0,1
sauder,1,0,1
bcpreds,1,0,1
"ruxolitinib,73",1,0,1
azacitidine.85,1,0,1
haplogroupi,1,0,1
chs-1,1,0,1
aimn,1,0,1
ga3,1,0,1
deamidated,1,0,1
campo,1,0,1
fibrosisgentamicinamikacintobramycina,1,0,1
bvancomycinamikacin,1,0,1
bioadhesivity,1,0,1
choanephora,1,0,1
ranitidinehydrochloride,1,0,1
metolose,1,0,1
rhcl,1,0,1
acetaminophen).32,1,0,1
bioavailability,1,0,1
dozol,1,0,1
folate/vitamineb12,1,0,1
jpe,1,0,1
lb‐ampicillin,1,0,1
dc-targetingvaccine,1,0,1
intein/sortase,1,0,1
steroids.69,1,0,1
cysteine‐,1,0,1
sorbitan,1,0,1
methionine-isoleucine,1,0,1
dopamine).more,1,0,1
1).vitaminb12,1,0,1
ciclosporin-based,1,0,1
trica,1,0,1
aurintricarboxylicacid,1,0,1
rb19,1,0,1
stanojevic,1,0,1
milos,1,0,1
phenytetrazoliumromide,1,0,1
α‐glucosidase,1,0,1
apolipoproteinb,1,0,1
deoxyuracils,1,0,1
horizons,1,0,1
ozella,1,0,1
[8].canakinumab,1,0,1
2017).zanamivir,1,0,1
hydroxyprogesterone.7,1,0,1
joshua,1,0,1
d30-d91,1,0,1
doxorubicin.192,1,0,1
5-fluorouracil.253,1,0,1
nose.105,1,0,1
pufei,1,0,1
kanamycin-a,1,0,1
lidose‐isotretinoin,1,0,1
d‐panthenol,1,0,1
ub-linked,1,0,1
cardiocephaloides,1,0,1
c88,1,0,1
supervisionb.,1,0,1
muto,1,0,1
bcgscar,1,0,1
pedrosa,1,0,1
ev‐077,1,0,1
aminoacids777–916,1,0,1
uls,1,0,1
baccelli,1,0,1
ga5,1,0,1
neuzeitparacelsus,1,0,1
selleri,1,0,1
n*.,1,0,1
li2so4,1,0,1
kkaa,1,0,1
man7,1,0,1
aggrephagy,1,0,1
susanlee,1,0,1
juan-camilo,1,0,1
nautiyal,1,0,1
haripriya,1,0,1
susanna,1,0,1
nijnik,1,0,1
"ribavirin,35",1,0,1
fetuserhält,1,0,1
cholerese,1,0,1
pentapeptideang-(1,1,0,1
felicitas,1,0,1
staphylococcivancomycin,1,0,1
penicillinscephalosporinscarbapenemsmonobactams,1,0,1
(zosyn)ticarcillin-clavulanate,1,0,1
cefuroximedo,1,0,1
acnes)doxycycline,1,0,1
hsv-2herpesgladiatorum,1,0,1
tiv.quadrivalent,1,0,1
clindamycinin,1,0,1
cefazolinclindamycinvancomycinampicillin,1,0,1
trimethoprim-sulfamethoxazolelinezolidquinupristin/dalfopristinfluoroquinolones,1,0,1
furosemidesodium,1,0,1
linezolidit,1,0,1
clindamycinpenicillinampicillin-sulbactamamoxicillin-clavulanic,1,0,1
tachypnea,1,0,1
effectiveazithromycin,1,0,1
ticarcillinceftazidime,1,0,1
tmp-sm,1,0,1
clotrimazolesingle,1,0,1
occuritraconazole,1,0,1
tmp-smxiv,1,0,1
ordoxycycline,1,0,1
oratovaquone-proguanil,1,0,1
ormefloquine,1,0,1
"ritonavir),27",1,0,1
hydroxychloroquine.65,1,0,1
"hydroxychloroquine).11,75,76",1,0,1
emadmansoor,1,0,1
hcv.57,1,0,1
hhv‐6u24,1,0,1
threoninetryptophanvaline,1,0,1
vitaminddeficient•vitamind,1,0,1
4-methylbenzoate,1,0,1
ibuprofen30,1,0,1
wnt3a3,1,0,1
"manganese,16",1,0,1
pyrrolide,1,0,1
β‐hydride,1,0,1
-ethylethanolamine,1,0,1
potassiumchloride2,1,0,1
ampicillin3,1,0,1
metronidazole5,1,0,1
metoclopramide6,1,0,1
ondansetron7,1,0,1
99mtc-vancomycin,1,0,1
99mtc-fluconazole,1,0,1
99mtc-ethambutol,1,0,1
71].bifidobacterium,1,0,1
(64).colchicine,1,0,1
omega-,1,0,1
replicasepolyprotein1ab,1,0,1
cyclosporine.33,1,0,1
fluoroquinolones.1,1,0,1
"peramivir.90,94–97",1,0,1
oseltamivir.161,1,0,1
melliferum,1,0,1
3h]gluco-samine,1,0,1
adeno‐,1,0,1
"ezetimibe,7",1,0,1
brewis,1,0,1
3cp,1,0,1
on-dna,1,0,1
6‐aminocaproicacid,1,0,1
alpha-tocopheryl,1,0,1
ozonetherapy(10.1007/978,1,0,1
cystatinsa2,1,0,1
dyes.31,1,0,1
baugh-wooley,1,0,1
dadda-tree,1,0,1
svl,1,0,1
"moxifloxacin,[135",1,0,1
ciprofloxacin.[131,1,0,1
ciprofloxacin.[136,1,0,1
gatifloxacin.[40,1,0,1
gatifloxacin.[148,1,0,1
(trimethoprim/sulfamethoxazole).[142,1,0,1
ciprofloxacin.[164,1,0,1
ceftriaxone/cefuroxime,1,0,1
levofloxacin.[248,1,0,1
"ciprofloxacin.[252,253",1,0,1
trovafloxacin.[260,1,0,1
clarithromycin.[40,1,0,1
lnp,1,0,1
fuco,1,0,1
liposomes.23,1,0,1
hdmtx-lr.penicillin,1,0,1
losartin,1,0,1
[125].lopinavir,1,0,1
enteroviruse,1,0,1
corum,1,0,1
west-nijl-viruspoliomyelitis,1,0,1
haemophilus-bacteroides,1,0,1
schistosomiasis.336,1,0,1
ethylalcohol.15,1,0,1
insalaco,1,0,1
andronikoskeklikoglo,1,0,1
papivax,1,0,1
upasana,1,0,1
public-privatepartnerships,1,0,1
elderberry‘s,1,0,1
artemether-lumefantrine2,1,0,1
orsay,1,0,1
cpma,1,0,1
"ampicillin,32",1,0,1
lp-psip-409,1,0,1
syntetos,1,0,1
clofeniramina146,1,0,1
fitoterapia,1,0,1
•andrografis,1,0,1
chlor-trimeton,1,0,1
fenilefrina,1,0,1
seudoefedrina,1,0,1
cephalosporins.69,1,0,1
erythromycin.54,1,0,1
taci-fc,1,0,1
isopropanol.[4,1,0,1
snedden,1,0,1
denizci,1,0,1
abps,1,0,1
protamine‐1,1,0,1
gluskin,1,0,1
flavonoidpuerarin,1,0,1
randić9,1,0,1
gramicidin.38,1,0,1
gramicidine5,1,0,1
"ad4,ad7",1,0,1
eele,1,0,1
asya,1,0,1
vindas,1,0,1
precit,1,0,1
l-lysine-acetylsalicylate,1,0,1
lopinot,1,0,1
poethesiod,1,0,1
ifn-λ1/2,1,0,1
fasciatus,1,0,1
a.pisum,1,0,1
[71].lopinavir/ritonavir,1,0,1
[85].lenalidomide,1,0,1
pancera,1,0,1
56.ribavirin,1,0,1
tigliane,1,0,1
apunipima,1,0,1
hameed.73,1,0,1
2006).ribavirin,1,0,1
zachariae,1,0,1
alessandropancrazzi,1,0,1
pvi,,1,0
cytofectin,1,0,1
elvax,1,0,1
mssnl,1,0,1
egfsupplementation,1,0,1
calycine,1,0,1
rubinose,1,0,1
xiaoxin,1,0,1
adalimumab+methotrexate,1,0,1
adalimumab+azathioprine+steroid,1,0,1
queiroz,1,0,1
clindamycin.51,1,0,1
•bismuth,1,0,1
6).•fenbendazole,1,0,1
•sulfadimethoxine—50,1,0,1
pointfenbendazole,1,0,1
prize.5,1,0,1
nnrtis,1,0,1
enfuvirtide.116,1,0,1
csl,1,0,1
bristol‐myers,1,0,1
ribavirin.44,1,0,1
(460).more,1,0,1
fructose-fed,1,0,1
methyl-atropine,1,0,1
povidone-iodine3,1,0,1
dinarto,1,0,1
hydroxychloroquine.6,1,0,1
indigoferapongamia,1,0,1
trifoliumunifolium,1,0,1
bisbakuchiols,1,0,1
cyclobakuchiol,1,0,1
3‐nitropropionicacid,1,0,1
carboxylesterase,1,0,1
corylifol,1,0,1
amoxicillinel'amoxicilline,1,0,1
y≠y∗,1,0,1
[40].sacituzumab,1,0,1
mirna-24,1,0,1
mirna-206,1,0,1
mirna-506,1,0,1
edan,1,0,1
abazari,1,0,1
cassidy,1,0,1
"ev71.65,66pleconaril",1,0,1
ampicillin.57,1,0,1
hpv31,1,0,1
osei-bryson,1,0,1
ethanolaminehcl,1,0,1
[methyl-3h]thymidine,1,0,1
tendamistat,1,0,1
2014).4,1,0,1
may).it,1,0,1
isoleucinleucinlysinmethioninphenylalaninthreonintryptophanvalin,1,0,1
alaninargininglycinglutaminsäureprolin,1,0,1
asparaginsäureaspartatglutaminserin,1,0,1
flaviviridae,1,0,1
[26].rituximab,1,0,1
idelalisib-,1,0,1
genista‐,1,0,1
cpm,1,0,1
bidroha,1,0,1
quaternized,1,0,1
sealants79,1,0,1
inception_v1)30,1,0,1
γf,1,0,1
oseltamivir).7,1,0,1
ribavirin.22,1,0,1
metchnikoff2,1,0,1
at-lxa4,1,0,1
aspirin.103,1,0,1
tracey132,1,0,1
sitagliptinon,1,0,1
2014)melatonin,1,0,1
13c5-methionine,1,0,1
rimantadine.2,1,0,1
amantadine.5,1,0,1
esat-63,1,0,1
sars-cov-2.39dexamethasone,1,0,1
bcg.booster,1,0,1
chloramphenicol-,1,0,1
2‐125i‐melatonin,1,0,1
hyaluronidases.63,1,0,1
pronolagus,1,0,1
walrus,1,0,1
anemarrhenarhizome,1,0,1
nordmark,1,0,1
his374.perindopril,1,0,1
azarhazin,1,0,1
clade‐c,1,0,1
2013).antimycin,1,0,1
spine.92,1,0,1
radiolabeled,1,0,1
ciprofloxacin.63,1,0,1
ciprofloxacin.76,1,0,1
oxygen.92,1,0,1
pdpnn,1,0,1
criticare,1,0,1
capital,1,0,1
pyrrosia,1,0,1
veatch.9,1,0,1
gemcitabine12,1,0,1
chloroxylenol.13,1,0,1
(hcv)4,1,0,1
laxus,1,0,1
zidovudine.97,1,0,1
surfactantd,1,0,1
θ‐defensinretrocyclin,1,0,1
montague,1,0,1
cobb,1,0,1
holloman,1,0,1
cato,1,0,1
phleboviruspunto,1,0,1
-n4-hydroxycytidine,1,0,1
disulfide/proline,1,0,1
warp34,1,0,1
arg167,1,0,1
papillomavirus).90,1,0,1
adjuvant.134,1,0,1
pituitary.4,1,0,1
remdesivir.77,1,0,1
norepinephrine99,1,0,1
tivvaccine,1,0,1
causticshydrocarbonsethanol,1,0,1
charcoalphysostigmine,1,0,1
pressurediphenhydramine,1,0,1
dermabond,1,0,1
regn3051,1,0,1
drugs.64,1,0,1
aziridine-ethanamine,1,0,1
date.66chloroquine,1,0,1
"(hcv),120",1,0,1
micoteca,1,0,1
tricision,1,0,1
poliovirus2apro,1,0,1
booster.9,1,0,1
2’-deoxy-2’-fluorocytidine,1,0,1
2’-deoxy-2’-fluorocytidine-tp,1,0,1
andrey,1,0,1
oxana,1,0,1
oseltamivir.70favipiravir,1,0,1
penicillin-sensibel)•,1,0,1
ce-phalosporine,1,0,1
hypnotika.•,1,0,1
crepitatio,1,0,1
makrolid-monotherapie,1,0,1
ke-tolide,1,0,1
telefon0351/458-,1,0,1
metapneumovirusdieter,1,0,1
telefon0241/80,1,0,1
galcanezumab).erenumab,1,0,1
mentheae,1,0,1
ent-kaurane,1,0,1
exaltata,1,0,1
oocephalus,1,0,1
hyptolide,1,0,1
pectinolides,1,0,1
salvigenin,1,0,1
sidifoliumafforded,1,0,1
althaeifolia,1,0,1
acromyrmex,1,0,1
mesosphaerumpectinatum,1,0,1
hyptisdilatata,1,0,1
hyptiscrenata,1,0,1
jbd,1,0,1
trimethoprim/kg,1,0,1
senegal.3,1,0,1
podhale,1,0,1
trail-r2/fc,1,0,1
2003).ribavirin,1,0,1
oseltamivir31,1,0,1
8-ohg,1,0,1
licoriceglycyrrhizaglabra,1,0,1
glycyrrhetic,1,0,1
mir-ul23,1,0,1
oh.65,1,0,1
(inavir,1,0,1
amantadine.21,1,0,1
β-d-maltoside,1,0,1
d’angelo,1,0,1
dumit,1,0,1
ultraviolet‐c,1,0,1
phototherapies,1,0,1
naltrexone2.buprenorphine,1,0,1
hypochlorite.[17,1,0,1
xue-kun,1,0,1
povidone–iodine,1,0,1
dm-α-cd,1,0,1
trichechid,1,0,1
citropins,1,0,1
astra,1,0,1
clentiazem,1,0,1
lanoce,1,0,1
tnf‑α,1,0,1
pvp2,1,0,1
film13,1,0,1
film•vitaminb12,1,0,1
dipivoxil18,1,0,1
4-alkylated,1,0,1
dedukti,1,0,1
kapitsinis,1,0,1
relenzar,1,0,1
dl-dithiothreitol,1,0,1
magnesiumions,1,0,1
4‐hydroxytamoxifen,1,0,1
gutu,1,0,1
7‐amino‐actinomycind,1,0,1
girella,1,0,1
aeginetia,1,0,1
agrm,1,0,1
ophthalmology,1,0,1
potassium63,1,0,1
triphala-eo,1,0,1
(9).chloroquine,1,0,1
patriotism,1,0,1
snh-min,1,0,1
us).it,1,0,1
clindamycin.103,1,0,1
clindamycin.215,1,0,1
bosch,1,0,1
cefixime-tellurite,1,0,1
glp-1(7–36,1,0,1
cortisone.18,1,0,1
5-fluorouracil.34,1,0,1
glycyrrhizin.59,1,0,1
glycyrrhizin.73,1,0,1
glycyrrhizin.100,1,0,1
usual.-fingolimod-natalizumab,1,0,1
kerckhoven,1,0,1
thiol/disulfide,1,0,1
caffeoylquinicacid,1,0,1
­daptomycin,1,0,1
vanco-mycin,1,0,1
minocycline‐rifampin134,1,0,1
polyglutathione,1,0,1
progest,1,0,1
hendin,1,0,1
tetraviruses.•,1,0,1
augusto,1,0,1
compoundmj-47,1,0,1
2003).palivizumab,1,0,1
gy/18,1,0,1
ciprofloxacin15,1,0,1
41).it,1,0,1
formyl‐methionine,1,0,1
"oseltamivir,45",1,0,1
mycophenolate).57,1,0,1
"ribavirin,80",1,0,1
kadriye,1,0,1
nieman15,1,0,1
oleaceae,1,0,1
yeimer,1,0,1
tobramycin12,1,0,1
dexamethasone.95,1,0,1
beta-dglucan,1,0,1
31).it,1,0,1
galanthamine4,1,0,1
dimeriscamphor,1,0,1
(+)-camphor,1,0,1
"1-diethylethane-1,2-diamine",1,0,1
т,1,0,1
idenix,1,0,1
valaciclovir/aciclovir,1,0,1
wardha,1,0,1
delnilooccidental,1,0,1
norteamericano,1,0,1
sturmer,1,0,1
motolimod,1,0,1
bifidobacterium.[11,1,0,1
triflavonoids,1,0,1
tiotropium.97,1,0,1
theophylline.141,1,0,1
ariadna,1,0,1
aitana,1,0,1
grg,1,0,1
erythromycin/sulfasoxazole,1,0,1
hiv.4,1,0,1
benzouracil,1,0,1
chlorhexidine-silver-sulfadiazine–,1,0,1
nitrofurazone478,1,0,1
rifampin.479,1,0,1
iodophor)c,1,0,1
nigera,1,0,1
10.lopinavir/ritonavir,1,0,1
prasugrel.13,1,0,1
(bc)—a,1,0,1
prody,1,0,1
fünf,1,0,1
phenylester,1,0,1
sarawak,1,0,1
medichem,1,0,1
chin-long,1,0,1
grauvogel,1,0,1
piperacillin-tarzobatam,1,0,1
n-3pufa,1,0,1
mollipilosus,1,0,1
l-dap,1,0,1
edgeworthiagardneri,1,0,1
atae-lstm,1,0,1
anti-opium,1,0,1
tomasky,1,0,1
subalternism,1,0,1
buycotts,1,0,1
icj,1,0,1
detomasi,1,0,1
domask,1,0,1
sp.39,1,0,1
"surfactant,266",1,0,1
waschlotionenhändewaschungwaschlotionen,1,0,1
antiseptikin,1,0,1
chlorhexidinhautantiseptik,1,0,1
gefäßkatheterchlorhexidin,1,0,1
antiseptikchlorhexidin,1,0,1
octenidingefäßkatheter,1,0,1
gefäßkatheteroctenidin,1,0,1
antiseptikkontinuierliche,1,0,1
antiseptikauge,1,0,1
wundantiseptikbisswunden,1,0,1
amoxicillin/clavulansäure,1,0,1
pvp-ioderreichenoctenidin,1,0,1
octenidinwundantiseptik,1,0,1
polihexanidwundantiseptik,1,0,1
povidon-iodwundantiseptik,1,0,1
chlorhexidinwundantiseptik,1,0,1
natriumhypochloritwundantiseptik,1,0,1
antiseptikwirkstoffauswahl,1,0,1
wundantiseptikpolihexanid,1,0,1
wundantiseptiknatriumhypochlorit,1,0,1
antiseptikchitosan,1,0,1
antiseptikmedizinischerhonig,1,0,1
antiseptiksilberionen,1,0,1
wundantiseptiksilberionen,1,0,1
desinfektionsmittelisopropanol,1,0,1
desinfektionsmittelpropanol,1,0,1
desinfektionsmittelethanol,1,0,1
alkoholeisopropanol,1,0,1
alkoholepropanol,1,0,1
ethanolethanol,1,0,1
isopropanolwirksamkeit,1,0,1
propanolwirksamkeit,1,0,1
trioxan,1,0,1
aldehydeglutaraldehyd,1,0,1
desinfektionsmittelglutaraldehyd,1,0,1
aldehydeglyoxal,1,0,1
tensidequats,1,0,1
iodonium-,1,0,1
quatswirksamkeit,1,0,1
benzalkoniumchloridwirksamkeit,1,0,1
cetylpyridiniumchloridwirksamkeit,1,0,1
quatswirkspektrum,1,0,1
benzalkoniumchloridwirkspektrum,1,0,1
cetylpyridiniumchloridwirkspektrum,1,0,1
tensidediamine,1,0,1
desinfektionsmittelchlorhexidin,1,0,1
diguanidine,1,0,1
tensideguanidine,1,0,1
tensidediguanidine,1,0,1
tensidechlorhexidinchxchlorhexidinwirksamkeit,1,0,1
diguanidinewirkspektrum,1,0,1
tensideamphotere,1,0,1
halogenechlor,1,0,1
chlorhocl,1,0,1
trichlorisocyanursäure,1,0,1
halogeneiod,1,0,1
iodophoren,1,0,1
quecksilber,1,0,1
flächendesinfektionnatriumhypochlorit,1,0,1
arenavirenz,1,0,1
calciviren,1,0,1
coxsackie-viren,1,0,1
rhinovirencoxsackie-,1,0,1
alkoholenutzen-risiko-bewertung,1,0,1
hypochloriteperoxidenutzen-risiko-bewertung,1,0,1
aldehydeglutaral,1,0,1
peroxidasen,1,0,1
benzethonium-,1,0,1
dezimaler,1,0,1
reindampfwasserdampfreindampf,1,0,1
empfohlene,1,0,1
•cephalosporine,1,0,1
metronidazol•cephalosporine,1,0,1
metronidazol•aminopenicilline,1,0,1
cefazolin/gentamicin,1,0,1
2014).flucloxacillin,1,0,1
fosfomycinfosfomycin-trometamol,1,0,1
empfohleneschutzimpfungen,1,0,1
schamlaus,1,0,1
menschenfloh,1,0,1
orientalische,1,0,1
schabenorientalische,1,0,1
hydralazine/nitrates,1,0,1
c.patella,1,0,1
a.cefazolin,1,0,1
a.cyclophosphamide,1,0,1
ehmer,1,0,1
mir‐15a,1,0,1
rsv.il-10,1,0,1
higman,1,0,1
tramposch,1,0,1
alkylatedbenzenes,1,0,1
thallada,1,0,1
glycyrrrhizae,1,0,1
waraqghaar,1,0,1
interferon12,1,0,1
6′-azauracil,1,0,1
bronchodilators.259,1,0,1
cyclosporine.331,1,0,1
oximeter.341,1,0,1
al‐quran,1,0,1
fmi,1,0,1
b19(10.1007/978-,1,0,1
gloves.22,1,0,1
α-tocopheral,1,0,1
tolerated.92,1,0,1
(39).pentoxifylline,1,0,1
tetanus*rubella,1,0,1
roenigk,1,0,1
coblator,1,0,1
dimethylallylphosphonate,1,0,1
phenyloxy,1,0,1
f.med,1,0,1
4h).bafilomycina1,1,0,1
radixadenophorae,1,0,1
exocarpium,1,0,1
mithridates,1,0,1
leanna,1,0,1
[36].thiethylperazine,1,0,1
107].chlorphenoxamine,1,0,1
mebr,1,0,1
rastriyo,1,0,1
grigorios,1,0,1
dcas9,1,0,1
linzhu,1,0,1
2019).nitrogen,1,0,1
abatacept2,1,0,1
gavi.125,1,0,1
egcgdigallate,1,0,1
yele,1,0,1
zifa,1,0,1
enantiomerism,1,0,1
[1].vitaminc,1,0,1
b.oxygen,1,0,1
roseolaviruses,1,0,1
bikunin,1,0,1
2013).it,1,0,1
letrozole±palbociclib,1,0,1
letrozole10,1,0,1
tamoxifen15,1,0,1
renske,1,0,1
adenovirus.18,1,0,1
1).imipramine,1,0,1
(86).haloperidol,1,0,1
"swellix,62",1,0,1
nannan,1,0,1
erythromycin10,1,0,1
erythromycin29,1,0,1
agnoli,1,0,1
adhalcohol,1,0,1
tears.40,1,0,1
rebiotix,1,0,1
vedanta,1,0,1
zini,1,0,1
103].acetaminophen,1,0,1
tx1,1,0,1
zinc.8,1,0,1
brachy,1,0,1
hydroxychloroquine.11,1,0,1
dexamethasone13,1,0,1
löammw,1,0,1
f118,1,0,1
bifidobacterium-,1,0,1
ejh,1,0,1
salicylhydrazide,1,0,1
triazolothiadiazine,1,0,1
compound153e,1,0,1
▶10.1007/978-,1,0,1
nocodazole7,1,0,1
gutulla,1,0,1
jaideep,1,0,1
ruchi,1,0,1
rice}.,1,0,1
zanamivir.5,1,0,1
asean−japan,1,0,1
barak,1,0,1
pemphaxin,1,0,1
erkam,1,0,1
chemotherapiebehandelt,1,0,1
diuretikum,1,0,1
cd40).106,1,0,1
mushroompolysaccharides,1,0,1
obama.19,1,0,1
bardoxolonemethyl,1,0,1
diksin,1,0,1
sulfophenyl,1,0,1
herbsophorajaponica,1,0,1
oxymatrine/dexamethasone,1,0,1
oseltamivir.[19,1,0,1
norovirusrotaviren,1,0,1
wundschutz,1,0,1
clindamycin/ciprofloxacin/ceftazidim,1,0,1
ortiz25,1,0,1
[24].oseltamivir,1,0,1
[38].peramivir,1,0,1
[13].oseltamivir,1,0,1
[85].nitazoxanide,1,0,1
[89].laninamivir,1,0,1
[91].laninamivir,1,0,1
64].abraxane,1,0,1
dopamine/dobutamine,1,0,1
•montelukast,1,0,1
barbitalsodium,1,0,1
ensari,1,0,1
atovaquone.118,1,0,1
ritonavir.119,1,0,1
itraconazole.359,1,0,1
steroids.470,1,0,1
ethambutol.495,1,0,1
clarithromycin.498,1,0,1
gemos,1,0,1
minjianshehui)3,1,0,1
sovacool,1,0,1
"hrv-c024,",1,0,1
compound7a,1,0,1
estrin,1,0,1
christiankreuder-sonnen,1,0,1
[methyl-13c]ile,1,0,1
sp-1,1,0,1
acpcpna,1,0,1
pinhua,1,0,1
tachipirin,1,0,1
brigo,1,0,1
metronidazole.218,1,0,1
fagopyrum,1,0,1
flavanols/,1,0,1
buckwheatbran,1,0,1
phenylpropanoidglycosides,1,0,1
gossypiifolia,1,0,1
segetanediterpenoids,1,0,1
pepluane,1,0,1
methylenechloride/methanol,1,0,1
lunulata,1,0,1
esulatin,1,0,1
danshenyin,1,0,1
saarbrücken,1,0,1
bronchodilators.88,1,0,1
conroy,1,0,1
"quercetin-2,5,3’,4’-tetraacetate",1,0,1
7-o-paranitrobenzylquercetin,1,0,1
7-o-paramethylbenzylquercetin,1,0,1
bachti,1,0,1
oseltamivir33,1,0,1
ledebouriellaseseloides,1,0,1
coumaringlycosides,1,0,1
skin.7,1,0,1
clarithromycin.39,1,0,1
sundström,1,0,1
6).more,1,0,1
hebdo,1,0,1
obamai,1,0,1
lololol@[x,1,0,1
uclax,1,0,1
projectgrant,1,0,1
rbv+ifn-α,1,0,1
anti-tnf-alpha,1,0,1
maribavir.26,1,0,1
ganciclovir.25,1,0,1
lamivudine.81,1,0,1
lamivudine.22,1,0,1
testosterone/androgen,1,0,1
side.29,1,0,1
c1-inh.8,1,0,1
aae,1,0,1
b-9,1,0,1
dgltz,1,0,1
u5⩾0}.,1,0,1
[45].favipiravir,1,0,1
s35-methionine,1,0,1
"dv2,dv3",1,0,1
naf-,1,0,1
tacv,1,0,1
"6y2e,36",1,0,1
codagenix,1,0,1
[50].peramivir,1,0,1
"[69,70].laninamivir",1,0,1
[76].nitazoxanide,1,0,1
[116].motavizumab,1,0,1
[143].pleconaril,1,0,1
cosyma,1,0,1
huriye,1,0,1
"4,4′-methylenedianiline",1,0,1
diburyl,1,0,1
strabismuseye,1,0,1
ha-13–263,1,0,1
ha-13–263-his,1,0,1
ha-13–263-fd-his,1,0,1
ha-13–263-fc,1,0,1
phthalhydrazide,1,0,1
5-sulfonylisatin,1,0,1
[35s]-cysteine/methionine,1,0,1
pf-13,1,0,1
sedha,1,0,1
a17,1,0,1
mir-19b-1,1,0,1
cisplatin23.in,1,0,1
mir-328-,1,0,1
veff,1,0,1
oe8,1,0,1
•it,1,0,1
unep,1,0,1
hypervitaminosisa.40,1,0,1
[47].hydroxychloroquine,1,0,1
megaderma,1,0,1
1≠ω,1,0,1
replicasepolyproteins,1,0,1
ropechlorhexidine,1,0,1
3).chloroquine,1,0,1
shruti,1,0,1
beta-blocker.2,1,0,1
doses.76,1,0,1
∼125,1,0,1
delori,1,0,1
lencioni,1,0,1
cq.44,1,0,1
lopinavir/ritonavir.56,1,0,1
cyclosieversiodide-a,1,0,1
ozolina,1,0,1
klesius,1,0,1
sj-2176,1,0,1
6d).niclosamide,1,0,1
epichlorohydrin,1,0,1
novichoki,1,0,1
3-o-(3-nitro)cinnamoylcaudatin,1,0,1
d-adenine,1,0,1
d-cytosine,1,0,1
5-fp,1,0,1
n-acetylglycine,1,0,1
o-ethylxanthate,1,0,1
phenylselenide,1,0,1
strobirulin,1,0,1
mb‐dna,1,0,1
rivaroxaban)—a,1,0,1
analogs，chloroquine,1,0,1
coted’ivoire,1,0,1
mgm,1,0,1
alkylated-fluconazole,1,0,1
(s)-naproxen,1,0,1
"2,6-dimethylpiperazine",1,0,1
phenylpiprazine,1,0,1
diclofenacna,1,0,1
"1,2,4-triazole",1,0,1
anthopleurine,1,0,1
veerle,1,0,1
glucoscout,1,0,1
para-aortic,1,0,1
hatano,1,0,1
cao.,1,0,1
naac,1,0,1
stains.25,1,0,1
interferons,1,0,1
[1].ribavirin,1,0,1
jde,1,0,1
südkorea,1,0,1
kopfhaube,1,0,1
h=3,1,0,1
mefloquine.14,1,0,1
cephalosporins.41,1,0,1
cysteine-133,1,0,1
nitrofurazone294,1,0,1
minocycline/rifampicin,1,0,1
vancomycin.334,1,0,1
ceftriaxone-sodium,1,0,1
zincpheophorbide,1,0,1
asrar,1,0,1
córdova-villalobos,1,0,1
ski.23,1,0,1
bilurubin,1,0,1
moreno,1,0,1
efrem,1,0,1
civilini,1,0,1
kartalov,1,0,1
lymphadenectomy,1,0,1
2-dosevaccine,1,0,1
indwiani,1,0,1
oleś,1,0,1
telo,1,0,1
alyssa,1,0,1
anni,1,0,1
karthikrajasekaran,1,0,1
val-pyrrolidide,1,0,1
-4′-methoxy-1-naphthylfenoterol,1,0,1
[71].carvedilol,1,0,1
artemisiafrigida,1,0,1
hand-sanitiser,1,0,1
fanniomyces,1,0,1
halyzia,1,0,1
micans/loricera,1,0,1
pilicornis/oxypselaphus,1,0,1
tetracolum/ocys,1,0,1
brachypterus,1,0,1
tubanticus,1,0,1
catops,1,0,1
tubantica,1,0,1
syntomium,1,0,1
aeneum,1,0,1
graptodytes,1,0,1
bidessarius,1,0,1
hygrotus,1,0,1
lesteva,1,0,1
arcuatus,1,0,1
sigara,1,0,1
euplectus,1,0,1
myrmedoniae,1,0,1
eucantharomyces,1,0,1
euzodiomyces,1,0,1
copromyza,1,0,1
haplomyces,1,0,1
texanus,1,0,1
auriculatus,1,0,1
coccinelloides,1,0,1
acupalpi,1,0,1
lobrathium,1,0,1
benjaminii,1,0,1
clivinalis,1,0,1
clivina,1,0,1
coneglianensis,1,0,1
paratachys,1,0,1
riparius,1,0,1
trichocellus,1,0,1
nebria,1,0,1
nl•,1,0,1
anisodactylus,1,0,1
oxypselaphus,1,0,1
nle•,1,0,1
dicheirotrichus,1,0,1
gyrinicola,1,0,1
paradromius,1,0,1
nl•acupalpus,1,0,1
be•,1,0,1
kajanensis,1,0,1
trechoblemus,1,0,1
leistus,1,0,1
cafius,1,0,1
philorhizus,1,0,1
casnoniae,1,0,1
obtusum,1,0,1
loricera,1,0,1
pogonus,1,0,1
stilicicola,1,0,1
stephensii,1,0,1
binotatus,1,0,1
ocalea,1,0,1
crassicornis,1,0,1
simplocaria,1,0,1
fumarius,1,0,1
geminum,1,0,1
thalassophilus,1,0,1
anacaena,1,0,1
ptenidium,1,0,1
nigripennis,1,0,1
leptocera,1,0,1
caenosa,1,0,1
talparum,1,0,1
minilimosina,1,0,1
zodiomyces,1,0,1
harpalus,1,0,1
cymindicola,1,0,1
cefuroxime19,1,0,1
e1–e2,1,0,1
rouhani,1,0,1
senii,1,0,1
mdea·hydrochloride,1,0,1
waterchlorine,1,0,1
baricitinibi,1,0,1
dengai,1,0,1
azithromycin.25a,1,0,1
sht,1,0,1
retinopexy,1,0,1
β-oestradiol,1,0,1
shepard,1,0,1
médica,1,0,1
fundacao,1,0,1
"jnd,rb",1,0,1
samanthalycett,1,0,1
icu.oseltamivir,1,0,1
5)iodoacetamide,1,0,1
hydrochloride)(pah,1,0,1
tecdd,1,0,1
[42].amoxicillin,1,0,1
[47].spectinomycin,1,0,1
perspektivisch,1,0,1
galloylquinicacids,1,0,1
cellenkos,1,0,1
chloroquine56,1,0,1
staurosporine63,1,0,1
6‐aza‐uridine,1,0,1
topro‐3,1,0,1
ammp-8,1,0,1
who.4it,1,0,1
neetakesu,1,0,1
[3].oseltamivir,1,0,1
2′fl,1,0,1
suzanne,1,0,1
dkfz,1,0,1
atg-lc3,1,0,1
sia-α2-3galβ1-,1,0,1
immunotherapy,1,0,1
azathioprine7,1,0,1
doxorubicin.8,1,0,1
sjtrec,1,0,1
mbso,1,0,1
baricitinib31,1,0,1
clarithromycin.[13,1,0,1
sulfasalazine.2,1,0,1
warsan,1,0,1
riah,1,0,1
amelica,1,0,1
trimethoprim.86,1,0,1
cefixime.89,1,0,1
levofloxacin).ketolides,1,0,1
clavulanate).52,1,0,1
measles.48,1,0,1
tryprophan,1,0,1
carcinogenic,1,0,1
"ritonavir.1,4",1,0,1
heparin.57,1,0,1
roseococcus,1,0,1
humitalea,1,0,1
tanensis,1,0,1
l‐asparaginase,1,0,1
falcatum,1,0,1
kamagataeibacter,1,0,1
tetraponera,1,0,1
paraponera,1,0,1
zarnegar,1,0,1
morillonite,1,0,1
lah-hbc,1,0,1
poplene,1,0,1
knowlesi,1,0,1
kaempferol4’-o-glucoside,1,0,1
luteolin4’-o-,1,0,1
kaempferol4’-o-,1,0,1
karapetyan,1,0,1
"2′,3′-acetonide",1,0,1
p-nitrophenolateprodrug,1,0,1
(s)-isopropyl,1,0,1
streptomycin.100,1,0,1
ammoniumbicarbonate(nh4hco3).acetonitrile.50,1,0,1
2′-deoxyuridines,1,0,1
2010).oseltamivir,1,0,1
intarakumnerd,1,0,1
prasetyawan,1,0,1
suehiro,1,0,1
mosquitos,1,0,1
phenylethylene,1,0,1
ibuprofen.21,1,0,1
bocavirus).6,1,0,1
pink1,1,0,1
cycloguanilhydrochloride,1,0,1
lambdapapillomavirus,1,0,1
7‐methoxycoumarin,1,0,1
hemelt,1,0,1
albidoflavus,1,0,1
endo-,1,0,1
honoria,1,0,1
chloride41,1,0,1
fcm,1,0,1
peg-ifnα-2a/peg-ifnα-2b,1,0,1
[113].chloroquine,1,0,1
2).ivermectin,1,0,1
assunta,1,0,1
h3-antihistaminics,1,0,1
methyl(1-methoxy-1h-indol-3-yl)acetamidobenzoate,1,0,1
methyl3-[2-(1-methoxy-1h-indol-3-yl)acetamido]benzoate,1,0,1
methyl4-[2-(1-methoxy-1h-indol-3-yl)acetamido]benzoate,1,0,1
ethyl2-[2-(1-methoxy-1h-indol-3-yl)acetamido]benzoate,1,0,1
methyl2-[3-(1-methoxy-1h-indol-3-yl)propanamido]benzoate,1,0,1
methyl2-(2-(1-ethoxy-1h-indol-3-yl)acetamido)benzoate,1,0,1
methyl2-(2-(1-propoxy-1h-indol-3-yl)acetamido)benzoate,1,0,1
aminoactinomycin,1,0,1
avalon,1,0,1
mustafaelbreki,1,0,1
compoundβ-glucan,1,0,1
oseltamivir.23,1,0,1
sul/,1,0,1
benzodiazepines.65,1,0,1
4‐ethylcytosine,1,0,1
mateus,1,0,1
acheé,1,0,1
metrici,1,0,1
jucier,1,0,1
taciana,1,0,1
2014).rituximab,1,0,1
doxorubicin-etoposide-methylprednisolone,1,0,1
pittet,1,0,1
petalloid,1,0,1
splendidine,1,0,1
h.cordataethanolic,1,0,1
houttuynoside,1,0,1
cepharadione,1,0,1
florae,1,0,1
popularis,1,0,1
base.72,1,0,1
vancomycin-modified,1,0,1
bambang,1,0,1
25].acetazolamide,1,0,1
cediranib/olaparib,1,0,1
mirvetuximabsoravtansine,1,0,1
ritu,1,0,1
acrocephalosyndactyly,1,0,1
ribavirin.84,1,0,1
ribavirin.37,1,0,1
"ribavirin,90",1,0,1
x-12-arima,1,0,1
"rights(trips),54",1,0,1
tutelas,1,0,1
lancet-oslo,1,0,1
gestore,1,0,1
ceftazidime/cefotaxime,1,0,1
cryptolocker,1,0,1
arvensisfructus,1,0,1
c.verum,1,0,1
chamaemelum,1,0,1
pyranojacareubin,1,0,1
farw,1,0,1
nummularineb,1,0,1
friedelane,1,0,1
azauridin,1,0,1
rheumofficinalebaill,1,0,1
(dogs)acetaminophen,1,0,1
(dogs)methoxyflurane,1,0,1
(dogs)stanozolol,1,0,1
"penicillamine,19",1,0,1
prednisolone.75,1,0,1
trimethoprim-sulfa.9,1,0,1
arginine6,1,0,1
hepatoprotectants,1,0,1
allen.lbl.gov,1,0,1
[46].sildenafil,1,0,1
his‐gly‐lys‐leu‐arg,1,0,1
full‐dose‐enoxaparin,1,0,1
rbcs.148,1,0,1
sevoflurane.40,1,0,1
"ethyleneoxide),89",1,0,1
shfvlvr,1,0,1
colubrinus,1,0,1
withcorticosteroids,1,0,1
esat-61,1,0,1
inra,1,0,1
[28]ivermectin,1,0,1
18f-albumin,1,0,1
choi,1,0,1
­aminophylline,1,0,1
­epinephrine,1,0,1
­calanolide,1,0,1
enfuvirtide/t‐20,1,0,1
enfuvirtide2,1,0,1
theobromacacao,1,0,1
≦21,1,0,1
"bpd.8,9",1,0,1
rapaymycin,1,0,1
albicans.117,1,0,1
urchin18,1,0,1
glucolactone,1,0,1
cyas,1,0,1
25(oh)2d3,1,0,1
anti-sulfatide,1,0,1
atazanavir[43,1,0,1
vinorelbine14,1,0,1
[17].chloroquine,1,0,1
0<27,1,0,1
ssbtax,1,0,1
nations,1,0,1
"amphotericin,11",1,0,1
exserhilum,1,0,1
ketamine∖xylasine,1,0,1
harish,1,0,1
sarvodaya,1,0,1
p‐icariin,1,0,1
min-scvd,1,0,1
boland,1,0,1
β-chamigrenal,1,0,1
99mtc‐lomefloxacin,1,0,1
99mtc-ofloxacin,1,0,1
99mtc‐moxifloxacin,1,0,1
99mtc‐gemifloxacin,1,0,1
99mtc‐clinafloxacin,1,0,1
99mtc‐sitafloxacin,1,0,1
fungi–,1,0,1
lirin,1,0,1
achuta,1,0,1
antiotensin1–7,1,0,1
vipr,1,0,1
3g).hepcidin,1,0,1
that18,1,0,1
palivizumab31,1,0,1
rna-1,1,0,1
darunavir.113,1,0,1
darunavir.130,1,0,1
tnf-α-,1,0,1
nuriarabella,1,0,1
echinacosides,1,0,1
penicillin.93,1,0,1
chloramphenicol.104,1,0,1
cephalosporins.109,1,0,1
cephalosporin.109,1,0,1
aschoroquine,1,0,1
antidepressant-,1,0,1
2005).glutathione,1,0,1
laryngoscope3,1,0,1
lecithinized,1,0,1
infla,1,0,1
tjong,1,0,1
vmd.57,1,0,1
grehlin,1,0,1
metribolone,1,0,1
anti‐cd13,1,0,1
tamoxifen.31,1,0,1
sg,1,0,1
oxalatenephroliths,1,0,1
phosphodiesterase-4,1,0,1
ribavirin.65,1,0,1
metathesaurus,1,0,1
pv1,1,0,1
o-acetylatedsia,1,0,1
relalbum,1,0,1
matulionis,1,0,1
chonmaitree12,1,0,1
pyrimidinethione,1,0,1
3-mercaptopyrimidines,1,0,1
glycosides10a,1,0,1
virus-oseltamivir,1,0,1
nitrilotriacetate,1,0,1
ferrofluid,1,0,1
phumzile,1,0,1
masses)•ganciclovir/valganciclovir,1,0,1
ribavirin78,1,0,1
gomori-methanamine,1,0,1
jib,1,0,1
ebpf,1,0,1
il-638,1,0,1
doxorubicin.44,1,0,1
doxorubicin.20,1,0,1
methoxyverapamil,1,0,1
oseltamivir171,1,0,1
aerpio,1,0,1
cumarinderivate:–,1,0,1
depotinsulin,1,0,1
dopplersonografie,1,0,1
aciclovirther,1,0,1
cyloserin,1,0,1
thyreostatika,1,0,1
thyroxin/d,1,0,1
butylscopolamnin,1,0,1
azathioprin).,1,0,1
azathioprinwird,1,0,1
nifedipin.,1,0,1
lebertransplantierte,1,0,1
butylscopolamin,1,0,1
dipropionat,1,0,1
sulphapyridin,1,0,1
azathioprins,1,0,1
inflximab,1,0,1
carbamazepinther,1,0,1
glioblastom,1,0,1
hypnorex,1,0,1
(paracetamol),1,0,1
palmarerythem,1,0,1
10-jahres-überlebensrate,1,0,1
immunsuppressiva/zytostatika,1,0,1
mycophenolatmofetileines,1,0,1
tacrolimusciclosporin,1,0,1
azathioprinmg/kg,1,0,1
diehydroxychloroquin,1,0,1
menorrhagie,1,0,1
–octostim,1,0,1
platanus23,1,0,1
clevenger,1,0,1
jakub,1,0,1
elu,1,0,1
vasu,1,0,1
m2evlp,1,0,1
minister.1it,1,0,1
2015).more,1,0,1
"quinine,18",1,0,1
cefixime.52,1,0,1
ipts,1,0,1
nayer,1,0,1
omega-3lipid,1,0,1
milkfats,1,0,1
sambucusaustralis,1,0,1
craniella,1,0,1
cydonium,1,0,1
empagliflozin.2,1,0,1
neurodermitikern,1,0,1
dthat,1,0,1
[116]:argatroban,1,0,1
anuria,1,0,1
miravirsen63,1,0,1
miragen,1,0,1
α-tocopherol175,1,0,1
echinaceapurpureal.moench,1,0,1
cmv-cd,1,0,1
klavina,1,0,1
prokop,1,0,1
35].ganciclovir,1,0,1
[2].lactoferrin,1,0,1
korzybski,1,0,1
thelephora,1,0,1
fistulina,1,0,1
polyozellin,1,0,1
thelephoraganbajun,1,0,1
pluteaceae,1,0,1
fahimeh,1,0,1
amantadine.17,1,0,1
zanamivir.27,1,0,1
oseltamivir.95,1,0,1
palivizumab).84,1,0,1
urban,1,0,1
enolate,1,0,1
smith37,1,0,1
eleonora,1,0,1
aminopenicillin/β-lactamase,1,0,1
azithromycin/week,1,0,1
"everolimus,50",1,0,1
oseltamivir.93,1,0,1
11c-zanamavir,1,0,1
terpine,1,0,1
trichloro-trifluoroethane,1,0,1
spirula,1,0,1
suleria,1,0,1
dosidicus,1,0,1
phalium,1,0,1
scaphander,1,0,1
siphonarin,1,0,1
pacifenediol,1,0,1
asco,1,0,1
scutus,1,0,1
tetrahydropyrans,1,0,1
actinocyclus,1,0,1
corbiculaxanthin-3′-acetate,1,0,1
corbiculaxanthin,1,0,1
spirolide,1,0,1
spirolides,1,0,1
alloxanthin,1,0,1
ergosinine,1,0,1
p.membranaceus,1,0,1
limaciamine,1,0,1
drupella,1,0,1
rapana,1,0,1
miliou,1,0,1
onchidiacea,1,0,1
elisidepsin,1,0,1
elisidepsintm,1,0,1
dolastatin-15,1,0,1
tasidotintm,1,0,1
turbostatin,1,0,1
deev,1,0,1
brevetoxinb5,1,0,1
pinnamine,1,0,1
pre-mir-429,1,0,1
β‐sheets.30,1,0,1
polygalatenuifolia)—a,1,0,1
[93].vitamins,1,0,1
monosyn,1,0,1
peptidesarsptm,1,0,1
7‐aminoactinomycin,1,0,1
"norepinephrine,30",1,0,1
n‐methyl‐ser,1,0,1
boc‐amino,1,0,1
boc‐aminoacid,1,0,1
ψ˜,1,0,1
xmlpar,1,0,1
[114].lopinavir,1,0,1
γ-herpes,1,0,1
inf-α-2b,1,0,1
men.118,1,0,1
nuva-ring,1,0,1
fiebre-rash-artralgias,1,0,1
cefixima52,1,0,1
volodymyr,1,0,1
egypt59,1,0,1
ai/d,1,0,1
idx2,1,0,1
nuo,1,0,1
hydoxylated,1,0,1
sdsc,1,0,1
10].dexmedetomidine,1,0,1
1).sirolimus,1,0,1
gki,1,0,1
isatidisradix(rie,1,0,1
charantiaefructus,1,0,1
meduza,1,0,1
christinaspiropoulou,1,0,1
hsa-mir-3934-5p,1,0,1
hsa-mir-628,1,0,1
ofhsa-mir-628-5p,1,0,1
asyn.47,1,0,1
snpf-type,1,0,1
mg).lopinavir/ritonavir,1,0,1
"usa,8",1,0,1
aldaco,1,0,1
fiber.28,1,0,1
chlorine-substituted,1,0,1
fluorine/chlorine,1,0,1
avin,1,0,1
p.angel,1,0,1
[43].ribavirinribavirin,1,0,1
[47].favipiravirfavipiravir,1,0,1
nanb,1,0,1
cytokeratin-18,1,0,1
pa).chlorpromazine,1,0,1
g-sl,1,0,1
mickael,1,0,1
3clpro.13,1,0,1
chloroquine(wang,1,0,1
hydroxychloroquine(gao,1,0,1
high-dosevitamins,1,0,1
cam.20,1,0,1
viromimeticnanoparticle,1,0,1
"india,11",1,0,1
laninamivir.30,1,0,1
oseltamivir.40,1,0,1
erythromycin.97,1,0,1
itraconazole.145,1,0,1
isomerase,1,0,1
pyrococcus,1,0,1
"adenovirus,105",1,0,1
glycoceramidase,1,0,1
christiana,1,0,1
•cloroquina,1,0,1
travancore,1,0,1
migdal,1,0,1
il‐2,1,0,1
lactobacillusoralvaccine,1,0,1
marantochloa,1,0,1
cyclosporine.7,1,0,1
lmv,1,0,1
sotirios,1,0,1
mentis,1,0,1
uniqhaplo,1,0,1
2.0.it,1,0,1
"proanthocyanidins,4",1,0,1
werle,1,0,1
naphthyl,1,0,1
rindex,1,0,1
lasertherapie,1,0,1
tsakalidis,1,0,1
malaria-rezidiv,1,0,1
ssrb,1,0,1
yvan,1,0,1
gianmarco,1,0,1
stefania,1,0,1
orthofinder1,1,0,1
hiv-lopinavir,1,0,1
maofeng,1,0,1
bsi-53,1,0,1
2-penoxyethanol,1,0,1
scutellariaradix,1,0,1
water-repellant,1,0,1
korskakov,1,0,1
sodiumchloride.30,1,0,1
2014a).it,1,0,1
"lz,bt",1,0,1
archetti,1,0,1
(1986).7,1,0,1
malek,1,0,1
farica,1,0,1
mir-142-5pantagomir,1,0,1
1bb/4,1,0,1
praestorrsella,1,0,1
pararotalia,1,0,1
elazigina,1,0,1
sirel,1,0,1
iranica,1,0,1
spinach.9,1,0,1
qiulan,1,0,1
cotesia,1,0,1
anti‐trypsin,1,0,1
tripi,1,0,1
qsul,1,0,1
cdex,1,0,1
csul,1,0,1
histidine-tryptophan-tryptophan,1,0,1
thyrsiflorum,1,0,1
fibraurea,1,0,1
sk,1,0,1
ilanit,1,0,1
remdesivir(gs-5734,1,0,1
[71].myricetin,1,0,1
wah,1,0,1
guanine‐cytosine,1,0,1
chloroquine.46,1,0,1
nitazoxanide.107,1,0,1
3a).98,1,0,1
ahmadivand,1,0,1
sialidase.7,1,0,1
n-bromoacetamide,1,0,1
(±)-19-norspironolactone,1,0,1
castanospermine.32,1,0,1
(±)-virantmycin,1,0,1
ganciclovir.72,1,0,1
p2′-sulfonamide,1,0,1
2-bromo-acrolein,1,0,1
pradimicins,1,0,1
panduratina(188).89,1,0,1
hiv-rt.136,1,0,1
suhuangzhike,1,0,1
divaricatum,1,0,1
hypovitaminosisb12,1,0,1
adha,1,0,1
wnt11,1,0,1
hlh-2004,1,0,1
syarctus,1,0,1
synarchus,1,0,1
hanta,1,0,1
d-to-b,1,0,1
iv.24,1,0,1
glycyl,1,0,1
familyc74,1,0,1
gly↓gly,1,0,1
reisen,1,0,1
audial.,1,0,1
blfnanocapsules,1,0,1
schofield,1,0,1
h1-antihistamines.7,1,0,1
atg8–pe,1,0,1
mayorella,1,0,1
[22].raltegravir,1,0,1
octane,1,0,1
ciclovias,1,0,1
wiv43,1,0,1
antioxidans,1,0,1
wahida,1,0,1
maloideae,1,0,1
isopropylthiogalacto‐pyranoside,1,0,1
alisporivir-induced,1,0,1
ebselen66,1,0,1
nitazoxanide.152,1,0,1
mercaptopurine/melatonin,1,0,1
toremifene/emodin,1,0,1
cyclosporine.2,1,0,1
"thieno[3,2-b]pyrrole",1,0,1
junghyun,1,0,1
"mizoribine,22",1,0,1
gc2nd,1,0,1
laninamivir35,1,0,1
peramivir.45,1,0,1
amantadine.47favipiravir,1,0,1
peramivir103,1,0,1
pizzoccheri,1,0,1
.sodiumchloride,1,0,1
cox-214,1,0,1
hbv-associatedpan,1,0,1
linagliptin59,1,0,1
geoffrey,1,0,1
oseltamivir.4,1,0,1
uuuaacuacaaucug,1,0,1
h2o2/methanol,1,0,1
gazete,1,0,1
duvar,1,0,1
graclus,1,0,1
remdesivir‐tp,1,0,1
calcitriol.2,1,0,1
previtamind-3,1,0,1
trevenans,1,0,1
penicillin.86,1,0,1
eritoran-e5564,1,0,1
u-13c5,1,0,1
hydroxyprogesterone.75,1,0,1
ɥ,1,0,1
albendazole.11,1,0,1
prednisone.99,1,0,1
teapolyphenols/catechins,1,0,1
fentanol,1,0,1
il).44,1,0,1
levofloxacin.•,1,0,1
boulardii.77,1,0,1
snp/dip,1,0,1
cardiotwitter,1,0,1
bile.79,1,0,1
clopamide,1,0,1
hadv-c5±nelfinavir,1,0,1
meirianos,1,0,1
urlich,1,0,1
anthonygiddens.60,1,0,1
oils.34,1,0,1
psorpotes,1,0,1
isopropyl‐alcohol,1,0,1
ent-cephalotaxine,1,0,1
β-diol,1,0,1
benzazepines101,1,0,1
iodoalcohol,1,0,1
acetals,1,0,1
benzazepines(+)-417,1,0,1
methylenecyclopentanol,1,0,1
enantiomer(−)-(1,1,0,1
[14c]-hht,1,0,1
epoxide(+)-502,1,0,1
14chht,1,0,1
zijs,1,0,1
k-block,1,0,1
proi,1,0,1
mir-593sponge,1,0,1
circ_0005519,1,0,1
advies,1,0,1
cax,1,0,1
gentamicin-pa,1,0,1
amoxicillin–,1,0,1
gram-positives,1,0,1
mirastainer,1,0,1
piperacillin–,1,0,1
artaza,1,0,1
itifilmarrayrp,1,0,1
hbvlp,1,0,1
tibmolbiol,1,0,1
iroha,1,0,1
piperacillin-tazabactam,1,0,1
ceftazidime/clavulanate,1,0,1
ceftazidime-caz,1,0,1
cefotaxime-ctx,1,0,1
imipenem/ba,1,0,1
ceftazidim/cefotaxime,1,0,1
cefotaxime/sodium,1,0,1
β-lactam-antibiotics,1,0,1
prama,1,0,1
cefazidime,1,0,1
levofloxavin,1,0,1
nemec,1,0,1
pribram,1,0,1
colistinsulfate,1,0,1
b-tigecycline,1,0,1
surgery/voriconazole,1,0,1
lamisil/terbinafine,1,0,1
sporanox/itraconazol,1,0,1
echincandins,1,0,1
basileapharmaceutica,1,0,1
fluconazole/isavuconazole-resistant,1,0,1
etest-mh,1,0,1
5-flucytocine(fc,1,0,1
fluconazole(fl,1,0,1
mycelia,1,0,1
l.elongisporus,1,0,1
f.monophora,1,0,1
aspergillin,1,0,1
posaconazole+caspo,1,0,1
fluoroquniolones,1,0,1
fluoroquiniolones,1,0,1
cefatrizin,1,0,1
±reserpine,1,0,1
tetracycline-macrolide-lincosamide,1,0,1
thioridzine,1,0,1
penicillin-p,1,0,1
macrolides-e,1,0,1
hypo-chlorite,1,0,1
macrolide/lincosamides,1,0,1
penicillin(pen,1,0,1
levofloxacin(lev,1,0,1
clindamycin(cd,1,0,1
clindia,1,0,1
hbv.hcv,1,0,1
akcam,1,0,1
hbv-d,1,0,1
sighella,1,0,1
hpv-73,1,0,1
–lopinavir/ritonavir,1,0,1
ekwendeni,1,0,1
aucdextromethorphan,1,0,1
atazanavir/r,1,0,1
ceftaroline/nxl104,1,0,1
cupc33,1,0,1
etp,1,0,1
col-mer,1,0,1
col-pip/taz,1,0,1
topan,1,0,1
sulbactam(mic50,1,0,1
incr.,1,0,1
nalidixidacid,1,0,1
ceftazimime,1,0,1
pliva,1,0,1
trimethprim-sulfamethoxazole,1,0,1
nitrofuranes,1,0,1
erythromycin/em,1,0,1
ciprofloxacin/cip,1,0,1
azithromycin/az,1,0,1
roxithromycin/ro,1,0,1
clarithromycin/ch,1,0,1
madurga,1,0,1
otvagin,1,0,1
kolosov,1,0,1
puca,1,0,1
bioelisa,1,0,1
amoxicillin/clavulanate(25,1,0,1
soap/ahr,1,0,1
sil-1,1,0,1
chrysonilia,1,0,1
pip/taz-amc,1,0,1
pip/taz,1,0,1
linezolid/placebo,1,0,1
cefepim-clavulanic,1,0,1
pipercillin/tazobactum,1,0,1
cotrimazol,1,0,1
ceftaz-edta,1,0,1
caz±clavulanic,1,0,1
trime-sulphamethoxazole,1,0,1
streptromycin-trimethoprim,1,0,1
chloramphicol,1,0,1
quinupristin/dalfopristin-r,1,0,1
erythromycinclindamycin,1,0,1
ppv-23polysaccharide,1,0,1
qrsp,1,0,1
⩾97,1,0,1
ossiprandi,1,0,1
pomana,1,0,1
php,1,0,1
nattrassia,1,0,1
hendersonula,1,0,1
isola,1,0,1
trimetoprim-sulphamethoxazole,1,0,1
eddabra,1,0,1
qft-it,1,0,1
slaa,1,0,1
clarithromycinresistant,1,0,1
beetanicotinamide,1,0,1
benzalkonioumchloride,1,0,1
aztreonam(az,1,0,1
tobramycin(to,1,0,1
lantibiotic,1,0,1
condylomataacuminata,1,0,1
gram-positive,1,0,1
sogaard,1,0,1
catarrhalisvaccine,1,0,1
the13-valent,1,0,1
ziprani,1,0,1
ethamboutol,1,0,1
pyrimethamine-sulphadiazine,1,0,1
macrolids,1,0,1
hpv-hr,1,0,1
tetrazolium-dye,1,0,1
citratus,1,0,1
"1α,11α-oxygen",1,0,1
acetyltransferase,1,0,1
cisplatin.33,1,0,1
dkk1,1,0,1
nmi.3,1,0,1
[75].hcv,1,0,1
wrs,1,0,1
50].baloxavir,1,0,1
2016).lopinavir/ritonavir,1,0,1
lopinavir/r-dcm,1,0,1
curcumin9,1,0,1
pegifnα/sof,1,0,1
ombitasvir/paritaprevir/dasabuvir,1,0,1
sof/daclatasvir,1,0,1
duran-jorda,1,0,1
1950–1953,1,0,1
dithiobis[succinimidylpropionate,1,0,1
hegemon,1,0,1
winsit,1,0,1
vik,1,0,1
busulfan‐,1,0,1
samaranayake35,1,0,1
azithromycin3,1,0,1
­oseltamivir,1,0,1
k*.,1,0,1
1996).it,1,0,1
nachová,1,0,1
solhat,1,0,1
roter,1,0,1
purpurowa,1,0,1
cichoric,1,0,1
chloroquine[14,1,0,1
[122].palivizumab,1,0,1
lucavoltolini,1,0,1
sub-index,1,0,1
[3h]mepyramine,1,0,1
max/b,1,0,1
thioperamide-,1,0,1
2011).oseltamivir,1,0,1
testosterone53,1,0,1
brillat-savarin,1,0,1
inter-feron-α-2b,1,0,1
[39].oseltamivir,1,0,1
mpro‐urso‐deoxycholic,1,0,1
ace2‐ursodeoxycholic,1,0,1
urso‐deoxycholicacid,1,0,1
muromonab-cd3,1,0,1
[68].dostarlimab,1,0,1
3-o-glucoside,1,0,1
myrciariajaboticaba,1,0,1
hitlerum,1,0,1
olympics,1,0,1
crystalloids.3,1,0,1
demorgan,1,0,1
"ht,",1,0,1
tomek,1,0,1
ana4,1,0,1
butyrate106,1,0,1
il‐25,1,0,1
zoncolan,1,0,1
dart,1,0,1
methdos,1,0,1
[46].diphlorethohydroxycarmalol,1,0,1
methyl-dieckol,1,0,1
"6,8′-bieckol",1,0,1
tang.58,1,0,1
cephalosporins.58,1,0,1
flucloxacillin.91,1,0,1
heparin.6,1,0,1
heparin.13,1,0,1
aspirin.25,1,0,1
parasympathomimetics,1,0,1
ribociclib-fulvestrant,1,0,1
imidazolopiperazine,1,0,1
"fosravuconazole71,72",1,0,1
praziquantel106,1,0,1
infurna,1,0,1
2002).amantadine,1,0,1
so2-fumigated,1,0,1
flavonoidphenolics,1,0,1
residues.49,1,0,1
amantadine.27,1,0,1
pre-amantadine,1,0,1
cotton-mouton,1,0,1
schistosome,1,0,1
eggshell.75,1,0,1
eggshells,1,0,1
candido,1,0,1
histidine-rich,1,0,1
aptamer-conjugated,1,0,1
biotin.206,1,0,1
klostranec,1,0,1
alp-antibody,1,0,1
hydroquinone.438,1,0,1
pulmonalvenöse,1,0,1
cgp-60474,1,0,1
coxsackievirus.4,1,0,1
turpentineoil,1,0,1
erhp,1,0,1
quercetin/vitamind/estradiol,1,0,1
calis,1,0,1
karetnikov,1,0,1
luluguo,1,0,1
bondinuba,1,0,1
sodiumtriacetoxyborohydride,1,0,1
echinacea.”29,1,0,1
clindamycin+cefuroxime,1,0,1
sulbactam.65,1,0,1
amoxicillin.•outlook,1,0,1
placebo.177,1,0,1
epinephrine.177,1,0,1
glucocorticoids.182,1,0,1
atorvaquone,1,0,1
feifei,1,0,1
[97].it,1,0,1
duojiao,1,0,1
resomer,1,0,1
n3-o-toluyl-fluorouracil,1,0,1
mercury.,1,0,1
2’c-methylcytidine,1,0,1
praepratum,1,0,1
clindamycin35,1,0,1
clindamycin48,1,0,1
87].ribavirin,1,0,1
beta‐,1,0,1
rothschild,1,0,1
cpg-adjuvantedvaccine,1,0,1
brico,1,0,1
tdf/ftc/efavirenz,1,0,1
oxymetazoline-soaked,1,0,1
suliman,1,0,1
≥⋯,1,0,1
"vp1-sirna517,vp1-sirna113",1,0,1
"wynd,25",1,0,1
usa17,1,0,1
rystad,1,0,1
arabella,1,0,1
isoflavones.34,1,0,1
oximeter4,1,0,1
lopinavir/ritonaviris,1,0,1
mid-chainhetes,1,0,1
[10].resveratrol,1,0,1
34].resveratrol,1,0,1
chloroquine/hydroxychloroquie,1,0,1
zidovudine.35,1,0,1
zidovudine.37,1,0,1
oxygenal,1,0,1
done).hydroxychloroquine,1,0,1
greece.9,1,0,1
cishu,1,0,1
3-deazaadenine,1,0,1
struvite.71,1,0,1
"amoxicillin‐clavulanate,21",1,0,1
rapamune/sirolimus,1,0,1
shreejana,1,0,1
pmdi,1,0,1
nioshr-,1,0,1
[8].chlorhexidine,1,0,1
mercabarna,1,0,1
chlorine-based,1,0,1
t≈tp,1,0,1
momenta,1,0,1
purothionin.39,1,0,1
ace2/ang,1,0,1
trithiocarbonates,1,0,1
mélusine,1,0,1
jcj,1,0,1
arvand,1,0,1
boyle,1,0,1
pro-hormone,1,0,1
[10].hydrocortisone,1,0,1
caffeine(17,1,0,1
broadcast,1,0,1
senp,1,0,1
mitoxantrone82,1,0,1
(us).7,1,0,1
β-octylglucoside,1,0,1
rolipram+oseltamivir,1,0,1
thioguanine-,1,0,1
lactobazillus,1,0,1
rececadotril,1,0,1
fluconazole.15,1,0,1
glucocorticoids.14,1,0,1
rka,1,0,1
meijers,1,0,1
conjugatetyphoidvaccine,1,0,1
(abraxane,1,0,1
loperamide.107,1,0,1
rituximab.1,1,0,1
infliximab.2,1,0,1
etanercept.1,1,0,1
salminci,1,0,1
[21].clarithromycin,1,0,1
iu)•medroxyprogesterone,1,0,1
pamidronate.10,1,0,1
[79]:it,1,0,1
catechins38,1,0,1
hydroxychloroquinechloroquine,1,0,1
surfactant16,1,0,1
wampanoag,1,0,1
aminoacid‐long,1,0,1
pacjenta,1,0,1
jednak,1,0,1
daje,1,0,1
hydoxychloroquin,1,0,1
tomato,1,0,1
africanum,1,0,1
"2018),1",1,0,1
babylon,1,0,1
favipiravir/t‐705,1,0,1
favipiravir.114,1,0,1
plin1,1,0,1
ahistamine,1,0,1
term—“aspirin,1,0,1
[88].olokizumab,1,0,1
nusa.,1,0,1
3(b).it,1,0,1
herbert,1,0,1
alessio,1,0,1
artesunate‐amodiaquine,1,0,1
"thalidomide,3",1,0,1
atropine.74,1,0,1
sympathomimeticspseudoephedrineamphetaminebenzedrinemescalinephenylephrineephedrinephenylpropanolamine,1,0,1
imidazolinesxylometazolinenaphazolineclonidineoxymetazoline,1,0,1
halitosis.90,1,0,1
ammonia.105,1,0,1
bendamustine/prednisolone,1,0,1
lime-sulfur,1,0,1
mpx,1,0,1
cefpiroma,1,0,1
c)monobactámicos(i)aztreonam,1,0,1
d)carbapenem(i)imipenem(ii)meropenem(iii)ertapenem,1,0,1
2.aminoglucósidosa)gentamicinab)tobramicinac)netilmicinad)amikacinae)espectinomicina,1,0,1
nrr,1,0,1
ice,1,0,1
9.heparin,1,0,1
sudarsanachurna,1,0,1
hersen,1,0,1
doxorubicin;(ii)curcumin,1,0,1
ciprofloxacin.48,1,0,1
ceftriaxone.48a,1,0,1
p‐xylene,1,0,1
methyllinderone,1,0,1
cv‐n,1,0,1
alfendol,1,0,1
neuprozyme,1,0,1
icatcxpz-01.45,1,0,1
icatcxpz-01,1,0,1
sikkim,1,0,1
cryptomariajaponica,1,0,1
bisket,1,0,1
4′-,1,0,1
quercetin3‐β‐glucoside,1,0,1
lgb,1,0,1
pcti-2018,1,0,1
somatoline,1,0,1
cov-plpro,1,0,1
"chile,30",1,0,1
digoxin‡,1,0,1
metronidazole.29,1,0,1
c0=c0,1,0,1
cidis,1,0,1
gsk‐j4,1,0,1
i‐bet762,1,0,1
18α-glycyrrhetinicacid,1,0,1
aflatoxinb1′,1,0,1
dmitriivanowski,1,0,1
erythromycin-h2o,1,0,1
strepera,1,0,1
apigenin-7-o-β-d-glucoside,1,0,1
quercetin-3-o-β-d-glucoside,1,0,1
kx,1,0,1
revo-i,1,0,1
bromide/fenoterol,1,0,1
magnesium-depletion,1,0,1
deque,1,0,1
jinzhao,1,0,1
bouliere,1,0,1
astrovirusorf2,1,0,1
1995).vitamin,1,0,1
ranjith,1,0,1
mk-7123,1,0,1
kyle,1,0,1
kwanraweesirikanchana,1,0,1
mutationstetracyclinemethrotrexate,1,0,1
trimetropin/sulfamethoxazole,1,0,1
schoeller,1,0,1
kp404150-cav-lincoln-uk-201215,1,0,1
ds-,1,0,1
rhizomaanemarrhena,1,0,1
suanzaoren,1,0,1
then.1,1,0,1
flavi-,1,0,1
tc)2,1,0,1
hydrochlroquine,1,0,1
chloroquine/hydroxychloroquine-,1,0,1
[8].nicotine,1,0,1
[32].bupropion,1,0,1
simvasatin,1,0,1
r0/,1,0,1
β-herpesvirus,1,0,1
ganciclovir.166,1,0,1
aminoacids.2,1,0,1
r0/d,1,0,1
mg/d+cyclophosphamide,1,0,1
weh,1,0,1
m.mir-223,1,0,1
trimetropim/sulfametoxazol,1,0,1
thuringiensis,1,0,1
zica,1,0,1
ns3/ns2b,1,0,1
relpivaxwn,1,0,1
asvirus,1,0,1
5′-o-ribonolactone,1,0,1
4-methylbenzenesulphonate,1,0,1
[8].oseltamivir,1,0,1
jgh,1,0,1
handagama,1,0,1
penhale,1,0,1
vega-3,1,0,1
adam1729,1,0,1
rib-x,1,0,1
myogen,1,0,1
strida,1,0,1
amgen.58,1,0,1
morphosys,1,0,1
nicastrin.70,1,0,1
novartis.71,1,0,1
amthor48).follistatin,1,0,1
collagenase/dnase,1,0,1
olfactomedin-2,1,0,1
mir31,1,0,1
"mir33⋆,65mir122,66mir144,67",1,0,1
apolipoprotein-b,1,0,1
mir15b,1,0,1
"mir16,75",1,0,1
mir33,1,0,1
"mir126,83mir223",1,0,1
polyherbal,1,0,1
emodin8-o-β-d-glucopyranoside,1,0,1
rotavirusnon-structural,1,0,1
b.tribocorum,1,0,1
shuhua,1,0,1
azithromycin.23,1,0,1
sofat,1,0,1
na‐heparin,1,0,1
delcea,1,0,1
lionel,1,0,1
taorao,1,0,1
act2,1,0,1
vitaeris,1,0,1
adefovirdipovoxil,1,0,1
exocyst,1,0,1
rexin-g,1,0,1
dacarbazine104,1,0,1
edta/aprotinin,1,0,1
apod.,1,0,1
nvb,1,0,1
ad-porcineifn-α,1,0,1
konaris,1,0,1
1998).ganciclovir,1,0,1
2017).gemcitabine,1,0,1
isopropyl-β-d-galactoside,1,0,1
donia,1,0,1
pentagastrin-mpro,1,0,1
isavuconazonium-mpro,1,0,1
6y2,1,0,1
peg-gat,1,0,1
yttrium-90,1,0,1
abiraterone)130,1,0,1
131i-tositumomab,1,0,1
sulfamethoxazole‐trimethoprim,1,0,1
guanidinesalt,1,0,1
beta‐actin,1,0,1
l.macranthoideshand.-mazz,1,0,1
water!it,1,0,1
(+)-epibatidine,1,0,1
280].melatonin,1,0,1
204].melatonin,1,0,1
cefrozil,1,0,1
erythromycinbase,1,0,1
carboxypenicilline,1,0,1
ticarcillin-clavunalat,1,0,1
clarithyromycin,1,0,1
β‑lactamantibiotika,1,0,1
penthamidin,1,0,1
fluconazo,1,0,1
variconazol,1,0,1
yixing,1,0,1
stiner,1,0,1
herstel,1,0,1
sofosbuvir27,1,0,1
gabapentin148,1,0,1
hhv-6hepatitis,1,0,1
bendamustine/obinutuzumab,1,0,1
thenif,1,0,1
permafrostböden,1,0,1
macrolides1,1,0,1
"chloroquine,8",1,0,1
"hydroxychloroquine,9",1,0,1
azithromycin10,1,0,1
acyclovir.40,1,0,1
tribbles,1,0,1
cyp3a4-,1,0,1
v-fluorescein,1,0,1
n-ethylamine,1,0,1
muraymycin,1,0,1
crico,1,0,1
‐bradykinin,1,0,1
mykophenolatmofetil,1,0,1
glatiramerazetat,1,0,1
inscv2‐nsp12:vitaminb12,1,0,1
enterovirusro,1,0,1
nitroalkenes,1,0,1
(r)-tomoxetine,1,0,1
"(r)-duloxetine,19",1,0,1
feringa,1,0,1
β-hydroxyesters,1,0,1
salviamiltiorrhiza[18,1,0,1
quercetin-3-o-rhamnoside-7-o-rhamnoside,1,0,1
kaempferol-3-o-rhamnoside-7-o-glucoside,1,0,1
quercetin-3-o-glucoside-7-o-rhamnoside,1,0,1
quercetin-3-o-rhamnoside-7-o-glucoside,1,0,1
doxycycline.6,1,0,1
azithromycin.99,1,0,1
valdez,1,0,1
"[69,82].chloroquine",1,0,1
gimsa,1,0,1
h2o2—hydrogenperoxide,1,0,1
il-2—interleukin-2,1,0,1
nh3—ammonia,1,0,1
neurokininb,1,0,1
o2—oxygen,1,0,1
o3—ozone,1,0,1
amoxicillin-clavulanate).32,1,0,1
2′-modifiedsi-1,1,0,1
arsenic.77,1,0,1
parp-4,1,0,1
oplossingen,1,0,1
[3h]-palmitic,1,0,1
gvap,1,0,1
rubolini,1,0,1
busan,1,0,1
ambulacraria,1,0,1
wrt,1,0,1
row).it,1,0,1
ma’ruf,1,0,1
poliovaccine.76,1,0,1
angiotensin1-7,1,0,1
haub-vme,1,0,1
β-d-galactose,1,0,1
[257].artemisinin,1,0,1
chloroquine64,1,0,1
"scovm-sirna1,m-sirna2",1,0,1
m-sirna1,1,0,1
egfp-sirna,1,0,1
3cl-protease,1,0,1
ribavirinprotides,1,0,1
tetrodotoxin.3,1,0,1
ribavirin38,1,0,1
bananincopper,1,0,1
nymirum,1,0,1
dexmedetomidine30,1,0,1
trevethan,1,0,1
hivmn,1,0,1
doxycycline.3,1,0,1
ciprofloxacin.3,1,0,1
nitazoxanide.211,1,0,1
ampicillin.216,1,0,1
heparin.7,1,0,1
cocoxili,1,0,1
collagenasea,1,0,1
[44].favipiravir,1,0,1
[2].darunavir,1,0,1
48].ribavirin,1,0,1
[51].mefloquine,1,0,1
lazard,1,0,1
damodar,1,0,1
na-so4,1,0,1
na-cl,1,0,1
atenolol/chlortalidone,1,0,1
lopinavir/lidonavir,1,0,1
ochrobactrum,1,0,1
"3-nitro-4-phenyl-1,1,1-trifluorobutan-2-ol",1,0,1
"3-nitro-1,1,1-trifluorobutan-2-ol",1,0,1
"3-nitro-1,1,1-trifluoropropan-2-ol",1,0,1
cumbayá,1,0,1
paes-rcs,1,0,1
recanati,1,0,1
hpv32,1,0,1
•chikungunyaa,1,0,1
boneh,1,0,1
19).oseltamivir,1,0,1
lemur,1,0,1
panacis,1,0,1
quinquefoliiradix,1,0,1
milena,1,0,1
gdpm.17,1,0,1
chloramphenicol.13,1,0,1
"paromomycin,10",1,0,1
bphen,1,0,1
toremiphene22,1,0,1
salkovskis(1990).chapter,1,0,1
ecopladib,1,0,1
lppla2.darapladib,1,0,1
lppla2/darapladib,1,0,1
(68).mavrilimumab,1,0,1
heikkinen,1,0,1
2012).levamisole,1,0,1
al-thani,1,0,1
anti‐interferon,1,0,1
ofloxacin7,1,0,1
8-nitrodeoxyguanosine,1,0,1
dasbis,1,0,1
adenosine18,1,0,1
gahet,1,0,1
lamivudine.40,1,0,1
ribavirin.70,1,0,1
enfuvirtide.110,1,0,1
zanamivir.152,1,0,1
cenamo,1,0,1
rabcde,1,0,1
leukotrieneb5,1,0,1
msc-exosmir-140,1,0,1
"carboplatin,[28",1,0,1
"isotretinoin,[30",1,0,1
carricato,1,0,1
acesulfame‐k,1,0,1
ribavirin7,1,0,1
lidocaine.27,1,0,1
taurine.26,1,0,1
doxorubicin.37,1,0,1
vardenafil.36,1,0,1
savao,1,0,1
hewson.8,1,0,1
constantinides,1,0,1
catumaxomab-therapy,1,0,1
(dexamethasone)40,1,0,1
antihistamine55,1,0,1
aureus.133,1,0,1
4.chloroquine,1,0,1
isothymol-ace2,1,0,1
rocuronium-bromide,1,0,1
suxamethonium-chloride,1,0,1
sevofluorane,1,0,1
androstenedione.8,1,0,1
vitamins7,1,0,1
adamantane‐peg,1,0,1
fab‐protamine,1,0,1
secure-ibd2,1,0,1
ealb,1,0,1
montaquila,1,0,1
soban,1,0,1
hesperidinsupplementation,1,0,1
[36].chloroquine,1,0,1
diclofenac).13,1,0,1
azythromycin.22,1,0,1
"clarithromycin,26",1,0,1
itraconazole.12,1,0,1
trimethoprim-sulfamethoxazole.16,1,0,1
80].itraconazole,1,0,1
tcm.it,1,0,1
rhodiolae,1,0,1
crenulatae,1,0,1
lhcapsule,1,0,1
polygonumcuspidate,1,0,1
astragalusgummifer,1,0,1
dexamethasone/placebo,1,0,1
eu2,1,0,1
smart-cytosine,1,0,1
guanidinenucleotide,1,0,1
pdb1,1,0,1
pacira,1,0,1
gp18lptmhs,1,0,1
α1‐inhibitor3,1,0,1
enterovirusv71,1,0,1
ß‐propiolactone,1,0,1
psd‐95,1,0,1
htlv‐1,1,0,1
②baricitinib,1,0,1
jdk,1,0,1
azithromycin.71,1,0,1
(oseltamivir).76,1,0,1
pouzols,1,0,1
morphinprocaindipidolorbupivacain,1,0,1
(peridural)buprenorphin,1,0,1
theaflavin-monogallate,1,0,1
co-trimoxazole.63,1,0,1
lopinavir/ritonavir2,1,0,1
cp20,1,0,1
digitorum,1,0,1
covid-19.saquinavir,1,0,1
vina84,1,0,1
itol,1,0,1
12).colchicine,1,0,1
doxorubicin46,1,0,1
chloramphenicol.60,1,0,1
itraconazole.106,1,0,1
atropine.114,1,0,1
atipamezole.117,1,0,1
fenbendazole.133,1,0,1
chloramphenicol.62,1,0,1
galn,1,0,1
papillomaviruse7,1,0,1
gallicum,1,0,1
gt15,1,0,1
",mf59™-adjuvanted",1,0,1
themf59™-adjuvanted,1,0,1
antiseptics.142,1,0,1
jürgenheesemann.•biosafe-vaccine-vect,1,0,1
qlk3,1,0,1
gerhardhunsmann.•eurovac,1,0,1
i.qlk2,1,0,1
omw,1,0,1
klich,1,0,1
ammonium‐chloride‐potassium,1,0,1
dlin-dma,1,0,1
fe+3-lactoferrin,1,0,1
methylated-β-lactoglobulin,1,0,1
jah,1,0,1
xylo-metazoline,1,0,1
kokini,1,0,1
vitaminb12–igy,1,0,1
peijun,1,0,1
m.mlong,1,0,1
ah-d,1,0,1
aceticacid/h2o,1,0,1
spirinia,1,0,1
47].vancomycin,1,0,1
sordaria,1,0,1
zudem,1,0,1
2)ribavirin,1,0,1
[70].peramivir,1,0,1
footbath,1,0,1
2019).colchicine,1,0,1
nemone,1,0,1
9].etoposide,1,0,1
ofnss-e253-,1,0,1
maria-viola,1,0,1
ganciclovir.[29,1,0,1
wjf,1,0,1
calcium/phosphorus,1,0,1
impfstoffkonzepte,1,0,1
impfschutzbis,1,0,1
morton,1,0,1
"doxorubicin,3,24",1,0,1
methemoglobin.5,1,0,1
firstdeferoxamine,1,0,1
(cefotaxime)penicillin,1,0,1
"e.g.,acetaminophen",1,0,1
dolutegravir).second,1,0,1
(mir-149,1,0,1
5-bromoisatin,1,0,1
plantarumc70,1,0,1
zanamiviryplacebo,1,0,1
anti‐ad,1,0,1
eugeniatrishina,1,0,1
hypneumoniaevaccine,1,0,1
tio2,1,0,1
(12).metronidazole,1,0,1
darunavir/cobicistat.21,1,0,1
rupee,1,0,1
h1ri-7,1,0,1
feisalalaklobi,1,0,1
mamavirus,1,0,1
β-cyclodextrin-water,1,0,1
selenium-saturatedbovine,1,0,1
neomycin.[47,1,0,1
heikki,1,0,1
tytti,1,0,1
silvers,1,0,1
"1,10-phenanthroline",1,0,1
phosporamidon,1,0,1
favipiravir.18,1,0,1
bi∈,1,0,1
[52].satralizumab,1,0,1
[22].remdesivir,1,0,1
s1).favipiravir,1,0,1
[35s]-methionine/cysteine,1,0,1
hcv-ns,1,0,1
hantavaxtm,1,0,1
bellatoni,1,0,1
"acyclovir,58",1,0,1
prebiotic/probiotic,1,0,1
24-hydroxyvitamind3,1,0,1
•valganciclovir,1,0,1
months•trimethoprim-sulfamethoxazole,1,0,1
β-chloropropionicacid,1,0,1
alkyl-amidine,1,0,1
35s-l-cysteine,1,0,1
kanamycin17,1,0,1
pc20,1,0,1
hbv.10,1,0,1
lamivudine.20,1,0,1
3030-amino-acidpolyprotein.30,1,0,1
bcg.127,1,0,1
dieterle.215,1,0,1
erratum,1,0,1
cusiae,1,0,1
tiết,1,0,1
apollo.13,1,0,1
winj,1,0,1
roquinsan,1,0,1
pd1–pdl1,1,0,1
thoprim,1,0,1
cochlospermumreligiosum,1,0,1
encyclopædiabritannica,1,0,1
measlesmumps–rubella(mmr,1,0,1
jeryllynn,1,0,1
ampicilli/sulbactam,1,0,1
zerva,1,0,1
moxifloxacin.6,1,0,1
fep,1,0,1
bjöersdorff,1,0,1
ecmm,1,0,1
aminoglycosid,1,0,1
bcsa,1,0,1
ddds,1,0,1
amoxicillinum,1,0,1
ampicillinum,1,0,1
erytromycinum,1,0,1
phenoxymethtlmethycillini,1,0,1
cochin,1,0,1
cefuroxime-resistant,1,0,1
trimethophrim-sulfamethoxazole,1,0,1
trimetophrim-sulfamethoxazole,1,0,1
trimethoprim-sulfametho-xazole,1,0,1
crx-axetil,1,0,1
statum,1,0,1
rifampicin/ciprofloxacin,1,0,1
rifampicin/clindamycin,1,0,1
ciprofloxacin/clindamycin,1,0,1
rifampicin/trimethoprim,1,0,1
rifampin-,1,0,1
streptomycin-capreomycin,1,0,1
isoniazid-resistant,1,0,1
rintiswati,1,0,1
voriconazole(v,1,0,1
salicylhydroxamicacid,1,0,1
salviamin,1,0,1
walsura,1,0,1
p.granatum,1,0,1
apramycin-,1,0,1
nitrofurane,1,0,1
fluorchinolones,1,0,1
co-trimoxazoleole,1,0,1
msha,1,0,1
järna,1,0,1
olamiju,1,0,1
tateraindica,1,0,1
melissia,1,0,1
kosova,1,0,1
kremastinou,1,0,1
3h-propionylampicillin,1,0,1
cu(ii)-aminoglycosides,1,0,1
verona,1,0,1
quinupristin/dalfopristin-resistant,1,0,1
vana,1,0,1
q/d,1,0,1
flac,1,0,1
nalidixacid,1,0,1
β-bactams,1,0,1
6′-netilmycin,1,0,1
rifampicin-resistant,1,0,1
h.italicum,1,0,1
ceph,1,0,1
tobramicyn,1,0,1
amoxillin/ampicillin,1,0,1
ticarcillin-clav,1,0,1
cefotaxime/ceftazidime,1,0,1
chlrohexidine,1,0,1
aids-iss,1,0,1
ketaconazol,1,0,1
clorammphenicol,1,0,1
trimethoprime/sulphamethoxale,1,0,1
anti-tat,1,0,1
trimothoprim/sulfamethoxazole,1,0,1
mh-vancomycin,1,0,1
andlovic,1,0,1
murska,1,0,1
"10,5-fluoroquinolones",1,0,1
levofloxacm,1,0,1
amonoglycoside,1,0,1
macrolide-aminoglycoside,1,0,1
mexy,1,0,1
n.flavescens,1,0,1
neomycin/bacitracin,1,0,1
neomycin/gramicidin,1,0,1
caffeineacid,1,0,1
butamidor,1,0,1
emadine,1,0,1
amoxocillin,1,0,1
desfluoroquinolone,1,0,1
thymebee-honeys,1,0,1
phenoxypropanol,1,0,1
toproaloevera,1,0,1
pld-118,1,0,1
piperacillin/tazobactame,1,0,1
piperacillin/tazobactarn,1,0,1
smego,1,0,1
25–oh-vitamind,1,0,1
cromo,1,0,1
hpvx,1,0,1
peyron,1,0,1
allopurinol—5,1,0,1
arad,1,0,1
cesol,1,0,1
evr,1,0,1
hbveag,1,0,1
interferon-α-2β,1,0,1
r-/s-warfarin,1,0,1
junipene,1,0,1
cefuroxinie,1,0,1
amox-clav,1,0,1
5-nitro-,1,0,1
5-sulpho-2-aminothiazole,1,0,1
amx/ca,1,0,1
cpha.,1,0,1
ampc-β-lactamase,1,0,1
piperariffin/tazobactam,1,0,1
amoxycilline/clavulanicacid,1,0,1
β-lactam-inhibitor,1,0,1
erturan,1,0,1
sulbactam/penicillin,1,0,1
ciapride,1,0,1
chloramphenicol/cicloheximide,1,0,1
aztreomam,1,0,1
saccromyces,1,0,1
boulardi,1,0,1
acridine-orange,1,0,1
teicoplanin-vancomycin,1,0,1
fluoroquinolone-antibiotics,1,0,1
fluorocinolones,1,0,1
gemellamorbillorum,1,0,1
benzilpenicillin,1,0,1
diphteroids,1,0,1
kephalosporin,1,0,1
diclofenak,1,0,1
bahonar,1,0,1
umbria,1,0,1
hemolysinb2,1,0,1
bithoven,1,0,1
bih.,1,0,1
chloramfenicol,1,0,1
gdac,1,0,1
clindamycin.72,1,0,1
capecitabine4,1,0,1
diphtheroidsanaerobes,1,0,1
kaempferolglycosideafzelin,1,0,1
kaempferol-3-o-α-l-arabinofuranoside,1,0,1
kaempferol-3-o-α-l-rhamnoside,1,0,1
iftim,1,0,1
334-residuens1-,1,0,1
kirkpatrick-baez,1,0,1
phoreus,1,0,1
ubc-e2h/marie,1,0,1
lopinavir/ritonavir/recombinantifnβ-1b,1,0,1
69].vitamin,1,0,1
oseltamivir.33,1,0,1
oseltamivir.35,1,0,1
5′utrires,1,0,1
moxifloxacin).19,1,0,1
levofloxacin/ciprofloxacin,1,0,1
linezolid.26,1,0,1
coxsackievirus2b,1,0,1
50%formamide,1,0,1
•benazepril,1,0,1
po•furosemide,1,0,1
[70].esi-09,1,0,1
[61].mycophenolic,1,0,1
[72].saracatinib,1,0,1
lopinavir/ritonavir.10,1,0,1
psychosomatische,1,0,1
anti-cox,1,0,1
enteroviruscardiovirus,1,0,1
l’aciclovir,1,0,1
vex,1,0,1
crov,1,0,1
glycyrrhizapolysaccharide,1,0,1
cpi-43,1,0,1
coxsackievirusa6(cv-a6,1,0,1
ev-a712apro,1,0,1
vitamin‐d,1,0,1
[38].oseltamivir,1,0,1
mosleh,1,0,1
hsgttpr2,1,0,1
alcina,1,0,1
grigolia,1,0,1
mir‐204,1,0,1
condylox,1,0,1
oseltamivir.74,1,0,1
ceftriaxone.42,1,0,1
butylacetate,1,0,1
[64].lenalidomide,1,0,1
curcumin-loaded,1,0,1
selivanova,1,0,1
asger,1,0,1
[140].lamivudine,1,0,1
vomitingc.trimethoprim-sulfadiazine,1,0,1
a.carprofen,1,0,1
c.prednisone,1,0,1
d.prednisone,1,0,1
tried.1.amphotericin,1,0,1
2.ketoconazole,1,0,1
3.fluconazolea,1,0,1
b.trimethoprim-sulfadiazine,1,0,1
c.pyrimethamine,1,0,1
c.chloramphenicol,1,0,1
a.methylprednisolone,1,0,1
finster5,1,0,1
il-5).67,1,0,1
hypochloritec,1,0,1
tamibarotene38,1,0,1
stober,1,0,1
paio,1,0,1
cefperazone‐sulbactam,1,0,1
medipedia,1,0,1
torbat,1,0,1
hcv.9,1,0,1
phosphinotricin,1,0,1
biljana,1,0,1
hcv9,1,0,1
bms-858,1,0,1
yinbin,1,0,1
sphenanthera,1,0,1
ipl110,1,0,1
"hydroxychloroquine.(40,41",1,0,1
friedel,1,0,1
bifendate,1,0,1
buferin,1,0,1
chodera,1,0,1
typhi.19,1,0,1
ciprofloxacin—5,1,0,1
erythromycin—15,1,0,1
tetracycline—30,1,0,1
bismuth-sulfide,1,0,1
q˙,1,0,1
(15).it,1,0,1
usp2-,1,0,1
merthiolate)igg,1,0,1
barré-sinoussi,1,0,1
1.amphotericin,1,0,1
caa.6,1,0,1
methylprednisolone.60,1,0,1
corticosteroids.62,1,0,1
pr55gag-cyclophilin,1,0,1
vrc01,1,0,1
revinax,1,0,1
cirillo,1,0,1
1985–1999,1,0,1
clerk,1,0,1
cadmiumacetate,1,0,1
5).difenacoum,1,0,1
biram,1,0,1
daptomicina31,1,0,1
obras,1,0,1
cpg-stat3sirna,1,0,1
"24r,25-dihydroxyvitamind3",1,0,1
prednisolone>15,1,0,1
jirovec,1,0,1
usa.3,1,0,1
azithromycin+hydroxychloroquine.25,1,0,1
hydroxychloroquine-favipiravir84–86,1,0,1
hydroxychloroquine-lopinavir/ritonavir87,1,0,1
rafat,1,0,1
romualdovich,1,0,1
haddadin,1,0,1
boatin,1,0,1
resother,1,0,1
pitino,1,0,1
25-hydroxycholetserol,1,0,1
unoxidizedphospholipids,1,0,1
mda-lysine,1,0,1
syng,1,0,1
dae,1,0,1
(−)-epigallocatechin,1,0,1
beatum,1,0,1
ki=,1,0,1
berberisempetrifolia,1,0,1
cucullatum,1,0,1
alessandromanzoni,1,0,1
ffp2-,1,0,1
zygophyllumgaetulum,1,0,1
[68].chlorhexidine,1,0,1
enterovirus2apro,1,0,1
artemisinin-daumone,1,0,1
dihydroartesunate,1,0,1
natruralis,1,0,1
derogatis&,1,0,1
terfenadine.28,1,0,1
pry.76,1,0,1
moon.5,1,0,1
vaporum,1,0,1
antennarius,1,0,1
fetus.14,1,0,1
corticosteroidsprednisolone,1,0,1
golimumab)anti‐tnf,1,0,1
(tofacitinib)tofacitinib,1,0,1
prednisolone.28,1,0,1
[58].dexamethasone,1,0,1
hemoglobin.109,1,0,1
hbvhbx,1,0,1
rotavirusvp2vlps,1,0,1
pro-flu+,1,0,1
trichloroeythylene,1,0,1
preadipocytelipid,1,0,1
benzylpiperazineadamantane,1,0,1
buthid,1,0,1
sadine,1,0,1
savanicola,1,0,1
hoggarensis,1,0,1
summya,1,0,1
erythromycin.[94,1,0,1
matyushenko,1,0,1
iron.8,1,0,1
racemiclignan,1,0,1
t-butylamide,1,0,1
khasminskii,1,0,1
ℜ0>1,1,0,1
healthcommission,1,0,1
apollo-era,1,0,1
emdex,1,0,1
pertussisa,1,0,1
[4].epirubicin,1,0,1
hydrogenperoxide.5,1,0,1
4-methylunberiferon,1,0,1
theh120vaccine,1,0,1
doosti,1,0,1
haghdoost,1,0,1
afarin,1,0,1
citrate3-,1,0,1
ribavirintriphosphat,1,0,1
simianrotavirus,1,0,1
ferricnanocomposite,1,0,1
cidofovir.55,1,0,1
histamine.88,1,0,1
adjuvant33,1,0,1
53].hydroxychloroquine,1,0,1
maccarthy9,1,0,1
psi-pred,1,0,1
upa,1,0,1
cyrtostachys,1,0,1
bortezomib3,1,0,1
novasterilis,1,0,1
hipac,1,0,1
ecn.,1,0,1
glabrous.25,1,0,1
gdiphtheria,1,0,1
mca02a)isopropanol75,1,0,1
pthr2,1,0,1
coccine,1,0,1
e-uracil,1,0,1
pdl1/pd154,1,0,1
1-alkylated,1,0,1
duflot,1,0,1
pradines,1,0,1
danna,1,0,1
instagram.4,1,0,1
oseltamivir.19,1,0,1
sameehahussain,1,0,1
jolt.7,1,0,1
piva,1,0,1
"hungary,5",1,0,1
tetanushoch,1,0,1
breitband-cephalosporin,1,0,1
anti-vitaminb12,1,0,1
citricacid-baseddess,1,0,1
rosellepolyphenolics,1,0,1
samr,1,0,1
1.hinokinin,1,0,1
camostat8.camostat,1,0,1
bromenollactone,1,0,1
chondroblasts,1,0,1
trimethoprim-sulfamethoxazole.[32,1,0,1
zilr,1,0,1
hamide,1,0,1
"adenovirus,15",1,0,1
methyl-3h,1,0,1
ljungman,1,0,1
24.it,1,0,1
valsartan-cilnidipine,1,0,1
kumudini,1,0,1
meseret,1,0,1
iodobacter,1,0,1
4-methylbenzylamine,1,0,1
ρlu,1,0,1
amoxicillin-clv,1,0,1
dalfopristin/quinopristin,1,0,1
scd14,1,0,1
eu-hp,1,0,1
eryrthromycin,1,0,1
strep-euro,1,0,1
netilmicin-,1,0,1
moxifloxacin-,1,0,1
gentamycine-chloramphenicol,1,0,1
rivulet,1,0,1
jelenina,1,0,1
cytarabine-daunorubicin,1,0,1
cytarabin-daunorubicin,1,0,1
levofloxacin-fluconazole,1,0,1
zidovudine-didanosine,1,0,1
didanosine-stavudine,1,0,1
lamivudine-tenofovir,1,0,1
vikiarota-adeno,1,0,1
vikiarota,1,0,1
vikia,1,0,1
vidiarubellaigg,1,0,1
rubigm,1,0,1
delphinidinchloride,1,0,1
bkkf,1,0,1
chloroquine7,1,0,1
licorice‐saponins,1,0,1
isoliquiritigen,1,0,1
glycyrrhiza‐derived,1,0,1
aspirin.3,1,0,1
(30–34).chloroquine,1,0,1
dermabrasion,1,0,1
kompetensidokter,1,0,1
samsul,1,0,1
epoxysuccinates,1,0,1
andpropranolol,1,0,1
pilatus6,1,0,1
pap3,1,0,1
racemate(±)-15a,1,0,1
"chlorine20,32",1,0,1
"chlorine.20,32",1,0,1
chlorine.23,1,0,1
grifola,1,0,1
polysaccharideadjuvant,1,0,1
chitosan-adjuvanted,1,0,1
larvae.19,1,0,1
doxycycline.26,1,0,1
pegifn-λ1,1,0,1
pegifn-λ.57,1,0,1
hpv-11.hpv,1,0,1
aes-raisin,1,0,1
l-amb.,1,0,1
1963–1967,1,0,1
o321,1,0,1
cholesteroloxidase,1,0,1
fillol,1,0,1
mercaptophosphonates,1,0,1
isoniazid-resistant/rifampicin,1,0,1
oprd.,1,0,1
h.spongeliae,1,0,1
garrick,1,0,1
ghio,1,0,1
methemoglobin.37,1,0,1
[31].lopinavir,1,0,1
kazan,1,0,1
meagancusack,1,0,1
s‐nitroso‐acetylpenicillamine,1,0,1
gsh.34,1,0,1
neoproscinetes,1,0,1
taverne,1,0,1
coccodus,1,0,1
ichthyoceros,1,0,1
paranursalliagutturosa,1,0,1
asflapristis,1,0,1
aptian-albian,1,0,1
goulmimichthys,1,0,1
aguanueva,1,0,1
angustus,1,0,1
scrobiculatus,1,0,1
tethysensis,1,0,1
tura,1,0,1
mcgeer,1,0,1
reema,1,0,1
pentavalenterlebendimpfstoff,1,0,1
sind:•nitrofurantoin,1,0,1
monate)•trimethoprim,1,0,1
ciprofloxacin).zum,1,0,1
impetigocontagiosa,1,0,1
etwas,1,0,1
moxifloxacin•,1,0,1
monobactam-antibiotika,1,0,1
rifampicillin,1,0,1
kortikoiden,1,0,1
erythromycin-augensalbe,1,0,1
pertussiformer,1,0,1
aciclovir-augensalbe,1,0,1
bavariensis,1,0,1
pragmatisch,1,0,1
zweimaliggeimpftefrauen,1,0,1
isoxazolylpenicillineisoxazolylpenicilline,1,0,1
piperacillins,1,0,1
gutcephalosporineparenterale,1,0,1
oralcephalosporinecephalosporineorale,1,0,1
cefuroxims,1,0,1
antiparasitika,1,0,1
einmebendazol,1,0,1
neuraminidasehemmervirostatikaneuraminidasehemmer,1,0,1
erythromycin-esterasen.•,1,0,1
trianguloscalpellum,1,0,1
lepas,1,0,1
climaco,1,0,1
gemzar-cisplatin,1,0,1
"etanercept,82",1,0,1
[60].delafloxacin,1,0,1
[195].nafithromycin,1,0,1
∼$685,1,0,1
anagliptin-,1,0,1
tricho-,1,0,1
leafroll,1,0,1
ampicillin.53,1,0,1
epiglottitis.54,1,0,1
streptococcus.58,1,0,1
ev71.7,1,0,1
41-kda,1,0,1
oseltamivir.13,1,0,1
"monocrotaline,6",1,0,1
rvsp,1,0,1
sabini,1,0,1
2′-datp,1,0,1
methyl-13c,1,0,1
fenoterol.193,1,0,1
neptus,1,0,1
menispermumdauricum,1,0,1
anguo,1,0,1
aluminumoxyhydroxide,1,0,1
shaka,1,0,1
zombi,1,0,1
p19,1,0,1
p2-,1,0,1
drews27,1,0,1
u.v,1,0,1
omy,1,0,1
alstone,1,0,1
muntasir,1,0,1
2002).cyclosporin,1,0,1
zanamivir40,1,0,1
handrubs––ethanol,1,0,1
aminoacids.12peptide,1,0,1
aminoacids.61,1,0,1
preston,1,0,1
18α-glycyrrhizic,1,0,1
antiviralactivityofribavirin,1,0,1
cellu,1,0,1
icaridin/permethrin,1,0,1
thiol-cdna,1,0,1
θ-defensinretrocyclin,1,0,1
sace2-immunoglobulin,1,0,1
larynx,1,0,1
lsalt,1,0,1
alien,1,0,1
35].doxorubicin,1,0,1
kaempferol30,1,0,1
beta-interferons,1,0,1
alcohol.15,1,0,1
beasley,1,0,1
cyi,1,0,1
gag/gag-pol,1,0,1
amodiaquine3,1,0,1
bithionol4,1,0,1
gastrin/g,1,0,1
histamine-,1,0,1
wolosin,1,0,1
lingrel,1,0,1
salbutamol.14,1,0,1
montelukast.25,1,0,1
palivizumab.27,1,0,1
rubénd.manzanedo,1,0,1
palivizumab.1,1,0,1
egcg-fattyacid,1,0,1
cyclind,1,0,1
chk1-,1,0,1
d-pseudoephedrine,1,0,1
qi-fa,1,0,1
de-jia,1,0,1
p.it,1,0,1
kalimullin,1,0,1
vatev,1,0,1
14].hydroxychloroquine,1,0,1
ganciclovir/valganciclovir/acyclovir,1,0,1
4c).sofosbuvir,1,0,1
[64].nitazoxanide,1,0,1
tba-conjugated,1,0,1
cisplatin-induced,1,0,1
stochy,1,0,1
azithromycin‐chloroquine,1,0,1
dihydroartemisinin‐piperaquine,1,0,1
aqin,1,0,1
heparin93,1,0,1
trihydroxylated,1,0,1
sundaravadivel,1,0,1
(1968).4,1,0,1
skrjabingylus,1,0,1
l.kerolus,1,0,1
ribavirin.71,1,0,1
.protamine,1,0,1
phyl-lgene,1,0,1
[203].baricitinib,1,0,1
rifandi,1,0,1
",bl",1,0,1
mir‐22,1,0,1
tricot,1,0,1
triazophos,1,0,1
5].hydroxychloroquine,1,0,1
2-carbamide,1,0,1
plakinamined,1,0,1
crambescidine,1,0,1
monalidine,1,0,1
massadine,1,0,1
criamide,1,0,1
hemiasterlinb,1,0,1
criamideb,1,0,1
neosiphoniamolide,1,0,1
smenamides,1,0,1
smenamide,1,0,1
chondropsind,1,0,1
hippolide,1,0,1
stigmastane,1,0,1
albicans.55,1,0,1
acyclovir.73,1,0,1
doxorubicin.134,1,0,1
"ran,18",1,0,1
ethanol4,1,0,1
siranax,1,0,1
buffels,1,0,1
gentamicin‐,1,0,1
o‐glycosidase,1,0,1
amoxi-clavulanate,1,0,1
cicabeta-test,1,0,1
ceferclor,1,0,1
streptomycin-spectinomycin,1,0,1
clarithromycin-resistance,1,0,1
delsol,1,0,1
arendrup,1,0,1
ardabil,1,0,1
amphothericinb.,1,0,1
bithiolol,1,0,1
biothiolol,1,0,1
southamerica,1,0,1
edta-imipenem/imipenem,1,0,1
ceftazidime/ceftazidime-clavulánic,1,0,1
imipenem/imipenemedta,1,0,1
blactx-m-15,1,0,1
octenidinedihydrochloride,1,0,1
tmt-smx,1,0,1
leucoderm,1,0,1
vancomycin-va,1,0,1
linesolide,1,0,1
ro49,1,0,1
lactoferrin/amoxicillin,1,0,1
daptomycin/tetracycline,1,0,1
cepfoperazone/sulbactam,1,0,1
telithromycin-,1,0,1
penr,1,0,1
benzylpenicillin(p,1,0,1
erythromycin(e,1,0,1
clindamycin(l,1,0,1
kytolone,1,0,1
ref-nric,1,0,1
medocaril,1,0,1
uro-vaxom,1,0,1
retapamulin[re,1,0,1
2-methylamino-benzodiazepines,1,0,1
ziziphoraclinopodioides,1,0,1
methanol70,1,0,1
ziziphora,1,0,1
refludan,1,0,1
m.catarrhalisvaccine,1,0,1
kardas,1,0,1
bl-macrolide,1,0,1
carbenicillinases,1,0,1
phe-arg-β-naphthylamide,1,0,1
fosfomycin-r,1,0,1
fosfomycin-s,1,0,1
uealyticum,1,0,1
cefoxatime,1,0,1
fluorokinolones,1,0,1
macrolides-m,1,0,1
ceftiofur-r,1,0,1
cefuroxime-r,1,0,1
trimetroprim-sulfamethoxazole,1,0,1
tem-penicillinase,1,0,1
polysaccharidea,1,0,1
cdap,1,0,1
anti-meningococcalvaccine,1,0,1
cephalosporins/aztreonam,1,0,1
penicillins+inhibitors,1,0,1
ciprofloxacinr,1,0,1
ceftazidimer,1,0,1
1hydroxyapatite,1,0,1
14c-ciprofloxacin,1,0,1
paroex,1,0,1
betaisodona,1,0,1
acid/ciprofloxacin,1,0,1
n.65,1,0,1
juiceurease,1,0,1
helcococcuskunzii,1,0,1
pneumococcalcapsularpolysaccharides,1,0,1
ebvigg,1,0,1
hsv-2igg,1,0,1
cephlosporins,1,0,1
.cefotaxime,1,0,1
helaly,1,0,1
haemulonii,1,0,1
post-caspofungin,1,0,1
onychomychosis,1,0,1
dactilaria,1,0,1
ceftobiprole-,1,0,1
ceftriaxne,1,0,1
alcohol-clorhexidine,1,0,1
imipenem+edta,1,0,1
amoxicilline-clavulanic,1,0,1
mex,1,0,1
cefems,1,0,1
ag+β-lactam,1,0,1
ceftazime,1,0,1
docter,1,0,1
youjun,1,0,1
papillomavirus16,1,0,1
bovenkarspel,1,0,1
mitralaortic,1,0,1
hbvx,1,0,1
bact,1,0,1
rifampim,1,0,1
aztreonam[azm,1,0,1
m960,1,0,1
dichlorophenolindophenol,1,0,1
coli-ciprofloxacin,1,0,1
cefepime-clavulanic,1,0,1
ceftazidime-resistant,1,0,1
imipenem-s,1,0,1
imipenem-ns,1,0,1
daptomycin-,1,0,1
cyp17,1,0,1
antimicrotubule,1,0,1
ancomycin,1,0,1
waitumbi,1,0,1
proligera,1,0,1
metronidazol+,1,0,1
metal-osteosuture,1,0,1
levofloxacin-rifampin,1,0,1
ipsatp1a,1,0,1
sulfametoxazole/torimetoprim,1,0,1
daptomycin-r,1,0,1
lineozolid,1,0,1
peg-ifn-alfa2b,1,0,1
(peg)-ifn-alpha-2a,1,0,1
fosamprenavir/r,1,0,1
1fluconazole,1,0,1
(75%)2itraconazole,1,0,1
itraconazole-,1,0,1
cefroxime,1,0,1
tosillitis,1,0,1
mic90s,1,0,1
ciai,1,0,1
imipenem-r,1,0,1
ampi-sulbactam,1,0,1
rhodomyrtustomentosa,1,0,1
cuminum,1,0,1
2011)3,1,0,1
minocycline.37,1,0,1
oxodipine.47,1,0,1
cyclophosphamide.104,1,0,1
propranolol.119,1,0,1
alcohol.159,1,0,1
diet.193,1,0,1
ioxtidine.354,1,0,1
cyproteroneacetate.361,1,0,1
acyclovir.158,1,0,1
erythromycin.513,1,0,1
panthothenicacid.538,1,0,1
peptide-n-glycosidase,1,0,1
argatroban.21,1,0,1
cyclophosphamide.8,1,0,1
daliensis,1,0,1
rubinotus,1,0,1
bothriocroton,1,0,1
gangus,1,0,1
uncinocarpus,1,0,1
l.senegalensis,1,0,1
benzonidazole,1,0,1
deltametrine,1,0,1
matrajt,1,0,1
biobooster,1,0,1
sigm,1,0,1
sigi,1,0,1
s-ibuprofen,1,0,1
r-ibuprofen,1,0,1
"epiprogoitrin,progoitrin",1,0,1
"progoitrin,r-goitrin",1,0,1
"epiprogoitrin,r-goitrin,",1,0,1
ribavirin.5,1,0,1
ritonavir.26,1,0,1
biphenol,1,0,1
[71].pranlukast,1,0,1
sta-vudine,1,0,1
glycyrrhizin.124,1,0,1
codon/aminoacid,1,0,1
d’ofloxacine,1,0,1
levofloxacin.55,1,0,1
co-trimoxazole.70,1,0,1
dsp8,1,0,1
d-curve,1,0,1
bentil,1,0,1
methyl(s)-2-((s)-2-((tert-butoxycarbonyl)amino)pent-4-ynamido)-3-cyclohexylpropanoate,1,0,1
methyl(s)-2-((s)-2-(((benzyloxy)carbonyl)amino)pent-4-ynamido)-3-cyclohexylpropanoate,1,0,1
methyln5-(3-azidoropyl)-n2-(tert-butyoxycarbonyl)-l-glutaminate19a,1,0,1
methyln5-(3-azidopropyl)-n2-(tert-butoxycarbonyl)-l-glutaminate,1,0,1
methyln5-(4-azidobutyl)-n2-(tert-butoxycarbonyl)-l-glutaminate,1,0,1
methyln5-(5-azidopentyl)-n2-(tert-butoxycarbonyl)-l-glutaminate,1,0,1
methyln5-(6-azidohexyl)-n2-(tert-butoxycarbonyl)-l-glutaminate19e,1,0,1
methyln2-(tert-butoxycarbonyl)-n5-(prop-2-yn-1-yl)-l-glutaminate,1,0,1
methyln2-((tert-butoxycarbonyl)leucyl)-n5-(prop-2-yn-1-yl)-l-glutaminate,1,0,1
methyln5-(3-azidopropyl)-n2-(((s)-2-(((benzyloxy)carbonyl)amino)pent-4-ynoyl)-l-leucyl)-l-glutaminate,1,0,1
methyln5-(4-azidobutyl)-n2-(((s)-2-(((benzyloxy)carbonyl)amino)pent-4-ynoyl)-l-leucyl)-l-glutaminate,1,0,1
compound15a,1,0,1
"methyl(8s,11s,14s",1,0,1
"cyclophosphamide),8",1,0,1
carmustine21,1,0,1
cytarabine/thiotepa,1,0,1
"busulfan,32",1,0,1
pomalidomide).50,1,0,1
gyn-,1,0,1
"1,25-(oh)2-vitamind",1,0,1
eif4a,1,0,1
carbamazepinefosphenytoinphenobarbitalphenytoin,1,0,1
efavirenzetravirinenevirapine,1,0,1
clarithromycinerythromycinmetronidazole,1,0,1
tinidazolequinupristin/dalfopristinlevofloxacin,1,0,1
clotrimazoleitraconazoleketoconazolefluconazoleposaconazolevoriconazole,1,0,1
(general)amprenaviratazanavirdarunavirfosamprenavirindinavirnelfinavirritonavirsaquinavirtipranavir,1,0,1
surfacten,1,0,1
bioavailablevitaminb12,1,0,1
hydroxychloroquine”[mh,1,0,1
hydroxychloroquine”[tw,1,0,1
excisionpropranolol,1,0,1
causecricoid,1,0,1
hydrationdexamethasone,1,0,1
hmontelukast,1,0,1
blockleukotriene,1,0,1
"penicillins,35",1,0,1
fluconazole.46,1,0,1
gentamicin/amikacin/sisomicinticarcillin,1,0,1
gentamicin/tobramycin/amikacin/netilmicinmezlocillin,1,0,1
tobramycinpiperacillin,1,0,1
penicillin/β-lactam,1,0,1
gentamicinlatamoxef,1,0,1
gentamicin/amikacincefotaxime,1,0,1
amikacinceftazidime,1,0,1
tobramycin/amikacincefoperazone,1,0,1
amikacinceftriaxone,1,0,1
amikacin/netilmicin,1,0,1
cefalotincarbenicillin,1,0,1
cefamandoleceftazidime,1,0,1
flucloxacillinticarcillin,1,0,1
latamoxefpiperacillin,1,0,1
gentamicincarbenicillin,1,0,1
latamoxefceftazidimecefoperazoneceftriaxoneimipenemmeropenemciprofloxacincefpiromecefepimepiperacillin,1,0,1
vancomycinimipenem,1,0,1
vancomycintrimethoprim,1,0,1
amikacinticarcillin,1,0,1
tazobactam.81,1,0,1
azathioprine.129,1,0,1
enterococcistreptococci,1,0,1
foscarnet.175,1,0,1
claudioguerci,1,0,1
lazzarin,1,0,1
caclavez,1,0,1
ethylalcohol.14,1,0,1
kleenzyme,1,0,1
psychogenics,1,0,1
[32];azathioprine,1,0,1
dtab,1,0,1
ethanal,1,0,1
vitrella,1,0,1
rotavirusp[6,1,0,1
sodium_gluconate,1,0,1
chloroquine26,1,0,1
chloroquine45,1,0,1
kota,1,0,1
azt-,1,0,1
priscilla,1,0,1
liriomyza,1,0,1
bryoniae,1,0,1
merali,1,0,1
antihistamines.88,1,0,1
fluoroquinolones.139,1,0,1
ampicillin.145,1,0,1
lopinavir/ritonavir/interferon-β,1,0,1
[39].azithromycin,1,0,1
hydroxyurea-,1,0,1
beclomethasone.21,1,0,1
aybeniz,1,0,1
alisan,1,0,1
a>1,1,0,1
ribavirin.31,1,0,1
inhibitor-glucuronide,1,0,1
para-chloroaniline,1,0,1
"measles,15",1,0,1
trends.34,1,0,1
gudi,1,0,1
li26,1,0,1
zib,1,0,1
fumonisinfb1,1,0,1
foodsafety,1,0,1
jecfa,1,0,1
antihistone-,1,0,1
benznidazol26,1,0,1
ivermectina44,1,0,1
daptomycin*as,1,0,1
h)echinocandin,1,0,1
amphotericin-based,1,0,1
hbvdna-pna,1,0,1
saururaceaeh.cordata,1,0,1
yannakakis,1,0,1
β2-sympathomimetic,1,0,1
progesterone.115,1,0,1
•strychnine,1,0,1
hiv.23,1,0,1
pipera-cillin/tazobactam,1,0,1
n.ohri,1,0,1
stelexis,1,0,1
sato.52,1,0,1
"cefoperazone,16",1,0,1
2005).ribavirin,1,0,1
imepodib,1,0,1
tsvetovat,1,0,1
ketamine.34,1,0,1
(synagis,1,0,1
•prednisone,1,0,1
veyx,1,0,1
plantavet,1,0,1
blattin,1,0,1
panacur,1,0,1
vitaselen,1,0,1
zhuoran,1,0,1
chloroquinwiley‐vch,1,0,1
chinolinderivat,1,0,1
2-thiolbestatin,1,0,1
2-aminothiols,1,0,1
chloroform.70,1,0,1
propolisflavone,1,0,1
dassaspirin,1,0,1
nsar/acetaminophen,1,0,1
shengjiang,1,0,1
"glycyrrhizae(süßholzwurzel),rd",1,0,1
kortison-,1,0,1
ligusticichuanxiong,1,0,1
notopterygii,1,0,1
cimicifugae,1,0,1
loratadinbehandelten,1,0,1
gellingpolysaccharides,1,0,1
g(gg,1,0,1
bacic,1,0,1
polymannuronate,1,0,1
xyloglucanb,1,0,1
ga-stabilised,1,0,1
cobicistat/darunavir,1,0,1
fentanyl-midazolam,1,0,1
(glycine)2,1,0,1
liposomalnanovaccines,1,0,1
yuanxiao,1,0,1
hanyupinyin,1,0,1
leonelli,1,0,1
vitaminc(24,1,0,1
fanth,1,0,1
3hprazosin,1,0,1
1a-adrenoceptor,1,0,1
(+)-cyclazosin,1,0,1
1b-adrenoceptor,1,0,1
1d-adrenoceptor,1,0,1
2b-adrenoceptor,1,0,1
2c-adrenoceptor,1,0,1
3h]-norepinephrine,1,0,1
[3h]p-aminoclonidine,1,0,1
[3h]clonidine,1,0,1
[3h]piodoclonidine,1,0,1
[3h]moxonidine,1,0,1
[3h]idazoxan,1,0,1
3hdihydroalprenolol,1,0,1
datapropranololhydrochloride,1,0,1
[3h]-epinephrine,1,0,1
assay).(±)-propranolol,1,0,1
assay)(±)-propranolol,1,0,1
4-adrenoceptor,1,0,1
dipropylxanthine,1,0,1
aminodeaminase,1,0,1
125i-4-aminobenzyl-5′-n-methylcarboxamidoadenosine,1,0,1
3hadenosine,1,0,1
[m]captopril,1,0,1
125iodine,1,0,1
norepinephrinewas,1,0,1
na+-propionate,1,0,1
adrenotensin,1,0,1
μbondapax,1,0,1
ofurotensin,1,0,1
urotensin-,1,0,1
u-ii,1,0,1
2΄-deoxycytidine,1,0,1
(−)noradrenaline,1,0,1
phenoxybenzaminewas,1,0,1
propranololpractolol,1,0,1
norepinephrinechen,1,0,1
mg/kgdihydralazine,1,0,1
mg/kgpropranolol,1,0,1
varnish,1,0,1
α-adrenoreceptor,1,0,1
p.o.)nifedipine,1,0,1
theclamp,1,0,1
thiopento-barbital,1,0,1
thecatheter,1,0,1
tobarbital,1,0,1
rolidone,1,0,1
clonidine-,1,0,1
zamine,1,0,1
terenol,1,0,1
hclpractololmetoprolol,1,0,1
prenaline,1,0,1
rogallol,1,0,1
baso4-gelatin,1,0,1
3hnitrendipine,1,0,1
ω-agatoxiniiia,1,0,1
hydrochloridenifedipine,1,0,1
calcium-antagonists,1,0,1
.vanoli,1,0,1
forcepotassium,1,0,1
[14c]-iodoantipyrine,1,0,1
seega,1,0,1
bicucculine,1,0,1
carbocromene,1,0,1
bpd,1,0,1
mcgregor,1,0,1
theophylline–,1,0,1
folfoxiri;trifluridine-tipiracil,1,0,1
[25].ribavirin,1,0,1
chlorhexidine.125,1,0,1
ivancius,1,0,1
rnpa99.5,1,0,1
"xpress,49",1,0,1
rppa,1,0,1
beta-,1,0,1
gammaherpesviruses,1,0,1
drt,1,0,1
lori,1,0,1
peep.2,1,0,1
nsc95,1,0,1
sulfametoxazol5,1,0,1
lagotto,1,0,1
β-carbon,1,0,1
brasiliensis,1,0,1
tymo-,1,0,1
39].hydroxychloroquine,1,0,1
trimethoprim-sulfa.16,1,0,1
dollars.4,1,0,1
m2e-map,1,0,1
β-intercalated,1,0,1
lumicare,1,0,1
menicon,1,0,1
gamma-tocotrienol,1,0,1
[35s]methionine/cysteine-labeled,1,0,1
prolegumain,1,0,1
beatmung,1,0,1
topisches,1,0,1
ampicillin[18,1,0,1
dah,1,0,1
la¯,1,0,1
vsl20,1,0,1
[97].ribavirin,1,0,1
carboplatin-induced,1,0,1
"1,25‐dihydroxyvitamind",1,0,1
shankill,1,0,1
tiempo,1,0,1
pid,1,0,1
aprenosaurus,1,0,1
conolly,1,0,1
callegaro,1,0,1
canale,1,0,1
clint,1,0,1
1.mefloquine,1,0,1
levertransplantatie,1,0,1
1).colchicine,1,0,1
(40).colchicine,1,0,1
nutella,1,0,1
(hydroxy)‐chloroquine,1,0,1
egt,1,0,1
lanini,1,0,1
methylprednisolone/prednisone-use,1,0,1
dl-dithiothroitol,1,0,1
4-(2-hydroxyethyl)-1-piperazineethanesulfonic,1,0,1
na1950,1,0,1
hoofdstuk10.1007/978-,1,0,1
dehoofdstukken10.1007/978,1,0,1
azithromycin52,1,0,1
7b).it,1,0,1
octaplas®,1,0,1
ethyl­acetate,1,0,1
l-prolinol,1,0,1
liposome‐based,1,0,1
library.67,1,0,1
grzegorcyk,1,0,1
damnjanovic,1,0,1
mitocarta,1,0,1
ecar,1,0,1
n-diethyl-meta-toluamide(deet).47,1,0,1
mariateresa,1,0,1
theaflavin-,1,0,1
monif,1,0,1
vazirani,1,0,1
petrank,1,0,1
r.xinanzhongguoensis,1,0,1
dahlene,1,0,1
rolls,1,0,1
l.myriophyllum,1,0,1
at1r-agonist,1,0,1
fexaramine-,1,0,1
co-foundedmeissa,1,0,1
israel.26,1,0,1
ibuprofen-,1,0,1
pyrenoid,1,0,1
"1,25(oh)vitamin",1,0,1
•quercetin43,1,0,1
•astragalus,1,0,1
paniculata50,1,0,1
d’apolito,1,0,1
danggui,1,0,1
47].rituximab,1,0,1
–bafilomycina1,1,0,1
apiin,1,0,1
heparin35,1,0,1
automobiles,1,0,1
camptothecian,1,0,1
aerogels,1,0,1
atg5–atg12,1,0,1
garlic-γ-glutamyl-s-cysteines,1,0,1
e-ajoene,1,0,1
γ-glutamyl-s-allylcysteine,1,0,1
auc0–60,1,0,1
qtum,1,0,1
svo2,1,0,1
crystalloid.38,1,0,1
norepinephrine.31,1,0,1
milrinone.61,1,0,1
sotelo,1,0,1
m.alpina,1,0,1
metformin18,1,0,1
metformin-,1,0,1
duolink,1,0,1
vp56,1,0,1
haunshi,1,0,1
tryphostin,1,0,1
devereaux,1,0,1
[167].baricitinib,1,0,1
omapatrilat.69,1,0,1
sulfo-nhs-ester,1,0,1
phgf,1,0,1
hypochlorite(javel,1,0,1
karataş,1,0,1
2008).it,1,0,1
interferon/peginterferon,1,0,1
pneumococcus.42,1,0,1
6-methyl-mercaptopurine,1,0,1
al-bendazole,1,0,1
lasser2,1,0,1
tribet,1,0,1
l-cysteine-sodium,1,0,1
np-nh2-anti-tb,1,0,1
vivianbullwinkel,1,0,1
1817,1,0,1
mirna172,1,0,1
glycosulphate,1,0,1
35s-sulphate,1,0,1
bifidobacillus,1,0,1
vap1,1,0,1
"nafamostatmesylate48,49",1,0,1
mg/efavirenz,1,0,1
fazelnabavi,1,0,1
ioana,1,0,1
berindanneagoe,1,0,1
cosmin,1,0,1
andreicismaru,1,0,1
mohammadnabavi,1,0,1
saeid,1,0,1
7.propofol,1,0,1
thabane,1,0,1
β′2a,1,0,1
oel,1,0,1
sentob,1,0,1
nigericinsodium,1,0,1
charilaos,1,0,1
6li,1,0,1
chelates.79,1,0,1
gallium-,1,0,1
anusol,1,0,1
solvent.267,1,0,1
nafiseh,1,0,1
sti,1,0,1
mohammadamin,1,0,1
damsaz,1,0,1
amato,1,0,1
cannistra,1,0,1
xantine,1,0,1
glutathione/oxidised,1,0,1
no·/superoxide,1,0,1
back-ache,1,0,1
loconte,1,0,1
cosmetology,1,0,1
"curcumin.38,39",1,0,1
curcuminnanoformulation,1,0,1
ligue,1,0,1
rhuvivillamizar-peña,1,0,1
russia25,1,0,1
6d).it,1,0,1
reddy,1,0,1
s1’).alprazolam,1,0,1
bieten,1,0,1
trato,1,0,1
glide)94,1,0,1
aplicável,1,0,1
penicillin).16,1,0,1
2013).ibv,1,0,1
calciumglycyrrhizinate,1,0,1
nlr6,1,0,1
xanthineoxidase-inhibitor.8,1,0,1
indometacine.18,1,0,1
lopinavir/ritonavir/inf-β,1,0,1
probumin,1,0,1
methyl-writer,1,0,1
pingilikani,1,0,1
tj‐14,1,0,1
pacheco,1,0,1
[191].niclosamide,1,0,1
w∩b,1,0,1
w∪2,1,0,1
∪2,1,0,1
satukurkela,1,0,1
z-lrgg-amc,1,0,1
hydroxyl-α-sanshool,1,0,1
purginoside,1,0,1
mcmillan,1,0,1
5′-capsid,1,0,1
astmf2100-19e1,1,0,1
[39].vitamin,1,0,1
zanamivir2,1,0,1
crfb1,1,0,1
pf-8380,1,0,1
feng-jen,1,0,1
anti‐thymoglobulin,1,0,1
ran-,1,0,1
[219].rimantadine,1,0,1
40%.rimantadine,1,0,1
[236].ribavirin,1,0,1
masemula,1,0,1
anti-d.7,1,0,1
quindío,1,0,1
99].daclizumab,1,0,1
antipsychotics.12–17,1,0,1
progesterone.28,1,0,1
beta-estradiol.30,1,0,1
arginine-ornithine,1,0,1
xinzhu,1,0,1
hailin,1,0,1
trimethoprim-sulfadioxine,1,0,1
iupab,1,0,1
θ*.,1,0,1
xueyi,1,0,1
listeraovata,1,0,1
plampin,1,0,1
psoraleaamericana,1,0,1
psoraleapinnata,1,0,1
psoraleaglandulosa,1,0,1
dknvorf2apolypeptide,1,0,1
clo2,1,0,1
(84).vice,1,0,1
rifampin.[44,1,0,1
"rifampin.[45,49",1,0,1
devli,1,0,1
on.9,1,0,1
[49].ribavirin,1,0,1
codeine/paracetamol/ibuprofen,1,0,1
[66].ibuprofen/codeine,1,0,1
hydrocodone/paracetamol,1,0,1
2016).azithromycin,1,0,1
steroids+azathioprine+infliximab,1,0,1
6].lopinavir/ritonavir,1,0,1
dexamethasone141,1,0,1
trimethoprim-sulfadiazine.17,1,0,1
muscle70,1,0,1
pel,1,0,1
methylprednisolone.40,1,0,1
icdt-idm2,1,0,1
linlu,1,0,1
cola-dose,1,0,1
aegyptipraktisch,1,0,1
β‐glucosidase,1,0,1
p‐nitrophenol,1,0,1
nn‐dnj,1,0,1
4‐methylumbelliferyl,1,0,1
4‐methylumbelliferone,1,0,1
tigs,1,0,1
souhasaid,1,0,1
tevap,1,0,1
proyecto,1,0,1
anti-il-6/il-6-r,1,0,1
ambulanz-,1,0,1
vasodilatory,1,0,1
"lz,lq,yy,lc",1,0,1
"lidocaine,139",1,0,1
lidocaine22,1,0,1
lidocaine42,1,0,1
lidocaine.97,1,0,1
dexamethasone.138,1,0,1
libardo,1,0,1
luz,1,0,1
albasilvera,1,0,1
octaviootero-nader,1,0,1
anti-lamin,1,0,1
acetaminophen32,1,0,1
ritonavir1,1,0,1
ritonavir.7,1,0,1
acyclovir.68,1,0,1
bayanihanact,1,0,1
(pcv)/famciclovir,1,0,1
.brivudin,1,0,1
ribavirin-triphosphat,1,0,1
1.entecavir,1,0,1
tenofovirdisoproxil,1,0,1
triazolen,1,0,1
oseltamivir-carboxylat,1,0,1
penicilling.,1,0,1
.aminopenicillin-ß-laktamase-inhibitor-kombinationen,1,0,1
acylpenicillinen,1,0,1
penicillinderivaten,1,0,1
carbacephem,1,0,1
enterokokken-endokarditis,1,0,1
chloratom,1,0,1
nitrofurantoin-kapseln,1,0,1
amphote-ricin,1,0,1
.fluconazol,1,0,1
.voriconazol,1,0,1
lacton-peroxide,1,0,1
•artemether/lumefantrin,1,0,1
desethylchloroquin,1,0,1
•metronidazol,1,0,1
pentacarinat,1,0,1
pyrimethamin.•für,1,0,1
.doxycyclin,1,0,1
antibiotics.134,1,0,1
prosidyan,1,0,1
2006).4,1,0,1
xiya,1,0,1
selenium-fortifiedalfalfa,1,0,1
"amantadine,37",1,0,1
ziskin,1,0,1
antoinevan,1,0,1
anti-glcα1,1,0,1
6-bromoindirubin-3-oxime,1,0,1
liraglutide.4,1,0,1
gracilariagracilis,1,0,1
joker,1,0,1
γ-cyclodextrin,1,0,1
dabcyl-ktsavlq↓sgfrkm-e(edans)-nh2,1,0,1
hsgf,1,0,1
α-hydroxyamides,1,0,1
genta,1,0,1
curucumin,1,0,1
l-lysine-13c6,1,0,1
tiffen9,1,0,1
pegged.53,1,0,1
grubhub,1,0,1
fmoc-gln(me)2-n(ome)me,1,0,1
n‒o,1,0,1
mir‐16,1,0,1
mir‐bart15,1,0,1
magnesium+2,1,0,1
samin,1,0,1
argemexicaineb,1,0,1
argemona,1,0,1
jiaze,1,0,1
oseltamivir.21,1,0,1
β‐defensins.11,1,0,1
phomasetin,1,0,1
γ‐secretase,1,0,1
mg/kg/ritonavir,1,0,1
hemofelis.27,1,0,1
pulse-mode,1,0,1
txa240,1,0,1
alkoholisches,1,0,1
­ampicillin,1,0,1
anddoxycycline,1,0,1
gelatin-β,1,0,1
krifa,1,0,1
vinod,1,0,1
lijing,1,0,1
tardiora,1,0,1
ζ-carotene,1,0,1
sclerotherapie,1,0,1
a.hcq,1,0,1
b.hcq,1,0,1
s&p500,1,0,1
dfcp1,1,0,1
bnf,1,0,1
phenylalanine9,1,0,1
mouchet,1,0,1
tinzaparinsodium,1,0,1
meier.26,1,0,1
pd-1/pd-l1/pd-l2,1,0,1
shlapak,1,0,1
penicillin‒streptomycin,1,0,1
uk)50,1,0,1
kalzium,1,0,1
kolloide,1,0,1
"boulardii,69",1,0,1
b3nicotinamide,1,0,1
turgor,1,0,1
xaquin,1,0,1
ganciclovir.32,1,0,1
foscarnet.55,1,0,1
"acyclovir,75",1,0,1
virus.99oseltamivir,1,0,1
lamivudine.165,1,0,1
tenofovir.189,1,0,1
feces.194boceprevir,1,0,1
telaprevir.198,1,0,1
women.18,1,0,1
streptomycin.138,1,0,1
flucytosine.157,1,0,1
fluconazole.161,1,0,1
ampicillin.166,1,0,1
histaminephosphate,1,0,1
plro,1,0,1
mucocandidiasis,1,0,1
"onchocerciasis,31",1,0,1
ribavirin.43,1,0,1
sayandip,1,0,1
ran-enkf,1,0,1
amantadine18,1,0,1
measles.262,1,0,1
[188].itraconazole,1,0,1
hüttenkäse,1,0,1
methioninlücke,1,0,1
engpass,1,0,1
drugsafety.3,1,0,1
svc,1,0,1
rv‐cyclin,1,0,1
5‐iododeoxyuridine,1,0,1
buchifier,1,0,1
xaver,1,0,1
[65].vanadate,1,0,1
vanadate(v,1,0,1
allixin,1,0,1
oxodiacetate,1,0,1
2h)(aminophen,1,0,1
[inh]-rifampicin,1,0,1
ag49,1,0,1
[89].levofloxacin,1,0,1
[178].zanamivir,1,0,1
[188].zanamivir,1,0,1
57].alcohol,1,0,1
noren,1,0,1
perambra,1,0,1
svm-rbf,1,0,1
myrcludexb/pegifn,1,0,1
tourniquets.69,1,0,1
hscore,1,0,1
[64].hydroxychloroquine,1,0,1
[75].chloroquine,1,0,1
chq/hcq,1,0,1
r.silverstein,1,0,1
psychodramatische,1,0,1
theorie,1,0,1
doris,1,0,1
dorothea,1,0,1
ssin,1,0,1
6-azauridine6-azauridine,1,0,1
trichloromethyl,1,0,1
ni-phenanthroline,1,0,1
adriamycin.144−146,1,0,1
sulfone.147mebendazole,1,0,1
carboxypeptidaseg2,1,0,1
di-iodophenol,1,0,1
"toxicity.192,202irinotecan",1,0,1
adults.218capecitabine,1,0,1
(r)-hydroxyethylsulfonamide,1,0,1
p-methoxysulfonamide,1,0,1
3-(s)-tetrahydrofuranyl,1,0,1
racemiccarbamate,1,0,1
gs-5885,1,0,1
"ribavirin.310,311",1,0,1
sprg,1,0,1
azt.4,1,0,1
famciclovir.20,1,0,1
"trifluridine),1",1,0,1
alkoholabusus,1,0,1
houchin,1,0,1
marbach,1,0,1
bucolo,1,0,1
hulett,1,0,1
doumas,1,0,1
rosalki,1,0,1
3-methoxytyramine,1,0,1
heparin-mn2,1,0,1
25-hydroxyvitamind2,1,0,1
digoxin-lite,1,0,1
parathyrin,1,0,1
otvos,1,0,1
milk.59,1,0,1
bifidobacilli.106,1,0,1
isoflurane-o2,1,0,1
ifny,1,0,1
thattrq,1,0,1
phenpt2,1,0,1
fumarate/emtricitabine/efavirenz,1,0,1
clodagh,1,0,1
l.simon,1,0,1
talita,1,0,1
bianca,1,0,1
ronaldo,1,0,1
1vitaminc,1,0,1
cpf.24,1,0,1
bondelind,1,0,1
tersa,1,0,1
sironi,1,0,1
tunicamyxin,1,0,1
"vitaminb2),34",1,0,1
[1].it,1,0,1
odón,1,0,1
walaa,1,0,1
oseltamivir.25,1,0,1
sars.ribavirin,1,0,1
teicoplanin-3clpro,1,0,1
lysinebiosynthesis,1,0,1
λin,1,0,1
boron‐triclosan,1,0,1
am.20,1,0,1
shibo,1,0,1
"astmf1671/f1671m-13,astmf1670-",1,0,1
[18f]atorvastatin-pet,1,0,1
fa-1,1,0,1
xyanol,1,0,1
tachycardia.9,1,0,1
calil,1,0,1
rint2,1,0,1
klauskapelari,1,0,1
"1,25(oh)2d2",1,0,1
fungizide,1,0,1
kimchii,1,0,1
bifidobacteriumlongumi,1,0,1
loss.49,1,0,1
itraconazole).72,1,0,1
sodium/potassiumhydroxide,1,0,1
[86].azithromycin,1,0,1
[124].darunavir/cobicistat,1,0,1
[141].baricitinib,1,0,1
β‑lactam,1,0,1
β‑lactam-antibiotika,1,0,1
alteplase-,1,0,1
elsa,1,0,1
2011).metformin,1,0,1
éxito,1,0,1
bmp-pathway,1,0,1
maltose.47,1,0,1
anti-osmosis,1,0,1
enigeering.8,1,0,1
curcumin-incorporated,1,0,1
magnesiumstearate22,1,0,1
hbv.19,1,0,1
stegall,1,0,1
pancreatitisasparaginaseazathioprineclomipraminefurosemide,1,0,1
n-methylglucaminemetronidazolepotassium,1,0,1
(important)griseofulvinibuprofenitraconazoleketoconazole6-mercaptopurinemethimazolemethotrexatenitrofurantoinphenobarbital,1,0,1
lakshmiprabha,1,0,1
cq/hcq/azithromycin,1,0,1
bilharzia,1,0,1
pomax,1,0,1
meloxicam57,1,0,1
ibuprofen.59,1,0,1
[1].hydroxychloroquine,1,0,1
jolene,1,0,1
o‐anisidine,1,0,1
hmbana,1,0,1
mir‐26a,1,0,1
omeprazole.63,1,0,1
tinosporacrispa,1,0,1
prosa-web23,1,0,1
gilligan,1,0,1
shengmaxinside,1,0,1
ozonetherapist,1,0,1
[181].sarilumab,1,0,1
ta167,1,0,1
alun,1,0,1
2016).favipiravir,1,0,1
thalidomide-,1,0,1
thrombembolieprophylaxe,1,0,1
seus,1,0,1
cyclosporine.58,1,0,1
develops.•trimethoprim/sulfamethoxazole,1,0,1
5-bromo-2’deoxyuridine,1,0,1
ga/ra,1,0,1
lemma,1,0,1
tocilizumab.32,1,0,1
ampicillinampicillin,1,0,1
penicillinpenicillin,1,0,1
[36].linezolid,1,0,1
b.caspofungin,1,0,1
voriconazolea,1,0,1
itraconazolemore,1,0,1
fluconazolediffuse,1,0,1
acyclovir/valaciclovir/famciclovirsuppressive,1,0,1
acyclovir/valaciclovir/famciclovirganciclovirpotential,1,0,1
b)zanamivir,1,0,1
keskinocak,1,0,1
lovejoy,1,0,1
γ-thionins,1,0,1
tingzhe,1,0,1
pyrazinoquinozolinedione,1,0,1
spinraza,1,0,1
apt-,1,0,1
hydrocortisone-,1,0,1
α-herpes,1,0,1
chelateoxalate,1,0,1
nsc697923,1,0,1
bcg-a,1,0,1
h>1,1,0,1
ezzine,1,0,1
sulphated,1,0,1
anti‐zikv,1,0,1
filmarrayrp,1,0,1
neoruscogenin,1,0,1
justicidind,1,0,1
angoluvarin,1,0,1
jolkinolb,1,0,1
arginine.25,1,0,1
"clr01,14",1,0,1
[107].ifn-ω,1,0,1
eplerenone.82,1,0,1
raas102,1,0,1
gagp57polyprotein,1,0,1
kshvmir-k11,1,0,1
rapamycin.143,1,0,1
zanamivir.2,1,0,1
colombi,1,0,1
adeoti,1,0,1
fixation.91,1,0,1
hastv-pro,1,0,1
quadrivalenthpv16/18/6/11,1,0,1
hpvl1vlp,1,0,1
gpi-0100adjuvant,1,0,1
statins.101,1,0,1
ß2-agonists,1,0,1
roco,1,0,1
karpanoja,1,0,1
shigellasonnei,1,0,1
acanthamoedae,1,0,1
oral-penicillin,1,0,1
myconostica,1,0,1
cephaperazon-sulbactam,1,0,1
tineacapitis,1,0,1
piperacillin/tazobactan,1,0,1
lactophenol-blue,1,0,1
fusarial,1,0,1
flycytosine,1,0,1
purinecytosine,1,0,1
gorrin,1,0,1
zeltia,1,0,1
cy0,1,0,1
rvpfast,1,0,1
petronio,1,0,1
philippinedenv,1,0,1
hpv-81,1,0,1
hpv-84,1,0,1
hpv66,1,0,1
avi-6002,1,0,1
vallès,1,0,1
alloicoccus,1,0,1
g9p,1,0,1
monogen,1,0,1
vidas,1,0,1
candidaconjugate,1,0,1
apb,1,0,1
isoxazolylpenicillins,1,0,1
midecamicyn,1,0,1
peniciliin,1,0,1
a-pantoprazole,1,0,1
b-pantoprazole,1,0,1
/–teicoplanin,1,0,1
chlorhexidine-ipa,1,0,1
oxiferm,1,0,1
pan-aminoglycoside,1,0,1
ceftazidimase,1,0,1
ofloxacin/norfloxacin,1,0,1
ceftriaxone-r,1,0,1
imi,1,0,1
isaba21,1,0,1
quinupristin-dal,1,0,1
vanb,1,0,1
penicinilase,1,0,1
serin,1,0,1
syphilistp®,1,0,1
bactosonic,1,0,1
cyaa.,1,0,1
tedizolidphosphate,1,0,1
ptk,1,0,1
[14c]-delafloxacin,1,0,1
lff571,1,0,1
cpt/avibactam,1,0,1
gentamicin-r,1,0,1
ceftriaxone-non-s,1,0,1
piperacillin/taz,1,0,1
oxacillin-s,1,0,1
pentacyclines,1,0,1
taurolidine-citrate,1,0,1
serrulatane,1,0,1
pen-,1,0,1
levo-,1,0,1
pula,1,0,1
trimethoprim-sulfmethoxazole,1,0,1
oxacillin/cefoxitin,1,0,1
paracoccioides,1,0,1
florencia,1,0,1
caquetá,1,0,1
col/doripenem,1,0,1
polimyxin,1,0,1
hydroxylitraconazole,1,0,1
oh-itz,1,0,1
cefalonium,1,0,1
benzylpenicillin-pg,1,0,1
ampicillin-am,1,0,1
cefotaxime-ct,1,0,1
meropenem-mp,1,0,1
ciprofloxacin-ci,1,0,1
erythromycin-em,1,0,1
clindamycin-cm,1,0,1
trimethoprim-sulfamethoxazole-ts,1,0,1
cefotetan/cloxacillin,1,0,1
cefotaxime/cefotaxime,1,0,1
gentamicin/tobramycin,1,0,1
bjelovar,1,0,1
etest®,1,0,1
cephalosporin/clavulanic,1,0,1
ast-piperacillin/tazobactam,1,0,1
ascorbata,1,0,1
tg/rifampicin,1,0,1
cefpimetazobactam,1,0,1
sulbactamampcillin,1,0,1
bal30072/meropenem,1,0,1
caz-clavulanate,1,0,1
oxacillin/levofloxacin/erythromycin/clindamycin/tetracycline,1,0,1
daptomicin,1,0,1
4-fluoroquinolone,1,0,1
genoquick,1,0,1
rifampin/isoniazid,1,0,1
inhr,1,0,1
ethrinhibitor,1,0,1
micaelo,1,0,1
iniarta,1,0,1
ib1,1,0,1
ureolyticus,1,0,1
penicillin-m,1,0,1
kineret®,1,0,1
fosfomycin-rifampin,1,0,1
schistomiasis,1,0,1
soay,1,0,1
norcardia,1,0,1
"cefazolin,43",1,0,1
tenofovir/lamivudine/efavirenz,1,0,1
gran,1,0,1
pil5,1,0,1
pilw,1,0,1
meningococci,1,0,1
j01ea-trimethoprim,1,0,1
6-alpha-methoxy-ticarcillin,1,0,1
levofloxacin/metronidazole,1,0,1
cefazoline/metronidazole,1,0,1
ceftazidime/metronidazole,1,0,1
ticarcillin/clavulanicacid,1,0,1
imipemen/cilastatin,1,0,1
flucloxicillin,1,0,1
colisthimethate,1,0,1
colistin/polymyxin,1,0,1
nailis,1,0,1
rifn-alfa,1,0,1
vagococcus,1,0,1
mc398,1,0,1
mefloquine-doxycycline,1,0,1
meglumineantimonial,1,0,1
visceral,1,0,1
nasoniae,1,0,1
vegano.2/0031/11,1,0,1
enterobaceriaceae,1,0,1
mac-cephalosporins,1,0,1
"2,6-dimethylphenol",1,0,1
serum.18,1,0,1
ticagrelor/asprin,1,0,1
clopidogrel/aspirin,1,0,1
1c).lopinavir/ritonavir,1,0,1
proliamines,1,0,1
isoflurane9,1,0,1
dexmedetomidine16,1,0,1
actr3,1,0,1
xiao-qing-long-tang,1,0,1
varinia,1,0,1
arctiin15,1,0,1
x5=rr,1,0,1
rubs.56,1,0,1
sigurrós,1,0,1
anti‐cyclophilin,1,0,1
olifantencultuur,1,0,1
impulscontrole,1,0,1
arrow,1,0,1
facebook1,1,0,1
anti‐m,1,0,1
daspoort,1,0,1
5-ﬂuorouracil,1,0,1
fraxel,1,0,1
ticona,1,0,1
povidine‐iodine,1,0,1
smaco,1,0,1
iotatorquevirus,1,0,1
pvx,1,0,1
lactobacilli-basedvaccine,1,0,1
pemba,1,0,1
dipanwita,1,0,1
mf59squalene,1,0,1
zarogoulidis,1,0,1
fluorophore-conjugated,1,0,1
alfa-alfa,1,0,1
polygalamyrtifolia,1,0,1
artintateformula,1,0,1
sars.glycyrrhizin,1,0,1
mathrombin,1,0,1
thamir,1,0,1
antibiotics.52,1,0,1
antibiotics.48,1,0,1
tungstates,1,0,1
la4,1,0,1
2011).chlorine,1,0,1
[24].ganciclovir,1,0,1
parvizi,1,0,1
salbutamol+theophylline+bromhexine,1,0,1
h1‐antihistamines,1,0,1
dellaripa,1,0,1
coppertouch,1,0,1
1)hydroxychloroquine,1,0,1
stat2)oseltamivir,1,0,1
penta,1,0,1
bleomycintherapie,1,0,1
theophyllin.β-blocker,1,0,1
athanasios,1,0,1
kdb1,1,0,1
cekic,1,0,1
ada-,1,0,1
ada-cd26,1,0,1
seytre1,1,0,1
m-nitrophenyl,1,0,1
vipirinin,1,0,1
zinbryta,1,0,1
leistungsorientierte,1,0,1
myrecetin-3-o-rhamnopyranoside,1,0,1
dipoles,1,0,1
ganciclovir.45,1,0,1
ganciclovir.46,1,0,1
n‐methanocarbathymidine,1,0,1
cidofovir.57,1,0,1
"oseltamivir,100",1,0,1
phyllanthusemblica,1,0,1
poliovirus.160,1,0,1
duy11,1,0,1
aliskiren.37,1,0,1
elli,1,0,1
l.icterohaemorrhagiae,1,0,1
daquin,1,0,1
piperacilina-tazobactan,1,0,1
feinuo,1,0,1
tethya,1,0,1
telework1,1,0,1
phillygenin,1,0,1
[69].schisandra,1,0,1
[85].voriconazole,1,0,1
[96].posaconazole,1,0,1
­voriconazole,1,0,1
"hydroxychloroquine,21",1,0,1
heat-killedimmunobiotics,1,0,1
92alcohol,1,0,1
•chlorhexidine,1,0,1
"rapamycin,13",1,0,1
benedictine,1,0,1
othello,1,0,1
pediatrics(aap)96,1,0,1
hbig.”96,1,0,1
zidovudine.235,1,0,1
sanyi,1,0,1
bifidobacterium[7,1,0,1
amcf,1,0,1
"acyclovir,10",1,0,1
sclstm,1,0,1
scgru,1,0,1
q≠q1,1,0,1
conos17,1,0,1
manganese/magnesium,1,0,1
6).gemcitabine,1,0,1
anti-mtb,1,0,1
"rotavirus,18reovirus,19",1,0,1
gueven,1,0,1
ginkis,1,0,1
benzophenone-3,1,0,1
s.terebenthifolius,1,0,1
glutathione.20,1,0,1
protamine-block,1,0,1
f105-p-sirna,1,0,1
hcvns5a,1,0,1
myristylated.280,1,0,1
2006).ozone,1,0,1
ifn‐β/ribavirin,1,0,1
rotarixtm,1,0,1
rotateqtm,1,0,1
analareo,1,0,1
pertussisvaccine74,1,0,1
roflumilast.13,1,0,1
[43].hydroxychloroquine,1,0,1
adjuvantvaccine,1,0,1
mjr.2,1,0,1
gasparyan,1,0,1
ribavirin.114,1,0,1
muttin,1,0,1
russia14,1,0,1
amaro,1,0,1
mir‐1‐1,1,0,1
β‐catenin,1,0,1
17.macrolide,1,0,1
tezos,1,0,1
mn≤t,1,0,1
πob∗,1,0,1
mn≤t¯,1,0,1
π¯oa∗≥πoa∗,1,0,1
aminobenzoate,1,0,1
gökengin,1,0,1
mastrangelo,1,0,1
malguzzi,1,0,1
bisthiolate,1,0,1
selenomethione,1,0,1
cusb,1,0,1
cupa,1,0,1
5′utr,1,0,1
[3h]colchicine,1,0,1
1h-benzimidazole,1,0,1
xiaobin,1,0,1
hydroxychloroquine.13,1,0,1
"hydroxychloroquine),28",1,0,1
"2018),6",1,0,1
ethylmercuri­thiosalicylate,1,0,1
reninangiotensinaldosterone,1,0,1
metoprololtartrat,1,0,1
antikoagulanzien,1,0,1
omeprazol/esomeprazol,1,0,1
fibrinolytikum,1,0,1
pa.it,1,0,1
"levocloperastine,[129",1,0,1
cloperastine[130,1,0,1
typhusdoxycycline,1,0,1
minocyclin-rifampin,1,0,1
ppi-clarithromycin-amoxicillin,1,0,1
ppiamoxicillin,1,0,1
ppi-amoxicillin,1,0,1
ciprofloxacin.(1,1,0,1
qazvin,1,0,1
eu-mennet,1,0,1
megasphaera,1,0,1
ceftazidime-clavulonate,1,0,1
ethanol80,1,0,1
crepin,1,0,1
o317,1,0,1
shla-g,1,0,1
polyakov,1,0,1
"rapamycin,30",1,0,1
trimethoprim-sulfas.10,1,0,1
cephalosporins.72,1,0,1
echinocandin-,1,0,1
cefixime.27,1,0,1
anti-alkbh5,1,0,1
sunsimiao,1,0,1
metalloantimalarials,1,0,1
arene-ru(ii)-chloroquine,1,0,1
penicillin‐based,1,0,1
ecdysone/glucocorticoid,1,0,1
linezolid34,1,0,1
ace‐1,1,0,1
palivizumab54,1,0,1
khurram,1,0,1
imaduddin,1,0,1
trigo,1,0,1
hilmirasgeirsson,1,0,1
valganciclovirprophylaxe,1,0,1
valganciyclovir,1,0,1
montagbis,1,0,1
monge,1,0,1
dalin,1,0,1
ifitm5-fkbp11-cd81-,1,0,1
ibuprofen.”11,1,0,1
paracetamol.”12his,1,0,1
4δc,1,0,1
"mgso4,",1,0,1
atwood,1,0,1
russia9,1,0,1
[67].chloroquine,1,0,1
lsei,1,0,1
jhaveri,1,0,1
chymotrypsin‐,1,0,1
grk,1,0,1
grsr,1,0,1
tachycardia14,1,0,1
tudorache,1,0,1
[16].amantadine,1,0,1
"azithromycin,7",1,0,1
elf.meropenem,1,0,1
48).proteoglycans,1,0,1
(82).it,1,0,1
98).it,1,0,1
rti,1,0,1
lithiumdodecylsulphate,1,0,1
"cp-724,714",1,0,1
2005.gefitinib,1,0,1
mesylate5,1,0,1
3a4,1,0,1
farensyl,1,0,1
dihydrodidemnin,1,0,1
panitumumab23,1,0,1
theraloc,1,0,1
irinotecanas,1,0,1
neosar,1,0,1
nitazoxanide-hydroxychloroquine,1,0,1
2018).camrelizumab,1,0,1
saleha,1,0,1
tetanustoxoid5,1,0,1
di-proline,1,0,1
asteracea,1,0,1
dyecarboxylates,1,0,1
mebendazole-induced,1,0,1
j-mj,1,0,1
spongiosus)hexachlorophene,1,0,1
[11].atovaquone,1,0,1
[52].azithromycin,1,0,1
bcg15,1,0,1
aldalhamid,1,0,1
piccoli,1,0,1
1999).ganciclovir,1,0,1
"dolutegravir(4r,12as)-9-{[(2,4-difluorophenyl)methyl]carbamoyl}-4-methyl-6,8-dioxo-3,4,6,8,12,12a-hexahydro-2h-pyrido[1',2':4,5]pyrazino[2,1-b][1,3]oxazin-7-olate",1,0,1
2011).dolutegravir,1,0,1
r7l10,1,0,1
dmp/sirna,1,0,1
amantadine.22,1,0,1
bcg-impfung,1,0,1
"zanamivir,42",1,0,1
peramivir.52,1,0,1
oseltamivir44,1,0,1
oseltamivir43,1,0,1
amantadine67,1,0,1
peramivir43,1,0,1
oseltamivir.86,1,0,1
flumist®,1,0,1
bagel,1,0,1
dv50,1,0,1
θiin,1,0,1
bocavirus).19,1,0,1
parvoviruses,1,0,1
antidepressiva-medikamente,1,0,1
17ddyf,1,0,1
almirall,1,0,1
cysteinyl‐leukotrienes,1,0,1
beta‐lactam,1,0,1
,,1,0
paplum,1,0,1
protein-a,1,0,1
achtpatientinnengaben,1,0,1
rmsf,1,0,1
bowlby,1,0,1
hydrochloricalcohol,1,0,1
mirdb,1,0,1
danzhixiaoyao,1,0,1
fidya,1,0,1
s-ketamin,1,0,1
pylorusstenosepylorusstenosehypertrophe,1,0,1
paritaprevir(feld,1,0,1
ace2/angiotensin(1-7)/mas,1,0,1
c.ictus,1,0,1
midazolam.a,1,0,1
3.midazolam,1,0,1
.a.phenobarbital,1,0,1
f.gabapentin,1,0,1
g.levetiracetam,1,0,1
h.zonisamide,1,0,1
a.diazepam,1,0,1
b.diazepam,1,0,1
f.phenobarbital,1,0,1
3.imipramine,1,0,1
a.amphetamines,1,0,1
sébastienthureau,1,0,1
tacrolimustherapie,1,0,1
ciclosporin-a-therapie,1,0,1
p-iodophenyl,1,0,1
tetraadduct,1,0,1
ethylbromoacetate,1,0,1
trimesylchloride,1,0,1
bisadduct,1,0,1
λ-merisomer,1,0,1
carbohydratevaccine,1,0,1
rdlac,1,0,1
t⊨c≡⊥,1,0,1
"nippv,15",1,0,1
bhz,1,0,1
quatricide,1,0,1
coxsackievirus.1,1,0,1
scaevola,1,0,1
hydroxychloroquine.12,1,0,1
[3h]lysine,1,0,1
ifnβ-ribavirin,1,0,1
copolymer,1,0,1
acambis,1,0,1
larotavirus,1,0,1
soyacystatin,1,0,1
gymnocladus,1,0,1
nanopolymer,1,0,1
daysclarithromycin,1,0,1
(−)-catechingallate,1,0,1
emmanouil,1,0,1
palmiriensis,1,0,1
foliiflorum,1,0,1
epimel,1,0,1
phyllanthopse,1,0,1
nervatis,1,0,1
ecuator,1,0,1
pastaza,1,0,1
monteleón,1,0,1
phyllantha.2,1,0,1
peperomiapseudophyllantha,1,0,1
non-fluconazole,1,0,1
pi61,1,0,1
me-α-man,1,0,1
peg-ifn-α-2a,1,0,1
ribavirin.53,1,0,1
ribavirin.56,1,0,1
praecoxin,1,0,1
cdd2,1,0,1
carboxyeremomycin[15n]-bisamide,1,0,1
2′-oac-clarithromycin,1,0,1
2′-o-ac-clarithromycin,1,0,1
2′-oac-azithromycin,1,0,1
mithramycin.76,1,0,1
3′-n-l-lysyldoxorubicin,1,0,1
vancomycin.3,1,0,1
chromomycin.70,1,0,1
tobena,1,0,1
neaderthalis,1,0,1
kya,1,0,1
euroc-l.,1,0,1
mattridley.12i,1,0,1
hcq‐azithromycin,1,0,1
11c-hydroxyephedrine,1,0,1
11c-ephedrine,1,0,1
11c-phenylephrine,1,0,1
ifn-γ10,1,0,1
domin,1,0,1
vidya,1,0,1
"3′,4′,5′-trimethoxyflavone",1,0,1
bolometer,1,0,1
amitabh,1,0,1
protylopus,1,0,1
vr2332,1,0,1
"amprenavir),8",1,0,1
n-acetylcysteine/day,1,0,1
neoepitope,1,0,1
c4-trypsin,1,0,1
paclitaxel112,1,0,1
compound17d,1,0,1
99%.25,1,0,1
maskenarm,1,0,1
falopio,1,0,1
levofloxaci-,1,0,1
ceftriaxo-,1,0,1
cefa-,1,0,1
cefo-,1,0,1
raveena,1,0,1
herbpolysaccharides.35,1,0,1
o.japonicaspolysaccharides,1,0,1
pipearacilin/tazobactam,1,0,1
smax,1,0,1
scur,1,0,1
aluminumsalts,1,0,1
ciprofloxacin;meropenem,1,0,1
qd514,1,0,1
znoleate,1,0,1
orf1ab-encodedpolyprotein,1,0,1
deoxiadenosine,1,0,1
dipterocarpus,1,0,1
"radixisatidis,shuanghuanglian",1,0,1
oseltamivir.67,1,0,1
zanamivir.83,1,0,1
nron,1,0,1
tannicacid-rich,1,0,1
anti-tnf-,1,0,1
gingyo-san,1,0,1
xuebin,1,0,1
baitao,1,0,1
glück,1,0,1
papadimitriou,1,0,1
adansac,1,0,1
6′-β-fluoro-aristeromycin,1,0,1
middeldorp,1,0,1
danbi,1,0,1
sqfurosemide,1,0,1
maestrogen,1,0,1
summit.39,1,0,1
2–7)—mir-18,1,0,1
neue,1,0,1
seco.14,1,0,1
f-curve,1,0,1
marchet,1,0,1
lopiano,1,0,1
"hydroxychloroquine,12",1,0,1
trans-fattyacid,1,0,1
omega-6/omega-3fas,1,0,1
2018).5,1,0,1
spark,1,0,1
"ribavirin,8",1,0,1
13c3-ribavirin,1,0,1
ribavirin.33,1,0,1
auc0-t,1,0,1
bioequivalent.40,1,0,1
ed95,1,0,1
mir-4701,1,0,1
pam3cyssk4,1,0,1
β4-thymosin,1,0,1
acetylsalicylicacid.2,1,0,1
japan.44,1,0,1
dab1,1,0,1
z-phe-ala-h,1,0,1
ribavirin86,1,0,1
talò,1,0,1
waverijn,1,0,1
yee-mun,1,0,1
oldhamii,1,0,1
1‑0pantoprazole,1,0,1
0‑0lisinopril,1,0,1
γ-lactamstrans-15,1,0,1
"dexmedetomidine.41,42",1,0,1
filmarrayrp2,1,0,1
ayurbijnan,1,0,1
papaver,1,0,1
drapes,1,0,1
nene,1,0,1
3c).oseltamivir,1,0,1
tigecycline-,1,0,1
roxana,1,0,1
darleukin,1,0,1
foralumab,1,0,1
tfrc,1,0,1
δ12-pgj2,1,0,1
"albendazole,37",1,0,1
atovaquone.39,1,0,1
geratherm,1,0,1
"hydrogenperoxide,6",1,0,1
platinum‐,1,0,1
bcl10,1,0,1
piramidevan,1,0,1
cipro-floxacine,1,0,1
tiabendazolnuttig,1,0,1
claveryi,1,0,1
ub‐pa,1,0,1
pr−,1,0,1
p-egfr.ibrutinib,1,0,1
edrecolomab,1,0,1
eternacept,1,0,1
mln-02,1,0,1
iodine-rituximab,1,0,1
n-acetylglucosamine,1,0,1
aminoacids.40,1,0,1
adedeji,1,0,1
na‐cholate,1,0,1
ramamurti,1,0,1
sirna.1,1,0,1
"oseltamivir,46",1,0,1
"glitazone,53",1,0,1
70].nitazoxanide,1,0,1
[104].ribavirin,1,0,1
zubrin,1,0,1
rossini,1,0,1
ultraviolet-,1,0,1
flucloxacillin.40,1,0,1
ciprofloxacin.39methicillin,1,0,1
"tobramycin,70",1,0,1
zks,1,0,1
l’ipratropium,1,0,1
•clozapine,1,0,1
2017).zinc,1,0,1
cotromoxazole,1,0,1
rh.33,1,0,1
30–33).ruxolitinib,1,0,1
7).ruxolitinib,1,0,1
(76)].ruxolitinib,1,0,1
zikvasian-genotype,1,0,1
lusofarmaco,1,0,1
a/ns1,1,0,1
rapamycin-based,1,0,1
citriquinochroman,1,0,1
p8d,1,0,1
pro-anp,1,0,1
pentols,1,0,1
d-octylglucoside,1,0,1
p76,1,0,1
anti-moesin,1,0,1
ritonavir.35,1,0,1
lopinavir/ritonavir.36,1,0,1
quetiapine.1a,1,0,1
pyrroloazepine,1,0,1
[83].agelastatin,1,0,1
agelastatins,1,0,1
agelastatin,1,0,1
nagelamidesa,1,0,1
polydiscamidesb,1,0,1
koshikamide,1,0,1
koshikamidesa1,1,0,1
keramamidesk,1,0,1
azumamide,1,0,1
stelliferins,1,0,1
geodiajaponica,1,0,1
sarasinosidea3,1,0,1
hibpolysaccharides,1,0,1
co2/ν,1,0,1
on.20,1,0,1
phenytoin.14,1,0,1
zannatul,1,0,1
"5hp+6p1,",1,0,1
6p1,1,0,1
"ppmo5up2,5hp",1,0,1
amoralität,1,0,1
autorität,1,0,1
eitelkeit,1,0,1
narzissmus,1,0,1
tuco,1,0,1
blessin,1,0,1
skala,1,0,1
beta‐mercaptoethanol,1,0,1
avigilon,1,0,1
terkel,1,0,1
cubism,1,0,1
targum,1,0,1
cholesterol+o2→cholesterol,1,0,1
alfalfa,1,0,1
arabinoxylans,1,0,1
gloves.119,1,0,1
clindamycin.122,1,0,1
pasquini,1,0,1
hydroxylated.23,1,0,1
hiv.71,1,0,1
peroxide.13,1,0,1
chemotherapy.6,1,0,1
gefitinib.36,1,0,1
"lorlatinib,45",1,0,1
"crizotinib,49",1,0,1
cisplatin/vinorelbine.60,1,0,1
2>1,1,0,1
phenylephrine.27,1,0,1
roubini,1,0,1
[8].chloroquine,1,0,1
saikosaponinsa,1,0,1
cinamom,1,0,1
zizyphusjujubafruits,1,0,1
giner,1,0,1
ciclamilast,1,0,1
bendele,1,0,1
rheum29:262–273,1,0,1
otol,1,0,1
laryngol,1,0,1
plutonium-238,1,0,1
(62).tacrolimus,1,0,1
bacilluscalmette‐guerin,1,0,1
digimed,1,0,1
azathioprin/mercaptopurin,1,0,1
methotrexatmonotherapie,1,0,1
sulfasalazin/mesalamin,1,0,1
antony&cleopatra,1,0,1
xiaomi,1,0,1
peyrouse,1,0,1
schwartzstein,1,0,1
glyconconjugate,1,0,1
hemin/g-quadruplex,1,0,1
igem,1,0,1
ravenpack5,1,0,1
paliperidone.8,1,0,1
primaquineresistentie,1,0,1
vitamind-,1,0,1
bardanaeradix,1,0,1
nvk,1,0,1
ryd,1,0,1
prednisolone.40,1,0,1
vincente,1,0,1
"lenalidomide,23",1,0,1
pembrolizumab62,1,0,1
"rituximab,67",1,0,1
[82].nicotine,1,0,1
[102].alcohol,1,0,1
hydroxychloroquine.35,1,0,1
phelan,1,0,1
kayvon,1,0,1
apc/ccdc20,1,0,1
wuec-16,1,0,1
pocc,1,0,1
"burkinafaso,10",1,0,1
35).it,1,0,1
interferon-alpha-1b,1,0,1
crti,1,0,1
gan-erdene,1,0,1
loans.9,1,0,1
deana,1,0,1
bidb.acetazolamide,1,0,1
i.amphotericinb,1,0,1
b.liposome,1,0,1
ii.imidazole,1,0,1
a.fluconazole,1,0,1
a.chloramphenicol,1,0,1
sidd.azithromycin,1,0,1
side.trimethoprim-sulfonamide,1,0,1
iv.thiamine,1,0,1
pierlorenzo,1,0,1
stavroula,1,0,1
leonardis,1,0,1
loparinir/ritonavir,1,0,1
zoledronate-,1,0,1
non-hydroxychloroquine,1,0,1
officinalislinn,1,0,1
artemisiaabsinthiumlinn,1,0,1
megazol,1,0,1
gabin,1,0,1
docitaxel,1,0,1
pyridylimidazolidones,1,0,1
pyridanzinyl,1,0,1
ribavirin13,1,0,1
tryptophan-nicotinamide,1,0,1
2006).cyclosporin,1,0,1
berthacapen,1,0,1
espironolactona34,1,0,1
enzima,1,0,1
45).it,1,0,1
presidentxiʼs,1,0,1
glutathione-related,1,0,1
simiao,1,0,1
hcq/azithromycin/lopinavir-ritonavir/tocilizumab,1,0,1
β‐cathelicidin,1,0,1
streptavidin/penicillin,1,0,1
macrolide/fluoroquinolone,1,0,1
99mtcnanocolloids56,1,0,1
111in,1,0,1
kalokairinou,1,0,1
qb.,1,0,1
nlb,1,0,1
xb.,1,0,1
laminotomy,1,0,1
ganciclovir.31,1,0,1
valganciclovir.27,1,0,1
ganciclovir.8,1,0,1
artesunate.8,1,0,1
valganciclovir.79,1,0,1
"sirolimus,210",1,0,1
acyclovir.243,1,0,1
cidofovir.243,1,0,1
hhv-6b.294,1,0,1
herpesvirus-6,1,0,1
hhv-6.329,1,0,1
"hiv,388",1,0,1
men.404,1,0,1
ebv.388,1,0,1
etoposide.478,1,0,1
zemeria,1,0,1
sanbo,1,0,1
veraseal,1,0,1
piperacillin-tazobactam.34,1,0,1
ampicillin-sulbactam.82,1,0,1
epinephrine.214,1,0,1
tnf5,1,0,1
5-aza-2ʹ-deoxycytidine,1,0,1
acetobutylicum,1,0,1
[9].ribavirin,1,0,1
[29].ribavirin-ifn-α2a,1,0,1
uba3,1,0,1
β-antagonist,1,0,1
iñupiat,1,0,1
polynesia32,1,0,1
loman,1,0,1
bseniso,1,0,1
4-chlorine,1,0,1
indazoleconjugate,1,0,1
min(l).it,1,0,1
kernempfehlungen,1,0,1
erbovirus,1,0,1
shuangzhi,1,0,1
pseudopanaxcrassifolius,1,0,1
adamantane-1-carbaldehyde,1,0,1
p-guanidinomethyl-phenylacetyl-arg-(3-methylvaline)-arg-(amidomethyl,1,0,1
wcc,1,0,1
valinamide,1,0,1
levofloxa-,1,0,1
na-sulbactam,1,0,1
linezolid30,1,0,1
asmita,1,0,1
clopidogrel/prasugrel,1,0,1
cardioviru,1,0,1
bmcpv,1,0,1
etz,1,0,1
(145).ribavirin,1,0,1
(151).colchicine,1,0,1
water.21,1,0,1
aristotle.139,1,0,1
caniano159,1,0,1
iron.17,1,0,1
netaji,1,0,1
dum,1,0,1
hamidomidvarborna,1,0,1
il-6r-inhibitor,1,0,1
thalidomide)maternal,1,0,1
vina-,1,0,1
phenolicterpenoids,1,0,1
7.lopinavir,1,0,1
shahad,1,0,1
xiaonei.4,1,0,1
lab=0,1,0,1
qrand=0,1,0,1
era-net-cvd,1,0,1
metaspades,1,0,1
myastor,1,0,1
conduritolb-epoxide,1,0,1
penicillium-streptomycin,1,0,1
lidocaine61,1,0,1
dexmedetomidine72,1,0,1
"dexmedetomidine,73",1,0,1
heparin.191,1,0,1
helium-oxygen.149,1,0,1
sojo,1,0,1
mrs.carlill,1,0,1
oxymed,1,0,1
kardioplegie,1,0,1
kavale,1,0,1
mycophenolat-mofetil/mycophenolsäure,1,0,1
ar3a,1,0,1
ex-527/nicotinamide,1,0,1
sirrichard,1,0,1
agentis,1,0,1
amantadine.2,1,0,1
amantadine30,1,0,1
triamterene-hydrochlorothiazide,1,0,1
oseltamivir.38,1,0,1
rimantadine.46,1,0,1
ribavirin60,1,0,1
oseltamivir.”the,1,0,1
14c-laninamivir,1,0,1
"oseltamivir,124",1,0,1
oseltamivir-carboxylate,1,0,1
oseltamivir.142,1,0,1
oseltamivir.127,1,0,1
rimantadine.149,1,0,1
zanamivir.190,1,0,1
peramivir.200,1,0,1
oseltamivir.215,1,0,1
zanamivir.285,1,0,1
zanamivir286,1,0,1
zanamivir.289,1,0,1
zanamivir.290,1,0,1
zanamivir.293,1,0,1
oseltamivir.279,1,0,1
zanamivir).343,1,0,1
zanamivir.350,1,0,1
guoguang,1,0,1
ui∈u,1,0,1
celentano,1,0,1
cysteine/serine,1,0,1
(203).chloroquine,1,0,1
petranabrečić,1,0,1
cyclosporin.18,1,0,1
dexamethasone.†,1,0,1
echinocandin.ө,1,0,1
clindamycind.vancomycin,1,0,1
neena,1,0,1
98%.7,1,0,1
δglucose,1,0,1
hydroxychloroquine4,1,0,1
jena.8,1,0,1
[20].glycyrrhizinicacid,1,0,1
aluminiumtrichlorid,1,0,1
dihydrochlorid,1,0,1
cetylpyridiniumchlorid/benzocain,1,0,1
coot.43,1,0,1
2-methyl-5-nitroaniline,1,0,1
tiotropium-bromide,1,0,1
acetogens,1,0,1
2‐picolinamide,1,0,1
spro,1,0,1
g9p[8,1,0,1
bactenecin-,1,0,1
muli,1,0,1
pyrrolotetrazolopyridine11a,1,0,1
ephesos,1,0,1
dl‐dna,1,0,1
carlsen,1,0,1
[9].n-acetylcysteine,1,0,1
diterpene,1,0,1
"saltman),25",1,0,1
nitrogen).50,1,0,1
"β-carotene,257",1,0,1
q-37,1,0,1
q-38,1,0,1
q-64,1,0,1
q-75,1,0,1
q-77,1,0,1
q-78,1,0,1
q-79,1,0,1
a-13,1,0,1
pumani,1,0,1
macrolide•doxycycline,1,0,1
tedrake,1,0,1
rad-n/pcdna3.1-n/pcdna3.1-n/pcdna3.1-n.,1,0,1
kwiatkowski,1,0,1
dysophylla,1,0,1
3.6’‐dithiothalidomide,1,0,1
isoniazid.61,1,0,1
pegifn.97,1,0,1
lincomycin36,1,0,1
magnesiumhydroxide.7,1,0,1
cimetidine13,1,0,1
mayberry,1,0,1
arinii,1,0,1
neumo,1,0,1
verrucosis,1,0,1
mbdsaction,1,0,1
anti-lumiliximab,1,0,1
family.206ba,1,0,1
cysts.487,1,0,1
polycystin.580,1,0,1
anthracyclines.772,1,0,1
aztreonam47,1,0,1
rotavirus.10,1,0,1
vancomycin.2425,1,0,1
diocesan,1,0,1
ampicillin–,1,0,1
erythromycin–,1,0,1
atpsk,1,0,1
45].hydrocortisone,1,0,1
domecq,1,0,1
gradinger,1,0,1
methyl2-(3-((7-chloroquinolin-4-yl)amino)propylamino)-4-methyl-6-phenylpyrimidine-5-carboxylate,1,0,1
that26,1,0,1
peramivir5,1,0,1
isozyme,1,0,1
"phosphinate,2",1,0,1
phosphinate7,1,0,1
sofosbuvir.39,1,0,1
"adefovirdipivoxil.52,53",1,0,1
sofosbuvir.75,1,0,1
bis-poc,1,0,1
hdpe,1,0,1
baden-württemberg,1,0,1
rizwana,1,0,1
tsavlq↓sgfrkm,1,0,1
compound9e,1,0,1
eps7630(umckaloabo®,1,0,1
testosterone.43,1,0,1
thioacetal,1,0,1
fmoc-d-ser(tbu)-oh,1,0,1
s′1,1,0,1
(s)-n-cinnamoylserinepiperidineamide,1,0,1
chloramphenicol.25,1,0,1
pentoxifylline55,1,0,1
panagia,1,0,1
vistonida,1,0,1
phaenicia,1,0,1
oxetane,1,0,1
thietane,1,0,1
pechakucha,1,0,1
k-mp,1,0,1
heparin-bound,1,0,1
finklea,1,0,1
α1–α5,1,0,1
serum.14,1,0,1
fatih,1,0,1
musabuyukada,1,0,1
lopinavir/ritonavir/abidol,1,0,1
smithers,1,0,1
venturini,1,0,1
ifnω,1,0,1
2016).1.pneumococcalpolysaccharide,1,0,1
msy,1,0,1
l-met(te,1,0,1
rad,1,0,1
16-i,1,0,1
prusiner,1,0,1
aidsvaccine,1,0,1
[6].imatinib,1,0,1
septimus,1,0,1
mycoside,1,0,1
deuterium-halogen,1,0,1
aronaxan,1,0,1
bprednicare,1,0,1
cpanacur,1,0,1
doxyglobin,1,0,1
isynulox,1,0,1
jleukeran,1,0,1
kaspirin,1,0,1
hydroxychloroquine45,1,0,1
mariangela,1,0,1
curatolo,1,0,1
benzylisoquinolinium,1,0,1
aminosteroidal,1,0,1
sugammadex-aminosteroidal,1,0,1
amg-,1,0,1
indirubin-3’-monoxime,1,0,1
dostyk,1,0,1
bishkek,1,0,1
4-acetylcytidine,1,0,1
hm6a,1,0,1
csa-cyclophilin,1,0,1
elam,1,0,1
bis-ureas,1,0,1
10β-allyldeoxoartemisinin,1,0,1
at1a,1,0,1
hemosol,1,0,1
dextromethorphan-acetaminophen-doxylaminesuccinate,1,0,1
[17].dexamethasone,1,0,1
ureaplasmabehoort,1,0,1
it.9,1,0,1
mir-17∗,1,0,1
"diphtheria-tetanus-pertussis,207",1,0,1
desmopressin.310,1,0,1
"lidocaine,382",1,0,1
heparin.31,1,0,1
bcgvaccines618,1,0,1
"diphtheria-tetanus,211hepatitis",1,0,1
moratenberna,1,0,1
puffhaler799,1,0,1
fluvirin443,1,0,1
zeder,1,0,1
letopolis,1,0,1
tresic,1,0,1
edukatico,1,0,1
medizin,1,0,1
beta-estradiol.59,1,0,1
amiloride31,1,0,1
bovineα-lactalbumin,1,0,1
st/r,1,0,1
(28).it,1,0,1
gefitinib-chemotherapy,1,0,1
desmethyl-gefitinib,1,0,1
[94].lapatinib,1,0,1
rapamycin-toxicity,1,0,1
[368].ipilimumab,1,0,1
dr4-agonist,1,0,1
ivermectin(ivm,1,0,1
penicillin‐streptomycin‐ciprofloxacin,1,0,1
soprano,1,0,1
esomeprazolesodium,1,0,1
iv∗,1,0,1
122].cyclophosphamide,1,0,1
piperaquine1,1,0,1
primaquine91,1,0,1
mg-d,1,0,1
salviahispanica,1,0,1
curcumin/g,1,0,1
huoxiangzhengqishui,1,0,1
kowalski62,1,0,1
alismifolialindl,1,0,1
c.alismifolia,1,0,1
calanthealpina,1,0,1
silima,1,0,1
c.puberula,1,0,1
1967).herbal,1,0,1
changnieniaamoena,1,0,1
cirrhopetalum,1,0,1
hnin,1,0,1
youguashihu,1,0,1
liso,1,0,1
harjojan,1,0,1
c.elata,1,0,1
flaccidumschltr,1,0,1
diorissimo,1,0,1
c.lancifolium,1,0,1
cymbidiumaloifolium,1,0,1
zhen,1,0,1
niujiaosanqi,1,0,1
shanziqi,1,0,1
cyrtosiaseptentrionalis,1,0,1
norlita,1,0,1
faezeh,1,0,1
vlademir,1,0,1
aldehyde(z)-5a,1,0,1
aldehyde(z)-5c,1,0,1
piperacillin-tazobactam.f,1,0,1
vancomycin.49,1,0,1
ampicillin-sulbactam.r,1,0,1
epinephrine.234,1,0,1
vap.193,1,0,1
linezolid226,1,0,1
ceftazidime316,1,0,1
imipenem314,1,0,1
post‐bronchodilator,1,0,1
2‐agonist,1,0,1
mesiranta,1,0,1
arylethylamines,1,0,1
uronium-based,1,0,1
methylmagnesium,1,0,1
dioxolane,1,0,1
ethyl1-(1-(quinolin-5-yl)ethyl)piperidine-4-carboxylate28b,1,0,1
2-methoxyacetonitrile,1,0,1
mscl,1,0,1
1-naphthonitrile,1,0,1
coot.35,1,0,1
atg12–atg5-atg16,1,0,1
scourvax,1,0,1
oseltamivir/arbidol,1,0,1
mosavirusa2,1,0,1
aefv,1,0,1
glycyrrhizicaciddiamine,1,0,1
mestanza,1,0,1
"denguevirus,12",1,0,1
βnn,1,0,1
chlorine-washed,1,0,1
"2013),1",1,0,1
ifn‐λ4,1,0,1
cyclophosphamide/methotrexate,1,0,1
capecitabine/trastuzumab/placebo.63,1,0,1
os.79,1,0,1
tamoxifen.125,1,0,1
ampicillin/metronidazole,1,0,1
infraestrutura,1,0,1
isg15-fp28,1,0,1
(35).acetazolamide,1,0,1
streptinomycin/ml,1,0,1
azithromycin.25,1,0,1
"chloroquine9,10",1,0,1
cliff,1,0,1
vancomycin.26,1,0,1
α/γ-tocopherol,1,0,1
[107].n-acetylcysteine,1,0,1
mpro-lymecycline,1,0,1
"cytarabine,10",1,0,1
ρ≤ρ˜,1,0,1
proximus,1,0,1
ppicc,1,0,1
intercalator-,1,0,1
riboflavin13,1,0,1
(sars)-cov,1,0,1
miller.90,1,0,1
l.s,1,0,1
sirnas.41,1,0,1
sirnas.45,1,0,1
pei‐sirna,1,0,1
2′‐o‐methyl‐rna,1,0,1
santaris,1,0,1
[61].vitamin,1,0,1
9.methimazole10.trimeprazine,1,0,1
kumho,1,0,1
sulphenamide,1,0,1
ml324,1,0,1
isg15-fw,1,0,1
2).isopropanol.70,1,0,1
phenylethylcarbamate,1,0,1
diphyllin-,1,0,1
aristotle10,1,0,1
flavivirusprm,1,0,1
midazolamsedatie,1,0,1
beoordeling,1,0,1
anthraquinones.17,1,0,1
dysphania,1,0,1
ambrosioideseos,1,0,1
timisoara,1,0,1
shatan,1,0,1
s−c1,1,0,1
l‐serine,1,0,1
singareni,1,0,1
viridiplantae,1,0,1
gp41fp29,1,0,1
14]chloroquine,1,0,1
varenicline55,1,0,1
"argentina,9",1,0,1
nafamostat52,1,0,1
sulfurdioxide.84,1,0,1
carcinogenicity.273,1,0,1
5).favipiravir,1,0,1
2013).ribavirin,1,0,1
liin,1,0,1
ijzerman,1,0,1
zotero,1,0,1
tricco,1,0,1
moola,1,0,1
sv‐a.,1,0,1
fastinginsulin,1,0,1
lopinavir/ritonavir(33,1,0,1
β−d−n4-hydroxycytidine,1,0,1
pulmonalis,1,0,1
dauermedikation,1,0,1
sojanahrungen,1,0,1
damian,1,0,1
crotamitonsalbe,1,0,1
sandflöhe,1,0,1
cyclopiroxolamin,1,0,1
paromomycin-salbe,1,0,1
enfuvirtid,1,0,1
danyi,1,0,1
meteonorm,1,0,1
hesam,1,0,1
veeramuthu,1,0,1
ergin35,1,0,1
"karsavuran,36",1,0,1
amper,1,0,1
veranib,1,0,1
7).methanol,1,0,1
glutathioine,1,0,1
zanamavir.30,1,0,1
oxaliplatin163,1,0,1
methylsalicylate.192,1,0,1
budesonide.368,1,0,1
"ranitidine,383",1,0,1
"cocaine,350",1,0,1
hamlet,1,0,1
alphalipoicacid,1,0,1
desmopressin.182,1,0,1
"lidocaine,205",1,0,1
bcgvaccine.697,1,0,1
bioject.50,1,0,1
lumbalis,1,0,1
chennai.•it,1,0,1
withaniasomnifera,1,0,1
remdesivir.¶¶,1,0,1
–methionine,1,0,1
iii.gastrin,1,0,1
famotidineb.azithromycin,1,0,1
ranitidinec.clarithromycin,1,0,1
omeprazolee.amoxicillin,1,0,1
2003).b.itraconazole,1,0,1
cimetidine.a,1,0,1
cimetidine.b,1,0,1
5.famotidine,1,0,1
a.misoprostol,1,0,1
b.sucralfate,1,0,1
c.bismuth,1,0,1
b.cisapride,1,0,1
v.prednisone,1,0,1
chlorambucil.1.prednisone,1,0,1
chloroquine34–36,1,0,1
fosfomicina,1,0,1
algoritmo,1,0,1
linaris,1,0,1
bst,1,0,1
arginine‐rich,1,0,1
oseltamivir30,1,0,1
flnp-drug,1,0,1
airc,1,0,1
sunlightuv-b,1,0,1
iodoacetamide.81,1,0,1
meilin,1,0,1
xuejun,1,0,1
e‐toxate,1,0,1
butter-fat,1,0,1
ae.21,1,0,1
streptomycin-amphotericin,1,0,1
gülbin,1,0,1
abdurrahman,1,0,1
(2017,1,0,1
cog5,1,0,1
doxorubicin31,1,0,1
penicillin–1,1,0,1
biacore-x,1,0,1
ammonia‐ethanol,1,0,1
embleema,1,0,1
dermanet,1,0,1
quintini,1,0,1
protatek,1,0,1
"μ0,0",1,0,1
picavet,1,0,1
sp-c.sp-b,1,0,1
β-amyloids,1,0,1
quaternion,1,0,1
[30].testosterone,1,0,1
mir‐128,1,0,1
mir‐23b,1,0,1
mir‐214,1,0,1
mir‐96,1,0,1
mir‐92a,1,0,1
peta-,1,0,1
fixatives.•,1,0,1
taiwan,1,0,1
itaconate12,1,0,1
vitamind19,1,0,1
ruback,1,0,1
[76].lopinavir/ritonavir,1,0,1
pegylat­ed,1,0,1
nastasa,1,0,1
thiazolidindione,1,0,1
phlorofucofuroeckol-a.,1,0,1
[13].hydroxychloroquine,1,0,1
intercalated.126,1,0,1
nahco3,1,0,1
2014).trastuzumab,1,0,1
2012).carbamazepine,1,0,1
tacrolimus/fk506,1,0,1
rituximab/ocrelizumab,1,0,1
[62].hydroxychloroquine,1,0,1
erosa,1,0,1
[73].lopinavir,1,0,1
d(klaklak)2,1,0,1
neocidal,1,0,1
diazinone,1,0,1
inceptionresnetv2,1,0,1
n-acetylcysteine.[79,1,0,1
lamivudine.25,1,0,1
3030-amino-acidpolyprotein.36,1,0,1
kenyarabiesgroup,1,0,1
tiziano,1,0,1
wdr20,1,0,1
mir‐30a,1,0,1
fair,1,0,1
lombrana,1,0,1
catrin,1,0,1
lopinavir/ritonavir).113,1,0,1
"chloroquine),1314",1,0,1
"chloroquine,17",1,0,1
baricitinib23,1,0,1
amodiaquine/,1,0,1
1a–1b,1,0,1
coenuris,1,0,1
cerebralis,1,0,1
influenzaeconjugate,1,0,1
rademaker,1,0,1
piperacillin/tazobactam.2,1,0,1
capecitabine/oxaliplatin,1,0,1
manganese2526,1,0,1
"1,25‐dyhydroxyvitamind3",1,0,1
m.nsm,1,0,1
texin,1,0,1
ramesh,1,0,1
manidipine-,1,0,1
iodine131,1,0,1
erythropoietins,1,0,1
σw,1,0,1
brat,1,0,1
meddocan,1,0,1
sc•furosemide,1,0,1
intermezzo,1,0,1
114].epinephrine,1,0,1
[116].phenylephrine,1,0,1
108].vasopressin,1,0,1
java-,1,0,1
airparif,1,0,1
inflazome,1,0,1
erythromycin-susceptible,1,0,1
ω-3fa,1,0,1
cocaine-amphetamine,1,0,1
5a).captopril,1,0,1
enalaprilat63,1,0,1
enalaprilat99,1,0,1
53.hydroxychloroquine,1,0,1
68.dexamethasone,1,0,1
svs.3,1,0,1
chloramphenicol.53,1,0,1
halocene,1,0,1
hariram,1,0,1
zain,1,0,1
kollonamasool,1,0,1
bashayar,1,0,1
co.37,1,0,1
commissariat,1,0,1
cov-hku1,1,0,1
s-phenyl-cysteine,1,0,1
provenzano,1,0,1
fbs,1,0,1
br,1,0,1
quinine⧸quinidine,1,0,1
6‐aminoquinolones,1,0,1
"mibefradil,17",1,0,1
"curcumin,21",1,0,1
marcele,1,0,1
β−lactam,1,0,1
et-12,1,0,1
marek,1,0,1
enzyme[79].flavonoids,1,0,1
rumexacetosa,1,0,1
zaboulis,1,0,1
sulphobutylether-β-cyclodextrin,1,0,1
apicoryne,1,0,1
cephinase,1,0,1
toro,1,0,1
cefamycinase,1,0,1
origanumtyttanthum,1,0,1
modolo,1,0,1
gn13,1,0,1
anti-cmvigm.,1,0,1
penicillins/β-lactamase,1,0,1
mup,1,0,1
sefoperazon-sulbactam,1,0,1
–amphotericinb,1,0,1
candidemia,1,0,1
hematology,1,0,1
acyclovir/hydrocortisone,1,0,1
acyclovir/1,1,0,1
tozalgan,1,0,1
salubris,1,0,1
chebotkevich,1,0,1
sagittatum,1,0,1
iasp,1,0,1
doxycycline.66,1,0,1
alo,1,0,1
penicillin‐,1,0,1
trypanosma,1,0,1
szeged,1,0,1
levofloxacin(l,1,0,1
coamoxiclavulanate,1,0,1
kinmen,1,0,1
famalico,1,0,1
nccls,1,0,1
larosa,1,0,1
trimethylamines,1,0,1
"adenovirus,19",1,0,1
acyclovir.67,1,0,1
hcv.167,1,0,1
anti‐sulfated,1,0,1
chifn-γ,1,0,1
"1,25-dihydroxicholecalciferol",1,0,1
lorenzorivas-garcía,1,0,1
chloroquine(37,1,0,1
hypochlorite.5,1,0,1
giuntella,1,0,1
russia.65,1,0,1
cepharanthine/selamectin/mefloquinehydrochloride,1,0,1
valkenswaard,1,0,1
stefanpohl,1,0,1
vaseline.11,1,0,1
c∗.,1,0,1
ventus,1,0,1
louisiana,1,0,1
flagstat,1,0,1
[24].immunoglobulin,1,0,1
"egyptian,18",1,0,1
safety.13,1,0,1
[12,1,0,1
fondaparinux3,1,0,1
oseltamivir9,1,0,1
[101].gemcitabine,1,0,1
sangc,1,0,1
bunyavirusgc,1,0,1
n9-alkylated,1,0,1
"2,6-dichloropurine",1,0,1
"2,2′-(hydroxynitrosihydrazino)bis-ethamine",1,0,1
azorius,1,0,1
5).more,1,0,1
"oseltamivir,9",1,0,1
erythromycin.28,1,0,1
cura.6,1,0,1
supremum,1,0,1
pr_supremum,1,0,1
60).it,1,0,1
aphidocolin,1,0,1
quinacridines,1,0,1
cl-alkylated,1,0,1
2012).lopinavir/ritonavir,1,0,1
ego-networks,1,0,1
poetphilosophergeorgesantayana,1,0,1
metal-,1,0,1
yupifeng,1,0,1
nikki,1,0,1
kirb,1,0,1
malaria.97,1,0,1
mtd,1,0,1
ifn‐α2a/amantadinesulphate,1,0,1
coxsackievirusb-type,1,0,1
cytarabine.3839,1,0,1
sunscreen9,1,0,1
kramarz,1,0,1
amson,1,0,1
dellepiane,1,0,1
that1,1,0,1
2000).it,1,0,1
lotka,1,0,1
‐previr,1,0,1
meglamine,1,0,1
erythromycin.35,1,0,1
that:26,1,0,1
β-lactam+azithromycin,1,0,1
levofloxacin(b,1,0,1
azithromycin(c,1,0,1
ribavirin.35,1,0,1
vzvproteins.88,1,0,1
sclerosis.172gadolinium,1,0,1
optica.180,1,0,1
methylprednisolone.181,1,0,1
cyclophosphamide.172,1,0,1
res-8c,1,0,1
oleacein,1,0,1
еffесtѕ.,1,0,1
salanin,1,0,1
kolaviron,1,0,1
tetrapleura,1,0,1
etvorf,1,0,1
tnf‐alpha,1,0,1
karlpopper,1,0,1
mattias,1,0,1
cicirelli,1,0,1
epr,1,0,1
chirumbolo,1,0,1
geistlich,1,0,1
ruilin,1,0,1
daf‐fc,1,0,1
zanamivir32,1,0,1
oseltamivir59,1,0,1
nitazoxanida,1,0,1
m180,1,0,1
sawicki,1,0,1
crisp.31,1,0,1
endgame,1,0,1
docteur,1,0,1
fn.piperacillin/tazobactam,1,0,1
hbv.79,1,0,1
dna-np,1,0,1
assistantscheme,1,0,1
ethanolalcohol,1,0,1
(62).ivermectin,1,0,1
(70).cyclosporine,1,0,1
ruim,1,0,1
rimantadine).m1,1,0,1
ace-2-agonist,1,0,1
zerebrovaskulär,1,0,1
azithromycin.[54,1,0,1
nafamostat[101,1,0,1
"hydroxychloroquine,114",1,0,1
ace.159,1,0,1
enalapril.24,1,0,1
zanamivir.73,1,0,1
zanamivir.29,1,0,1
(palivizumab)58,1,0,1
ribavirin73,1,0,1
rimantadine.102,1,0,1
tacrolimus82,1,0,1
"mofetil,79",1,0,1
theaflavin-3’-gallate,1,0,1
hyperacetylated,1,0,1
b.pertussisvaccine,1,0,1
nci-109,1,0,1
γ‐lactam,1,0,1
shella,1,0,1
phenylsulfonylpyridine,1,0,1
oxadiazol‐imidazole,1,0,1
calamidazoliumcompound,1,0,1
venezolanische,1,0,1
can/csa-,1,0,1
tartine,1,0,1
conio,1,0,1
bodegom,1,0,1
2017).48,1,0,1
l10,1,0,1
acaciaconfusa,1,0,1
langsdorfii,1,0,1
pithecelobium,1,0,1
dumosum,1,0,1
hederifolia,1,0,1
"hydroxychloroquine,49",1,0,1
zikv.13,1,0,1
zikvvaccine.60,1,0,1
betainine,1,0,1
at1-receptor,1,0,1
"olmesartan,28",1,0,1
ariadne,1,0,1
ebogen,1,0,1
[120].progesterone,1,0,1
interferon-blocking,1,0,1
fujitsu,1,0,1
silva-132-99,1,0,1
•coxsackie,1,0,1
o‐alkylatedcoumarins,1,0,1
cis‐platin.7,1,0,1
5‐aminoindazole,1,0,1
4‐aminoantipyrine,1,0,1
kabinf,1,0,1
water.28,1,0,1
31].it,1,0,1
mxnet-mp,1,0,1
rubrene,1,0,1
.sars-cov-1,1,0,1
priyanka,1,0,1
sepidehafshar,1,0,1
doxo-rubicin,1,0,1
broilacttm,1,0,1
igino,1,0,1
alberto,1,0,1
scabicides,1,0,1
equisimilis,1,0,1
quercetin.12proanthocyanidins,1,0,1
4′-methylepigallocatechin,1,0,1
bioavailability.17,1,0,1
resveratrol.82,1,0,1
"ribavirin),5",1,0,1
"ribavirin,33",1,0,1
qiaosi,1,0,1
milich,1,0,1
2012.7,1,0,1
levo/gatifloxacin,1,0,1
dmitrilosifovich,1,0,1
oxadiazolthioneisomers,1,0,1
disulfur,1,0,1
albicana,1,0,1
[50].lopinavir/ritonavir,1,0,1
[51].remdesivir,1,0,1
pro­cyanidin,1,0,1
heme‐oxygen,1,0,1
met‐hb,1,0,1
cyanidin-3-o-galactoside,1,0,1
ovapeptide,1,0,1
1%1,1,0,1
[83].interferon,1,0,1
dessein,1,0,1
isoptericola,1,0,1
angolensis,1,0,1
guilinnanyao,1,0,1
deoxoartemisinin,1,0,1
p-alaxin,1,0,1
bay-65,1,0,1
qf,1,0,1
yarn,1,0,1
glucose‐methanol‐choline,1,0,1
hcv19,1,0,1
beta‐blockers,1,0,1
ph–,1,0,1
4-nitrophenylene-1,1,0,1
acetazolamide-resistant,1,0,1
silver-/silver-ion,1,0,1
[82].vitamind,1,0,1
a.azithromycinb.ipratropriumc.magnesiumd.solumedrole.theophylline,1,0,1
a.etomidateb.fentanylc.ketamined.propofole.thiopental,1,0,1
methadone-,1,0,1
sorafenib[6,1,0,1
furosemide1,1,0,1
pamidronate3,1,0,1
prednisolone4,1,0,1
"vitamindanalogs,1",1,0,1
l-arg-hcl,1,0,1
rcnmv,1,0,1
hbvvaccine.65hbsag,1,0,1
gp120vaccine.143,1,0,1
angiotensin-(1–7,1,0,1
lyciifructus,1,0,1
cysteine-methionine,1,0,1
benzalkonium-chloride,1,0,1
papillomaviruses.79,1,0,1
adamsite,1,0,1
guanwen,1,0,1
3b).bleomycin,1,0,1
bleomycin35,1,0,1
isobutyl,1,0,1
peg4,1,0,1
peg12,1,0,1
vg-chol,1,0,1
dendrocnidemeyeniana,1,0,1
trimethoprim/sulfamethoxazole).20,1,0,1
protopectin,1,0,1
23.thalidomide,1,0,1
ω1=0,1,0,1
dolata,1,0,1
acm.stefano,1,0,1
bacilli‐calette‐guerin(bcg)‐basedvaccine,1,0,1
c).sevoflurane,1,0,1
epinephrinepinephrin,1,0,1
palivizumabpalivizumab,1,0,1
anticholinergikaanticholinergika,1,0,1
2015).vasopressin,1,0,1
2006).vasopressin,1,0,1
2010).vasopressin,1,0,1
2000)terlipressin,1,0,1
anr-st14-astr-0026,1,0,1
anr-16-ce11,1,0,1
hilmir,1,0,1
protein.31,1,0,1
finlex,1,0,1
"ketamine,17",1,0,1
ikkβ,1,0,1
ikkγ,1,0,1
dna-drugs,1,0,1
angusticorninb,1,0,1
mefreh,1,0,1
pertussisadjuvant,1,0,1
[85].vitamin,1,0,1
smad,1,0,1
"gemcitabine,588",1,0,1
"temsirolimus,587",1,0,1
atezolizumab641,1,0,1
lysozyme.12,1,0,1
papain-,1,0,1
stp-biotin,1,0,1
peptidetp2,1,0,1
tmuv,1,0,1
rbbp6,1,0,1
2000).glutathione,1,0,1
sirartesunate,1,0,1
artesunate.1,1,0,1
l’il,1,0,1
hydroxychroloquine-azithromycin,1,0,1
selenothymidines,1,0,1
potassium).28,1,0,1
rituximabe60,1,0,1
"fingolimod3,e76",1,0,1
fcγriib1,1,0,1
ministravam,1,0,1
cetylpyridiniumchloride(,1,0,1
lausannensis,1,0,1
sequanensis,1,0,1
biocalvin,1,0,1
sulfamethoxazole‐trimethoprim‐ds,1,0,1
zidovudine(18,1,0,1
piv,1,0,1
oxyresveratol,1,0,1
isopropanol+ethanol,1,0,1
hptlc-uv,1,0,1
acanthusilicifolius,1,0,1
chrysanthemumindicum,1,0,1
phenol-chloroform-isoamylalcohol,1,0,1
hydroxychloroquine/tocilizumab,1,0,1
phosphodiesterase-5,1,0,1
cocaine-cpp,1,0,1
sarmentoside,1,0,1
rocio,1,0,1
andressa,1,0,1
leflunomide.160,1,0,1
"cyclosporine,14",1,0,1
ketoconazole.125,1,0,1
tacrolimus.73,1,0,1
lipidperoxides,1,0,1
r-smads,1,0,1
β-fluoroethanol,1,0,1
d]pyrimidine,1,0,1
"roflumilast,96",1,0,1
radeonvii3,1,0,1
cilnidipine-,1,0,1
linkers,1,0,1
fatemi,1,0,1
asp,1,0,1
schaer,1,0,1
flavis,1,0,1
flyp,1,0,1
dexmedetomidine),1,0,1
ignazio,1,0,1
instagram.9,1,0,1
vitaminetpgs,1,0,1
persily.17,1,0,1
"europe,6",1,0,1
isopropyl-alkohol,1,0,1
schutzmaske,1,0,1
benzalkoniumchlorid,1,0,1
impfstoffen10.1007/978-3-642-41866-,1,0,1
ribavarin.37,1,0,1
bronchodilators.40,1,0,1
azithromycin.28,1,0,1
chlorhexidine-gel,1,0,1
dhan,1,0,1
bonam,1,0,1
histone-lysine,1,0,1
[102].busulfan,1,0,1
gadolinium-loaded,1,0,1
paradocs,1,0,1
bugg,1,0,1
"tag),trimethoprim",1,0,1
antihelminthika,1,0,1
gemcitabine.[26,1,0,1
cisplatin-,1,0,1
9-propargyladenine,1,0,1
"7-propargyltheophylline20h,45",1,0,1
84.nitazoxanide,1,0,1
2014).alachlor,1,0,1
o-chlorine,1,0,1
β2-syntrophin,1,0,1
β-alanine,1,0,1
5′-fluorouracil,1,0,1
γ-livetin,1,0,1
ovary.44,1,0,1
hens.62,1,0,1
hens.90,1,0,1
[45].everolimus,1,0,1
federal5,1,0,1
vitamine.187,1,0,1
used!chloramine,1,0,1
molde,1,0,1
ricardosoto-angel,1,0,1
vishwakarma,1,0,1
vagaska,1,0,1
guasti,1,0,1
cdax,1,0,1
6).surfactant,1,0,1
oshrp,1,0,1
cddp/5fu,1,0,1
nahuatl,1,0,1
[54].aluminum,1,0,1
α-tocopherol.α-tocopherol,1,0,1
ibuprofen.94,1,0,1
ritonavir/cobicistat‐boosted,1,0,1
20186,1,0,1
favipiravir9,1,0,1
c12e8,1,0,1
ethoxylatedsurfactants,1,0,1
moranabah,1,0,1
54].phenytoin,1,0,1
21).more,1,0,1
meropenem/imipenem,1,0,1
mne-,1,0,1
creatinine.34,1,0,1
honiara,1,0,1
kamberelis,1,0,1
arbidol.41,1,0,1
holosystolic,1,0,1
neuropraxia,1,0,1
calciumbicarbonate,1,0,1
sulphonamides/trimethoprim,1,0,1
amikacin.•oxytetracycline,1,0,1
barnack-tavlaris,1,0,1
us.34,1,0,1
axitinib/pembrolizumab,1,0,1
axitinib/avelumab,1,0,1
ℓ1,1,0,1
chevron)2,1,0,1
veraart,1,0,1
non-glibenclamide,1,0,1
ophthalmoscope,1,0,1
lieven,1,0,1
anaesthetics,1,0,1
ζg,1,0,1
arcus,1,0,1
zi′,1,0,1
β-2-agonist,1,0,1
epinephrine.20,1,0,1
budesonide.20,1,0,1
[99].remdesivir,1,0,1
"yin,11",1,0,1
cholesterol.80,1,0,1
gridmat-md,1,0,1
hemisuccinate,1,0,1
iv⁎,1,0,1
butanolic,1,0,1
h39,1,0,1
piccadilly,1,0,1
gruenenthal,1,0,1
ruxanda,1,0,1
2020).cytosine,1,0,1
tylophorine-based,1,0,1
clarithromycin.29,1,0,1
(1).oseltamivir,1,0,1
bipapap,1,0,1
afsana,1,0,1
zonaed,1,0,1
tyrosine1253,1,0,1
2-spectrum,1,0,1
selenium/kg,1,0,1
lopinavir/ritonavir)5,1,0,1
"remdesivir),6",1,0,1
"hydroxychloroquine),7",1,0,1
elliot,1,0,1
cva‐,1,0,1
aygepti,1,0,1
riadh,1,0,1
enigr,1,0,1
ζk,1,0,1
cy5-tetrazine,1,0,1
135].heparin,1,0,1
sars-cov-2.eculizumab,1,0,1
vinylsilane,1,0,1
beard,1,0,1
mpp+,1,0,1
sofosbuvir20,1,0,1
fdp10,1,0,1
1‐propanol,1,0,1
hostelvarna,1,0,1
polyunsaturatedfas,1,0,1
λ∗.,1,0,1
paclitaxel74,1,0,1
doxorubicin91,1,0,1
temozolomide228,1,0,1
isopropyl1-thio-β-d-galactopyranoside,1,0,1
l-tryptophanmesalazinemethotrexateminocyclinenitrofurantoinnilutamideparaquatphenytoinsotalolsulfasalazine,1,0,1
n-phenyl-thioacetamide,1,0,1
yutao,1,0,1
duoyi,1,0,1
helm,1,0,1
vm,1,0,1
vtidal,1,0,1
ts-dmards,1,0,1
cutolo,1,0,1
).oxygen,1,0,1
leflunomide.50,1,0,1
leflunomide.168,1,0,1
cyclosporine16,1,0,1
cyclosporine.60,1,0,1
"1,25(oh)2d3,6",1,0,1
"1,25(oh)2d3.61",1,0,1
cyclosporine.70,1,0,1
"methylprednisolone,193",1,0,1
[17].ribavirin,1,0,1
•leptin,1,0,1
vitaminb12b,1,0,1
bronchospasmolytika,1,0,1
ipratropiumbromid„controler,1,0,1
theophyllinggf,1,0,1
salmeterol/fluticason,1,0,1
prednisolonmethylxanthin,1,0,1
formoterollangwirksame,1,0,1
moxi-/levofloxacin,1,0,1
2014).fostamatinib,1,0,1
clindamycin.163,1,0,1
kshv-,1,0,1
8-hydroxyquinolines,1,0,1
4-quinolones,1,0,1
barra,1,0,1
redvax,1,0,1
2019).methane,1,0,1
gatifloxacin).58,1,0,1
clindamycin.139,1,0,1
clindamycin.151,1,0,1
clarithromycin.205,1,0,1
ampicillin-sulbactam.225,1,0,1
bradykinin(bk,1,0,1
tarim,1,0,1
shuram,1,0,1
cenozoic,1,0,1
carboniferous,1,0,1
aminobisphosphonate,1,0,1
zore,1,0,1
vulgare,1,0,1
thielocin,1,0,1
eytan,1,0,1
adc17,1,0,1
darutumumab,1,0,1
bortezomib-dexamethasone-thalidomide,1,0,1
copro,1,0,1
yiniva,1,0,1
puliafito,1,0,1
dhfr-methotrexate,1,0,1
fluticasone.31,1,0,1
montelukast.32,1,0,1
pigmentosum,1,0,1
5-hydroxytriptolide,1,0,1
chloroiodomethane,1,0,1
a2780,1,0,1
1.anisomycin,1,0,1
anasir,1,0,1
cv-a16trivalent,1,0,1
hydrangea,1,0,1
[39].cyclosporin,1,0,1
randd,1,0,1
α-trypsin,1,0,1
polyproteinpolyprotein,1,0,1
racepinephrin,1,0,1
phf,1,0,1
epoprostenol.5,1,0,1
phosphate-blocked,1,0,1
vappiperacillintazobactam/imipenem/meropenem/ceftazidime/cefepime/aztreonamplusamikacin/gentamicin/tobramycin/levofloxacin/ciprofloxacin/aztreonam,1,0,1
fatimoo.akinde,1,0,1
menthol.§§,1,0,1
zikavirusa,1,0,1
quceretin,1,0,1
tisone,1,0,1
sarb,1,0,1
3‐chloropropanol,1,0,1
36d,1,0,1
lncrna-cox,1,0,1
cys64,1,0,1
nsp11,1,0,1
siraitia,1,0,1
"ats,6",1,0,1
irs/sip.20,1,0,1
cholesterol-,1,0,1
collaborans,1,0,1
[20].hydroxychloroquine,1,0,1
levin-zamir,1,0,1
youxin,1,0,1
losartan5,1,0,1
tilsa,1,0,1
niacin/laropiprant,1,0,1
pla2-modified,1,0,1
albendazole.39,1,0,1
raimondi,1,0,1
kondić,1,0,1
hntcp,1,0,1
teladorsagia,1,0,1
protideprodrug,1,0,1
sofosbuvir35,1,0,1
3′-azidothymidine,1,0,1
"2′,3′-dideoxycytidine",1,0,1
pradere,1,0,1
protides.67,1,0,1
protides.76,1,0,1
cathepsina,1,0,1
propylbenzene,1,0,1
gemcitabineprotide,1,0,1
gemcitabine.100phase,1,0,1
sofosbuvir.110,1,0,1
sofosbuvir.109,1,0,1
sofosbuvir.107,1,0,1
barlet,1,0,1
irvin,1,0,1
vasantha,1,0,1
fumo,1,0,1
neuk,1,0,1
anti‐opium,1,0,1
tenofovir/emtricitabine/efavirenz/raltegravir/maraviroc,1,0,1
tra2b,1,0,1
furosemide.11,1,0,1
"hydrochlorothiazide,23",1,0,1
ethyl3-ethyl-5-methoxy-1h-indole-2-carboxylate,1,0,1
popleu,1,0,1
filip,1,0,1
methylprednisolone.61,1,0,1
armina,1,0,1
dp178/t‐20/enfuvirtide,1,0,1
e.4,1,0,1
bja,1,0,1
supreme,1,0,1
xiao-yao-wan,1,0,1
sars-cov-1e,1,0,1
humanitarian,1,0,1
bozo,1,0,1
courtney,1,0,1
roxy,1,0,1
pepi,1,0,1
velandia,1,0,1
24].dexmedetomidine,1,0,1
zn-2,1,0,1
bromochloropropane,1,0,1
neolamarkia,1,0,1
"hydroxychloroquine,10",1,0,1
sagen,1,0,1
akın,1,0,1
topeli,1,0,1
ketao,1,0,1
3a).it,1,0,1
cassiaeemen,1,0,1
rubrofusarin-6-o-β-d-gentiobioside,1,0,1
adenoviruse-4,1,0,1
theophylline8,1,0,1
[12].glycyrrhizin,1,0,1
dementias,1,0,1
enricogaraci,1,0,1
regenerx,1,0,1
pp220,1,0,1
pirpeptide,1,0,1
sildanafilviagra,1,0,1
sildanafil,1,0,1
enterovirus-d68[,1,0,1
[1].nitazoxanide,1,0,1
koreang1b,1,0,1
pbs/edta/gentamicin,1,0,1
máximo,1,0,1
water.23,1,0,1
rimantadine.39,1,0,1
"ribavirin,45",1,0,1
oseltamivir28,1,0,1
digitale,1,0,1
sweden45,1,0,1
"voriconazole,78",1,0,1
micafungin79,1,0,1
acyclovir.120,1,0,1
"atovaquone,233",1,0,1
pentamidine.89,1,0,1
anazarba,1,0,1
monolaurates,1,0,1
glycerolmonolaurate,1,0,1
appaloosa•it,1,0,1
arginine-lysine,1,0,1
140.chloroquine,1,0,1
remdesivir131,1,0,1
palivizumab.6,1,0,1
kigellia,1,0,1
once-in-,1,0,1
taobao1,1,0,1
saposhnikoviaepolysaccharide,1,0,1
diphenhydramine.10,1,0,1
serping1,1,0,1
lipex,1,0,1
wkm,1,0,1
aurantia,1,0,1
salirumab,1,0,1
radia,1,0,1
vhhs,1,0,1
sulfadiazine-trimethoprim,1,0,1
adcc,1,0,1
sodiumhypochlorite.6,1,0,1
aciclovir.145,1,0,1
amantadine9,1,0,1
oseltamivir39,1,0,1
peramivir70,1,0,1
6).ribavirin,1,0,1
chloroquine49,1,0,1
eps26a,1,0,1
kollegium,1,0,1
ambulanzen,1,0,1
leitende,1,0,1
hcv14,1,0,1
eldorado,1,0,1
dma-2000,1,0,1
surfactant-based,1,0,1
13–aminoacid,1,0,1
met/gtp,1,0,1
62–71,1,0,1
eefaframework,1,0,1
indirubin35,1,0,1
[69].chloroquine/hydroxychloroquine,1,0,1
vtg,1,0,1
5).haloperidol,1,0,1
vp1capsid,1,0,1
50].ethanol,1,0,1
vantilt,1,0,1
streptovertimycin,1,0,1
streptovertimycind,1,0,1
m*.,1,0,1
piperacilline‐tazobactam,1,0,1
cangqi,1,0,1
anti-masker,1,0,1
ac002,1,0,1
cidofovir.48,1,0,1
or“x,1,0,1
rychtar,1,0,1
rcψ,1,0,1
[94].amantadine,1,0,1
[49].colchicine,1,0,1
thymosin‐α,1,0,1
skelett,1,0,1
adalimumabtherapie,1,0,1
isis-2302,1,0,1
tussive,1,0,1
triactinomyxon,1,0,1
monochamus,1,0,1
adenophylla,1,0,1
acanthurus,1,0,1
indigoferaroseo-caerulea,1,0,1
mumia,1,0,1
anguilla,1,0,1
life.7,1,0,1
parathyma,1,0,1
pedioplanis,1,0,1
santanu,1,0,1
payal,1,0,1
beta‐d‐glucan,1,0,1
interferon‐alpha,1,0,1
oral•,1,0,1
agnps,1,0,1
thiol-capped,1,0,1
"α(1,2)mannobioside.70",1,0,1
pristinecds,1,0,1
ag@pei@sirna,1,0,1
"zanamivir,121",1,0,1
"oseltamivir,122amantadine,123",1,0,1
ribavirin.119,1,0,1
codiostomum,1,0,1
tinamidae,1,0,1
tramadol[85,1,0,1
ribavirin[101,1,0,1
anticonvulsant-drug,1,0,1
clotrimazole.[178,1,0,1
"magnesium,[179",1,0,1
l91,1,0,1
83pnpk,1,0,1
penicillins.12,1,0,1
ang1–7/masr,1,0,1
cyp88,1,0,1
lorenzomenicanti,1,0,1
cannata,1,0,1
elvira,1,0,1
biagio,1,0,1
venerino,1,0,1
annasabena,1,0,1
giustina,1,0,1
sande,1,0,1
calendar,1,0,1
trace-minerals,1,0,1
long-termoxymetazoline,1,0,1
sawyer,1,0,1
michalene,1,0,1
gly-pro-pro,1,0,1
aloe‐emodin,1,0,1
ovizide,1,0,1
biofungizide,1,0,1
chondostereum,1,0,1
strombin,1,0,1
isavaconazole.127,1,0,1
2000).vitamin,1,0,1
mentavak,1,0,1
polyphenolpowder,1,0,1
anti‐androgens,1,0,1
pemphochinkondenji,1,0,1
zeynepceylan,1,0,1
ssr1,1,0,1
aliquamycin,1,0,1
‖d2,1,0,1
bafna,1,0,1
gc-grα,1,0,1
mosquito,1,0,1
advaxdelta,1,0,1
phenobarbitone•,1,0,1
potassiumbromideb,1,0,1
gabapentinc,1,0,1
phenobarbitoned,1,0,1
who.lopinavir/ritonavir,1,0,1
antiparasitikum,1,0,1
3‐amino‐9‐ethyl‐carbazole,1,0,1
corticosteroids.1,1,0,1
cushing,1,0,1
"β-agonist,65",1,0,1
cysteine‐histidine,1,0,1
(hcv)14,1,0,1
1).marbofloxacin,1,0,1
16it,1,0,1
hexachlorophene-like,1,0,1
μm.hexachlorophene,1,0,1
carboplatin/paclitaxel/etoposide,1,0,1
methotrexate-,1,0,1
k˜,1,0,1
ketotifen185,1,0,1
neticonazole)187,1,0,1
grapefruit243,1,0,1
ginger167,1,0,1
ortho,1,0,1
cybersight,1,0,1
linezolid71,1,0,1
meth‐c,1,0,1
low‐methionine,1,0,1
meth‐r,1,0,1
delaunay,1,0,1
"(us),21",1,0,1
lapavitsas,1,0,1
mendieta‐muñoz,1,0,1
microcide,1,0,1
desmoteplase,1,0,1
nurix,1,0,1
goodpasture,1,0,1
tie-er,1,0,1
timurekiz,1,0,1
"nevirapine,4",1,0,1
efavirenz6,1,0,1
codonw.,1,0,1
mg/daclatasvir,1,0,1
mg/ledipasvir,1,0,1
immunic,1,0,1
suśrutasaṃhitā,1,0,1
gananathasen,1,0,1
nidana,1,0,1
pranavaha,1,0,1
reha,1,0,1
"(27,28).metformin",1,0,1
gravas,1,0,1
ipsen,1,0,1
evangelosliatsikos,1,0,1
steba,1,0,1
stenzl,1,0,1
fenol-cloroformo,1,0,1
urealiticum,1,0,1
anti-coagulant,1,0,1
rhomboids,1,0,1
tm/thrombin,1,0,1
clarendon,1,0,1
supravalvar,1,0,1
mehdi,1,0,1
adamfa,1,0,1
(78).colchicine,1,0,1
restubog,1,0,1
nafamostat-mesylate,1,0,1
3′-c-cyano-5-fluorouracil,1,0,1
­paracetamol,1,0,1
silvernanoparticles,1,0,1
sulfonyl-chlorides,1,0,1
d-ala-,1,0,1
sna,1,0,1
aptamer-sirna/mirna,1,0,1
ampicillinconjugate,1,0,1
[77].lopinavir-ritonavir,1,0,1
aminophylline.35,1,0,1
linalol,1,0,1
menthe,1,0,1
calophylle,1,0,1
白朮bái,1,0,1
astragali-crucian,1,0,1
zikae,1,0,1
pegylatedinterferon-λ,1,0,1
vitamin-dsupplements,1,0,1
yit,1,0,1
pcv3a1,1,0,1
[35s]-cysteine,1,0,1
persyn,1,0,1
historia,1,0,1
calixarenic,1,0,1
ribavirin.28,1,0,1
chloroquine[30,1,0,1
listervaccine,1,0,1
tachycardialactatemvo2,1,0,1
rppnes1,1,0,1
tovomita,1,0,1
methimazole.158,1,0,1
α‐defensin,1,0,1
rc‐101,1,0,1
endotronix,1,0,1
nyna,1,0,1
helwett,1,0,1
wcu,1,0,1
(hpr).colchicine,1,0,1
fimo,1,0,1
2014).hepatitis,1,0,1
light,1,0,1
btvs-betacov/sc2013,1,0,1
brent’s.2,1,0,1
plague,1,0,1
anisimov1968).a.h.,1,0,1
adivar,1,0,1
selen,1,0,1
oscn−,1,0,1
ribavirin/chloroquine,1,0,1
methylprednisolone/triamcinoloneacetonide,1,0,1
[52].vitamind,1,0,1
folate62,1,0,1
trimannose,1,0,1
ccr5.mip-1α/ccl3,1,0,1
schepens,1,0,1
bismuth-,1,0,1
[161].abacavir,1,0,1
0.5%l-cysteine-hcl,1,0,1
2007).moxifloxacin,1,0,1
2006).piperacillin/tazobactam,1,0,1
ty3,1,0,1
"surfactant,71",1,0,1
"(hcv),58",1,0,1
"hiv-1,58",1,0,1
ssrd,1,0,1
foral,1,0,1
3oh)2,1,0,1
yigao,1,0,1
s9).pegamotecan,1,0,1
povidoneiodine.4,1,0,1
30–96(,1,0,1
anti‐β,1,0,1
brutp‐dotap‐actinomycin,1,0,1
wp4,1,0,1
bacilluscalmette-guerin(bcg)—a,1,0,1
saibk2,1,0,1
voxilaprevir-,1,0,1
narlaprevir-,1,0,1
adamantane/rimantadine,1,0,1
bis-amide,1,0,1
spink1/bevacizumab,1,0,1
phlorofucofureckol,1,0,1
neuringer,1,0,1
sadhana,1,0,1
β2.7,1,0,1
heparin.40,1,0,1
liposea,1,0,1
aralkylamine,1,0,1
acetylserotonin,1,0,1
cyp3a7,1,0,1
cyp3a43,1,0,1
indolethylamine,1,0,1
oseltamivir.7,1,0,1
rimantadine.74,1,0,1
mad2,1,0,1
〈k〉ℓ,1,0,1
azithromycin.7,1,0,1
suak,1,0,1
cybergeneab,1,0,1
atoom,1,0,1
ajsam-,1,0,1
denv1-,1,0,1
tonnen,1,0,1
27ohc,1,0,1
photinides,1,0,1
peniprequinolone,1,0,1
a02,1,0,1
thena02,1,0,1
pp-pu,1,0,1
testosterone.12,1,0,1
phenylephrine23,1,0,1
chga,1,0,1
dryopteriscrassirhizomatis,1,0,1
dexamethasone.58,1,0,1
methoxymethylation,1,0,1
lithiumbromide/,1,0,1
ethylorthoformate,1,0,1
cyanoethylation,1,0,1
methylxanthate,1,0,1
9-aminoguanine,1,0,1
o-benzylhydroxylamine,1,0,1
"2,3-diaminopyridine",1,0,1
abreva,1,0,1
orthoquintm,1,0,1
.[60,1,0,1
glutathione145,1,0,1
hemophore,1,0,1
fertilin-α,1,0,1
anticholinergem,1,0,1
anticholinerikum,1,0,1
fentanyl-pflasteroxybutyninbiperidenmirtazapinrivastigmin,1,0,1
fondaparinux2.5,1,0,1
cd204,1,0,1
asd•amiodarone,1,0,1
•drugspenicillin,1,0,1
imipraminenitrofurantoin,1,0,1
drugs•bleomycin•bcnu•cyclophosphamide•methotrexate•procarbazine,1,0,1
drugs•amiodarone•nitrofurantoin•gold•carbamazepine,1,0,1
mers‐cov.18,1,0,1
ephedrine/theophylline,1,0,1
that‘the,1,0,1
melatonin.91,1,0,1
•bronchodilator,1,0,1
•aspirin,1,0,1
morphine)†,1,0,1
•atropine,1,0,1
•digoxin†,1,0,1
•lidocaine,1,0,1
•nitroglycerine,1,0,1
seuil,1,0,1
chromatin.19lbr,1,0,1
thatcherite,1,0,1
kulbaeva,1,0,1
antipinai.,1,0,1
baudinov,1,0,1
"toxoids,75",1,0,1
nanosystems,1,0,1
mxenes,1,0,1
heparin128,1,0,1
humid,1,0,1
rangtp,1,0,1
h(na,1,0,1
zoranrumboldt,1,0,1
mariasavina,1,0,1
anti-cd45rb,1,0,1
che-fcd.,1,0,1
mgs.23,1,0,1
malini,1,0,1
ghif,1,0,1
coxsackievirusesb1–6,1,0,1
skolkovo,1,0,1
insulin-glargine,1,0,1
anti-bacterium,1,0,1
rifn-α-2b,1,0,1
abdol,1,0,1
joneidi,1,0,1
bisam-,1,0,1
sodiumbutyrate52,1,0,1
pinto,1,0,1
eight-amino-acid,1,0,1
"electrolytes.23,24",1,0,1
mir-6720-3p,1,0,1
penicillin‐streptomycin‐glutamine,1,0,1
1chloroquin/hydroxychloroquin,1,0,1
methotrexatd,1,0,1
hydroxychloroquin‐dosisb,1,0,1
chloroquinc,1,0,1
anti‐papain,1,0,1
antizyme3).19,1,0,1
bentahar,1,0,1
tauseef,1,0,1
cefaclor98,1,0,1
fenobarbital105,1,0,1
metrotrexato,1,0,1
etanercept153,1,0,1
colchicina201,1,0,1
porfiria,1,0,1
porfirinemias,1,0,1
farjana,1,0,1
dexamethasone.20,1,0,1
6.etoposide,1,0,1
shareholders.92,1,0,1
yonap,1,0,1
kumalo,1,0,1
kandeel,1,0,1
salmo,1,0,1
mahnerin,1,0,1
glycines6,1,0,1
covid‐19.hydroxychloroquine,1,0,1
budesonide.18,1,0,1
hectormonclús,1,0,1
manuelcermerón-romero,1,0,1
nikosmelitas,1,0,1
"famotidine,2",1,0,1
"famotidine,8",1,0,1
neuroprotective,1,0,1
enhanced.mir-142-5p,1,0,1
[304].dasatinib,1,0,1
[92].gemcitabine,1,0,1
curcumin-,1,0,1
thiolmaleiimide,1,0,1
18215,1,0,1
itraq,1,0,1
g3p,1,0,1
[123].doxycycline,1,0,1
camptothecin10,1,0,1
14c-nitrocaphane,1,0,1
doxorubicin59,1,0,1
antimony-71,1,0,1
cheliensisina77,1,0,1
camptothecins.141,1,0,1
bromo-atom,1,0,1
nikkiso,1,0,1
poststreptococcalpan,1,0,1
miliare,1,0,1
pneumatozelen,1,0,1
legalon‐sil,1,0,1
(nf-kb).azithromycin,1,0,1
[33].azithromycin,1,0,1
macrolide/,1,0,1
"hiv,1",1,0,1
ev-109,1,0,1
isr10,1,0,1
"2,206-amino-acidpolyprotein",1,0,1
coxsackievirusa19,1,0,1
para-nitrophenyl-phosphate,1,0,1
cinensis,1,0,1
citrusjuice,1,0,1
tax1,1,0,1
nleb,1,0,1
oxygen.28,1,0,1
c-dimers,1,0,1
azithromycin.4,1,0,1
ivermectin.9,1,0,1
intracardial,1,0,1
grein,1,0,1
vgg16(v1,1,0,1
effiecientnetb0,1,0,1
molluscipoxvirus–,1,0,1
bocavirus–,1,0,1
hanzalova,1,0,1
enterovirus–,1,0,1
poliovirus(polio)–,1,0,1
echovirus)–,1,0,1
rubivirus–,1,0,1
flavivirus–,1,0,1
phlebovirus:–,1,0,1
thogotovirus–,1,0,1
deltavirus:–,1,0,1
deltaretrovirus–,1,0,1
hexamethyleneamiloride(hma)—,1,0,1
6′-o-caffeoylarbutin,1,0,1
rifqi,1,0,1
widyanata,1,0,1
botsch,1,0,1
hydratase,1,0,1
rimantadine.[113,1,0,1
butyraticus,1,0,1
hogan,1,0,1
manser,1,0,1
a).ketorolac,1,0,1
"hpv4,hpv27",1,0,1
cck-8,1,0,1
otosim,1,0,1
2012).ribavirin,1,0,1
seleno­methionine,1,0,1
dimetilo,1,0,1
phaedranassaalkaloid,1,0,1
hcv-receptor,1,0,1
[8].acyclovir,1,0,1
[3h]thiamine,1,0,1
zlatan,1,0,1
•ribavirine,1,0,1
antibiotics.45,1,0,1
chlorhexidine.28,1,0,1
tprh,1,0,1
1998).fluconazole,1,0,1
4c).remdesivir,1,0,1
amizon,1,0,1
laurene,1,0,1
antenoron,1,0,1
polygoneae,1,0,1
myricetin-3-o-(5″-acetyl-α-arabinofuranoside,1,0,1
quercetin-3-o-β-d-glucuronide,1,0,1
maxresw.,1,0,1
mir‐375,1,0,1
hoeheeft,1,0,1
mousavinia,1,0,1
oilii,1,0,1
vagotonics,1,0,1
cinnamoma,1,0,1
tincture,1,0,1
angustafoliaeo,1,0,1
decoctionii,1,0,1
vibernum,1,0,1
chlorine-solution,1,0,1
bizaer,1,0,1
payra,1,0,1
capno,1,0,1
tobramycin3,1,0,1
cyp3a3,1,0,1
miconazole-rivaroxaban,1,0,1
loperamide-dabigatran,1,0,1
tocilizumab-dabigatran,1,0,1
supraflex,1,0,1
iginio,1,0,1
that11,1,0,1
yida,1,0,1
ti>/=tz,1,0,1
tympanozentese,1,0,1
clarithromycinbei,1,0,1
combretumindicum,1,0,1
dtp-hepb,1,0,1
ganciclovir.27,1,0,1
[193].arbidol,1,0,1
œil,1,0,1
gnathiongnathion,1,0,1
busold,1,0,1
dpttoxoids,1,0,1
usaatripla,1,0,1
[40].favipiravir,1,0,1
dipit,1,0,1
malarias,1,0,1
tania,1,0,1
ivermectin.37,1,0,1
adenovirusiga/igg,1,0,1
mpro-leucovorin,1,0,1
[51].ibrutinib,1,0,1
rnaib,1,0,1
lila,1,0,1
g-cf,1,0,1
olmesartan.9,1,0,1
azithromycin.5,1,0,1
acetaminophen.8,1,0,1
isatin-β-thiocarbazone,1,0,1
sukabumi,1,0,1
costi,1,0,1
ticarcillin.208,1,0,1
hbv.30,1,0,1
adefovir.61,1,0,1
tari,1,0,1
epilaggab,1,0,1
pineapples,1,0,1
pantoprazole-,1,0,1
austroafricanus,1,0,1
hydroxy−/chloroquine,1,0,1
lnt,1,0,1
na2=galβ1-4glcnacβ1-2manα1-6(galβ1-4glcnacβ1-2manα1-3)manβ1-4glcnacβ1-,1,0,1
hydroxychloroquine.51,1,0,1
alcohol.21,1,0,1
vitamine.153,1,0,1
(2017).1,1,0,1
axis.94,1,0,1
acceldesselben,1,0,1
subtilisokb105,1,0,1
delotto,1,0,1
docmorris,1,0,1
pde-5-,1,0,1
hilyte,1,0,1
mosflm,1,0,1
ϵ-nitrogen,1,0,1
met-189,1,0,1
thalidomide′s,1,0,1
alendronate-,1,0,1
osteoporosis.40abaloparatide,1,0,1
irinotecan2–4,1,0,1
chlorite.62,1,0,1
nilson,1,0,1
"castanospermine,2",1,0,1
australine/alexine,1,0,1
bindweed,1,0,1
nagstatin,1,0,1
nortropane,1,0,1
6-epi-castanospermine,1,0,1
"castanospermine,83",1,0,1
calystegines.54,1,0,1
dmdp,1,0,1
76).it,1,0,1
l-norleucine,1,0,1
p21s6,1,0,1
p21s10/hr1p,1,0,1
baracklight,1,0,1
ifn-ωs,1,0,1
flurodeoxyuridine,1,0,1
indomethacin-,1,0,1
c.formamide,1,0,1
foscarnet.5,1,0,1
"methotrimeprazine).12,13",1,0,1
pp1a/pp1ab,1,0,1
ub(1–75)-3-bromopropylamine,1,0,1
ub-7-amino-4-trifluoromethylcoumarin,1,0,1
huperminone,1,0,1
serratenediol,1,0,1
d.erythrosora,1,0,1
gliricidin,1,0,1
favonol,1,0,1
s.chusanum,1,0,1
helminthostachyszeylanica,1,0,1
parathelypteris,1,0,1
abacopteris,1,0,1
iraqui,1,0,1
infektionsratendeutlich,1,0,1
nostalgictui,1,0,1
toxoids.105,1,0,1
2011).sitagliptin,1,0,1
trilox,1,0,1
tm-coffee,1,0,1
penta-o-galloyl-β-d-glucose,1,0,1
fluorquinolones.67,1,0,1
chloramphenicol.48,1,0,1
rifampin.49,1,0,1
debio025,1,0,1
annalisa,1,0,1
jacobcirera,1,0,1
ritornavir/darunavir,1,0,1
lopinavir/ritornavir,1,0,1
dacosta,1,0,1
barabasi,1,0,1
acyclovir.69,1,0,1
zanamivir190,1,0,1
ck‐n‐acetylcysteine,1,0,1
fa14,1,0,1
biella,1,0,1
anti‐il‐4,1,0,1
2016).niclosamide,1,0,1
diplomacy,1,0,1
montenegro.38,1,0,1
thatthe,1,0,1
zhidu,1,0,1
beta‐adrenergic,1,0,1
symbiopharm,1,0,1
munsc,1,0,1
novarferon,1,0,1
mitonafide,1,0,1
μm.16,1,0,1
tetramethylene,1,0,1
vasopressinanalogon,1,0,1
hustin,1,0,1
tolerabel,1,0,1
hradeckralove,1,0,1
cyp4f3a,1,0,1
sch’s,1,0,1
alcohol.13,1,0,1
bactrol,1,0,1
angii/at1r,1,0,1
zhenlin,1,0,1
adcc.motavizumab,1,0,1
"bocavirus,12",1,0,1
glycine-cysteine-glutamicacid,1,0,1
gsh.43,1,0,1
mrcrt-60,1,0,1
benzalkoniumchloride(bzk,1,0,1
chlorhexidinedigluconate,1,0,1
wycliff,1,0,1
glycyrrhiziaglabra,1,0,1
2009).azilsartan,1,0,1
lemaco,1,0,1
[69].favipiravir,1,0,1
trimethoprim/sulfa-methoxazole,1,0,1
on.2,1,0,1
gulo,1,0,1
insavc-1,1,0,1
antibiotikajohanniskrautpräparate,1,0,1
doxoubicin,1,0,1
isotretinoin/acitretin,1,0,1
/acitretin,1,0,1
folsäureantagonist,1,0,1
marcumardoxorubicin,1,0,1
kevatril,1,0,1
diphenhydramin/clemastin,1,0,1
xipapillomavirus,1,0,1
oshana,1,0,1
aciclovir.20,1,0,1
parvaiz,1,0,1
cy5.5,1,0,1
cpa,1,0,1
anti-dengue,1,0,1
dexamethasone.41,1,0,1
presidentblakeney,1,0,1
pd(oh)2,1,0,1
alcohol-impregnated,1,0,1
acids.47,1,0,1
doxycycline.72,1,0,1
sandman120,1,0,1
monisha,1,0,1
petromicacitrina,1,0,1
"disodium2b,3a-dihydroxy-6e-hydroximine-5a-cholestane-2,3-disulfate",1,0,1
thegiii-2,1,0,1
apyrase-modified,1,0,1
eman,1,0,1
ampicillin.18,1,0,1
hrp,1,0,1
pentoxifylline.•,1,0,1
.•phenylephrine,1,0,1
•ranitidine,1,0,1
essentia,1,0,1
pint,1,0,1
d.propofol,1,0,1
c.etomidate,1,0,1
d.etomidate,1,0,1
isa.ephedrineb.phenylephrinec.epinephrined.norepinephrine,1,0,1
b.norepinephrine,1,0,1
c.norepinephrine,1,0,1
hydroxychloroquine.3,1,0,1
teemu,1,0,1
afina,1,0,1
tiia,1,0,1
hydrogenperoxide.22,1,0,1
alcohol.6,1,0,1
ligule,1,0,1
bisexual,1,0,1
racemosa,1,0,1
bocavirus).21,1,0,1
saxifragaceae,1,0,1
device-,1,0,1
neogaurd,1,0,1
bu-rvnn,1,0,1
dimassi,1,0,1
mcz,1,0,1
lqp,1,0,1
tye,1,0,1
cmabis,1,0,1
1toxin,1,0,1
azithromycin32,1,0,1
cefadroxil29,1,0,1
"ceftibuten,35",1,0,1
cefixime4,1,0,1
"amoxicillin/clavulanate,32",1,0,1
lesserythromycin,1,0,1
n-diazeniumdiolates,1,0,1
elast-eon,1,0,1
wire,1,0,1
siliconeelastomer,1,0,1
caspofunginacetate,1,0,1
krd,1,0,1
proclara,1,0,1
fabiano,1,0,1
copra,1,0,1
hcl-lysine,1,0,1
gonadotropins.510,1,0,1
tnf.637,1,0,1
25-hydroxycholesterol.677,1,0,1
histamine.731,1,0,1
androgens.898,1,0,1
coecatus,1,0,1
nipp,1,0,1
terbutaline.56,1,0,1
"surfactant,67",1,0,1
inf-α,1,0,1
simvastatin23,1,0,1
duari,1,0,1
kynge,1,0,1
meliacae,1,0,1
lbt,1,0,1
i).3,1,0,1
valganciclovir).5,1,0,1
ribavirin12,1,0,1
lushene,1,0,1
sulfinate,1,0,1
peracids,1,0,1
14-hydroxymorphinone,1,0,1
diazotation,1,0,1
diazald,1,0,1
bromomethyl,1,0,1
louglin,1,0,1
galectin-4,1,0,1
"ciclosporin,70",1,0,1
sulfo-lea,1,0,1
montazar,1,0,1
shana,1,0,1
ribavirin.134,1,0,1
acrylate,1,0,1
dexamethasone-cyclophosphamide-etoposide-cisplatin-gemcitabine,1,0,1
dexamethasone-paclitaxel-cisplatin,1,0,1
mb-dna,1,0,1
amantadine.14,1,0,1
trypsin-to-protein,1,0,1
[45].cyclophosphamide,1,0,1
vanleeuwen,1,0,1
potassiumhydroxide33,1,0,1
chlorocholine,1,0,1
tricula,1,0,1
virsodia,1,0,1
antihistamines44,1,0,1
sotres-bayon,1,0,1
ballone,1,0,1
cholecystokinin-containing,1,0,1
cusulin,1,0,1
oleovorans,1,0,1
aflatoxin-b1,1,0,1
echerichia,1,0,1
iron.32,1,0,1
[6].surfactant,1,0,1
ejev,1,0,1
‡‡,1,0,1
immunoglobulin.[10]it,1,0,1
acidmethotrexatecyclosporinecyclophosphamideprednisolone,1,0,1
dapsonesulfapyridineantibiotics,1,0,1
tetracycline)antihistamine,1,0,1
bcdframework,1,0,1
burkill,1,0,1
methyl5-(3-nitroguanidino)-2-(3-phenylpropanamido)pentanoate,1,0,1
szmigiera,1,0,1
β-dicalcium,1,0,1
thioaptamer,1,0,1
oseltamivir.43,1,0,1
atovaquone/proguanil.59,1,0,1
n-diethyl-meta-toluamide(deet).59,1,0,1
8.3permethrin,1,0,1
surfactant.51,1,0,1
β-agonist.84,1,0,1
[131].it,1,0,1
diphenhydramine.44,1,0,1
sulfa/trimethoprim,1,0,1
aminoacids184–196,1,0,1
ontothe,1,0,1
sechrist,1,0,1
licorice.[3,1,0,1
g.pallidiflora,1,0,1
[34].acetylcholine,1,0,1
philosopherrene,1,0,1
ics11,1,0,1
pr/pi,1,0,1
c6cer,1,0,1
isg12,1,0,1
2008).ribavirin,1,0,1
e5-e7,1,0,1
birb,1,0,1
ritonavir.38,1,0,1
[73].curcumin,1,0,1
(–)-gossypol,1,0,1
[133].clarithromycin,1,0,1
spiroergometry,1,0,1
n-diethyl-meta-toluamide(deet).57,1,0,1
indolaprilat,1,0,1
ace2–moexiprilat,1,0,1
ace2–quinaprilat,1,0,1
burixafor,1,0,1
dq-ova-liposome,1,0,1
rac-β-lactams,1,0,1
(4r)-β-lactam,1,0,1
s)-(+)-pseudoephedrine,1,0,1
bromo-enamides,1,0,1
oseltamivir.27,1,0,1
fluoroquinolones.69,1,0,1
mētis,1,0,1
benedikt,1,0,1
id31)it,1,0,1
glutathione26,1,0,1
neuroamidase,1,0,1
adefovir28,1,0,1
2’3’-dideoxycitidine,1,0,1
nousheen,1,0,1
albalinn,1,0,1
10%.5,1,0,1
isoniazid.32,1,0,1
rifabutin37,1,0,1
voriconazole.47,1,0,1
cpg-pyrimidine,1,0,1
bpdiphenhydramine,1,0,1
lactobacillus.43,1,0,1
pro‐α‐defensins.146,1,0,1
vasostatin‐1,1,0,1
calcitermin,1,0,1
presidentthadombeki,1,0,1
malekal,1,0,1
spla2-x,1,0,1
nuevo,1,0,1
stain,1,0,1
methyl2-(5-chloropyridin-3-yl)acetate,1,0,1
methyl2-(3-chlorophenyl)acetate(9b,1,0,1
methyl2-(5-bromopyridin-3-yl)acetate,1,0,1
methyl5-aminonicotinate(15,1,0,1
3-chloro-5-(chloromethyl)pyridine,1,0,1
ethyl3-diazo-2-oxopropanoate(21,1,0,1
β-d-cytidine,1,0,1
2′-deoxycytidinehydrochloride,1,0,1
(2′-deoxycytidine)m,1,0,1
(cytidine)2,1,0,1
conjugatevaccine4,1,0,1
rotavirusvaccine.32,1,0,1
cox-2/pge2,1,0,1
ribavirin-interferon-α-2b,1,0,1
gonzález-de-artaza,1,0,1
flukes.9,1,0,1
neosmectin,1,0,1
laopdr,1,0,1
β-lactamin,1,0,1
ribavirin.13,1,0,1
glycyrrhizin.14,1,0,1
cov.27,1,0,1
shenwu,1,0,1
pemetrexed-carboplatin,1,0,1
sne,1,0,1
cyclosporine.62,1,0,1
azoricus,1,0,1
atangana,1,0,1
etomidato13,1,0,1
m.tasdikhasan,1,0,1
odontoiatri-,1,0,1
kishk,1,0,1
naff,1,0,1
dahl,1,0,1
chempep,1,0,1
rbcs,1,0,1
mdm2-ace2,1,0,1
gongol,1,0,1
saquinavir/rtv,1,0,1
2-microglobulin,1,0,1
kilkari,1,0,1
anti-ifn-α2a,1,0,1
giangiacomo,1,0,1
"trilla,1",1,0,1
nicephoras,1,0,1
cholet,1,0,1
mettam,1,0,1
kwatsi,1,0,1
kongoni,1,0,1
gordil,1,0,1
korin,1,0,1
endoscopy,1,0,1
"surgery,∘doxorubicin-ifosfamide",1,0,1
n‐methyl‐n‐nitrosourea,1,0,1
kassara,1,0,1
neuralgias,1,0,1
mefloquine18,1,0,1
selamectin18.imatinib,1,0,1
pvp-jod,1,0,1
bria,1,0,1
glucuronides,1,0,1
"adenovirus,45",1,0,1
cpn,1,0,1
bacilluscalmette‐guérin,1,0,1
dexamethasone90,1,0,1
betamethasone100,1,0,1
nanoemulsionw805ec,1,0,1
­β-carotene,1,0,1
gelidium,1,0,1
isoobtusitin,1,0,1
quercetin3-o-β-galactopyranoside,1,0,1
hbvvaccine.6,1,0,1
trius,1,0,1
pro-adm,1,0,1
m184v,1,0,1
betaestradiol,1,0,1
amoxicillin-metronidazole,1,0,1
tetracycline-metronidazole,1,0,1
marolide,1,0,1
muscle5,1,0,1
auerbach,1,0,1
s.30,1,0,1
lucrezia,1,0,1
theorem10.1007/978-3-,1,0,1
cholecalciferol-vitamind3,1,0,1
vitamink3-menadione,1,0,1
heat-cool,1,0,1
medicorumhelveticorum,1,0,1
mefloquine.51,1,0,1
sphaerococcus,1,0,1
bromosphaerone,1,0,1
waddell,1,0,1
teratoma.39,1,0,1
clindamycin.65,1,0,1
erythromycin.27,1,0,1
penicillin.27,1,0,1
plcz,1,0,1
n99/ffp3,1,0,1
ija,1,0,1
tigacyclin,1,0,1
[44].shingrix,1,0,1
lwmh,1,0,1
mir‐9agomir,1,0,1
peroxydisulphate,1,0,1
s-enantiomers,1,0,1
silaris,1,0,1
bcg.bcg,1,0,1
francesca,1,0,1
funda,1,0,1
darja,1,0,1
ayona,1,0,1
neochord,1,0,1
phylanthus,1,0,1
zinc2,1,0,1
olmsartan-,1,0,1
shaib,1,0,1
"leonard,6",1,0,1
plastunit,1,0,1
rii,1,0,1
ceftolozane-tazobactam-based,1,0,1
rimantadine-,1,0,1
mydriatics/cycloplegics,1,0,1
sunbin,1,0,1
α1-thymosin,1,0,1
selenium18–20,1,0,1
selenop99,1,0,1
oscarcano-valderrama,1,0,1
celis,1,0,1
glutathione.57,1,0,1
odncpg,1,0,1
telaprevir.88,1,0,1
peg‐ifn,1,0,1
advaxcpg-,1,0,1
marie-pierresylvestre,1,0,1
paracetamoldosen,1,0,1
fentanyl-,1,0,1
opioiddosis,1,0,1
∂x.,1,0,1
hinton,1,0,1
chairmanxi,1,0,1
codan,1,0,1
anatolyantonov,1,0,1
ilona,1,0,1
cys63,1,0,1
loxoprofensodium,1,0,1
megumijinno,1,0,1
haruna,1,0,1
l’enfuvirtide,1,0,1
2‐drug,1,0,1
nayar,1,0,1
meng-fei,1,0,1
ep-7041,1,0,1
enteroviruses.77,1,0,1
angiospermae,1,0,1
potassium-calcium-magnesium,1,0,1
mineral-corticoid,1,0,1
writer,1,0,1
anjaria,1,0,1
tialdahaartsen,1,0,1
cva24,1,0,1
quadrato,1,0,1
vivaglobin,1,0,1
m‐aconitase,1,0,1
herod,1,0,1
merito,1,0,1
11β-hsd,1,0,1
atadeno-,1,0,1
mbs.9,1,0,1
chloramphenicol.43,1,0,1
zro2,1,0,1
diabetologia1–1610.1007/s00125-,1,0,1
6-acetlymorphine,1,0,1
baculogenes,1,0,1
soo,1,0,1
hea,1,0,1
zeno,1,0,1
1-phenethylthiourea,1,0,1
sarcin,1,0,1
thiosugar,1,0,1
framycetin-gramycidin-dexamethasone,1,0,1
arsenicism,1,0,1
heu-russia,1,0,1
fibm,1,0,1
squaleneemulsions,1,0,1
comil,1,0,1
nayarit,1,0,1
trypsin‐edta,1,0,1
o104)phenobarbital,1,0,1
hyperqptl,1,0,1
anti‐il‐6,1,0,1
mxsgd,1,0,1
atg12–atg5–atg16,1,0,1
e2).it,1,0,1
125i-labeledestradiol-17β,1,0,1
2.hydroxychloroquine,1,0,1
hydroxyethylene,1,0,1
bis-desethylchloroquine,1,0,1
k+/p,1,0,1
laidlomycin,1,0,1
phenformin-metal,1,0,1
luthria,1,0,1
"11,11′-dideoxyverticillin",1,0,1
6-hydroxyethyl-adenosine,1,0,1
boostercustard,1,0,1
anti‐ricin,1,0,1
arnaldo,1,0,1
pragmatische,1,0,1
telefonatprivat,1,0,1
[8–12].teriflunomide,1,0,1
leucutia,1,0,1
ha-head,1,0,1
cr8071,1,0,1
symanovich,1,0,1
schistosomiasis.390,1,0,1
dirofilariamicrofilariae,1,0,1
alleinige,1,0,1
budesonide.58,1,0,1
amygdalofugal,1,0,1
cortico-fugal,1,0,1
neosilyhermin,1,0,1
40).zinc,1,0,1
ikj,1,0,1
36-,1,0,1
18-mer,1,0,1
unicef.15,1,0,1
"baricitinib,70",1,0,1
chloroquine68,1,0,1
pitham,1,0,1
siddhamedicine,1,0,1
jis-1,1,0,1
indenoisoquinoline,1,0,1
ishmailis,1,0,1
vancomycin.86,1,0,1
cephalosporins.83,1,0,1
fluconazole.120,1,0,1
"1,25-dihdroxyvitamind",1,0,1
iu/dvitamind3,1,0,1
resnet5014,1,0,1
mobilenet-v216,1,0,1
pectin/amylose,1,0,1
muxin,1,0,1
tayebeh,1,0,1
ghobakhloo,1,0,1
monoub-,1,0,1
triazolelinker,1,0,1
diub-conjugated,1,0,1
triublys48,1,0,1
quintus,1,0,1
sollte,1,0,1
leflunomide8,1,0,1
[7].colchicine,1,0,1
apiosperma,1,0,1
pentavalentpolypeptidevaccine,1,0,1
veno-arterial,1,0,1
[1].daptomycin,1,0,1
hlr-gentamicin,1,0,1
afg,1,0,1
polyene+azole,1,0,1
clia,1,0,1
vancomycin(v,1,0,1
linezolid(l,1,0,1
daptomycin(d,1,0,1
ciprofloxacin-ns,1,0,1
protein-conjugatepolysaccharide,1,0,1
tenofovir(tdf,1,0,1
paromycine,1,0,1
citrobacter,1,0,1
meropenem-edta,1,0,1
meropenem-boronates,1,0,1
amoxacillin/clavulanic,1,0,1
dumigan,1,0,1
theradoc,1,0,1
pi-alkyl,1,0,1
22-hydroxyhopan-3-one,1,0,1
alpha-2u-globulin,1,0,1
tgfβ1,1,0,1
"streptococcus,9",1,0,1
[35s]cystein/methionine,1,0,1
eif2-alpha,1,0,1
veepox,1,0,1
thiorphan-,1,0,1
ganzinger,1,0,1
med¯,1,0,1
valsartan.94,1,0,1
cmla,1,0,1
emova-s.,1,0,1
pelistega,1,0,1
europaea,1,0,1
herpesvirusenrofloxacinneoplasia,1,0,1
salafia,1,0,1
dawe,1,0,1
bushmeat,1,0,1
f.a.hayek,1,0,1
phenylephrine.16,1,0,1
oxygen.19,1,0,1
spine.67,1,0,1
penicilliosis-hlh,1,0,1
vitamind3supplements,1,0,1
provitamind2,1,0,1
[s35]-methionine,1,0,1
kylene,1,0,1
kenlm,1,0,1
4‐aminoquinoline,1,0,1
hydroxychloroquine‐azithromycin,1,0,1
n1-methyl-pseudouridine,1,0,1
2016).metformin,1,0,1
2020).chlorpromazine,1,0,1
sulfamethoxazole/tazobactam,1,0,1
sili,1,0,1
surflex,1,0,1
vancomycin439,1,0,1
penicillin.517,1,0,1
erythromycin.690,1,0,1
medulloblastoma•,1,0,1
teleglaucoma,1,0,1
125i-labeledcsbf/c10orf99,1,0,1
δii,1,0,1
λii,1,0,1
sathuperi,1,0,1
khelren,1,0,1
"tetanus,1measles2",1,0,1
huntington,1,0,1
1968).it,1,0,1
s-nitroso-l-acetylpenicillamine,1,0,1
catechin(−,1,0,1
mi-63,1,0,1
arthrinium,1,0,1
am114,1,0,1
panepophenanthrin,1,0,1
hlp1,1,0,1
heijmans,1,0,1
iraj,1,0,1
zhaoxin,1,0,1
nafamostat(guo,1,0,1
dorosoma,1,0,1
anti‐tnfs,1,0,1
glycyrrhizin.119,1,0,1
bewegungstherapie,1,0,1
verhaltenstherapie,1,0,1
elterntherapie,1,0,1
hyper-ig,1,0,1
anti-estradiol,1,0,1
eleni,1,0,1
kolleboyina,1,0,1
radek,1,0,1
sialo‐liposomes,1,0,1
yellin,1,0,1
.ribavarin,1,0,1
sulfydryls,1,0,1
methyl-peo12-maleimide,1,0,1
merox,1,0,1
syncronis,1,0,1
jevsa14,1,0,1
thyminenucleotide,1,0,1
mobala,1,0,1
r∗,1,0,1
meei,1,0,1
arief,1,0,1
avbd11,1,0,1
miceli,1,0,1
[115].arylpropiolates,1,0,1
dispiropyrrolidine,1,0,1
filgrastim-sndz,1,0,1
anti-adamantane,1,0,1
oseltamivir-induced,1,0,1
"naproxen,9",1,0,1
methylprednisolone-,1,0,1
asnp,1,0,1
anti-chloroquine,1,0,1
hydroxychloroloquine,1,0,1
formoterol.82,1,0,1
zacatecas,1,0,1
matiyasevich,1,0,1
1.latanoprost,1,0,1
il)it,1,0,1
hcvit,1,0,1
hpvpapillomaviruses,1,0,1
disinfectantsrsv,1,0,1
ifit,1,0,1
vitamind3/placebo,1,0,1
meloid,1,0,1
ammonia.19,1,0,1
efstathios,1,0,1
trazodone8,1,0,1
cysteine.42,1,0,1
kotsev,1,0,1
deinagkistrodon,1,0,1
anti-hvaigy,1,0,1
(68).it,1,0,1
1‐butanol,1,0,1
hotchkiss,1,0,1
klimek,1,0,1
salt/surfactant,1,0,1
docetaxel/paclitaxel,1,0,1
.thymosin,1,0,1
thimerosal.37,1,0,1
rotashield,1,0,1
prevnarb,1,0,1
pneumovaxd,1,0,1
fluarixc,1,0,1
fluarixd,1,0,1
papillomavirusvaccineb,1,0,1
anr-10-labx-25,1,0,1
goodspeed,1,0,1
teodora,1,0,1
52.ribaviran,1,0,1
tetravalentrhesus-basedrotavirusvaccine19,1,0,1
antisyndecan-1,1,0,1
fism,1,0,1
nanofi,1,0,1
a1-thymosin,1,0,1
arh,1,0,1
primroseoil,1,0,1
jãrvinen,1,0,1
.ultrasound,1,0,1
tptc-liposomes,1,0,1
ultraviolet-vis,1,0,1
l-npi,1,0,1
ag2bs,1,0,1
mongol-tatar,1,0,1
vasilyevich,1,0,1
1884-,1,0,1
antidnase,1,0,1
anti-shigella,1,0,1
herbzingiber,1,0,1
ureia,1,0,1
ferrofluids,1,0,1
dostal,1,0,1
diethylcarbamazine-citrate,1,0,1
dtp3vaccine,1,0,1
o¯oxacin,1,0,1
sulfonamidation,1,0,1
chitosan-nucleotide,1,0,1
stoiochiometry,1,0,1
milican,1,0,1
sulfhydration,1,0,1
h2s-diclofenac,1,0,1
oma87,1,0,1
noncarbapenems,1,0,1
ecw,1,0,1
polymyxin/carbapenem/teicoplanin,1,0,1
carbapenem/tigecycline,1,0,1
lys-1,1,0,1
sb225002,1,0,1
4-hydroxypiperidine,1,0,1
61).distamycin,1,0,1
tgfb,1,0,1
erigerontisherba,1,0,1
scutellarein/scutellarin,1,0,1
myricetin/myricetrin,1,0,1
ductility,1,0,1
naphazoline-lidocaine,1,0,1
2.heparin,1,0,1
shafi,1,0,1
sripriya,1,0,1
bbp-24,1,0,1
dengvaxiar,1,0,1
kerosine,1,0,1
syntactic,1,0,1
sirchia,1,0,1
o/actinomycind,1,0,1
actinomyeind,1,0,1
kolloidenkritischzu,1,0,1
-erythromycin,1,0,1
monobactam-aztreonam,1,0,1
inhibitortigecycline,1,0,1
lilius,1,0,1
thex,1,0,1
137chloroquine,1,0,1
146hydroxychloroquine,1,0,1
zelena,1,0,1
3)azithromycin,1,0,1
tobaccotax,1,0,1
mumpsrubella(mmr)vaccine,1,0,1
ketamin-xylasin,1,0,1
flavonoideriodictyol,1,0,1
quercetin-3-o-glucoside,1,0,1
filaria,1,0,1
pirarubicin-lipiodol,1,0,1
in-oxine,1,0,1
g8,1,0,1
p-fibrinogen,1,0,1
jakinhibitor,1,0,1
corsi,1,0,1
16).it,1,0,1
cobelli,1,0,1
α-ctla4,1,0,1
thibaut,1,0,1
met63,1,0,1
7-aminoactinomycin-d,1,0,1
vinylacetate,1,0,1
metihylprednisolon,1,0,1
aprepitant+palonosetron+dexamethasone,1,0,1
thalidomide-based,1,0,1
thalidomide-and,1,0,1
mlg,1,0,1
hydroxychloroquine-might,1,0,1
henk,1,0,1
eni,1,0,1
sodiumhypochlorite/,1,0,1
7ozone,1,0,1
kiban,1,0,1
5hexamethylcyclopentane,1,0,1
formoterol-budesonide,1,0,1
4/4cyclophosphamide,1,0,1
equityframework,1,0,1
tetanusediphtheria,1,0,1
anti-cd52-antibody,1,0,1
linezolidbegonnen,1,0,1
mannitolum,1,0,1
"mannitol2,0",1,0,1
caerulin,1,0,1
b-adrenerger,1,0,1
heparinbei,1,0,1
"alkoholspiegelbetrug1,97",1,0,1
cew,1,0,1
mmi,1,0,1
prestan,1,0,1
cereox,1,0,1
intraosseus,1,0,1
25lifirafenib,1,0,1
hsc-t6,1,0,1
b-conglycinin,1,0,1
kaoi,1,0,1
rpii,1,0,1
agt1,1,0,1
colophon,1,0,1
methylprednisolonebased,1,0,1
feissel,1,0,1
hsp40-p58,1,0,1
elcoste,1,0,1
theñ,1,0,1
dienonensc,1,0,1
metopro-101,1,0,1
3.hepcidin,1,0,1
ffp3pg,1,0,1
amantadine/g,1,0,1
3-nitrosobenzamide,1,0,1
vinealis,1,0,1
leporacarus,1,0,1
acetylcysteinecontaining,1,0,1
stachybotryschartarum,1,0,1
caffey-de,1,0,1
µa.,1,0,1
h]propionate,1,0,1
dnavaccine0166,1,0,1
parabens,1,0,1
protocatechuates,1,0,1
enzacamene,1,0,1
avobenzone,1,0,1
flame,1,0,1
bpa-sulfate,1,0,1
sodium/potassium-atpase,1,0,1
prapamontol,1,0,1
leadzinc,1,0,1
trimethoprim-sulfmethoxazol.n,1,0,1
cyclophosphamid-gabe,1,0,1
adamsadilek,1,0,1
cacn,1,0,1
wateen,1,0,1
j-md,1,0,1
dopamine-beta-hydroxylase,1,0,1
vitamine)-sirna,1,0,1
g-tubulin,1,0,1
hmwkininogen,1,0,1
helophorus,1,0,1
galbraith,1,0,1
14c]ascorbicacid,1,0,1
as-corbate,1,0,1
sinasi,1,0,1
calyculina,1,0,1
tactlvin,1,0,1
t-actlvin,1,0,1
jojoba,1,0,1
lepidoglyphus,1,0,1
cycldsporin,1,0,1
de\amethasone,1,0,1
l-seiectin,1,0,1
anti-ajm,1,0,1
qvams,1,0,1
rawei-e,1,0,1
iirine,1,0,1
al-thymosin,1,0,1
mtts-can,1,0,1
sulfuraphane,1,0,1
eugenol-acyclovir,1,0,1
ginger-garlic,1,0,1
ki-ras,1,0,1
sturgisp,1,0,1
angelou,1,0,1
-ornidazole,1,0,1
glcd,1,0,1
deseret,1,0,1
hymenalpolyp,1,0,1
elastase-α,1,0,1
"vitaminb,2",1,0,1
bacid,1,0,1
fl-lactoglobulin,1,0,1
epinephrines,1,0,1
diiodohydroxyquin,1,0,1
sorangicin,1,0,1
dip-pen,1,0,1
phosphor-chelators,1,0,1
gii.4no,1,0,1
334-residuens1,1,0,1
teamworkteam,1,0,1
"ochratoxina,10",1,0,1
ciprofloxacin-levofloxacin,1,0,1
magentonometrie,1,0,1
lidocainhydrochlorid,1,0,1
enoximon,1,0,1
noradrenalin-pfl,1,0,1
-dobutamin,1,0,1
hydrokortisons,1,0,1
thiyl,1,0,1
vuforia,1,0,1
teclistamab,1,0,1
ordenadabancaria,1,0,1
emiliosaracho,1,0,1
trevena,1,0,1
n-acetyllysine,1,0,1
cancer,1,0,1
itu-unesco,1,0,1
rotavin-m1,1,0,1
dropsa,1,0,1
b-0035,1,0,1
tbyte,1,0,1
md-cta,1,0,1
b-0080,1,0,1
plantar,1,0,1
ecg-gatedmdct,1,0,1
b-0092,1,0,1
gd-bopta,1,0,1
gadolinium-dota,1,0,1
iopromidum,1,0,1
carbognin,1,0,1
b-0110,1,0,1
b-0111,1,0,1
b-0116,1,0,1
b-0122,1,0,1
b-0123,1,0,1
b-0127,1,0,1
b-0146,1,0,1
imeprol,1,0,1
b-0180,1,0,1
b-0185,1,0,1
b-018614:25,1,0,1
ironoxides,1,0,1
argus,1,0,1
multislice,1,0,1
mr-cystourethrography,1,0,1
somatex,1,0,1
needle-tip,1,0,1
b-0922,1,0,1
mamisch,1,0,1
secura,1,0,1
b-0262,1,0,1
b-0265,1,0,1
anticoaglation,1,0,1
ioversol,1,0,1
b-0282,1,0,1
dexamethasoneacetate,1,0,1
tonolini,1,0,1
multislice-cardiac-ct,1,0,1
u.g.,1,0,1
iodisedoil,1,0,1
microbubblelevovist,1,0,1
digirad,1,0,1
gadolinium-contrast,1,0,1
b-0633,1,0,1
b-0660,1,0,1
secretinmrcp,1,0,1
reinus,1,0,1
p/6,1,0,1
b-0708,1,0,1
b-071310:40,1,0,1
krestan,1,0,1
b-0719,1,0,1
b-0741,1,0,1
b-0771,1,0,1
b-079614:20,1,0,1
b-079714:30,1,0,1
b-0806,1,0,1
b-0812,1,0,1
b-081314:25,1,0,1
b-083116:45,1,0,1
iodipamide,1,0,1
fetita,1,0,1
iso-iodine,1,0,1
b-0913,1,0,1
b-0959,1,0,1
b-1000,1,0,1
b-1003,1,0,1
rfwpv,1,0,1
candesartán,1,0,1
ema.ibuprofeno,1,0,1
verapamilo,1,0,1
2019).methadone,1,0,1
levita,1,0,1
enfuvirtide',1,0,1
uo-,1,0,1
tungstenhalogen,1,0,1
providone-iodine,1,0,1
ancianos,1,0,1
chloride/potassium,1,0,1
idex,1,0,1
sh/sp,1,0,1
viaspan,1,0,1
regimenb,1,0,1
regimend,1,0,1
bisp,1,0,1
ganciclovir+ig,1,0,1
ogcv,1,0,1
body-campath,1,0,1
beta-adenosine,1,0,1
inhibitorelafin,1,0,1
thymoglubulin,1,0,1
dsg,1,0,1
tol-dc,1,0,1
n-methyl-l-arginin,1,0,1
antihistones,1,0,1
pyriméthamine-sulfadiazine,1,0,1
adiazine,1,0,1
prolans,1,0,1
albustix,1,0,1
tri-iodothyronine,1,0,1
testosterone-estradiol,1,0,1
food-cobalamin,1,0,1
25-hydroxy-vitamine,1,0,1
.icatibant,1,0,1
azizi,1,0,1
"ai-038858,ai-068634,ai-038855,gm-80178,ai-062435,ai-069415,ai-069419,ai-069423,ai-069424,ai-069428,ai-069432,ai-069434,ai-069450,ai-069452,ai-069465,ai-069471,ai-069472,ai-069474,ai-069477,ai-069484,ai-069495,ai-069501,ai-069502,ai-069511",1,0,1
tiaratum,1,0,1
38avermectin,1,0,1
madagascine,1,0,1
vasodilatation,1,0,1
roxitromicina,1,0,1
cefprodozilo,1,0,1
cefradroxilo,1,0,1
brachynzeles,1,0,1
sushrutasamhita,1,0,1
clooclol,1,0,1
theptarin,1,0,1
.oroxindin,1,0,1
mucosaloroxindin,1,0,1
emtricitabine/rylpivirine/tenofovir,1,0,1
cvbvp1,1,0,1
bifidobacterium-basedprobiotics,1,0,1
histrionic,1,0,1
antichloroquine,1,0,1
β5,1,0,1
metformin-ampk-ace2-sars-cov-2,1,0,1
vertus,1,0,1
television,1,0,1
mirazaei,1,0,1
spironolactone/eplerenone,1,0,1
gentamicin1,1,0,1
pyrimethamine/,1,0,1
nmeap,1,0,1
szerb,1,0,1
chikungunyavirusnon-structuralpolyprotein,1,0,1
p/poly,1,0,1
vintzileos,1,0,1
estrogen17α-ethinylestradiol,1,0,1
rapamcin,1,0,1
pengpai,1,0,1
parlia-,1,0,1
tramisol,1,0,1
ub-pl,1,0,1
ulp1sumo,1,0,1
ub-7amino-4-methylcoumarin,1,0,1
.busulfan,1,0,1
doxorubi-cin,1,0,1
artemi,1,0,1
flaval,1,0,1
thijs,1,0,1
exantema,1,0,1
escarlatina,1,0,1
decoctionin,1,0,1
shanzhizhu,1,0,1
angreks,1,0,1
calanquinoneb,1,0,1
trifaciatus,1,0,1
kremastra,1,0,1
meizhu,1,0,1
cephalanthera,1,0,1
lips,1,0,1
zhaoyao,1,0,1
cirrhopetalanthrin,1,0,1
haat,1,0,1
cymbidine,1,0,1
lanhua,1,0,1
c.tibetium,1,0,1
bacitracinointment,1,0,1
raw-,1,0,1
coorde-,1,0,1
inhibitortrichostatin,1,0,1
ki-,1,0,1
dada2b,1,0,1
g.pallida,1,0,1
oryzasativa,1,0,1
prp45,1,0,1
eftu,1,0,1
sodium-vitaminc,1,0,1
geodia,1,0,1
bis-ix,1,0,1
phytosteryl,1,0,1
nitril,1,0,1
ureidrofibrate,1,0,1
rgs2,1,0,1
pp2d-16,1,0,1
roscovitine-hpa,1,0,1
isoprotenerol,1,0,1
peptide-pe,1,0,1
benzoisothizole,1,0,1
phenylmethanesulphonyl,1,0,1
mec-feder,1,0,1
s-thiolation,1,0,1
withafein,1,0,1
phenolates,1,0,1
pp3a-41,1,0,1
pp3a-60,1,0,1
tryapanosomatid,1,0,1
iodoaceticacid,1,0,1
enzyme-op-oxime,1,0,1
pp3a-77,1,0,1
hhelix,1,0,1
pp3a-83,1,0,1
pp3a-84,1,0,1
crocosin,1,0,1
deh4p,1,0,1
peng,1,0,1
pp3a-95,1,0,1
rap1b,1,0,1
roc1,1,0,1
pp3b-13,1,0,1
erp46,1,0,1
humaner-60,1,0,1
pp3d-8,1,0,1
b-caseins,1,0,1
grantbfu2004,1,0,1
piln,1,0,1
piln/o,1,0,1
ferroprotin,1,0,1
prohepcidin,1,0,1
chorion,1,0,1
isoalloxazine,1,0,1
toxoflavin,1,0,1
disulfonate,1,0,1
phosphagen,1,0,1
pp4a-14,1,0,1
glypican-1,1,0,1
potassium-acetate,1,0,1
parvin,1,0,1
pp4d-14,1,0,1
hp-nap,1,0,1
hcv-replicon,1,0,1
pp5b-30,1,0,1
sodiumhypocloride,1,0,1
l-ascorbic,1,0,1
messolonghi,1,0,1
alcanivorax,1,0,1
benzamidinehydrochloride,1,0,1
pak1/jak2,1,0,1
desametazone,1,0,1
v2-vasopressin,1,0,1
pp7a-77,1,0,1
tipp-703,1,0,1
testosterone-bsa,1,0,1
-thiotreazolin,1,0,1
pp7c-30,1,0,1
eferin,1,0,1
5¢-nitro-indirubinoxime,1,0,1
pp7c-37,1,0,1
pp7c-39,1,0,1
2-chloro-1-methylquinoliniumtetrafluoroborate,1,0,1
d-ct,1,0,1
pp7c-50,1,0,1
pp7c-55,1,0,1
pp7c-56,1,0,1
pp7c-60,1,0,1
pp7c-77,1,0,1
pp7c-79,1,0,1
pp7c-80,1,0,1
o-diphenol,1,0,1
leonotusleonurus,1,0,1
angelova,1,0,1
pp8b-12,1,0,1
qbp-1,1,0,1
pp8b-25,1,0,1
.hirtifolium,1,0,1
soysauces,1,0,1
glutathionreductase,1,0,1
bnip,1,0,1
t.polium,1,0,1
miliin,1,0,1
pepstatin-a,1,0,1
cearensis,1,0,1
genistein-g8cg,1,0,1
deflavinated,1,0,1
safranal,1,0,1
fluorescein-5-maleimide-labelled,1,0,1
5-ala,1,0,1
cyclin-bound,1,0,1
na-octanoate,1,0,1
antiproliferetive,1,0,1
bi-fan,1,0,1
ginkgoflavonoides,1,0,1
chm-1,1,0,1
pullulanase,1,0,1
cells.metoprolol,1,0,1
a-002,1,0,1
a-014,1,0,1
f-18-fluoromisonidazole,1,0,1
fluoroazomycin,1,0,1
petrow,1,0,1
fmri,1,0,1
mr-arthrography,1,0,1
a-102,1,0,1
vilanova,1,0,1
a-107,1,0,1
a-117,1,0,1
a-118,1,0,1
efremidis,1,0,1
a-187,1,0,1
h.imhof,1,0,1
a-214,1,0,1
a-215,1,0,1
a-216,1,0,1
a-230,1,0,1
a-246,1,0,1
valgus,1,0,1
c.weidekamm,1,0,1
gadubutrol,1,0,1
nephrotoxic,1,0,1
a-445,1,0,1
periostal,1,0,1
podolin,1,0,1
daxomicin,1,0,1
morphine-to-oxycodone,1,0,1
heparinsupplementation,1,0,1
aleya,1,0,1
trna-lys,1,0,1
gelalcohol,1,0,1
zotarolimus/,1,0,1
zotarolimus/abt-578,1,0,1
erythromycinwas,1,0,1
penicillinaseresistantpenicillin,1,0,1
lindig,1,0,1
muline,1,0,1
toxin-ochratoxin,1,0,1
toxin-aristolochicacid,1,0,1
lactoperoxidase-catalyzed,1,0,1
incp,1,0,1
cespugli,1,0,1
tachycardie,1,0,1
chloroquine/hydroxychloroqune,1,0,1
biraben,1,0,1
frdchet,1,0,1
jrn,1,0,1
monin-obukhov,1,0,1
ceb,1,0,1
clavulaum,1,0,1
c.clavulatum,1,0,1
hydroxyzine-hci,1,0,1
lvef,1,0,1
faletra,1,0,1
marm,1,0,1
diplopia,1,0,1
rebif/betaseron,1,0,1
coconutcadongàcadong,1,0,1
comassie,1,0,1
hema-3,1,0,1
selenuim,1,0,1
methypredisolone,1,0,1
methylator,1,0,1
bevacizumab/gemcitabine/docetaxel,1,0,1
nup98,1,0,1
5/7/2015,1,0,1
6mp/methotrexate,1,0,1
vincristine/dactinomycin,1,0,1
.sortilin,1,0,1
oxyuridine,1,0,1
valerius,1,0,1
thotrexate,1,0,1
analogs,1,0,1
hash-,1,0,1
servicesplan,1,0,1
erythromycin/roxithromycin,1,0,1
anginaplaut-vincenti,1,0,1
cakonica,1,0,1
xantochromia,1,0,1
herbnephropathy,1,0,1
5-and,1,0,1
apoliprotein,1,0,1
lpp-0072-,1,0,1
ac-phe-lys,1,0,1
cyclobrassinin,1,0,1
o-025,1,0,1
polandamphotericin,1,0,1
magainin-2,1,0,1
spridon,1,0,1
dys,1,0,1
amplicillin,1,0,1
chitin-intein,1,0,1
methyl-b-cyclodextrin,1,0,1
benzolamide,1,0,1
alactalbumin,1,0,1
l-pg,1,0,1
phospahtidylcholine,1,0,1
sodiumoleate,1,0,1
rar-agonist,1,0,1
gon4l,1,0,1
adina,1,0,1
imferon,1,0,1
ferrum,1,0,1
nephilaclavipes,1,0,1
pvp-hyperycin,1,0,1
o-494,1,0,1
manganese-calcium,1,0,1
bacteriopheophytine,1,0,1
iron-histidine,1,0,1
p-630,1,0,1
sterol-sterol,1,0,1
dopamine-hyaluronate,1,0,1
dopamine-hyaluronate-coated,1,0,1
trichina,1,0,1
methyl-a-dmannopyranoside,1,0,1
oseltami,1,0,1
llamine,1,0,1
mono-flavonoid,1,0,1
hetu,1,0,1
upashaya-pravar,1,0,1
acetaminofeno,1,0,1
jr.,1,0,1
biser,1,0,1
hpv11l1,1,0,1
lyconadin,1,0,1
g-triplex,1,0,1
dipivalate,1,0,1
galactinol,1,0,1
"ang(1,7)/masr",1,0,1
saadia,1,0,1
ludovica,1,0,1
-lipotropin,1,0,1
ldv-c,1,0,1
ldv/c,1,0,1
ketamine-75,1,0,1
rutia,1,0,1
ragz,1,0,1
cap1-methyltransferase,1,0,1
chifnγ,1,0,1
ub-d77,1,0,1
deglycosidase,1,0,1
targovax,1,0,1
leflunomiude,1,0,1
clinda-mycin,1,0,1
lava,1,0,1
youjia,1,0,1
thiolacids,1,0,1
aminoacids2a-2b,1,0,1
9chloroquine,1,0,1
82baricitinib,1,0,1
lopinavir/ritonavirlopinavir/ritonavir,1,0,1
b-1b,1,0,1
59nitazoxanide,1,0,1
72nelfinavir,1,0,1
interferona,1,0,1
2020nitazoxanide,1,0,1
degirolami,1,0,1
ammonic,1,0,1
procarbazine/,1,0,1
argyrophil,1,0,1
carney,1,0,1
centriol,1,0,1
∨}.,1,0,1
surfact,1,0,1
xeljanz/tofacitinib,1,0,1
xoi,1,0,1
bms-pos,1,0,1
venommelittin,1,0,1
suprita,1,0,1
15-aminoacid,1,0,1
sulphadiazime/trimethoprim,1,0,1
benzylpenicillinsodium,1,0,1
arbidol/umifenovir,1,0,1
lino,1,0,1
nitrileoxide-norbornene,1,0,1
manganate,1,0,1
eucharia,1,0,1
hsa-mir-328,1,0,1
hsa-mir-126,1,0,1
tuca,1,0,1
oligonudeotide,1,0,1
c030,1,0,1
c035,1,0,1
c038,1,0,1
stfr.,1,0,1
onderzoek,1,0,1
enissekerel,1,0,1
.immucillin-a,1,0,1
-mycophenolic,1,0,1
-silvestrol,1,0,1
carcainium,1,0,1
fk888,1,0,1
.furosemide,1,0,1
levomethorphan,1,0,1
"h.""ivermectin",1,0,1
tiñas,1,0,1
metocloprami-,1,0,1
lenalidomide-,1,0,1
420hydroxychloroquine,1,0,1
klingman,1,0,1
austinii,1,0,1
norske,1,0,1
uustinii,1,0,1
ochrolechia,1,0,1
odontoschisma,1,0,1
dicranum,1,0,1
rydin,1,0,1
vasander,1,0,1
emperrum,1,0,1
zygogonium,1,0,1
barbervax,1,0,1
gsh/gssg,1,0,1
kulvinder,1,0,1
cornoil,1,0,1
pge~,1,0,1
ilrad,1,0,1
renalytix,1,0,1
단순,1,0,1
nedocromdsodium,1,0,1
0-,1,0,1
agentsterfenadine,1,0,1
astemizolehave,1,0,1
nedocrornilsodium,1,0,1
benevolenza,1,0,1
ace2/ang(1-,1,0,1
maquina,1,0,1
5405,1,0,1
interferon-alpha2a,1,0,1
inhibitor-tocilizumab,1,0,1
corticosteroids-inhibits,1,0,1
dji,1,0,1
biperideen,1,0,1
estradiol-17,1,0,1
17hydroxyprogesterone,1,0,1
s-nitroso-cysteine,1,0,1
desferrioxamineb,1,0,1
21aminosteroidantioxidants,1,0,1
7-chloro-4quinolinamine,1,0,1
zikv-c,1,0,1
lactobacilluscaseigg,1,0,1
17enzalutamide,1,0,1
sirenian,1,0,1
040400weeds,1,0,1
feller,1,0,1
βgalactoside,1,0,1
kybella,1,0,1
sctmp,1,0,1
polychaos,1,0,1
sssg,1,0,1
rnurium,1,0,1
imirna-ssf,1,0,1
ps012,1,0,1
pan-hdaci,1,0,1
5-j-os,1,0,1
ps091,1,0,1
ipratropium+fenoterol,1,0,1
gdfrr,1,0,1
piperaquinedihydroartemisinin,1,0,1
dihydroartemsinin,1,0,1
dermcidins,1,0,1
blutdruck,1,0,1
longipennis,1,0,1
mumias,1,0,1
measanin,1,0,1
c.selenomethionine,1,0,1
lkt,1,0,1
levotiracetam,1,0,1
benzetacil,1,0,1
axetil-cefuroxime,1,0,1
efs-adalv,1,0,1
anti-pneumococcalcapsularpolysaccharides,1,0,1
prevnar-13,1,0,1
hizentra®,1,0,1
rituximab/mycophenolate,1,0,1
azathioprine/abatacept,1,0,1
anti-il5-(reslizumab,1,0,1
ophtha[momyiasis,1,0,1
ampicillin.19,1,0,1
prednisolone/day,1,0,1
f1}.,1,0,1
densenet161,1,0,1
hyrax,1,0,1
anti-coccidials,1,0,1
quercetin-3-βgalactoside,1,0,1
cva-7,1,0,1
80à86,1,0,1
mir-130b-5p,1,0,1
somatostatin-14,1,0,1
bovine-lactoglobulins,1,0,1
bovinelactoglobulin,1,0,1
p-837,1,0,1
p-841,1,0,1
p-843,1,0,1
zinc-insulin,1,0,1
phenyltin,1,0,1
p-872,1,0,1
pchlide,1,0,1
uoresces,1,0,1
violaxanthinzeaxanthin,1,0,1
p-922,1,0,1
transistor,1,0,1
p-938,1,0,1
p-936,1,0,1
p-935,1,0,1
p-941,1,0,1
p-940,1,0,1
p-943,1,0,1
p-942,1,0,1
p-948,1,0,1
p-960,1,0,1
p-963,1,0,1
p-967,1,0,1
cadmium+catechin,1,0,1
spasmin,1,0,1
p-976,1,0,1
p-974,1,0,1
p-992,1,0,1
chlorolactamase,1,0,1
࣮,1,0,1
gly-pro-gly-pro,1,0,1
chikungunyafieber,1,0,1
stafford,1,0,1
ifn-a/ribavirin,1,0,1
dr.pergam,1,0,1
pro-flu,1,0,1
5-htr2,1,0,1
dna-plasmid,1,0,1
rhodentia,1,0,1
betelnut,1,0,1
pdcovchn-gd16,1,0,1
al-facon1,1,0,1
prozone,1,0,1
baricitinib2,1,0,1
mehmet,1,0,1
isik,1,0,1
ver,1,0,1
.diclofenac,1,0,1
.bromocriptine,1,0,1
2020.simvastatin,1,0,1
oteo,1,0,1
kauppinen,1,0,1
olmesartane,1,0,1
mg/amlodipine,1,0,1
oestrogene,1,0,1
almirante,1,0,1
neriifolin-a,1,0,1
ac-gly,1,0,1
norecopa,1,0,1
hr2.hr121,1,0,1
bld-2660,1,0,1
ap3b1,1,0,1
kenora,1,0,1
"coxsackievirusa-9,a-16",1,0,1
triger,1,0,1
drgestron,1,0,1
glycerin/gelatin,1,0,1
probenecide,1,0,1
syfilis,1,0,1
hemofilie,1,0,1
tromboflebitis,1,0,1
endocarditisprofylaxe,1,0,1
lignan,1,0,1
pinoresinol/lariciresinol,1,0,1
sars,1,0,1
ofla,1,0,1
ofbromelain,1,0,1
il-4/13,1,0,1
nisotope,1,0,1
endogen,1,0,1
2006).melamine,1,0,1
panicin,1,0,1
badin,1,0,1
emdesivirh,1,0,1
cysteinep,1,0,1
bisulfitea,1,0,1
gc376a,1,0,1
ephedrasinensis,1,0,1
bupleurumsaponin-a,1,0,1
isopropylidine,1,0,1
centhaquine,1,0,1
kl4surfactant,1,0,1
"a.paniculata,chuanxinlian",1,0,1
mir-320,1,0,1
bhasma,1,0,1
pippali,1,0,1
yasthimadhu,1,0,1
aswagandha,1,0,1
amla,1,0,1
herieth,1,0,1
14c-labeledamino,1,0,1
"dimethylol-5,5-dimethylhydantoin",1,0,1
sed4p,1,0,1
eileen,1,0,1
ribaviringuanosine,1,0,1
j-xl,1,0,1
j-bg,1,0,1
eavorf2a,1,0,1
huifn␣,1,0,1
i[σ,1,0,1
itp-minisat,1,0,1
itpminisat,1,0,1
masyn,1,0,1
iguanid,1,0,1
alkis,1,0,1
wsp,1,0,1
rhyl,1,0,1
streptomycin.4,1,0,1
nasul,1,0,1
∂ω,1,0,1
azavirine,1,0,1
gabaix,1,0,1
d-ala,1,0,1
conclusionbert-japanese,1,0,1
mv-cnn,1,0,1
slave1,1,0,1
htc,1,0,1
agilista,1,0,1
alada,1,0,1
kakenhi,1,0,1
resnest50,1,0,1
3d-ganec,1,0,1
terason,1,0,1
custusx,1,0,1
med-el,1,0,1
7-zip,1,0,1
yanhuang,1,0,1
enterovirusv71vaccine,1,0,1
amoxiciuin/clavulanate,1,0,1
.cillin/clavulanate,1,0,1
2.amantadine,1,0,1
dopamine-glutamine,1,0,1
rsv-alum,1,0,1
srinivas,1,0,1
chlamydiazyme,1,0,1
o-phenylenediamine,1,0,1
anti-rubellaigm,1,0,1
bairon,1,0,1
avidin-peroxidase,1,0,1
quincenal,1,0,1
p%]cysteine,1,0,1
gga-mir1772,1,0,1
boccara,1,0,1
ven-,1,0,1
vpl,1,0,1
142chloroquine,1,0,1
158hydroxychloroquine,1,0,1
168hydroxychloroquine,1,0,1
inavir/ritonavir,1,0,1
258favipiravir,1,0,1
sarilumab/siltuximab,1,0,1
387baricitinib,1,0,1
397infliximab,1,0,1
411colchicine,1,0,1
484dapagliflozin,1,0,1
hemo-542,1,0,1
clindamycin/ciprofloxacin/cefta-,1,0,1
γ-schisandrin,1,0,1
lactobacil,1,0,1
lactobacterium,1,0,1
bifidobacterialbifidum,1,0,1
bifidobacte,1,0,1
isoforcecontrol,1,0,1
hemopred,1,0,1
beta-keto-amphetamine,1,0,1
suicide,1,0,1
lps-urantide,1,0,1
urotensinergic,1,0,1
naomi,1,0,1
m.as,1,0,1
dihydroceramide,1,0,1
gemcitabine/,1,0,1
vitaminq10,1,0,1
feribendazole,1,0,1
diphtheria-tetanus-pertussis-hepatitisb-polio-hib,1,0,1
naacetate,1,0,1
mr.mapp,1,0,1
papmv,1,0,1
anatoxina,1,0,1
trimethylaminen-oxide,1,0,1
para-nitroanilide,1,0,1
met260,1,0,1
aminobenzosuberone21c,1,0,1
biset,1,0,1
se-st,1,0,1
chlamydiapneumoniae,1,0,1
cholesterolcholesterol,1,0,1
agricola,1,0,1
citavi,1,0,1
5-fold,1,0,1
hagamos,1,0,1
seguiremos,1,0,1
hy-droxychloroquine,1,0,1
ccapsid,1,0,1
r-cq,1,0,1
apetide,1,0,1
(s)chloroquine,1,0,1
rchloroquine,1,0,1
r-hydroxychloroquine,1,0,1
(r)hydroxychloroquine,1,0,1
rhydroxychloroquine,1,0,1
shydroxychloroquine,1,0,1
"1,25(oh)2d(calcitriol",1,0,1
cross-links,1,0,1
göran,1,0,1
alatrofloxacin/trovafloxacin,1,0,1
icg-pdr,1,0,1
camino,1,0,1
magnesium-propofol,1,0,1
diprifusor,1,0,1
helicobacterpylori,1,0,1
epineprine,1,0,1
peepistat,1,0,1
dobutamine-norepinephrine,1,0,1
β-blockade,1,0,1
anti-coxsackievirusb5,1,0,1
ad11,1,0,1
kamanda,1,0,1
infermedica,1,0,1
myasthenia,1,0,1
fang-who,1,0,1
pyrimethamme-sulfadoxine,1,0,1
landmark,1,0,1
frg,1,0,1
pitelis,1,0,1
spigel,1,0,1
-nib,1,0,1
vori-conazole,1,0,1
securin,1,0,1
.flavopiridol,1,0,1
bi2536,1,0,1
4.1.5.).imatinib,1,0,1
-thalidomide,1,0,1
-ibuprofen,1,0,1
17-aminogeldanamycin,1,0,1
phenyl]isoxazole-3-carboxamide,1,0,1
-deoxycoformycin,1,0,1
-cladribine,1,0,1
ct-p27,1,0,1
mhaa4549a,1,0,1
regn2222,1,0,1
mdt-637,1,0,1
ak-0529,1,0,1
coommassie,1,0,1
epidemie,1,0,1
chthulhucene,1,0,1
antil,1,0,1
ctbib,1,0,1
lipoxinb,1,0,1
wassers,1,0,1
amantadinpräparaten,1,0,1
pemolin,1,0,1
mandelamine,1,0,1
cl01,1,0,1
viceroyalty,1,0,1
noradrenaline+/dobutamine,1,0,1
thsa,1,0,1
coap,1,0,1
metapneumoviruses,1,0,1
entomologisch,1,0,1
perinodal,1,0,1
amiodarone-simvastatin,1,0,1
raloxifene-fenofibrate,1,0,1
dusulfiram,1,0,1
amoxicillin/clavulinic,1,0,1
pg-08,1,0,1
endocannabinoids,1,0,1
hbv-or,1,0,1
pg-11,1,0,1
hydroxyethylated,1,0,1
anti-pyruvatedehydrogenase,1,0,1
ifn-a,1,0,1
"that:""antimicrobial",1,0,1
beiv,1,0,1
carboplatin/pemetrexed/pembrolizumab,1,0,1
pemetrexed/pembrolizumab,1,0,1
topicare,1,0,1
oflabel,1,0,1
ofosmolytes,1,0,1
sytiv,1,0,1
coxsackievirusesb-5,1,0,1
25(oh)vitd,1,0,1
enoxaparin-therapy,1,0,1
antibradycardic,1,0,1
antibioticàagnps,1,0,1
anelosimus,1,0,1
antiadenosine,1,0,1
mireia,1,0,1
aa/dha,1,0,1
gabrovec,1,0,1
velenje,1,0,1
pesje,1,0,1
cillus,1,0,1
flumistvaccin,1,0,1
5-methyl-deoxycytidine,1,0,1
cohosh,1,0,1
ratecan,1,0,1
azithromycin/lopinavir-ritonavir,1,0,1
.atovaquone,1,0,1
ruber,1,0,1
ltaemayffiulinalion,1,0,1
kd16,1,0,1
giurdia,1,0,1
99m-pertechnetate,1,0,1
annayath,1,0,1
cipagen-a,1,0,1
cipagen-aarchitecture,1,0,1
clarithromycin)/doxycycline/,1,0,1
baeteroides,1,0,1
rociu,1,0,1
gastricae,1,0,1
bonfill,1,0,1
oestrogen/,1,0,1
a-091,1,0,1
a-137,1,0,1
a-138,1,0,1
a-140,1,0,1
a-170,1,0,1
a-171,1,0,1
a-176,1,0,1
a-192,1,0,1
aspelin,1,0,1
a.bifone,1,0,1
niru,1,0,1
friedhelmzanella,1,0,1
vigopontevedra/esatherosclerosis,1,0,1
a-240,1,0,1
procacci,1,0,1
desferasirox,1,0,1
mta,1,0,1
south-east,1,0,1
compounda6,1,0,1
azithromycinhydroxychloroquine,1,0,1
chomsky,1,0,1
neanderthalenis,1,0,1
gemulles,1,0,1
legumains,1,0,1
pro-his/gly,1,0,1
cypher,1,0,1
prednisone/d,1,0,1
ribaviria,1,0,1
dermaitidis,1,0,1
gistrica,1,0,1
ordem,1,0,1
maserati,1,0,1
saphenus,1,0,1
sigmoidopexy,1,0,1
ksalazin/ketamin,1,0,1
medikal,1,0,1
bradycard,1,0,1
mucosel,1,0,1
low-molecular-weight-heparin,1,0,1
adalim-umab,1,0,1
ra27/3vaccine,1,0,1
e2i,1,0,1
.[3h]sodium,1,0,1
asp-his,1,0,1
"el,,,-",1,0,1
veronelli,1,0,1
rosanna,1,0,1
14-aminoacid,1,0,1
nl63-hr2p,1,0,1
s.androgynus,1,0,1
sarov,1,0,1
dnap,1,0,1
dp-b,1,0,1
hla-dqb1,1,0,1
pace-bond,1,0,1
vitamind-deficiencyrickets,1,0,1
atractylosides,1,0,1
lasiospermum,1,0,1
trema,1,0,1
myoporaceae,1,0,1
l.zonalis,1,0,1
lantadene,1,0,1
biserrula,1,0,1
echinatus,1,0,1
-isoproterenol,1,0,1
selenite-cystine,1,0,1
whalin,1,0,1
asphaug,1,0,1
lo-melanin,1,0,1
thioridazina,1,0,1
methyl-histamin,1,0,1
imidazols,1,0,1
histamins,1,0,1
polymere,1,0,1
sucrosesulfat,1,0,1
salicylatasthma,1,0,1
cysteinyl-lt,1,0,1
dimeren,1,0,1
.cefiderocol,1,0,1
cilastatin/relebactam,1,0,1
uoride/oxalate,1,0,1
castracane,1,0,1
minogen,1,0,1
liposomalstinga,1,0,1
ace2inhibitor,1,0,1
arbidolarbidol,1,0,1
fangbiao,1,0,1
b.havrix,1,0,1
nurtotimpfstoffe,1,0,1
milkfat,1,0,1
h.sitte,1,0,1
isoamyl,1,0,1
trichlor,1,0,1
iv-64,1,0,1
paulaallan-wojtas,1,0,1
iv-74,1,0,1
dm.propionate,1,0,1
allo-ls,1,0,1
isoda,1,0,1
grantpict-2013,1,0,1
cranberrygrowers,1,0,1
st-conv,1,0,1
harvest,1,0,1
aerohalerò,1,0,1
isppd,1,0,1
isppd-12,1,0,1
5-former,1,0,1
taita,1,0,1
medrysone,1,0,1
vorinostrate,1,0,1
everolimus-eluting,1,0,1
bms003,1,0,1
bms004,1,0,1
bms006,1,0,1
bms009,1,0,1
bms011,1,0,1
bms012,1,0,1
bms015,1,0,1
bms017,1,0,1
erytromelalgic,1,0,1
bms018,1,0,1
bms020,1,0,1
bms023,1,0,1
microrna-768,1,0,1
ebv-bart-6-3p,1,0,1
ebv-mir-bart6-3p,1,0,1
ebv-bart6,1,0,1
chop-therapy,1,0,1
harinder,1,0,1
hsa-mir-34b,1,0,1
cll/sll,1,0,1
pentamethoxylated,1,0,1
gold-rhodamine,1,0,1
9~2,1,0,1
(s)-1phenylethanol,1,0,1
r-salicylaldehyde,1,0,1
2phenylethylamine,1,0,1
(d)-penicillamine,1,0,1
homoly,1,0,1
favipiravir-an,1,0,1
velpatasvir/ledipasvir,1,0,1
anti-c5a,1,0,1
ac-apc4,1,0,1
citrina,1,0,1
artemether-,1,0,1
cifloxin,1,0,1
1o1,1,0,1
gradil,1,0,1
darko,1,0,1
trimetoprima-sulfametoxazol,1,0,1
gs-540,1,0,1
rrr-α-tocotrienol,1,0,1
nejd,1,0,1
pilqsectretin,1,0,1
".1α,25-dihydroxyvitamin",1,0,1
tetyrathyridiosis,1,0,1
tropium,1,0,1
phylline,1,0,1
angii/at,1,0,1
schis,1,0,1
chitinac,1,0,1
inhampho,1,0,1
ranubizimab,1,0,1
heydar,1,0,1
norn,1,0,1
mini-dmek,1,0,1
korneale,1,0,1
foto,1,0,1
sapey,1,0,1
sulu-sulawesisea-on,1,0,1
iai,1,0,1
faramarzi,1,0,1
chloroquine-j,1,0,1
agreementno.,1,0,1
.betamethasone,1,0,1
willowbark,1,0,1
levetiracetam(lev,1,0,1
ceretronix,1,0,1
diprivan,1,0,1
isometheptene,1,0,1
polyb,1,0,1
ecologie,1,0,1
antifibrin,1,0,1
mortus,1,0,1
ffas35,1,0,1
hibernator,1,0,1
digenehpv,1,0,1
naftnet,1,0,1
14-apr-20,1,0,1
zana-mivir,1,0,1
ev-077,1,0,1
cobetia,1,0,1
/-methylprednisolone,1,0,1
bernabeu,1,0,1
quinine-quinol,1,0,1
0017,1,0,1
0018,1,0,1
0005,1,0,1
.amastatin,1,0,1
phenylglyoxal,1,0,1
tap-amastatin,1,0,1
tapamastatin,1,0,1
zinc-atom,1,0,1
bortezomib?in,1,0,1
b.mayotimonensis,1,0,1
hydroxychloroquine/plaquenil,1,0,1
cofl,1,0,1
medroxyprogesterondepot,1,0,1
8-hydroxydeoxyguanosine,1,0,1
4s-dt,1,0,1
ict4d,1,0,1
wl,1,0,1
histone-to-protamine,1,0,1
orb2a,1,0,1
noredrenaline,1,0,1
pos225,1,0,1
pos367,1,0,1
apocarotenoids,1,0,1
ßcarotene,1,0,1
mesh-imidazole,1,0,1
me2s-phenol,1,0,1
pos361,1,0,1
pos321,1,0,1
hsp90ec,1,0,1
pos381,1,0,1
moxr,1,0,1
post-ganciclovir,1,0,1
pg-surfactant,1,0,1
pgsurfactant,1,0,1
spvds/fpvr1,1,0,1
pos385,1,0,1
k117,1,0,1
3:proc2,1,0,1
pos186,1,0,1
deoxyguanine,1,0,1
pos217,1,0,1
pos284,1,0,1
pos359,1,0,1
pos369,1,0,1
pos227,1,0,1
poly-glycine,1,0,1
dalangin,1,0,1
pos249,1,0,1
pos282,1,0,1
actrec,1,0,1
hisactophilin,1,0,1
pos411,1,0,1
alcoholdehydrogenase,1,0,1
kaba,1,0,1
smchd1,1,0,1
pos429,1,0,1
cysteine/cystine,1,0,1
cytr,1,0,1
pos125,1,0,1
vasopressin-2,1,0,1
otoferlin,1,0,1
preprotein,1,0,1
chloroplast,1,0,1
pos117,1,0,1
zlata,1,0,1
trim5a,1,0,1
noctylglucoside,1,0,1
dhba,1,0,1
pos195,1,0,1
a.dowii,1,0,1
pos404,1,0,1
pos213,1,0,1
pos416,1,0,1
pos248,1,0,1
adcetrisv,1,0,1
pos201,1,0,1
8à14,1,0,1
compound8a,1,0,1
.lubricin,1,0,1
.decorin,1,0,1
nist,1,0,1
methoprim/sulfamethoxazol,1,0,1
povidon-jod,1,0,1
filipinensis,1,0,1
la:ao,1,0,1
c37,1,0,1
c54,1,0,1
benazepril-vsmethyldigoxin,1,0,1
salvin,1,0,1
proosteoblastic,1,0,1
glucocorticoid/progestogen,1,0,1
post-dexmedetomidine,1,0,1
hm16,1,0,1
id10,1,0,1
post-cyclosporine,1,0,1
ost_insulin,1,0,1
pul-042,1,0,1
snakin,1,0,1
ironsalts,1,0,1
pistachio,1,0,1
lmw-a,1,0,1
piama,1,0,1
palisade,1,0,1
penicillins-do,1,0,1
ciprofloxacin+nimesulide,1,0,1
(b2)-agonists,1,0,1
chlorhexidine-a,1,0,1
fcsq,1,0,1
wenzhen,1,0,1
wumei,1,0,1
spint,1,0,1
spint2,1,0,1
antiprogesterone,1,0,1
macoca,1,0,1
histamineh,1,0,1
boita,1,0,1
vitaminddietary,1,0,1
eletron,1,0,1
dibutyryl-camp,1,0,1
lexxema,1,0,1
prednicarbate,1,0,1
benzolperoxide,1,0,1
nitro-dur,1,0,1
solinitrin,1,0,1
cefazolincase,1,0,1
sfa8,1,0,1
tomsk,1,0,1
kaki,1,0,1
fruitpeel,1,0,1
fluvaxinandvaxigrip,1,0,1
anapen,1,0,1
annexina5,1,0,1
isac,1,0,1
montelucast,1,0,1
desloratadin-montelukast,1,0,1
pnitroanaline,1,0,1
-glutamylcysteine,1,0,1
-l-cysteine,1,0,1
ca-o-15,1,0,1
chlorambucil-prednisolone,1,0,1
cpe1,1,0,1
cauxin,1,0,1
phenylpropranolamine,1,0,1
penicillin/streptomycinsulfate,1,0,1
l'drythromycine,1,0,1
l'6rythromycine,1,0,1
6rythromycine-rifampicine,1,0,1
clarithromycine-ciprofloxacine,1,0,1
16vofloxacine,1,0,1
hazem,1,0,1
tetanusimmune,1,0,1
rsvimmunoglobulin,1,0,1
9benin,1,0,1
5-adenosine,1,0,1
-nitro-n-nitroguanidine,1,0,1
cecectomy,1,0,1
"mir-200c-5p,",1,0,1
symvivo,1,0,1
nivolumab-ipilimumab,1,0,1
3.2.hydroxychloroquine,1,0,1
3.3.remdesivir,1,0,1
3.4.azithromycin,1,0,1
meller,1,0,1
aminognanidine,1,0,1
b-octylglucoside,1,0,1
.alloxan,1,0,1
insulin-2,1,0,1
insulinitis,1,0,1
piracillin,1,0,1
ni-metal,1,0,1
.difenacoum,1,0,1
tnf-α;etanercept,1,0,1
pdr,1,0,1
penicillin-100,1,0,1
crepitance,1,0,1
neuroaxial,1,0,1
ys-mercaptoethanol,1,0,1
cisplatin.1,1,0,1
msca,1,0,1
alicante,1,0,1
whogapiii,1,0,1
wikitropica,1,0,1
tomalaria,1,0,1
kaya,1,0,1
dolf,1,0,1
syria,1,0,1
8s3.5,1,0,1
nanoro,1,0,1
oleanolic,1,0,1
lonij,1,0,1
aposidea1,1,0,1
čerenkov,1,0,1
sp3,1,0,1
sp9,1,0,1
sp20,1,0,1
sp22,1,0,1
sp23,1,0,1
sp25,1,0,1
sp26,1,0,1
sp27,1,0,1
sp28,1,0,1
chg-impregnated,1,0,1
azathioprine).the,1,0,1
4′-thiofuranoses,1,0,1
secrist,1,0,1
-thiogemcitabine,1,0,1
selenonucleosides,1,0,1
d-xylo,1,0,1
ferronucleosides,1,0,1
cl-tinidazole,1,0,1
culieoides,1,0,1
peg-interferon-α-2b,1,0,1
peg-interferon-α-2a,1,0,1
peg-interferon-monotherapie,1,0,1
prednisolons,1,0,1
azathioprin-monotherapie,1,0,1
mebedazol,1,0,1
l-ornitin-aspartat,1,0,1
pres-ag,1,0,1
anthrazyklinen,1,0,1
pka-agonist,1,0,1
m2-receptor,1,0,1
8-pcpt-2me-camp,1,0,1
[14c]guanidinium,1,0,1
s-curvularin,1,0,1
gnb3,1,0,1
rho-actin,1,0,1
anti-camp,1,0,1
isolectinb4,1,0,1
yopp,1,0,1
n-phenylcinnamide,1,0,1
kir6.2,1,0,1
[3h]glibenclamide,1,0,1
telmisartans,1,0,1
-telmisartan,1,0,1
telmisartaninduced,1,0,1
[3h]choline,1,0,1
inhibitor-1,1,0,1
atp-g-s.,1,0,1
(-)-isoproterenol,1,0,1
mirna143,1,0,1
mirna-143,1,0,1
b[a]p.,1,0,1
3methylcholanthrene,1,0,1
phenion,1,0,1
-ethinylestradiol,1,0,1
5-methoxypsoralene,1,0,1
linezolidexposed,1,0,1
pycard,1,0,1
mimeticum,1,0,1
"indolo[3,2-b]carbazole",1,0,1
atainhibits,1,0,1
"1,n-2-ethenoguanine",1,0,1
6-aminothymine,1,0,1
7-deazaxanthine,1,0,1
tp-65,1,0,1
s+anti-dopin,1,0,1
hygiene,1,0,1
la-heparin,1,0,1
psychatrist,1,0,1
brevia,1,0,1
cyborgs,1,0,1
epirootlology,1,0,1
vlrus,1,0,1
hererin,1,0,1
imrab,1,0,1
traceminerals,1,0,1
zalmoxis,1,0,1
.isoniazid,1,0,1
2-chloroprocaine,1,0,1
polyehedrin,1,0,1
/?-agonist,1,0,1
corlicosteroids,1,0,1
oniy,1,0,1
danut,1,0,1
usa.insuline,1,0,1
elston,1,0,1
progestron,1,0,1
sfrp3,1,0,1
-cilazapril,1,0,1
cilazil,1,0,1
uuo+cilazapril,1,0,1
bax/bax,1,0,1
oxyphyllic,1,0,1
rengin,1,0,1
âcatenin,1,0,1
adamantia,1,0,1
ketamine-rompin,1,0,1
lcdd,1,0,1
moldvay,1,0,1
bogos,1,0,1
sblvaccine,1,0,1
bcl-10,1,0,1
-epignatus-(4,1,0,1
azathiopine,1,0,1
bk-virus,1,0,1
cyclosporine?two,1,0,1
metanefrogen,1,0,1
muller-bowman,1,0,1
cacinoma,1,0,1
sagindikova,1,0,1
arnis,1,0,1
callol,1,0,1
streptozocine,1,0,1
oestrogen/progesterone,1,0,1
adenocacinomas,1,0,1
pascc,1,0,1
ethar,1,0,1
magid,1,0,1
glomerolusa,1,0,1
nitrite-nitrate,1,0,1
progesterone+l-name,1,0,1
m.vastus,1,0,1
condroblastoma,1,0,1
eda-fn,1,0,1
mirjana,1,0,1
calcaneal,1,0,1
periosteum,1,0,1
alcalá,1,0,1
damir,1,0,1
polipectomy,1,0,1
mitotaks,1,0,1
heregulin-beta2/pe40,1,0,1
witch,1,0,1
ifosfamide-etoposide,1,0,1
hemet,1,0,1
microtone,1,0,1
5'-aza-2'deoxycytidine,1,0,1
rocacea,1,0,1
spiradenocarcinoma,1,0,1
mitosin,1,0,1
b-amyloid,1,0,1
trl3,1,0,1
trigocherriolides,1,0,1
geme,1,0,1
reserved.propranolol,1,0,1
kortunov,1,0,1
deep-folio,1,0,1
famciclovir.fomivirsen,1,0,1
epibatidine/nicotine,1,0,1
cyclosporine-etoposidedexamethasone,1,0,1
anti-i,1,0,1
sigint,1,0,1
nicodemo,1,0,1
antidiscoidin,1,0,1
ipratropium.3,1,0,1
dushanthi,1,0,1
h-propiolactone,1,0,1
capsaicinoids,1,0,1
cea.,1,0,1
quinine-hydrochloride,1,0,1
sotolon,1,0,1
orexin-a,1,0,1
soba,1,0,1
linderaumbellata,1,0,1
prosultiamine,1,0,1
azardirachtaindica,1,0,1
azardirachta,1,0,1
shooɵng,1,0,1
nls,1,0,1
tankersley,1,0,1
nim811-peg-ifna-2a,1,0,1
seiz,1,0,1
11chloroquine,1,0,1
lopinavir/ritonavirlpv/r,1,0,1
gatifloxa-cin,1,0,1
thiol/selenol,1,0,1
se-c,1,0,1
p-nitrochlorobenzene,1,0,1
selenium-nitrogen,1,0,1
phenyl-oether,1,0,1
phenyl-sether,1,0,1
d-cys,1,0,1
heptamethrin,1,0,1
mercaptocoumarin,1,0,1
phenyl-o,1,0,1
p-nitrophenyl-s,1,0,1
2-fluoro-5-nitrobenzoate,1,0,1
dicyanoisophorone,1,0,1
selenophenol,1,0,1
r-seh,1,0,1
"2,4-dinitrobenzenesulfonamide",1,0,1
fenchel,1,0,1
olei,1,0,1
sialo-liposomes,1,0,1
paclitaxela,1,0,1
admium,1,0,1
seleni-um,1,0,1
hiol,1,0,1
zide,1,0,1
rsh-dpp4,1,0,1
rhuifn-o,1,0,1
ethylnitrosourea.to,1,0,1
ribavirin-monotherapie,1,0,1
papovaviren,1,0,1
candida-ösophagitis,1,0,1
zytomegalievirus(cmv)-infektionen,1,0,1
mikrosporidien-infektionen,1,0,1
sulfamethoxazol/kg,1,0,1
lactamasehemmer,1,0,1
shaldon-katheter,1,0,1
procain-penicilling,1,0,1
sulforaphane-gemcitabine,1,0,1
quercetin-egcg,1,0,1
al-so,1,0,1
pollina,1,0,1
"dtpvaccine3,4,7",1,0,1
ifn,1,0,1
casp-19,1,0,1
pdcd10,1,0,1
ceg,1,0,1
carboplatin/vincristine,1,0,1
pcdh17,1,0,1
hemophiliaa,1,0,1
ifosfomide,1,0,1
altemiatm,1,0,1
bay81-,1,0,1
temozolomide/59.4,1,0,1
bevacizumab/temozolomide,1,0,1
carboplatin/etoposide/melphalan,1,0,1
república,1,0,1
hypodiploid,1,0,1
doxorubicin/etoposide,1,0,1
kaydee,1,0,1
hbethal,1,0,1
hydroxyurea-use,1,0,1
sucharita,1,0,1
bay81,1,0,1
diiodothyronine,1,0,1
truven,1,0,1
hp-pho,1,0,1
nitya,1,0,1
toci,1,0,1
blazin,1,0,1
pcq/doxorubicin,1,0,1
u-2,1,0,1
-1300acyclovir,1,0,1
piasmodium,1,0,1
25streptopain,1,0,1
pyroglutamyl-peptidase,1,0,1
er60,1,0,1
-dfo-ibalizumab,1,0,1
mn-sicaspase3,1,0,1
thatmodifiedpfob,1,0,1
xuezhu,1,0,1
@-mercaptoethanol,1,0,1
tya-tyb,1,0,1
cotrin,1,0,1
1-wasserstein,1,0,1
pparαragaglitazar,1,0,1
06/12,1,0,1
diabetol,1,0,1
pvpethanol,1,0,1
eckart,1,0,1
tri-boccytosine,1,0,1
◆,1,0,1
ballinaboy-cashel,1,0,1
camptothecium,1,0,1
myriophyllumalterniflorum,1,0,1
ceratophyllum,1,0,1
hypnum,1,0,1
sphagnum,1,0,1
nartheciumossifragum,1,0,1
oxycoccus,1,0,1
franguletea,1,0,1
polygonumpersicaria,1,0,1
comarum,1,0,1
potametea,1,0,1
indicium,1,0,1
benenson,1,0,1
csa-mmf-pred,1,0,1
iiiv,1,0,1
kir,1,0,1
ipd-kir,1,0,1
amalia,1,0,1
vladikavkaz,1,0,1
anti-deamidated,1,0,1
bccao.donepezil,1,0,1
sugarsweetened,1,0,1
microrna-23b,1,0,1
eucalyptuseo.cinnamon,1,0,1
lavenderoil,1,0,1
sageoil,1,0,1
hambantota,1,0,1
onar,1,0,1
faramarz,1,0,1
suphaporn,1,0,1
debt-to-equity,1,0,1
5734,1,0,1
ethambutoi,1,0,1
orouracil,1,0,1
thathlj/18-,1,0,1
ureases,1,0,1
c-thionins,1,0,1
sulfamethoxazole.1.0,1,0,1
csordas,1,0,1
.pentaglobin,1,0,1
polyomics,1,0,1
methylpredniso,1,0,1
ffp-1,1,0,1
edna-mx,1,0,1
v-13,1,0,1
rovi,1,0,1
kalangos,1,0,1
radio-chemotherapie,1,0,1
99-sulfur,1,0,1
dommisch,1,0,1
trotz,1,0,1
famorubicin,1,0,1
chirurgie,1,0,1
distaflo,1,0,1
renalissinistra,1,0,1
(r)cryptopleurine,1,0,1
-isavuconazole,1,0,1
busetti,1,0,1
attaran,1,0,1
anti-tussive,1,0,1
tcp,1,0,1
alertnet,1,0,1
17-amino-acid,1,0,1
e2-e2,1,0,1
compoundb,1,0,1
maoa,1,0,1
amphotericin-flucytosine,1,0,1
amarilis,1,0,1
pla-saquinavir,1,0,1
pla-sirna-saquinavir,1,0,1
cf102,1,0,1
hypocretin/orexin,1,0,1
2ddr-1p,1,0,1
neointimal,1,0,1
2dlr,1,0,1
fdurd,1,0,1
5fu-prodrug,1,0,1
polio-,1,0,1
tbc,1,0,1
.omeprazole,1,0,1
tricholemmal,1,0,1
oxygenoxygen,1,0,1
keu,1,0,1
salimos,1,0,1
mabel,1,0,1
polverino,1,0,1
monemtn,1,0,1
sulfaudes,1,0,1
monensm,1,0,1
inhibitorpantoprazole,1,0,1
arbr-2541,1,0,1
tinoin,1,0,1
mgpi,1,0,1
selenium-saturated,1,0,1
.talactoferrin,1,0,1
taoguang,1,0,1
anti-chlorpyrifos,1,0,1
zetane,1,0,1
scy450,1,0,1
holzschutzmittel,1,0,1
vincris-,1,0,1
5flourouracil,1,0,1
himawari,1,0,1
kanniah,1,0,1
amyloids,1,0,1
julin,1,0,1
tiotropium-or,1,0,1
parvatiyar,1,0,1
kenmore,1,0,1
inceptisol,1,0,1
meziane,1,0,1
hplc-dad,1,0,1
mietzner-montelaro,1,0,1
rolipram1oseltamivir,1,0,1
γ-papillomavirus,1,0,1
racemoside-a,1,0,1
deontología,1,0,1
conivaptan-m,1,0,1
riassunto,1,0,1
energyd,1,0,1
taselisib,1,0,1
glutathione±sepharose,1,0,1
karyn,1,0,1
phenolized,1,0,1
cassandra,1,0,1
mcd19a2,1,0,1
borrellia,1,0,1
quadri,1,0,1
.ciprofloxacin,1,0,1
multiepitope-basedvaccine,1,0,1
ec/eu,1,0,1
gijs,1,0,1
toin,1,0,1
hubris,1,0,1
sitagliptin/sitagliptin,1,0,1
pmlsc,1,0,1
srmlsc,1,0,1
.clotrimazole,1,0,1
cu-viomycin,1,0,1
co/sulfonamide,1,0,1
11-kda,1,0,1
lqa,1,0,1
amirahmad,1,0,1
pooneh,1,0,1
pannus-pannus,1,0,1
az/clarithromycin,1,0,1
hcq/az,1,0,1
beniaminopalmieri,1,0,1
tomka,1,0,1
franca,1,0,1
vitamin25-oh-vitamin-d3,1,0,1
amantidin,1,0,1
hfsirp-α-dox,1,0,1
amblyopia,1,0,1
blender,1,0,1
kaftan,1,0,1
grandma,1,0,1
pariah,1,0,1
cystein-nukleophil,1,0,1
cytostatikum,1,0,1
agil,1,0,1
moxus,1,0,1
testosteronesupplementation,1,0,1
femoris,1,0,1
loquat,1,0,1
tavenier,1,0,1
rms-cv,1,0,1
ga-svm,1,0,1
apromisor,1,0,1
oseltamavird,1,0,1
sinhala,1,0,1
cabauw,1,0,1
holthius,1,0,1
trichocorixa,1,0,1
(r)goitrin,1,0,1
s)goitrin,1,0,1
"1,4-pentadiol",1,0,1
urethane/ketamine,1,0,1
schermer,1,0,1
gr-2016,1,0,1
trisodiumcitrate,1,0,1
tag,1,0,1
dambisa,1,0,1
karenina,1,0,1
isotheaflavin-3-gallate,1,0,1
ecg-1,1,0,1
pentoxil,1,0,1
stekelorum,1,0,1
lacoste,1,0,1
sssk20,1,0,1
hypnotherapist,1,0,1
glslv,1,0,1
cio,1,0,1
simulresp©,1,0,1
midazolam-,1,0,1
midazolam−,1,0,1
levitracetam,1,0,1
piccolemon,1,0,1
f-073,1,0,1
anti-pd1/pdl1,1,0,1
anti-ctla4/anti-pd1,1,0,1
heparinotherapy,1,0,1
nitel,1,0,1
ß-lactams,1,0,1
niv-nava,1,0,1
trichlorethylene,1,0,1
r-042,1,0,1
r-276,1,0,1
ketotherapeutics,1,0,1
tilo,1,0,1
toluca,1,0,1
eisl,1,0,1
jcjc-1106,1,0,1
allergen-specificbr1,1,0,1
corticoisteroid,1,0,1
cefotiam-human,1,0,1
trimethoprim/sulfamethoxasole,1,0,1
epa-dha,1,0,1
r.stolonifer,1,0,1
coccosnucifera,1,0,1
nadya,1,0,1
fssg,1,0,1
ecatepec,1,0,1
potassiumbichromate,1,0,1
yeouidost.,1,0,1
trívirica,1,0,1
cyclesonide,1,0,1
telangiectasia,1,0,1
omelizumab,1,0,1
policlínicageral,1,0,1
mg/ml)/sulfamethoxazole,1,0,1
grp,1,0,1
bradykine,1,0,1
bipheny,1,0,1
ochlorine,1,0,1
noca,1,0,1
caffein,1,0,1
phystol,1,0,1
physrol,1,0,1
pharmacoi,1,0,1
"85,415calcium",1,0,1
motil,1,0,1
neurosei,1,0,1
invesf,1,0,1
gfutamine,1,0,1
asterina,1,0,1
lvs,1,0,1
haith,1,0,1
atrogin-1,1,0,1
bcgvaccines,1,0,1
walks,1,0,1
xylaxinealfentanil-midazolam,1,0,1
gp120s,1,0,1
p.d.en'ko,1,0,1
relu.it,1,0,1
advocate-general,1,0,1
tesauro,1,0,1
piperacillina,1,0,1
complicanze,1,0,1
ampicillina/sulbactam,1,0,1
paranitrophenyl,1,0,1
juiceimmunoglobulin,1,0,1
abt-491,1,0,1
tazobactame,1,0,1
gentamicin-vancomycin-loeaded,1,0,1
anticholium,1,0,1
gentamicin-vancomycin-loaded,1,0,1
eed1,1,0,1
ozoneozone,1,0,1
plenti-mir-29c,1,0,1
mpp,1,0,1
tetracycline/doxycycline,1,0,1
tra,1,0,1
paromomycinezalf,1,0,1
antimoon,1,0,1
andersgekund,1,0,1
vax-bupivacaine,1,0,1
slaintecare,1,0,1
thepoz,1,0,1
azocar,1,0,1
cobra-venom,1,0,1
n-acetyl-l-histidine,1,0,1
bni-788st,1,0,1
deberuchte,1,0,1
mnrine,1,0,1
ofpropidium,1,0,1
ifn-al,1,0,1
dna/rad,1,0,1
vrs-dea,1,0,1
daidzein-4,1,0,1
daidzein-4-glucoside-rhamnoside,1,0,1
daidzein-4-glucosiderhamnoside,1,0,1
dererum,1,0,1
2-anakinra,1,0,1
trade/,1,0,1
johannes,1,0,1
ohmatex,1,0,1
junginger,1,0,1
laia,1,0,1
flotillin-1,1,0,1
haoqinqingdandecoction,1,0,1
sadowski,1,0,1
boga,1,0,1
fenitrothione,1,0,1
kolom,1,0,1
maltbarley,1,0,1
cashews,1,0,1
polisario,1,0,1
mubadala,1,0,1
sanad,1,0,1
misrata,1,0,1
sindika,1,0,1
angolan,1,0,1
boubacar,1,0,1
tarpeh,1,0,1
zondo,1,0,1
elbadawi,1,0,1
zimbabweanti-corruptioncommission,1,0,1
emmerson,1,0,1
vlisco,1,0,1
mthuli,1,0,1
indaba,1,0,1
gitega,1,0,1
shema,1,0,1
rusumo,1,0,1
kinova,1,0,1
erlinet,1,0,1
bradiquinina,1,0,1
asimismo,1,0,1
hunsmann,1,0,1
sodium-salt,1,0,1
cispolyunsaturates,1,0,1
ofliposome,1,0,1
interferon-a2b,1,0,1
)-capnoidine,1,0,1
sanochemia,1,0,1
.sanguinine,1,0,1
florine,1,0,1
11-hydroxyvitta,1,0,1
)-obliquine,1,0,1
)-codeine,1,0,1
cratistatin,1,0,1
thioredoxin-like,1,0,1
stiripentol,1,0,1
capos,1,0,1
hydroxypropionate,1,0,1
trihexiphenidyl,1,0,1
anti-progestogen,1,0,1
peg-feeding,1,0,1
antimusk,1,0,1
"2,6-dnt",1,0,1
amoxicilline-roxithromycine,1,0,1
hrvvp4⁄,1,0,1
habia,1,0,1
ramadge,1,0,1
plavix/clopidogrel,1,0,1
potassium-induced,1,0,1
hendron,1,0,1
surfactantphospholipid,1,0,1
surfactant-anti-surfactant,1,0,1
arg26-cystatin,1,0,1
arg26-cystatind,1,0,1
salkglauca,1,0,1
p.phlebophyllae,1,0,1
psyllamoscouitaandr,1,0,1
salixglauca,1,0,1
spulchra,1,0,1
xalaxensis,1,0,1
s.lanata,1,0,1
s.alaxcnsis,1,0,1
s.alaxensis,1,0,1
s.phlebophylla,1,0,1
sulix,1,0,1
epinephrine-containingla,1,0,1
cannabisindica■,1,0,1
androgen-oestrogen,1,0,1
-vincristine,1,0,1
unconjugatedoestriol,1,0,1
phentazocine,1,0,1
dextromoramide,1,0,1
metatarsophalangeal,1,0,1
amidone,1,0,1
epinephrine-,1,0,1
folicacidsupplements,1,0,1
thyxnidine,1,0,1
pluralism,1,0,1
daj,1,0,1
14-c,1,0,1
cs31,1,0,1
sceptor,1,0,1
hsa-mir-886-3p,1,0,1
drynaria,1,0,1
mycophenilate,1,0,1
dexamethazon,1,0,1
cy+vp16+carboplatin,1,0,1
çetiner,1,0,1
jaluronate,1,0,1
mercaptopurin/methotrexate,1,0,1
dexamthason/vincristin,1,0,1
r-cht,1,0,1
antracicilin,1,0,1
alkenetetrazine,1,0,1
moraten-,1,0,1
pegifn-l1,1,0,1
eiav,1,0,1
d-sa,1,0,1
lanzola,1,0,1
-glycyrrhetinic,1,0,1
hpvhpvl1,1,0,1
brecanavirs,1,0,1
methoxysulfonamide,1,0,1
tmc-126,1,0,1
pmethoxysulfonamide,1,0,1
p-aminophenylsulfonamide,1,0,1
grl-02031,1,0,1
salicyl-ams,1,0,1
salicyl-amp,1,0,1
osterbauer,1,0,1
a-ketamide,1,0,1
sirna.bacitracin,1,0,1
mprci,1,0,1
glazier,1,0,1
metaner,1,0,1
rsg,1,0,1
alsnog,1,0,1
prommtt,1,0,1
proppr,1,0,1
biocidals,1,0,1
vitaminb12-igy,1,0,1
thiuram,1,0,1
mmu-mir-107,1,0,1
125,1,0,1
mmu-mir-100-3p,1,0,1
sarcosyl,1,0,1
sucrase-isomaltase,1,0,1
pro-lactase,1,0,1
5-hydroxyproline,1,0,1
beroep,1,0,1
amiadoron,1,0,1
puffer,1,0,1
samethe,1,0,1
cp62,1,0,1
rheinhadtii,1,0,1
bifidobac,1,0,1
anthracyclines-taxane,1,0,1
leyencommission,1,0,1
dmdheu,1,0,1
puteana,1,0,1
6-propiolactone,1,0,1
mnt,1,0,1
peltatumbark,1,0,1
m.gaucher,1,0,1
conclusion-ea-230,1,0,1
alizarin-red,1,0,1
insulinart,1,0,1
spülkatheter,1,0,1
myopraph,1,0,1
levofloxazin,1,0,1
ergotherapie,1,0,1
levodopa-monoth,1,0,1
hydroxychloroquineplacebo,1,0,1
maxcyte,1,0,1
cert/cc,1,0,1
labetelol,1,0,1
ceftolozane/tazobactam(1,1,0,1
-bisoprolol,1,0,1
steth-o-cope,1,0,1
flucloxacillin/methicillin,1,0,1
chloralhydrate,1,0,1
sp02,1,0,1
carboplatin/pemetrexed,1,0,1
1penicillin,1,0,1
5-fluorocytosin,1,0,1
ribavirin•,1,0,1
hpv-40,1,0,1
hpv-13,1,0,1
carpe,1,0,1
seleniummetabolism-based,1,0,1
pelicans,1,0,1
hldh-a.,1,0,1
cad-cam,1,0,1
bari-170/07/it,1,0,1
(-)-physostigmine,1,0,1
d-carnitine,1,0,1
.sulfonylureas,1,0,1
iron-doxorubicin,1,0,1
(6s)-leucovorin,1,0,1
levo-(6s)-leucovorin,1,0,1
l-hyoscyamine,1,0,1
lidocaine/ropivacaine,1,0,1
.flumazenil,1,0,1
nederlandshuisartsen,1,0,1
j).lopinavir,1,0,1
calmett-guerin,1,0,1
piodonitrotetrazolium,1,0,1
p-iodonitrotetrazolium,1,0,1
aintel,1,0,1
juharaturi,1,0,1
cd201/epcr,1,0,1
dcbld2/esdn,1,0,1
.ve-statin,1,0,1
rna2polyprotein,1,0,1
clrvrna2polyprotein,1,0,1
1q-diiodobenzene,1,0,1
plukortis,1,0,1
pyranoacridine,1,0,1
pyrroloacridines,1,0,1
aminoacridine,1,0,1
thienoacridine,1,0,1
furoacridine,1,0,1
flumob,1,0,1
gyrasea,1,0,1
oncomir-96,1,0,1
rre-neomycin,1,0,1
alexandria,1,0,1
shc,1,0,1
dusart,1,0,1
legislativa,1,0,1
.pertussis,1,0,1
losin,1,0,1
imanol,1,0,1
.penicillamine,1,0,1
zinc-ab,1,0,1
messel,1,0,1
meleis,1,0,1
antonj,1,0,1
fantus,1,0,1
densenet-121,1,0,1
xyq,1,0,1
ada-a,1,0,1
drug-metformin,1,0,1
bacilluscalmette-guerin(bcg)-a,1,0,1
hengmin,1,0,1
spumaretrovirus,1,0,1
behringwerkeag,1,0,1
h.becht,1,0,1
tnf-released,1,0,1
javelin,1,0,1
hübner,1,0,1
metlife,1,0,1
viagraj,1,0,1
sotrel,1,0,1
raas-blocker,1,0,1
guard,1,0,1
laminin-5,1,0,1
kanthan,1,0,1
nanobots,1,0,1
thiopen-,1,0,1
suxamethonium/rocuronium,1,0,1
baricitinib-arm,1,0,1
baricitinibtherapy,1,0,1
macrolide-based,1,0,1
hedley,1,0,1
c03,1,0,1
androgen-57,1,0,1
imj,1,0,1
2-rituximab,1,0,1
ana.it,1,0,1
vancouver,1,0,1
ponji,1,0,1
vicencio,1,0,1
robosub,1,0,1
widlok,1,0,1
shanin,1,0,1
tosta,1,0,1
ride,1,0,1
pre-bronchodilator,1,0,1
intermune,1,0,1
busselton,1,0,1
piperacillin-d,1,0,1
tbcb,1,0,1
eirene,1,0,1
maxin,1,0,1
.midazolam,1,0,1
erynia,1,0,1
×ŷ,1,0,1
chlorphenaminemaleate,1,0,1
warumessbarevakzine,1,0,1
hebb,1,0,1
abpro,1,0,1
utopia,1,0,1
ace-2/ang(1-7)/masaxis,1,0,1
ace-2/ang(1,1,0,1
tigers,1,0,1
todd,1,0,1
aii/at1,1,0,1
krae,1,0,1
h]choline,1,0,1
bubbers,1,0,1
.fondaparinux,1,0,1
loressa,1,0,1
selenocysteyl-trna,1,0,1
p-thiouracil,1,0,1
taxbenefit,1,0,1
2anthraquinyl,1,0,1
bissulfonamide,1,0,1
pedini,1,0,1
stacy,1,0,1
ultraviolet/ozone,1,0,1
ascobolus,1,0,1
drugintercalatedmontmorillonite,1,0,1
ofloxacinloaded,1,0,1
chloquine,1,0,1
köteles,1,0,1
∀x(ψ,1,0,1
naezer,1,0,1
afghanistan-sharia,1,0,1
hanafi,1,0,1
ghani,1,0,1
us-taliban,1,0,1
zt,1,0,1
hydrosaline,1,0,1
pulse-on,1,0,1
uricosuria,1,0,1
sodium-ion,1,0,1
trichloricacid,1,0,1
mesaconate,1,0,1
plexina4,1,0,1
bafimolomycina1,1,0,1
bifani,1,0,1
nb-set2,1,0,1
laith,1,0,1
normetadrenaline,1,0,1
perazella,1,0,1
camporesi@silviacamporesi,1,0,1
ionophors,1,0,1
durando,1,0,1
alpha-mannosidosis,1,0,1
acetylcholineesterase,1,0,1
edrophoniumchloride,1,0,1
muc,1,0,1
tapazol,1,0,1
xitron,1,0,1
sulfuraminoacids,1,0,1
m).erythromycin,1,0,1
erythromycin-induced,1,0,1
methylglucose,1,0,1
hclacid,1,0,1
magnesiumammonium,1,0,1
as-,1,0,1
ssv-b,1,0,1
enetetramine,1,0,1
cad3-ebovvaccine,1,0,1
cad3-ebov,1,0,1
a-stars,1,0,1
kepler-225,1,0,1
kepler-26,1,0,1
kepler-138,1,0,1
cladosporioides-2,1,0,1
rapinovetr,1,0,1
airoxygen,1,0,1
succinylated-gelatin,1,0,1
faa,1,0,1
balavoine,1,0,1
maurer-cartan,1,0,1
brzeziński,1,0,1
cloheximide,1,0,1
cd,1,0,1
witnin,1,0,1
tenidap,1,0,1
gamisongasse,1,0,1
detergenl,1,0,1
d263biotin,1,0,1
.theophylline,1,0,1
6lu7-lopinavir,1,0,1
.l'aciclovir,1,0,1
haloderivatives5aee,1,0,1
watereethanol,1,0,1
canadiensis,1,0,1
4ethylpiperazine,1,0,1
.camptothecin,1,0,1
g-tocotrienol,1,0,1
cyanonilutamide,1,0,1
daunorubicinesalicylamide,1,0,1
1methylpiperazine,1,0,1
.pyrazinamide,1,0,1
methylpiperazinyl,1,0,1
7hydroxycoumarin,1,0,1
tacrinee8hydroxyquinoline,1,0,1
koagulans,1,0,1
t.cucumeroides,1,0,1
triclabendazoldrank,1,0,1
braden,1,0,1
cisplatinetoposide,1,0,1
hui2,1,0,1
kolotkin,1,0,1
docetaxel+cddp,1,0,1
cy/3,1,0,1
140/,1,0,1
hilari,1,0,1
cez,1,0,1
methotrexate-5-fluorouracil,1,0,1
estrostep,1,0,1
pf50,1,0,1
elof,1,0,1
poa,1,0,1
taiwanesetfi,1,0,1
trimer-tag,1,0,1
cankao,1,0,1
tagliamento,1,0,1
n-methyl-l-deoxynojirimycin,1,0,1
kirstin,1,0,1
sabinegrolz,1,0,1
satsuma,1,0,1
.ramatroban,1,0,1
benromdhane,1,0,1
tchebychev,1,0,1
rnn-lm,1,0,1
anti-tuberculosis,1,0,1
bae,1,0,1
intratumorcvb,1,0,1
cyrtandra,1,0,1
se-amg,1,0,1
ats/idsa,1,0,1
pc-sod,1,0,1
hydrocortisone.•,1,0,1
tedrosadhanom,1,0,1
s)-cystine,1,0,1
.gelatin,1,0,1
lecithin/,1,0,1
balakrishnan,1,0,1
taza@faditaza,1,0,1
egenhofer,1,0,1
.disulfiram,1,0,1
zinc-copper,1,0,1
thesiaα2-,1,0,1
faheem,1,0,1
il-1,1,0,1
silc3a,1,0,1
amphojel,1,0,1
meizothrombin,1,0,1
darexaban,1,0,1
epr-1,1,0,1
bisphosphates,1,0,1
2-propranol,1,0,1
cglipid,1,0,1
vancomycinmodified,1,0,1
kastanozems,1,0,1
lazowski,1,0,1
anti-cmv,1,0,1
aluminumadjuvants,1,0,1
fund(unicef)-led,1,0,1
rouge,1,0,1
sw,1,0,1
tamra-desthiobiotin,1,0,1
polymyxin-b/nalidixicacid,1,0,1
tax/,1,0,1
n-glycosylated,1,0,1
oiigomer,1,0,1
phloroglucinolysis,1,0,1
ifn-a4,1,0,1
.atrazine,1,0,1
chlormequat,1,0,1
pralidoxine,1,0,1
n-diethyltoluamide,1,0,1
thiocarbamates,1,0,1
bisdithiocarbamates,1,0,1
thiocarbamates-ziram,1,0,1
.bromethalin,1,0,1
conglutinogen,1,0,1
c-sodiumacetate,1,0,1
doxycycline/oxytetracycline,1,0,1
cfa-mir-1306,1,0,1
kelactin,1,0,1
desoxycorticosterone,1,0,1
17-ß-estradiol,1,0,1
ravenpro,1,0,1
a.fumigatus,1,0,1
doxorubicin/vincristine,1,0,1
clavulanate/amoxicillin,1,0,1
calex,1,0,1
dimethyl-arginine,1,0,1
dirofilaria,1,0,1
/epirubicin,1,0,1
caprica,1,0,1
dabigatran:4,1,0,1
rivaroxaban:2,1,0,1
renaloo,1,0,1
kerstin,1,0,1
corina,1,0,1
epilobiumangustifolium,1,0,1
paritaprevir/ombitasvir/r,1,0,1
nimet,1,0,1
sofosbuvir/simeprevir,1,0,1
sofosbuvir/ledipasvir/ribavirin,1,0,1
dasabuvir/ombitasvir/paritaprevir/ritonavir,1,0,1
taprevir/ritonavir/ribavirin,1,0,1
cytarabine'one,1,0,1
metoject,1,0,1
pczenteric-coated,1,0,1
polydrug,1,0,1
119).tigecycline,1,0,1
anticoagulant(oa,1,0,1
cuf,1,0,1
nefopam,1,0,1
vedolizumab/adalimumab,1,0,1
monacolins,1,0,1
emtansin,1,0,1
tdm-1,1,0,1
trimethoprim/kg/day,1,0,1
antiangiogenics,1,0,1
ledispavir/sofosbuvir,1,0,1
zingiberofficinaleroscoe(,1,0,1
ascorb,1,0,1
mab447,1,0,1
cheuk,1,0,1
hr-n/,1,0,1
medroxy-progesteroneacetate,1,0,1
progestin-only,1,0,1
potassiumthiocyanate,1,0,1
.mupirocin,1,0,1
emtol,1,0,1
p.e.,1,0,1
prednisolon-,1,0,1
infliximabinfusion,1,0,1
glucocorticosteroide,1,0,1
nolinker,1,0,1
tr8,1,0,1
ibragimov,1,0,1
serotonin-conjugated,1,0,1
trifaro,1,0,1
mamata,1,0,1
abisarabifasciata,1,0,1
nomizu,1,0,1
orosco,1,0,1
cq10,1,0,1
alcohol.#5,1,0,1
selenastrum,1,0,1
somatostatin/,1,0,1
fasudila,1,0,1
pluvio,1,0,1
φi,1,0,1
wavenethas,1,0,1
bi@ys,1,0,1
cardi,1,0,1
actu,1,0,1
gramicidin-a.,1,0,1
malatonin,1,0,1
beris,1,0,1
blolagy,1,0,1
hemk,1,0,1
bonnie,1,0,1
nn-dgj,1,0,1
p-nitrophenylglycopyranoside,1,0,1
bacoli,1,0,1
zincphosphide,1,0,1
sarda,1,0,1
thaumatopea,1,0,1
flavibacterium,1,0,1
bufala,1,0,1
ser780,1,0,1
propionylpromazine,1,0,1
hydrochloriccarmine,1,0,1
medvet,1,0,1
spungin,1,0,1
f1l,1,0,1
rishniw,1,0,1
trim79a,1,0,1
bra-zil,1,0,1
antipenton,1,0,1
hespidus,1,0,1
iron-chromiumhydroxide,1,0,1
calciumchloride),1,0,1
c.e.,1,0,1
sulfopropyl,1,0,1
puls,1,0,1
hei,1,0,1
zwei,1,0,1
ener,1,0,1
hypnoti,1,0,1
hy,1,0,1
kortikos,1,0,1
ken).zur,1,0,1
höh,1,0,1
pressin,1,0,1
measlesmumps-rubella-varicella,1,0,1
morpholinos.2,1,0,1
carboxyfluorescein,1,0,1
morpholinosulfamide,1,0,1
vitamindcathelicidinaxis,1,0,1
gagatg,1,0,1
mycl,1,0,1
myc2,1,0,1
maskulinum,1,0,1
renesas,1,0,1
anam,1,0,1
vitelic,1,0,1
hyundai,1,0,1
tin2017,1,0,1
parasympathetic,1,0,1
choroideremia,1,0,1
poros,1,0,1
acetylcholine-esterase,1,0,1
r-ache,1,0,1
hydrgel,1,0,1
carboplatin/taxol,1,0,1
poloxin,1,0,1
pneumotharox,1,0,1
cisplatin-freie,1,0,1
cisplatin-arm,1,0,1
robson,1,0,1
osb,1,0,1
po-uro,1,0,1
peroxy,1,0,1
skinfold,1,0,1
mirna-15a,1,0,1
melphalan+/-bortezomib,1,0,1
aml-mscs,1,0,1
ada-mscs,1,0,1
iron/vitamin,1,0,1
hemocoagulase,1,0,1
csa/tacrolimus+mtx,1,0,1
cyclophosphamide+fludar-abine+tbi,1,0,1
flutreothio,1,0,1
flu/cyclophosphamide,1,0,1
t-haplo-sct,1,0,1
thymoglobulin/rituximab/bortezomib,1,0,1
ykl-40glycoprotein,1,0,1
tacrolimus-sirolimus,1,0,1
pegylated-inf,1,0,1
mg/m,1,0,1
gy/fludarabine,1,0,1
amelogenine,1,0,1
cht.,1,0,1
treosulfan/melphalan/fludarabine,1,0,1
gy/thiotepa,1,0,1
fresinius,1,0,1
dilanthaellegala,1,0,1
pindula,1,0,1
hylleraas,1,0,1
ac-p1-3cd,1,0,1
-pego,1,0,1
antibodyconjugated,1,0,1
antibiotics(moxifloxacin,1,0,1
piperascens,1,0,1
cdkn2a,1,0,1
.pateamine,1,0,1
il2,1,0,1
kgf,1,0,1
myomaxin,1,0,1
ppi-dose,1,0,1
tertil,1,0,1
hespellia,1,0,1
medronic,1,0,1
olmesartans,1,0,1
kurativ,1,0,1
betablockerdosis,1,0,1
trifluoro-trichloroethane,1,0,1
tchebycheff,1,0,1
methylthymidine,1,0,1
brinogen,1,0,1
balomycina1,1,0,1
.kininogen,1,0,1
dr9bradykinin,1,0,1
diabolicum,1,0,1
ul21,1,0,1
capitainer,1,0,1
capitainerab,1,0,1
ofeat,1,0,1
vobn.it,1,0,1
thativermectin,1,0,1
pteridoides,1,0,1
hg).46,1,0,1
gaby-fleurböl,1,0,1
horeca,1,0,1
pastor-satorras,1,0,1
dha-p,1,0,1
"[15r,16a].nitazoxanide",1,0,1
[21c].posaconazole,1,0,1
.lobatamide,1,0,1
aplidium,1,0,1
peg-ifn-.,1,0,1
peg-ifn-,1,0,1
inulinadjuvant,1,0,1
tpvpivotal,1,0,1
arpine,1,0,1
serpind1,1,0,1
urease-b,1,0,1
boliviana,1,0,1
dery,1,0,1
sofiadokuka,1,0,1
naphthoquinones,1,0,1
antibromodeoxyuridine,1,0,1
-tigecycline,1,0,1
l-adrenalin,1,0,1
dexamethasongabe,1,0,1
fluticasonpropionat,1,0,1
klismacort,1,0,1
adrenalin-in,1,0,1
ip01,1,0,1
-chlorothiazolide,1,0,1
2-phenylethylbutyrate,1,0,1
-ribavarin,1,0,1
-telaprevir,1,0,1
5-iudr,1,0,1
yildirim,1,0,1
lemna,1,0,1
zlatarov,1,0,1
tera,1,0,1
crecparsb,1,0,1
rabtrk1,1,0,1
1963-1979,1,0,1
musrsiapb,1,0,1
dacvecc,1,0,1
anti-racist,1,0,1
bbv,1,0,1
hebrus,1,0,1
mesoveliu,1,0,1
hydromtra,1,0,1
halob,1,0,1
leader,1,0,1
600mgtocilizumab,1,0,1
-hydroxytamoxifen,1,0,1
mr.galvan,1,0,1
insgesamtgab,1,0,1
anti-hpvvaccine,1,0,1
liposome-basedvaccine,1,0,1
allatum,1,0,1
trichloromonofluoromethane,1,0,1
s1-ntds,1,0,1
nocurdia,1,0,1
salicylamine,1,0,1
oxyethidium,1,0,1
cyclohexmide,1,0,1
genistein(1µm,1,0,1
vasopresine,1,0,1
osteoclatic,1,0,1
norland,1,0,1
nitratedcga,1,0,1
avenanthramides,1,0,1
at-acetate,1,0,1
alpha-toc,1,0,1
aminoxylantioxidant,1,0,1
-propionolactone,1,0,1
poxvirusmva,1,0,1
silhoue,1,0,1
presidenthujintao,1,0,1
kaempferol-3-oglucuronide,1,0,1
herbpolysaccharides,1,0,1
ginsengpolysaccharide,1,0,1
cbmc,1,0,1
hsa-mir-25-3p,1,0,1
dicer,1,0,1
hsa-mir-619,1,0,1
hsa-mir-3175,1,0,1
thalium-201,1,0,1
zidovudineloaded,1,0,1
curcuminloaded,1,0,1
nabpaclitaxel,1,0,1
drug-loadedlf,1,0,1
zidovudineoral,1,0,1
/lamivudine,1,0,1
superoxidized,1,0,1
formaldehydeealcohol,1,0,1
picturae,1,0,1
-lamivudine,1,0,1
goldbloom,1,0,1
jaaphaartsen,1,0,1
antivirals/hydroxychloroquine/steroids,1,0,1
/?-nitrophenylmannoside,1,0,1
alaminos,1,0,1
mab4d4,1,0,1
escg-o-12,1,0,1
methionine+cysteine,1,0,1
eukanuba,1,0,1
intervet,1,0,1
medeto-midine,1,0,1
picrocirius,1,0,1
hbgm,1,0,1
royal,1,0,1
estherbijsmans,1,0,1
varsani,1,0,1
guglin,1,0,1
cystein/methionine,1,0,1
cystein/,1,0,1
verax,1,0,1
bp23,1,0,1
bp26,1,0,1
bp28,1,0,1
cp24,1,0,1
cp31,1,0,1
dex40,1,0,1
agilia,1,0,1
cp36,1,0,1
cp37,1,0,1
cp42,1,0,1
compomat,1,0,1
cp43,1,0,1
cp47,1,0,1
shalene,1,0,1
cp53,1,0,1
acrodose,1,0,1
cp63,1,0,1
velico,1,0,1
cp65,1,0,1
cp66,1,0,1
cp69,1,0,1
bipin,1,0,1
a-ipc,1,0,1
cp75,1,0,1
cp76,1,0,1
cp78,1,0,1
erytrodermic,1,0,1
cp80,1,0,1
cp83,1,0,1
retinalis,1,0,1
cp85,1,0,1
cp88,1,0,1
cp93,1,0,1
cp99,1,0,1
cp109,1,0,1
cp121,1,0,1
cp122,1,0,1
cp123,1,0,1
cp125,1,0,1
lmbpa-6,1,0,1
gtx,1,0,1
cp170,1,0,1
cp178,1,0,1
cp179,1,0,1
anti-en,1,0,1
anti-lymphoma,1,0,1
erytraeflexisvr,1,0,1
ertyra,1,0,1
cp203,1,0,1
cp204,1,0,1
cp208,1,0,1
cp209,1,0,1
d-ce-d,1,0,1
cp229,1,0,1
cp237,1,0,1
cp244,1,0,1
anti-ku,1,0,1
cp291,1,0,1
cp300,1,0,1
cp313,1,0,1
cp319,1,0,1
cp320,1,0,1
cp323,1,0,1
hbsag1/hbv,1,0,1
fenwal,1,0,1
ap5,1,0,1
ap20,1,0,1
ap24,1,0,1
biasio*.,1,0,1
q4/16,1,0,1
ap35,1,0,1
ap36,1,0,1
ap37,1,0,1
ap39,1,0,1
ap68,1,0,1
ap74,1,0,1
ap83,1,0,1
alloanti-d.,1,0,1
ap96,1,0,1
ap99,1,0,1
michaelene,1,0,1
rh-hdn,1,0,1
b-chloropropionicacid,1,0,1
chlorinescheme,1,0,1
"1,3dibromopropane",1,0,1
monoamineoxidase,1,0,1
2aminopyrazine,1,0,1
pgene,1,0,1
127].ribavirin,1,0,1
mosby/elsevier,1,0,1
echinocandinsfungi,1,0,1
doxycyclinedas,1,0,1
f~-adrenergic,1,0,1
z3it,1,0,1
milkiga,1,0,1
.isg15,1,0,1
martijn,1,0,1
piccoò,1,0,1
antifols,1,0,1
"hydroxychloroquine"".in",1,0,1
.konbamidin,1,0,1
rhaphisia,1,0,1
.reserpine,1,0,1
paneraj,1,0,1
kubrin,1,0,1
dic.chloroquine,1,0,1
hspolysaccharides,1,0,1
clmv,1,0,1
5methyl-2′-deoxyzebularine,1,0,1
platinum-label,1,0,1
.[3,1,0,1
addomer©,1,0,1
cvtree3,1,0,1
lavretsky,1,0,1
squaredcosine,1,0,1
corixidae,1,0,1
artese,1,0,1
ce-ce,1,0,1
guanidine-cytosine,1,0,1
bleachingin,1,0,1
kousha,1,0,1
mbdsactionplan,1,0,1
pyrrolomycin,1,0,1
pentabromide,1,0,1
avocadopomegranate,1,0,1
supraadditive,1,0,1
punicagranatu,1,0,1
pomegranatepolyphenol,1,0,1
sulfate-forpolio,1,0,1
bundesgesundheitsbl-gesundheitsforsch-gesundheitsschutz,1,0,1
midlife,1,0,1
cytochromes,1,0,1
zdzi,1,0,1
d-tocotrienol,1,0,1
8)-catechin,1,0,1
piceatannolglucoside,1,0,1
catechin-3-ogallate,1,0,1
myricetin-3-o-(5,1,0,1
quercetin-3-o-b-d-glucuronide,1,0,1
sialyllactose,1,0,1
b2a,1,0,1
scorenone,1,0,1
coghill,1,0,1
"gl,gg",1,0,1
si(li,1,0,1
hydride,1,0,1
kinnaman,1,0,1
antihistag,1,0,1
imb-35,1,0,1
dpbm,1,0,1
g]ycerol,1,0,1
endotexin,1,0,1
ca++-antagonists,1,0,1
~dralazine,1,0,1
pavulon,1,0,1
~npicillin,1,0,1
~opamine,1,0,1
vitamin±,1,0,1
erythxomycin,1,0,1
coreglycelipid,1,0,1
flunitrazepam/midazolam,1,0,1
midazolam/morphine,1,0,1
midazolam/fentanyl,1,0,1
plunitrazepam/fentanyl,1,0,1
midazolam/,1,0,1
entanyl,1,0,1
cstin,1,0,1
pafd,1,0,1
betamimetice,1,0,1
ranitidine-group,1,0,1
festanyl,1,0,1
isuflurene,1,0,1
netilmicins,1,0,1
dlhydroergotamine,1,0,1
nifediptne,1,0,1
immunoglebulin,1,0,1
modipine,1,0,1
theophylljne,1,0,1
taehycardia,1,0,1
swan-ganz-catheter,1,0,1
desine,1,0,1
etomid,1,0,1
saeh,1,0,1
n20:o2-halothane-pancuronium,1,0,1
alice-alice,1,0,1
hats,1,0,1
erythromycinderived,1,0,1
amantadine/rimatidine,1,0,1
228ganeidovir,1,0,1
229amantadine/rimantadine,1,0,1
hoflund,1,0,1
khouzestan,1,0,1
aldosteron-als,1,0,1
spironolactonbehandelt,1,0,1
böhm,1,0,1
n-acetylcysteine.7,1,0,1
crainic,1,0,1
guastaroba,1,0,1
cat6,1,0,1
penumbraindigo,1,0,1
copc,1,0,1
noncarcinogens,1,0,1
bitum,1,0,1
succi,1,0,1
comet-fish,1,0,1
e-fish,1,0,1
halo-fish,1,0,1
harlequin-fish,1,0,1
ml-fish,1,0,1
rainbow-fish,1,0,1
raman-fish,1,0,1
t-fish,1,0,1
allopolyploid,1,0,1
c-lstm,1,0,1
tiramisu,1,0,1
glycerol3-phosphate,1,0,1
eidd,1,0,1
adjuvantpcv,1,0,1
e-topia,1,0,1
ev-a71subgenogroupb5,1,0,1
sby,1,0,1
mir-511-3p,1,0,1
dabrafenib/trametinib,1,0,1
prepenicillinase,1,0,1
rnol,1,0,1
h-galactose,1,0,1
mapr,1,0,1
capecitabine-mitomycin,1,0,1
carboplatin-capecitabine,1,0,1
5fu-cisplatin,1,0,1
platinum-etoposide,1,0,1
língua,1,0,1
samora,1,0,1
renamo,1,0,1
tried-amitriptyline,1,0,1
exophthalmos,1,0,1
panopthalmitis,1,0,1
lipoma,1,0,1
electiva,1,0,1
".""calcium",1,0,1
uvb-vitamin,1,0,1
"24,25-dihydroxycholecalciferol",1,0,1
bètalactamase-inhibitor,1,0,1
bètalactamaseremmer,1,0,1
naeen,1,0,1
fladderthorax,1,0,1
traumatische,1,0,1
diafragmascheur,1,0,1
aciinomycind,1,0,1
brct,1,0,1
ipl/,1,0,1
hypnozoite,1,0,1
nitroplus,1,0,1
phenol/chloroform/isoamylalcohol,1,0,1
thatd,1,0,1
ultrahaline,1,0,1
andazithromycin,1,0,1
jarosch,1,0,1
kizil,1,0,1
pratsinis,1,0,1
typhi/paratyphi,1,0,1
175hydroxychloroquine,1,0,1
abeparvovec,1,0,1
acupuncture-moxibustion,1,0,1
"3,vancomycin",1,0,1
dextran-maltose,1,0,1
iol,1,0,1
bronchodilatoripatroprium,1,0,1
thionazine,1,0,1
hil,1,0,1
rimethoprim,1,0,1
o-arrwxiclav,1,0,1
co-trirrwxazole,1,0,1
ycillin,1,0,1
it.it,1,0,1
rap-031,1,0,1
acceleron,1,0,1
sozos,1,0,1
apoe2,1,0,1
chitosan-patch,1,0,1
thyroidscintigraphy,1,0,1
pouchtm,1,0,1
.alamandine,1,0,1
cefoperazonesodium,1,0,1
midecamicina,1,0,1
kalmijn,1,0,1
miltiradiene,1,0,1
anti-pde12,1,0,1
mapt,1,0,1
weereen,1,0,1
zanamivirdosis,1,0,1
gorillinae,1,0,1
antitussivabeikeuchhusten,1,0,1
φ(c,1,0,1
peg-ifnalfa-2a,1,0,1
pe078,1,0,1
berore,1,0,1
lamivudine+adefovir,1,0,1
aefovir,1,0,1
pe128,1,0,1
hbv-replicon,1,0,1
pe154,1,0,1
klf8,1,0,1
bortemib,1,0,1
gold-1a,1,0,1
doxorubicin-lipiodol,1,0,1
fraxini,1,0,1
synemin,1,0,1
telaprevir-based,1,0,1
pe349,1,0,1
ifn-2a,1,0,1
pe360,1,0,1
interferon-/cyclosporin,1,0,1
cycloporin,1,0,1
sonazoid-enhanced,1,0,1
l-acyl-carnitine,1,0,1
shuanghuqinggan,1,0,1
hyaluronicacid(ha,1,0,1
jatamansi,1,0,1
interferon+ribavirin,1,0,1
zhenhai,1,0,1
arpil,1,0,1
salviamiltiorrhiza(ppas-sm,1,0,1
vardenafilb,1,0,1
phenylalaninedeaminase,1,0,1
dolasetron/ondansetron,1,0,1
anastomosis,1,0,1
viokase,1,0,1
ezetimibe-simvastatin,1,0,1
laminectomy,1,0,1
ofdexamethasone,1,0,1
bgee,1,0,1
2019-ncov/ace2,1,0,1
em-43,1,0,1
dead,1,0,1
juliaheim,1,0,1
atg12.ubiquitin,1,0,1
zomib/thalidomide/dexamethasone/cyclosporamide,1,0,1
-mercaptopurine,1,0,1
leukotrienec4,1,0,1
kukovec,1,0,1
mr.kozlowski,1,0,1
dano,1,0,1
fenem,1,0,1
diltiazemchlorhydrate,1,0,1
sanabandine,1,0,1
guaiana,1,0,1
beatmungstherapie,1,0,1
vasodilatators,1,0,1
vasodilatatoren,1,0,1
prostazyklintherapie,1,0,1
treprostinilinfusion,1,0,1
zardaverin,1,0,1
sitaxentan,1,0,1
kaliumkanalagonisten,1,0,1
lysetherapie,1,0,1
ista,1,0,1
nedocromyl,1,0,1
5niin,1,0,1
arthrodese,1,0,1
koxarthrose,1,0,1
implantat,1,0,1
psychologybulletin,1,0,1
equamax,1,0,1
mg-sulfamethoxazol,1,0,1
longformer,1,0,1
qinghe,1,0,1
bisanthracycline,1,0,1
.ecteinascidin,1,0,1
stjepan,1,0,1
cinnamoyl,1,0,1
dabcyl-ktsavlq,1,0,1
incretins,1,0,1
violoncello,1,0,1
tercanozole,1,0,1
jellyroll,1,0,1
echinochloa,1,0,1
a~-agonist,1,0,1
f-slns,1,0,1
sars-co,1,0,1
properidin,1,0,1
cerrotini,1,0,1
apoj,1,0,1
tnf-[3,1,0,1
sulphostin,1,0,1
pgf2~,1,0,1
trimoxa,1,0,1
oxa,1,0,1
levofloxa,1,0,1
xifloxa,1,0,1
geras,1,0,1
nis,1,0,1
wynarczyk,1,0,1
ao-m,1,0,1
pegylated-ifn-l1,1,0,1
nc16,1,0,1
honororia,1,0,1
tridensigrapruszhaoi,1,0,1
holograptus,1,0,1
jexilis,1,0,1
theca,1,0,1
tollerato,1,0,1
corticoidi,1,0,1
".,tsc",1,0,1
broussoflavonol,1,0,1
js05,1,0,1
four-drug,1,0,1
olanzapine.we,1,0,1
docetaxel.716,1,0,1
ahct.bethanechol,1,0,1
crtm,1,0,1
betamethasonevalerate,1,0,1
.pantoprazole,1,0,1
severecisplatin,1,0,1
glucuronidation,1,0,1
mp-45,1,0,1
clenil,1,0,1
dexamethasone-sparing,1,0,1
bisphophonates,1,0,1
mammo-50,1,0,1
sjkjt,1,0,1
vitaminsb2,1,0,1
imrt/cisplatin,1,0,1
folfoxiri/bevacizumab,1,0,1
xonrid,1,0,1
w01,1,0,1
hesmo,1,0,1
h.xiao,1,0,1
bojungikkitang,1,0,1
bojungikki-tang,1,0,1
paracoccidomycosis,1,0,1
cottineau,1,0,1
"water.""""tetracycline",1,0,1
anatum,1,0,1
rig-i,1,0,1
maf-tb,1,0,1
sulfamethoxazole-trimethoprime,1,0,1
si-wu-tangformula,1,0,1
bö,1,0,1
fivefluorouracil,1,0,1
.antibiotika,1,0,1
hypothermie/cooling,1,0,1
kollodialelösungen,1,0,1
phosphodiesterasehemmstoffe,1,0,1
nitroglyzerin,1,0,1
arginin-vasopressinbehandelt,1,0,1
kalziumantagonisten,1,0,1
cardiopump,1,0,1
ventrikelseptumruptur,1,0,1
ventrikelruptur,1,0,1
kristalloid,1,0,1
hydrocortisonstressdosen,1,0,1
ventriculo-arterial,1,0,1
isopropylester,1,0,1
lopina-vir/ritonavir,1,0,1
arundinaria,1,0,1
nyssa,1,0,1
bibb,1,0,1
hydroxyuria,1,0,1
eptomycin,1,0,1
.ciclesonide,1,0,1
surface-drug-solvent,1,0,1
scooter,1,0,1
metoclopramide(60,1,0,1
sparto,1,0,1
rhinolaryngoscope,1,0,1
endotrol,1,0,1
ginseng-warfarin,1,0,1
bmp-antagonist,1,0,1
kpt-330,1,0,1
vaxcad,1,0,1
mercuricnitrate,1,0,1
143glycine,1,0,1
authornissantaleb,1,0,1
malaria-chloroquine,1,0,1
glycineglycine,1,0,1
guidotti,1,0,1
hydrophobin,1,0,1
,1,0,1
tetrazyclinen,1,0,1
chloramphe,1,0,1
rishabulusu,1,0,1
didong,1,0,1
prizel,1,0,1
ringmar,1,0,1
3-amino-9-ethylcarbamizole,1,0,1
74ribavirin,1,0,1
ribavilrin,1,0,1
ebola,1,0,1
messine,1,0,1
belfrail,1,0,1
hcv2,1,0,1
ullum,1,0,1
budesonideencapsulated,1,0,1
dexamethasoneon,1,0,1
dexamethasonedid,1,0,1
alaman,1,0,1
anti-idiotope,1,0,1
wmt,1,0,1
ecuador,1,0,1
randi,1,0,1
.rabenau,1,0,1
antiseptics-disinfectants,1,0,1
5adenovirus,1,0,1
rfeg-csf,1,0,1
cifar,1,0,1
sodiumsuccinate,1,0,1
antony,1,0,1
-n-acetylgalactosaminidase,1,0,1
l-fucosidase,1,0,1
[s]methionine/cysteine-labeled,1,0,1
s]methionine/cysteinelabeled,1,0,1
kaempferol4'-o-glucoside,1,0,1
dabcyl-ktsavlq↓sgfrkme-edans,1,0,1
nw-83,1,0,1
tsekeris,1,0,1
trolls,1,0,1
durga,1,0,1
tefner,1,0,1
bis-p-nitrophenylester,1,0,1
mana-1,1,0,1
dectin-2a,1,0,1
hydroxychloroquine.(5,1,0,1
devogelaere,1,0,1
curai,1,0,1
salt-ethanol,1,0,1
innovation,1,0,1
rifamipcin,1,0,1
valganciclovir-präparation,1,0,1
ganciclovirbzw,1,0,1
206hydroxycholorquine,1,0,1
267metoclopramide,1,0,1
297amiodarone,1,0,1
pm26,1,0,1
γs,1,0,1
cavone,1,0,1
pietervermeersch,1,0,1
dolutegravir/,1,0,1
themf59tmadjuvanted,1,0,1
sulfurfumigation,1,0,1
ziva,1,0,1
nishkam,1,0,1
anti-pyretics,1,0,1
eril,1,0,1
nicotiniana,1,0,1
sylvestris-,1,0,1
saltum,1,0,1
antiprotein,1,0,1
talmadge,1,0,1
ramosum,1,0,1
.ibuprofen/codeine,1,0,1
christoferoni,1,0,1
aleu,1,0,1
gorhametal,1,0,1
capil,1,0,1
edlin,1,0,1
immunizaaminoacids,1,0,1
"below:""hydroxychloroquine",1,0,1
honorific,1,0,1
clofibrate)oral,1,0,1
ceea-ufjf,1,0,1
mir-cel-mir-39-3p,1,0,1
as-136a,1,0,1
paq-22,1,0,1
pik3c3,1,0,1
fucusvesiculosus,1,0,1
sitagliptin-a,1,0,1
rastrepo,1,0,1
pomerol,1,0,1
reagans,1,0,1
amos,1,0,1
gerrycanavan,1,0,1
brandon,1,0,1
hexestrol,1,0,1
zoltr,1,0,1
paracetamoleinnahme,1,0,1
metamizol-therapie,1,0,1
phenylbutazonverbindungen,1,0,1
fentanyldosis,1,0,1
migräneprophylaxe,1,0,1
brompheniramin,1,0,1
chlorphenamin,1,0,1
ebastin,1,0,1
sympathomimetikum,1,0,1
flunisolid,1,0,1
.nedocromil,1,0,1
triflupromazin,1,0,1
roxatidin,1,0,1
.darifenacin,1,0,1
ornidazol,1,0,1
streptomycin-oder,1,0,1
pyrimethamin-sulfadoxin,1,0,1
clotrimazols,1,0,1
croconazol,1,0,1
omoconazol,1,0,1
mofenson,1,0,1
catindig,1,0,1
dihydroergotamin,1,0,1
lorcainid,1,0,1
chinidins,1,0,1
tocainid,1,0,1
etozolin,1,0,1
lofepramin,1,0,1
citaloprams,1,0,1
kulin,1,0,1
fluoxetinanzuraten,1,0,1
meprobamattherapeutisch,1,0,1
alprazolam-oder,1,0,1
benzodiazepintherapie,1,0,1
eszopiclon,1,0,1
oxytocinantagonist,1,0,1
prednison/prednisolon,1,0,1
holoxan,1,0,1
trofosfamid,1,0,1
thioguanin-gsk,1,0,1
mitotan,1,0,1
bellemin,1,0,1
sermorelin,1,0,1
somatorelin,1,0,1
menogon,1,0,1
.metergolin,1,0,1
oxytocins,1,0,1
thyroxindosis,1,0,1
methimazol/carbimazol,1,0,1
carbimazol/methimazol,1,0,1
insulinpramlintid,1,0,1
glipizid,1,0,1
medroxyprogesteron,1,0,1
norethisteronacetat,1,0,1
cyproteronacetat,1,0,1
cyproteron,1,0,1
antiestrogene,1,0,1
beilin,1,0,1
thiobarbiturat,1,0,1
-opioide,1,0,1
.suxamethonium,1,0,1
meclocyclin,1,0,1
lokalevirustatika,1,0,1
d-hypervitaminose,1,0,1
micanol,1,0,1
permethrin-shampoo,1,0,1
deetanwendeten,1,0,1
dorzolamidtherapie,1,0,1
glyzyrrhizin,1,0,1
anästhetikum,1,0,1
lokalanästhetikachemisch,1,0,1
benzoylekgonin,1,0,1
phencyclidin,1,0,1
alkohol-therapie,1,0,1
dextropropoxyphen,1,0,1
paracetamol-überdosis,1,0,1
trichlorethen,1,0,1
altiplano,1,0,1
glycine-sodium,1,0,1
polygalatenuifolia)-a,1,0,1
polygalatenuifolia)a,1,0,1
conve.,1,0,1
13-agonists,1,0,1
e2peplorner,1,0,1
formyl-nle-leu-phe,1,0,1
lenvatinib-everolimus,1,0,1
comunicado,1,0,1
piora,1,0,1
édito,1,0,1
mosesben,1,0,1
imatinib/methotrexate,1,0,1
bilealcohols,1,0,1
laforin,1,0,1
amylopectidase,1,0,1
nephrocalcinosis,1,0,1
1351,1,0,1
megalocephaly,1,0,1
glucocerebrosidase,1,0,1
plp1␣,1,0,1
plp1␤,1,0,1
shfv-plp1,1,0,1
peg-5000,1,0,1
iron-oxide-tobramycin,1,0,1
mingograf,1,0,1
alyte,1,0,1
decosta,1,0,1
steeman,1,0,1
camptocercus,1,0,1
leydigia,1,0,1
percantha,1,0,1
grane,1,0,1
graptoleberis,1,0,1
cus,1,0,1
alanella,1,0,1
urotensin-converting,1,0,1
anthocyanidin/proanthocyanidin,1,0,1
bismuthate,1,0,1
aminidase,1,0,1
antineuraminidase,1,0,1
anti-fcantiglobulin,1,0,1
gadol,1,0,1
diamides9a-9,1,0,1
aristoteli,1,0,1
9-resnet-101,1,0,1
aureothin,1,0,1
8-aminoguanine,1,0,1
-193,1,0,1
vaill,1,0,1
henrymintzberg,1,0,1
cavaleri,1,0,1
bhepaticojejunostomy,1,0,1
campanhas,1,0,1
nestas,1,0,1
dotcvp,1,0,1
quinupristin/dafopristin,1,0,1
lev-albuterol,1,0,1
malir,1,0,1
.flupirtine,1,0,1
flu-pirtine,1,0,1
jpm,1,0,1
f(ab′)2,1,0,1
17-β-estradiols,1,0,1
tiendan,1,0,1
srednicki,1,0,1
polchinski,1,0,1
positronium,1,0,1
micada,1,0,1
khapra,1,0,1
goods,1,0,1
braun,1,0,1
bullin,1,0,1
paragas,1,0,1
enkopresis,1,0,1
provencio,1,0,1
airbags,1,0,1
medipal,1,0,1
cc0.it,1,0,1
benzouracil-coumarin-arene-conjugates,1,0,1
man-pei,1,0,1
p-hydroxymethylphenol,1,0,1
trail-armed,1,0,1
smac/,1,0,1
capecitabine.(eor,1,0,1
lek,1,0,1
pa2006,1,0,1
moldavia,1,0,1
incysus,1,0,1
wasatch,1,0,1
giralt,1,0,1
clorabine-cytarabine,1,0,1
kuball,1,0,1
costakv,1,0,1
unsecretary-general,1,0,1
secretary-generalbanki-moon,1,0,1
halvard,1,0,1
kerstinfritzsche,1,0,1
3-tactam,1,0,1
katafungin,1,0,1
.sulfasalazine,1,0,1
tositumomab-iodine,1,0,1
mpla-sm,1,0,1
c-mev,1,0,1
bernet,1,0,1
drugbank,1,0,1
ropar,1,0,1
presidentmoon,1,0,1
úlceras,1,0,1
sousachinensis,1,0,1
arctocephalus,1,0,1
hoef,1,0,1
schetinin,1,0,1
hajdú-bihar,1,0,1
/penicillin,1,0,1
/piperacillin,1,0,1
trimethoprim'/,1,0,1
á/sulphamethoxazole,1,0,1
trimethoprim/sulfametrol,1,0,1
4-chlorouracil,1,0,1
ciprofloxacinresistant,1,0,1
ofloxacin-ofl,1,0,1
levofloxacin-lev,1,0,1
moxifloxacin-mox,1,0,1
gemifloxacin-gem,1,0,1
á/ciprofloxacin,1,0,1
ipenem,1,0,1
xrp2868,1,0,1
msf.erythromycin,1,0,1
midecamycinacetat,1,0,1
/azithromycin,1,0,1
greecequinupristin/dalfopristin,1,0,1
5-nitrotiasole,1,0,1
neomenthol,1,0,1
carpabrotus,1,0,1
hepatoprotectors,1,0,1
shavlov,1,0,1
b-carotein,1,0,1
amoxycillin/clavulate,1,0,1
dniepropetrovsk,1,0,1
roxytromicin,1,0,1
vancomycin'/meropenem,1,0,1
rifampicin-r,1,0,1
ethambutol-e,1,0,1
isoniacid,1,0,1
vertkine,1,0,1
cephalosporin9/aminoglycoside,1,0,1
amoxicillin/clavuloneacid,1,0,1
chloramphenichol,1,0,1
clindamycin0/,1,0,1
levofloxacin0/100,1,0,1
amoxicillin0/100,1,0,1
sulbactamampiciline,1,0,1
turkeyteicoplanin,1,0,1
/vancomycin,1,0,1
biguanidines,1,0,1
piptide,1,0,1
fluconazole-and,1,0,1
pm150,1,0,1
amphtericin,1,0,1
pm154,1,0,1
trimethoprim-sulphametoxazol,1,0,1
dio-bacit,1,0,1
á/netilmicin,1,0,1
á/tobramycin,1,0,1
tobra,1,0,1
(p)/tazobactam,1,0,1
á/amoxicillin,1,0,1
delfiol,1,0,1
mupirocin'/tetracyclines'/chloramphenicol,1,0,1
ipratopium,1,0,1
conjugates7a,1,0,1
conjugates8a,1,0,1
lfps-proteinconjugate,1,0,1
diphenylphosphinomethanethiolborane,1,0,1
thioaceticacid,1,0,1
in-sulin-a,1,0,1
insulin-ab,1,0,1
insulin-ifn-y,1,0,1
leflunomide/,1,0,1
anti-hcvns5a,1,0,1
cr57,1,0,1
györgy,1,0,1
1935bis,1,0,1
nitsches,1,0,1
balneologen,1,0,1
siechtum,1,0,1
koraput,1,0,1
oficina,1,0,1
.zikvprme,1,0,1
isoretronecanol,1,0,1
weit,1,0,1
sill,1,0,1
seres,1,0,1
post-vancomycin,1,0,1
ser-287/vancomycin,1,0,1
vancomycin/ser-27,1,0,1
n-acetyltaurine,1,0,1
postvancomycin,1,0,1
vancomycin/weekly,1,0,1
life50,1,0,1
peroral,1,0,1
lipl45,1,0,1
ofˇ-glucuronidase,1,0,1
theˇglucuronidase,1,0,1
theˇ-glucuronidase,1,0,1
ndemethylarbidol,1,0,1
βoestradiol,1,0,1
jq1-penalidomide,1,0,1
testosteroneenanthate,1,0,1
1%penicillin-streptomycin,1,0,1
inhibitorsomeprazole,1,0,1
lansoprazolethe,1,0,1
.alachlor,1,0,1
chondroitin-sulphatt:-rich,1,0,1
amoxicillins,1,0,1
dimeglumine(gd-dtpa)enhanced,1,0,1
folefac,1,0,1
"1,2-dioxetanes",1,0,1
nuchalis,1,0,1
pyralis,1,0,1
apoprotein,1,0,1
coelenterazineperoxide,1,0,1
balanoglossus,1,0,1
rifu,1,0,1
luciferins,1,0,1
naphthyltosylamide,1,0,1
lophineperoxide,1,0,1
cibim,1,0,1
dehydrocoelenterazine,1,0,1
azidefluoro-coelenterazine,1,0,1
dioxetane,1,0,1
l.cruciata,1,0,1
3-nitrofluoranthene,1,0,1
etioluciferin,1,0,1
phenolphosphate,1,0,1
quercetin-7rhamnoside,1,0,1
chondrogenic,1,0,1
326labetalol,1,0,1
372vitamind,1,0,1
440atenolol,1,0,1
-lenalidomide,1,0,1
psb,1,0,1
investeu,1,0,1
haemoadsorbtion,1,0,1
manomycin,1,0,1
lowoxygen,1,0,1
degraff,1,0,1
spirapril-a,1,0,1
emotiv,1,0,1
iodosulfanilic,1,0,1
anadarkopetroleum,1,0,1
anadarko,1,0,1
aspirinaspirin,1,0,1
4abiraterone,1,0,1
micania,1,0,1
remdesivir/favipiravir,1,0,1
-fluorouracil,1,0,1
4renin,1,0,1
wright,1,0,1
"that:""in",1,0,1
mundo,1,0,1
pna-probes,1,0,1
phenol-chloroformisoamylalcohol,1,0,1
bind1/isopropanol,1,0,1
.halys,1,0,1
halyomorpha,1,0,1
najakaouthia,1,0,1
chrysopoeia,1,0,1
ceftriaxone-cefazolin,1,0,1
oxycodone-hydrocodone,1,0,1
carboxyhemoglobins,1,0,1
n-dipropyltryptamine,1,0,1
amanitamushrooms,1,0,1
acephate,1,0,1
quinidine/dextromethorphan,1,0,1
hookah,1,0,1
ibotenic,1,0,1
ibotenicacid/muscimol,1,0,1
ibotenicacid/muscimolmushroom,1,0,1
3-methoxy-phencyclidine,1,0,1
flubromazepam,1,0,1
ebv-bl,1,0,1
helin,1,0,1
teehnegas,1,0,1
lin-octreotide,1,0,1
llin-octreotide,1,0,1
acridones,1,0,1
prostigmine-morphine,1,0,1
prostigminemorphine,1,0,1
stent-shunt,1,0,1
doxo.rubicin,1,0,1
lliln-dtpa-octreotide,1,0,1
usin,1,0,1
ca-antagonist,1,0,1
[i-123]iomazenil,1,0,1
ll-ln-pentetreotide,1,0,1
manninq,1,0,1
thallium-199,1,0,1
osteocalein,1,0,1
1-pentetreotide,1,0,1
lpentetreotide,1,0,1
norepinephdne,1,0,1
c-llepinephrine,1,0,1
udne,1,0,1
paraosseal,1,0,1
strantium-89,1,0,1
[methyl-11c]tdr,1,0,1
[methyl-~c]thymine,1,0,1
6-fluorometaraminol,1,0,1
[c-11]metaraminol,1,0,1
2-bromopargyline,1,0,1
br-76-bromopargyline,1,0,1
dtpa-derivates,1,0,1
d-glucaminedithiocarbazate,1,0,1
sinale,1,0,1
thallium-2gl(ti,1,0,1
pradice,1,0,1
norepiaephrine,1,0,1
meloprolol,1,0,1
tc-99m-bromofenine,1,0,1
hlu,1,0,1
iodogene,1,0,1
nlln-pentetreotide,1,0,1
nlin-pentetreotide,1,0,1
nqn-pentetreotide,1,0,1
aeetazolamide,1,0,1
tumor-it,1,0,1
1111n-octreotide,1,0,1
iodomethyltyrosine,1,0,1
indium-lll-octreotide,1,0,1
in-lll-pentetreotide,1,0,1
satumomab,1,0,1
rhenium-186,1,0,1
strontium-89,1,0,1
ncae,1,0,1
o15-butanol,1,0,1
co-oxine,1,0,1
cu-oxine,1,0,1
ga-67-oxine,1,0,1
tnfec,1,0,1
cocciodiomycosis,1,0,1
kilin,1,0,1
demethylcephalotaxine,1,0,1
11-hydroxycephalotaxine,1,0,1
(r)-citramalicacid,1,0,1
homoharringtonamide,1,0,1
spirolactone,1,0,1
rac-proline,1,0,1
d-tartrate,1,0,1
benzazepines,1,0,1
hht(à)-,1,0,1
trimethoxybenzene,1,0,1
unitree,1,0,1
pace1,1,0,1
dnicalin,1,0,1
gabcíkovo-nagymaros,1,0,1
antiinflam,1,0,1
teroid,1,0,1
costeroid,1,0,1
fv52,1,0,1
vitaminasupplemen,1,0,1
turkeyoliveoil,1,0,1
olivephenolic,1,0,1
pentylamine,1,0,1
a3.11,1,0,1
vanadyl-quercetin,1,0,1
vanadyl-chrysin,1,0,1
anti-hyaluronidasic,1,0,1
"nn-4-006/02,nn-1-060/03",1,0,1
rhdl-associated,1,0,1
se-1,1,0,1
botin,1,0,1
glycogenin-1,1,0,1
brevea28,1,0,1
ciberobn,1,0,1
acth(15,1,0,1
thiazin,1,0,1
homocysteine(hcy,1,0,1
diox1,1,0,1
net1,1,0,1
chemotheraphy,1,0,1
hog1,1,0,1
intact,1,0,1
b3.12,1,0,1
substrate-inhibitor,1,0,1
tetrazolenium,1,0,1
autoinhibitor,1,0,1
frac,1,0,1
actinoporins,1,0,1
metalothioneins,1,0,1
ashbya,1,0,1
tartaricus,1,0,1
rsp5,1,0,1
paraldehydefuchsin,1,0,1
mitokatp,1,0,1
grantagl2008,1,0,1
cytidinediphosphate,1,0,1
apvvlpp-0291-,1,0,1
lacto-ferrin,1,0,1
ftsh2,1,0,1
ciche,1,0,1
e2.15,1,0,1
e2.17,1,0,1
e2.21,1,0,1
aza-b,1,0,1
e2.33,1,0,1
stm,1,0,1
his/met,1,0,1
nemoz,1,0,1
hd-a,1,0,1
1-aminoanthraquinone,1,0,1
as01adjuvanted,1,0,1
largactil,1,0,1
desol,1,0,1
isoprinosine/kg,1,0,1
oficiais,1,0,1
ordenada,1,0,1
mosquiteiras,1,0,1
maioria,1,0,1
começamos,1,0,1
relato,1,0,1
incentivamos,1,0,1
água,1,0,1
quarentena,1,0,1
pegar,1,0,1
taperin,1,0,1
alpha-tectorin,1,0,1
bismuth-which,1,0,1
ranitidine-bi(cit,1,0,1
＞75,1,0,1
mussa,1,0,1
cavoli,1,0,1
p-ca,1,0,1
penicillin/β-lactamase-inhibitor,1,0,1
ardi,1,0,1
cephalosporin-(3gc,1,0,1
thiosulfate-citrate-bile,1,0,1
-sulfamethoxazole,1,0,1
trimetroprim/sulfamethoxazol,1,0,1
amoxicillin-cloxacillin,1,0,1
chlorohexadin,1,0,1
sulbactam/day,1,0,1
trabocchi,1,0,1
bis-hcl,1,0,1
thatae,1,0,1
fajr,1,0,1
kortiko-steroide,1,0,1
gleet,1,0,1
task1,1,0,1
ombin,1,0,1
u2-antiplasmin,1,0,1
hepzyme,1,0,1
vidine,1,0,1
fibcinogen,1,0,1
haparin,1,0,1
3hheparin,1,0,1
131iodine,1,0,1
flhrinogen,1,0,1
au-fihrinogen,1,0,1
ginecologica,1,0,1
peg-rmhirudin,1,0,1
glusa,1,0,1
himdin,1,0,1
neparin,1,0,1
lmw-heparius,1,0,1
lmw.heparins,1,0,1
lmw-hcparin,1,0,1
lmw-haparin,1,0,1
enoxa,1,0,1
ristoeetin,1,0,1
edta-indomethacin,1,0,1
thrambin,1,0,1
aspirin-therapy,1,0,1
medicai,1,0,1
3amidinophenylalanine,1,0,1
iatelet-drokinase,1,0,1
heaprin,1,0,1
chaotropes,1,0,1
berinin,1,0,1
hemophil,1,0,1
vitamink1coljecten,1,0,1
-'tin,1,0,1
ofheparin,1,0,1
urombin,1,0,1
barbui,1,0,1
bisignani,1,0,1
montego,1,0,1
1914ii.22,1,0,1
α1-antirypsin,1,0,1
pilo,1,0,1
neurogenin-3,1,0,1
everolimus+low,1,0,1
esod,1,0,1
tmp-sulfamethoxazole,1,0,1
cyclosporine+mtor,1,0,1
ertacrolimus,1,0,1
mycophenolateacid,1,0,1
trimetoprim-sulphametoksazol,1,0,1
l-g,1,0,1
hipertensão,1,0,1
thymo-mps,1,0,1
everolimus-since,1,0,1
re-ureteroneocystostomy,1,0,1
tac/mpa/prednisone,1,0,1
mg/tacrolimus,1,0,1
cys-c,1,0,1
steroid/ciclosporin/azathioprine,1,0,1
edat,1,0,1
reem,1,0,1
rhc1inh,1,0,1
jorine,1,0,1
adenosine/lidocaine,1,0,1
smorodintsev,1,0,1
chloroquine-bridged,1,0,1
vitamins/antioxidants,1,0,1
judas,1,0,1
n22,1,0,1
cyhv-3,1,0,1
roselius,1,0,1
schistosomen,1,0,1
schlangenbisse,1,0,1
trachom,1,0,1
christus,1,0,1
zufl,1,0,1
abietinus,1,0,1
oram,1,0,1
wolpert,1,0,1
mg-ritonavir,1,0,1
agioutantis,1,0,1
nucleophilic,1,0,1
anti-zinc,1,0,1
sbutanal,1,0,1
diiodosrilicylate,1,0,1
antihemagglutinin,1,0,1
urea-cyanide,1,0,1
virtil,1,0,1
ncuraminidase,1,0,1
heparin-mncl,1,0,1
sdenovirsl,1,0,1
iodoacctamide,1,0,1
/-macrolide,1,0,1
mayarsaid,1,0,1
lactobacillussaerimneri30a,1,0,1
surfactant/budesonide,1,0,1
strammonium,1,0,1
anti-cholinergic,1,0,1
albuterol.(8,1,0,1
frijam,1,0,1
cag/,1,0,1
bittium,1,0,1
nikulin,1,0,1
blackwell,1,0,1
(−)-aristeromycin,1,0,1
avitaminose,1,0,1
amantadin/24,1,0,1
erente,1,0,1
tiapridex,1,0,1
~silver,1,0,1
andras,1,0,1
bya,1,0,1
orthoquinanti-hsv-1,1,0,1
impf,1,0,1
gram-prä,1,0,1
nustoxin,1,0,1
diph,1,0,1
film-maker,1,0,1
piastrinica,1,0,1
bilancio,1,0,1
l'artemether-lumefantrina,1,0,1
βtrypsin,1,0,1
cranberryproanthocyanidin,1,0,1
edta-tris,1,0,1
juliusz,1,0,1
e98,1,0,1
e99,1,0,1
(ifn)-cy,1,0,1
kwabena,1,0,1
heparinlithium,1,0,1
odenet,1,0,1
adrenaline/,1,0,1
ace2conjugated,1,0,1
adansacr,1,0,1
usp21-diubiquitin,1,0,1
saf-1,1,0,1
quillajatriterpenoids,1,0,1
azetaminophen,1,0,1
kodein,1,0,1
koagulase,1,0,1
oxyuren,1,0,1
trichuriose,1,0,1
photoplethysmography,1,0,1
chloroquine.13,1,0,1
cuminaldehydecinnamaldehyde,1,0,1
dexametha-sone,1,0,1
second-generation,1,0,1
f&s,1,0,1
antibiotics-demethylchlortetracycline,1,0,1
multivitamin/vitamind,1,0,1
dolor,1,0,1
herb/nutr,1,0,1
misoprostol/ibuprofen,1,0,1
holo,1,0,1
actaminophen,1,0,1
clavulinicacid,1,0,1
trimethoprim-sulfamethoxizole,1,0,1
kolpak,1,0,1
methlyenedioxymetamphetamine,1,0,1
kr20:0.81,1,0,1
lokivetmab,1,0,1
colol,1,0,1
munoglobulin,1,0,1
kjeld,1,0,1
averil,1,0,1
lamivudine/tenofovir/nevirapine,1,0,1
halton,1,0,1
lopanovir/ritanovir,1,0,1
hcq+azt+,1,0,1
lopanovir/ritonavir,1,0,1
emicitrabine/tenofovir,1,0,1
cansino,1,0,1
sustentabilidadenergtica,1,0,1
service,1,0,1
endace,1,0,1
siglec-8-comp,1,0,1
seguiramse,1,0,1
coxim,1,0,1
diaminopyridin,1,0,1
diolen,1,0,1
ache-inhibitor,1,0,1
4-aminomethylbenzamidin,1,0,1
measles-this,1,0,1
malaria-malaria,1,0,1
nazomer,1,0,1
alders,1,0,1
jacquillat,1,0,1
schiphol,1,0,1
telenor,1,0,1
5sulfonamide,1,0,1
arbidol7,1,0,1
5-sulfonamide,1,0,1
z-rlrgg-amc,1,0,1
.phenobarbital,1,0,1
posaconazole).antifungal,1,0,1
hormoneangiotensinii,1,0,1
triazole-3carboxamide,1,0,1
hasselt,1,0,1
thiazolylsulphonamide,1,0,1
judicial,1,0,1
methylaluminoxan,1,0,1
ranitidinbismutcitrat,1,0,1
tsagaan,1,0,1
biflavonoidsamentoflavone,1,0,1
cordonin,1,0,1
nanosurf,1,0,1
me-camp-am,1,0,1
dophin,1,0,1
subcubesums,1,0,1
elcertificado,1,0,1
recomendaba,1,0,1
vrel,1,0,1
stvilia,1,0,1
at10-,1,0,1
at10,1,0,1
acramin,1,0,1
procarcinogens,1,0,1
blackfat,1,0,1
β-adrenergicic,1,0,1
141a,1,0,1
ifn/βlopinavir/ritonavir,1,0,1
"14-deoxy-11,12dehydroandrographolide",1,0,1
toremifene-mefloquine-posaconazole,1,0,1
toremifeneclarithromycin-posaconazole,1,0,1
zofeen,1,0,1
peptidosulfonamide,1,0,1
dipeptidosulfonamide,1,0,1
reo•(gluconate)2,1,0,1
peptidechitosan,1,0,1
paulinajuszczyk,1,0,1
heinis,1,0,1
alvinhoerlein,1,0,1
branin,1,0,1
3-aminophenol,1,0,1
asa-da,1,0,1
cetor,1,0,1
midazolam/fentanyl/pancuronium,1,0,1
pulsiofl,1,0,1
hemochron,1,0,1
α-methyltryptamine,1,0,1
magnesium-induced,1,0,1
kellum,1,0,1
hypotestosteronemia,1,0,1
extremadura,1,0,1
kaempferol3-o-(3,1,0,1
a.secundiflora,1,0,1
pri-mir-449a,1,0,1
mir-34/,1,0,1
pelosi,1,0,1
zxb,1,0,1
e290r,1,0,1
mammography,1,0,1
behcet,1,0,1
tablet,1,0,1
a-10109:21,1,0,1
a-10609:29,1,0,1
dce-us,1,0,1
mednikova,1,0,1
a-14214:35,1,0,1
s.leschka,1,0,1
cyclosporine/tacrolimus,1,0,1
a-21408:58,1,0,1
koelis,1,0,1
e.hichina,1,0,1
coshareholder,1,0,1
vardas,1,0,1
euroheart,1,0,1
jürgen,1,0,1
a-401,1,0,1
krestin,1,0,1
zr-trastuzumab,1,0,1
c-docetaxel,1,0,1
in-dtpa-octreotide,1,0,1
a-430,1,0,1
loewe,1,0,1
karampinos,1,0,1
ganci-clovir,1,0,1
moxian,1,0,1
spera,1,0,1
4methulumbeliferone,1,0,1
ampelopsinglucoside,1,0,1
soap/alcohol,1,0,1
daas-daclatasvir,1,0,1
sofosbuvir-to,1,0,1
peg-ifnα2b,1,0,1
n-octyl-β-glucoside,1,0,1
acyclovir/valganciclovir/ganciclovir,1,0,1
oseltamivir:(i,1,0,1
mk0483,1,0,1
γ-aminobutyramides,1,0,1
harrabin,1,0,1
glucamide,1,0,1
mariacristina,1,0,1
giuseppe,1,0,1
salt-calcium,1,0,1
triptansserotonin,1,0,1
hellinger,1,0,1
penicillinàstreptomycin,1,0,1
coluccello,1,0,1
uspirilene,1,0,1
tcff,1,0,1
valganciclvoir,1,0,1
purpureaherb,1,0,1
acupunctureacupuncture,1,0,1
sal-butamol1theophylline1bromhexine,1,0,1
metforminhydrochloride,1,0,1
rbc/deferoxamine,1,0,1
midazolam/ketamine,1,0,1
ureteropyelography,1,0,1
dogs).vitamin,1,0,1
g-cs-hp,1,0,1
pioglitazonehydrochloride,1,0,1
"cg-171,4",1,0,1
"cg-44,6",1,0,1
cbcoruche14,1,0,1
ntil,1,0,1
amoxicillin-clavulanacid,1,0,1
tholoth,1,0,1
cans'leadership,1,0,1
kastrin,1,0,1
milojevic,1,0,1
ferrostatins,1,0,1
intercalator-or,1,0,1
filipa,1,0,1
ensino,1,0,1
tetracycline.5,1,0,1
copis,1,0,1
coptiscoptis,1,0,1
vaxchoraô,1,0,1
rimegepant,1,0,1
piezo1,1,0,1
watersoluble,1,0,1
hirschman,1,0,1
canine,1,0,1
rigveda,1,0,1
australe,1,0,1
tested-paromomycin,1,0,1
grigas,1,0,1
belorussian,1,0,1
latvijas,1,0,1
itera,1,0,1
ruskiy,1,0,1
russkiy,1,0,1
age-bsa,1,0,1
metilprednisolona,1,0,1
amepvorf060/msepv,1,0,1
tizol,1,0,1
tnp,1,0,1
ricefish,1,0,1
beta-d,1,0,1
ifnα2,1,0,1
dpr-bert,1,0,1
densovirus,1,0,1
profumo,1,0,1
bistrol,1,0,1
ulmer,1,0,1
amphoterics,1,0,1
drug-sex,1,0,1
rbn,1,0,1
albu,1,0,1
dopamine/epinephrine,1,0,1
norepinephrine(more,1,0,1
"β-1,3-d-glucanencapsulated",1,0,1
axa,1,0,1
delacour,1,0,1
vallentin,1,0,1
octosetaceus,1,0,1
oxyur,1,0,1
biziurulobata,1,0,1
comb,1,0,1
vnect,1,0,1
philanthropist,1,0,1
anarina,1,0,1
delito,1,0,1
.fentanyl,1,0,1
ploquin,1,0,1
stibrant,1,0,1
stinum,1,0,1
ouroquinolone,1,0,1
pneumococcalpolysaccharidevaccine-23,1,0,1
fira,1,0,1
a-keratin,1,0,1
digallic,1,0,1
bkaempferol,1,0,1
curioso,1,0,1
lamia,1,0,1
iconico,1,0,1
cardiocalipers,1,0,1
alasan,1,0,1
47melatonin,1,0,1
maplecb-dl,1,0,1
ro-90,1,0,1
ozols,1,0,1
cholg,1,0,1
bingo,1,0,1
mosesoladeleogunniran,1,0,1
buben,1,0,1
nanocristalline,1,0,1
trimethoprime/sulfmethoxazol,1,0,1
morphintherapie,1,0,1
vertebralindexbetrug,1,0,1
5-jahres-überlebensrate,1,0,1
von01/92bis,1,0,1
toosi,1,0,1
opioid-agonist,1,0,1
ϫ63,1,0,1
pifithrin-,1,0,1
quincenales,1,0,1
neonicotinoid,1,0,1
avirpharma,1,0,1
seyede,1,0,1
sirafan,1,0,1
macam,1,0,1
el-e2,1,0,1
eoxins,1,0,1
anti-herpesvirusalkaloids,1,0,1
biotin-saturated,1,0,1
phenolchlo,1,0,1
fibrinolysis,1,0,1
si-nc,1,0,1
hiv-1gp160,1,0,1
freseniusstiftung,1,0,1
nni,1,0,1
2'-deoxy-2'-fluorocytidine,1,0,1
2'-deoxy-2'-fluorocytidine-tp,1,0,1
ece,1,0,1
hanan,1,0,1
anti-fake,1,0,1
beclomethasone.los,1,0,1
~hlorpheniramine.9~,1,0,1
azelastinea,1,0,1
lpratropium,1,0,1
terfenadine8,1,0,1
terfenadinep,1,0,1
griseo,1,0,1
fulvin,1,0,1
4chloro-1-napthol,1,0,1
lee,1,0,1
surfactantsubstitution,1,0,1
surfactantpräparaten,1,0,1
tetronix,1,0,1
cyrostat,1,0,1
chlortetracycline-hcl,1,0,1
artesunate/dihydroartemisinin,1,0,1
hydroxydopamine,1,0,1
bortebomib,1,0,1
nilutamid,1,0,1
imn,1,0,1
tnf-blocker,1,0,1
ev.19,1,0,1
chloroquindosis,1,0,1
tocilizumabbehandelt,1,0,1
ra-20,1,0,1
tnfα-inhibitor,1,0,1
sp.23,1,0,1
apr20,1,0,1
β-lactoglobin,1,0,1
cypis-crv431,1,0,1
nerys,1,0,1
.withaferin,1,0,1
dioscoreaceae,1,0,1
.chantriolide,1,0,1
niclolet,1,0,1
mineralogist,1,0,1
anti-euro,1,0,1
empirin,1,0,1
ectonucleotide,1,0,1
dolichovespula,1,0,1
turripeptide,1,0,1
zikakb,1,0,1
radixglycyrrhizae)anti-hepatitis,1,0,1
70a,1,0,1
72a,1,0,1
lanthanides,1,0,1
atp-metal,1,0,1
sulfateanion,1,0,1
rajender,1,0,1
lauri,1,0,1
pegintron/ribavirin,1,0,1
vp10,1,0,1
lalonde,1,0,1
allopurinoleven,1,0,1
-methotrexate,1,0,1
-hydroxycholetserol,1,0,1
like¯uconazole,1,0,1
"centres,¯uconazole",1,0,1
shown¯uconazole,1,0,1
both¯uconazole,1,0,1
between¯uconazole,1,0,1
notably¯uconazole,1,0,1
of¯ucytosine,1,0,1
foscarnet.)if,1,0,1
letrazuril,1,0,1
trimethoprim±,1,0,1
hotan,1,0,1
indigowoad,1,0,1
tanh,1,0,1
eupelmidencyrtid,1,0,1
coccobius,1,0,1
eupelmidae,1,0,1
atotus,1,0,1
azotine,1,0,1
epiproct,1,0,1
thysunus,1,0,1
setaem2,1,0,1
dactylopii,1,0,1
s.longiclava,1,0,1
borinquensis,1,0,1
unifasciata,1,0,1
balazs,1,0,1
sovalaccwho,1,0,1
vasopressiva,1,0,1
kardiale,1,0,1
β-adrenergen,1,0,1
fumonisinb-1,1,0,1
kaletrav,1,0,1
zinc000068583835,1,0,1
baloxivirmarboxil,1,0,1
bis(sulfosuccinimidyl,1,0,1
sanyinzhiyi,1,0,1
al-atabi,1,0,1
amoxicilina,1,0,1
amoxicilina-clavulánico,1,0,1
muguet,1,0,1
1-microglobulin,1,0,1
ximethe,1,0,1
mrmr,1,0,1
music,1,0,1
hydrox-ocobalamin,1,0,1
kolbel,1,0,1
kretinin,1,0,1
alpha-covi0003i0004fpl0005f0006l0007avt0008,1,0,1
atv0011,1,0,1
fl0012vta0013,1,0,1
st0014gsc0015e0016l0017y0018h0019y0020q0021e0022c0023iv0024kr0025g0026,1,0,1
d0051,1,0,1
f0065a0066c0067pa0068d0069g0070vt0071,1,0,1
r0078,1,0,1
a0079,1,0,1
panentheism,1,0,1
iboga,1,0,1
lbogaine,1,0,1
ibogainecocaine,1,0,1
uspcds,1,0,1
apo-usp7,1,0,1
firam,1,0,1
disulfiram-alcohol,1,0,1
probine,1,0,1
eufirm,1,0,1
miracu-,1,0,1
sigrid,1,0,1
pilosellus,1,0,1
hammondin,1,0,1
biastocystis,1,0,1
curitzii,1,0,1
ayatollah,1,0,1
krefi,1,0,1
cq/pq,1,0,1
kasuistische,1,0,1
naftalin,1,0,1
-penciclovir,1,0,1
tfttrifluridine,1,0,1
gsh-cleavable,1,0,1
antihrp,1,0,1
aminophenyl-glycosides,1,0,1
aminophenylglycosides,1,0,1
tribolodon,1,0,1
3-o-sulfafedgal,1,0,1
unacetylated,1,0,1
leetins,1,0,1
25d,1,0,1
o:-galactoside,1,0,1
endoglycoceramidase,1,0,1
solonacearum,1,0,1
o;-arbutin,1,0,1
catechinglucosides,1,0,1
aco,1,0,1
saposins,1,0,1
fl-hexosaminidase,1,0,1
disulfated,1,0,1
fl-n-acetylhexosaminidase,1,0,1
o:-n-acetylgalactosaminidase,1,0,1
d-galnac,1,0,1
dermatansulfate,1,0,1
0:-trypsin,1,0,1
reduced-alkylated,1,0,1
mg2,1,0,1
egg-pc,1,0,1
resorcinol-reagent,1,0,1
endosialidase,1,0,1
dna-alginic,1,0,1
/~-mercaptoethanol,1,0,1
2'-fucosyllactose,1,0,1
glecer,1,0,1
gangliosidegm3,1,0,1
l-mannose,1,0,1
selcon3,1,0,1
bta-188,1,0,1
4-methylthiazole,1,0,1
s-nitrosocaptopril,1,0,1
benzamides,1,0,1
"ssc-mir-30d_r-1,ssc-mir-27b",1,0,1
sedativaoder,1,0,1
beatmungsmodus,1,0,1
beatmungsgeräte,1,0,1
anwendungsgebiete,1,0,1
thatdelhi,1,0,1
jcva,1,0,1
pp-xylene,1,0,1
oxylene,1,0,1
calciumacrylate,1,0,1
tint1,1,0,1
saheem,1,0,1
aureliusz,1,0,1
kolonko,1,0,1
dermatofitos,1,0,1
506-amino-acid,1,0,1
sair,1,0,1
erlinda,1,0,1
almonds,1,0,1
neurocisticercosis,1,0,1
silvicola,1,0,1
fagaceae,1,0,1
marzol,1,0,1
rio2,1,0,1
rps14,1,0,1
bin-2,1,0,1
vanzan,1,0,1
pf4:heparin,1,0,1
meta-regime,1,0,1
ellen,1,0,1
resposta,1,0,1
momentos,1,0,1
perspectiva,1,0,1
conduta,1,0,1
instituições,1,0,1
sigilo,1,0,1
methyl-cavicol,1,0,1
menthaepiperitae,1,0,1
ecinnamaldehyde,1,0,1
(à)-menthol,1,0,1
ocimummicranthumeo,1,0,1
nigellasativaeo,1,0,1
bclg,1,0,1
mir-593,1,0,1
mir-326/mir-532,1,0,1
baydogan,1,0,1
ppg-dalia,1,0,1
m-urea,1,0,1
qt-drug,1,0,1
u-glutamine,1,0,1
glutamine-na,1,0,1
vb05/ot07,1,0,1
-ketoamide,1,0,1
constanze,1,0,1
bisleri,1,0,1
probetarget,1,0,1
dastoli,1,0,1
chaetocine,1,0,1
cber,1,0,1
amphol,1,0,1
tsellolignorin,1,0,1
gramicidin-c.it,1,0,1
icdd,1,0,1
novoselovin,1,0,1
priscila,1,0,1
coliflor,1,0,1
ggluiinin,1,0,1
inspirator,1,0,1
/3-adrenergic,1,0,1
adame,1,0,1
serrin,1,0,1
lamaneradeteletrabajar,1,0,1
rem-ct,1,0,1
panfoli,1,0,1
hydroxychloroquine-history,1,0,1
harata,1,0,1
cartilage,1,0,1
chondroitin-sulphate-rich,1,0,1
gluc-chymotrypsin,1,0,1
mercaptopurina,1,0,1
azatioprina,1,0,1
schwartz,1,0,1
4-chloro-5-fluoro,1,0,1
4-chloro-5-iodo,1,0,1
ansm98vaccine-like,1,0,1
prevotellaintermedia,1,0,1
2.6.4erythromycin,1,0,1
.telbivudine,1,0,1
nitrofural,1,0,1
c.ribavirin,1,0,1
sofosbuvira,1,0,1
staduvine-lamivudine,1,0,1
nnrt,1,0,1
gingelmaier,1,0,1
po).tetracycline,1,0,1
oncostatin-m,1,0,1
reddito,1,0,1
ucona,1,0,1
trimethoprin-sulfamethoxazol,1,0,1
endobotin,1,0,1
oberlebensraten,1,0,1
resistente,1,0,1
zauzem,1,0,1
euglycyrrhiza,1,0,1
pseudoglycyrrhiza,1,0,1
g.glabralinn,1,0,1
radixglycyrrhiza,1,0,1
glycyram,1,0,1
liquiriton,1,0,1
potassium-calcium,1,0,1
pentasulfate,1,0,1
selachii,1,0,1
fgf13,1,0,1
mir138,1,0,1
fam3b,1,0,1
mir15a,1,0,1
mir148a,1,0,1
vaspactin,1,0,1
calpain-2,1,0,1
α1-syntrophin,1,0,1
acetylcoa,1,0,1
mir30a-3p,1,0,1
"mir126-3p,",1,0,1
mir126-5p,1,0,1
micrornas,1,0,1
lactadherin,1,0,1
mk-3102,1,0,1
.phenobarbitone,1,0,1
t.stijnen,1,0,1
ipdma,1,0,1
mono-estrogen,1,0,1
procarbazine-use,1,0,1
enterolignans,1,0,1
heavy-metals,1,0,1
acarotene,1,0,1
f&v,1,0,1
achterhoek,1,0,1
gecko,1,0,1
tribromomethane,1,0,1
sixth,1,0,1
psychotic,1,0,1
viana,1,0,1
oestrogendiethylstilboestrol,1,0,1
aquilino,1,0,1
sulfobutylether-β-cyclodextrin,1,0,1
vm-03,1,0,1
rifnet,1,0,1
botscan,1,0,1
oh-risperidone,1,0,1
o-desmethylvenlafaxine,1,0,1
grys,1,0,1
interferonamantadine,1,0,1
asip,1,0,1
fat2,1,0,1
tc-perthecnetate,1,0,1
azocarmine,1,0,1
3-carboxymuconate,1,0,1
wcn,1,0,1
oulline,1,0,1
microcircle,1,0,1
furosemide(=,1,0,1
diuretlc,1,0,1
furosemlde,1,0,1
lurosemide,1,0,1
pharmaeokineties,1,0,1
fjeld,1,0,1
slgnilicant,1,0,1
leh,1,0,1
nilinol,1,0,1
3d-pclechnique,1,0,1
celtriaxone,1,0,1
videolluoroscopy,1,0,1
lopamldol,1,0,1
bmd,1,0,1
hologle,1,0,1
hydro-cl,1,0,1
insuranee,1,0,1
hepalic,1,0,1
apredietor,1,0,1
icur,1,0,1
lliae,1,0,1
iliae,1,0,1
eroleev,1,0,1
irfple-dosegadodlamlde,1,0,1
celestan,1,0,1
cyslic,1,0,1
gadobenatedimeglumine-enhaneed,1,0,1
exceminedbelween7/95,1,0,1
collimalion,1,0,1
vollkost,1,0,1
resine,1,0,1
etetimib,1,0,1
eisenarme,1,0,1
tarek,1,0,1
kg,1,0,1
2thiouridine,1,0,1
peg-inf-α-2b,1,0,1
130/2015,1,0,1
zelig,1,0,1
numcinia,1,0,1
hudpkng19,1,0,1
bay-85,1,0,1
onalespib,1,0,1
.genipin,1,0,1
weß,1,0,1
groß,1,0,1
oberin,1,0,1
analecta,1,0,1
grebe,1,0,1
chondrodysplasia,1,0,1
1944,1,0,1
bastards,1,0,1
japan-led,1,0,1
hans-peter,1,0,1
mendelism,1,0,1
miklós,1,0,1
emilabderhalden,1,0,1
rudder,1,0,1
huáng,1,0,1
c.chinensis,1,0,1
xīngcǎo)houttuyniacordata,1,0,1
ficollsodium,1,0,1
silverhawk,1,0,1
liapis,1,0,1
oxaloplatin,1,0,1
uae,1,0,1
rasuli,1,0,1
biliojejunostomy,1,0,1
deb,1,0,1
aceinhibitor,1,0,1
gyns,1,0,1
iahc,1,0,1
5fu-leucovorin,1,0,1
evar,1,0,1
aviteneflour,1,0,1
doxycyclene,1,0,1
i-oxilan,1,0,1
usat,1,0,1
ethanol&,1,0,1
discogel®,1,0,1
iodine-brtv,1,0,1
boronat,1,0,1
vesselplasty,1,0,1
fp/oxaliplatin,1,0,1
p-37,1,0,1
gothia,1,0,1
rhifu,1,0,1
nastran,1,0,1
curin,1,0,1
borofl,1,0,1
lysopa,1,0,1
tris/glycine,1,0,1
trypsin-223,1,0,1
hcvp7viroporin,1,0,1
vilanterol,1,0,1
abpa.omalizumab,1,0,1
e120,1,0,1
elos,1,0,1
polymyxinb/colistin,1,0,1
cb-38,1,0,1
chloramphenicol/ciprofloxacin,1,0,1
kladruber,1,0,1
deltorphine,1,0,1
opio€,1,0,1
lactob,1,0,1
otx,1,0,1
proin,1,0,1
chloroquine/hydroxychloroquine/azithromycin,1,0,1
ritonavir/indinavir,1,0,1
risperidone+ritonavir,1,0,1
ritonavir+aripiprazole,1,0,1
ritonavir+risperidone,1,0,1
penaz,1,0,1
thiolactones,1,0,1
cytochalasin-d.,1,0,1
.fenoterol,1,0,1
linc,1,0,1
1b1,1,0,1
dnajc11,1,0,1
--brigatinib,1,0,1
proompa,1,0,1
panos,1,0,1
bogac,1,0,1
esquizofrenia,1,0,1
h]mepyramine,1,0,1
nα-methylhistamine,1,0,1
αmethylhistamine,1,0,1
trimethoprim-sulfamethoxozole,1,0,1
ultroserg,1,0,1
rapanotti,1,0,1
cyclophasphamid,1,0,1
idarubicine/dexamethasone,1,0,1
hydroxyethhil-starch,1,0,1
aml-17,1,0,1
lenogastrim,1,0,1
ecodobutamine,1,0,1
methylprednisolon/day,1,0,1
dli+imatinib,1,0,1
vincristine/adriamycin/dexamethason,1,0,1
bedamustine/prednisone,1,0,1
thrimetoprim-sulfamethoxazole,1,0,1
melphalan/thiotepa,1,0,1
atg-dosage,1,0,1
anti-cd95,1,0,1
gy/fludarabin,1,0,1
uvadex,1,0,1
r-hds,1,0,1
volin,1,0,1
fludarabine/cyclofosphamide-based,1,0,1
-itraconazole,1,0,1
piperacillin/tazobactim,1,0,1
/-foscarnet,1,0,1
nistatin/fluconazole,1,0,1
b-amphotericin,1,0,1
cyclophosphamide(cy)in,1,0,1
bondronat,1,0,1
dobutamine<10,1,0,1
drobeta,1,0,1
naphtylamine,1,0,1
benzofluoranthene,1,0,1
acetretin,1,0,1
acetretin/apremilast,1,0,1
cyclosporin/methotrexate,1,0,1
gegevensverzameling,1,0,1
pro-52,1,0,1
methyoxyflurane,1,0,1
piperacillin/gentamicin/vancomycin,1,0,1
vela,1,0,1
vigelius,1,0,1
289nocodazole,1,0,1
35smethionine-cysteine,1,0,1
35s-methionine-cysteine,1,0,1
ofmethotrexate,1,0,1
profolol,1,0,1
azarae,1,0,1
"1,2dichloroethane",1,0,1
skaric,1,0,1
opuntia,1,0,1
bebbia,1,0,1
acarithrate,1,0,1
aopi,1,0,1
ravald,1,0,1
luminis,1,0,1
porfiri,1,0,1
neu5acα2,1,0,1
(s)-thalidomide,1,0,1
sildenafil-therapie,1,0,1
ipratroprium,1,0,1
levetiracetame,1,0,1
phenobarbiturate,1,0,1
dosisgeimpften,1,0,1
hypno-u,1,0,1
tiaprid-pharmakotherapie,1,0,1
tether,1,0,1
sabinpoliovaccines,1,0,1
"mt,rp",1,0,1
cf+d,1,0,1
debromoeudistomin,1,0,1
deluze,1,0,1
methylprednisolone(20,1,0,1
teguia,1,0,1
butyrateester,1,0,1
erythranes,1,0,1
erythrodiene,1,0,1
asperdiol,1,0,1
isopalominol,1,0,1
eupalmerone,1,0,1
14-deoxycrassin,1,0,1
e.succinea,1,0,1
cyphoma,1,0,1
ovulid,1,0,1
crassinacetate,1,0,1
houttuyn,1,0,1
acerosa,1,0,1
acerosterol,1,0,1
p.acerosa,1,0,1
pseudopterogorgia,1,0,1
bipinnata,1,0,1
ancepsenolide,1,0,1
5methylcytosine,1,0,1
stearateinduced,1,0,1
artemisinin-loaded,1,0,1
tem.artemisinin,1,0,1
ermanii,1,0,1
qinghai-tibet,1,0,1
n-octyl-β-dglucopyranoside,1,0,1
shuanghuanglianfenzhen,1,0,1
cholorogenicacid,1,0,1
atrap,1,0,1
mangus,1,0,1
luorescein,1,0,1
baritinicib,1,0,1
noa,1,0,1
biomodulin,1,0,1
amiram,1,0,1
psyclit,1,0,1
amx-clv,1,0,1
ikaros,1,0,1
b-tocopherol,1,0,1
sima,1,0,1
asp-1,1,0,1
paracetamol/ibuprofen/aspirin,1,0,1
toibot,1,0,1
europium-tetracycline,1,0,1
ortho-nitrophenol,1,0,1
accc,1,0,1
-blockchain,1,0,1
39ondansetron,1,0,1
calcium/albumin,1,0,1
f.bengalensis,1,0,1
lta,1,0,1
somatisches,1,0,1
trizyklische,1,0,1
neuroleptika/antipsychotika,1,0,1
antidepressivadosis,1,0,1
psychodynamisch-tiefenpsychologische,1,0,1
antidepressivamonotherapie,1,0,1
israelitaalbert,1,0,1
mooney,1,0,1
cipro-floxacin,1,0,1
liliaceaepolygonatum,1,0,1
fischerei,1,0,1
eransegal,1,0,1
gondola,1,0,1
teledyne-e2v,1,0,1
cherenkov,1,0,1
avones,1,0,1
gc376sodium,1,0,1
busi,1,0,1
alanine-nitroanilide,1,0,1
l-alanine-4nitroanilide,1,0,1
l-ala-,1,0,1
mir-503-3p,1,0,1
kn95,1,0,1
cefditorén,1,0,1
spasmolotytic,1,0,1
expirium,1,0,1
propranolol-steroid,1,0,1
renaldwi,1,0,1
mineraloils,1,0,1
mantoux/igra,1,0,1
transcatheter,1,0,1
moidl,1,0,1
dideco,1,0,1
symetis,1,0,1
shamiyeh,1,0,1
sptapp,1,0,1
serum-calcium,1,0,1
thoraxchirurgie,1,0,1
bisdato,1,0,1
enia,1,0,1
isop.,1,0,1
bmi.it,1,0,1
amax,1,0,1
grodin,1,0,1
autonomy,1,0,1
at-222,1,0,1
at-581,1,0,1
c-nitrocaphane,1,0,1
bimolane,1,0,1
probimane,1,0,1
angiogensis,1,0,1
antitumor,1,0,1
bromoatom,1,0,1
d+azathioprine,1,0,1
ceftaz,1,0,1
ahrq,1,0,1
hrsa,1,0,1
c-carotene,1,0,1
c-carotened-carotene,1,0,1
cz.it,1,0,1
chakri,1,0,1
virgatus,1,0,1
admiraal,1,0,1
5-methylhydroxycytosine,1,0,1
6methyladenine,1,0,1
aprocapsid,1,0,1
penicillin/streptomycin/neomycin,1,0,1
calophyllin,1,0,1
12-acetoxycalanolide,1,0,1
panciflorum,1,0,1
heparinasódica,1,0,1
thatw,1,0,1
3:hydroxychloroquine-azithromycin,1,0,1
ukamaka,1,0,1
hypochloritesoaked,1,0,1
erfan,1,0,1
hiv-520,1,0,1
.hexachlorophene,1,0,1
d).it,1,0,1
corticosteron,1,0,1
xanthines,1,0,1
[3h]ethanolamine,1,0,1
swainsonin,1,0,1
[3h]palmiticacid,1,0,1
ceruleinin,1,0,1
prolein,1,0,1
-1941,1,0,1
marley,1,0,1
vaporesso,1,0,1
radiospirometrie,1,0,1
kaolinlunge,1,0,1
isodalt,1,0,1
pokken,1,0,1
cirrhushd-oct(,1,0,1
"xylometazolin-0,1%haltigem",1,0,1
australia,1,0,1
rmar,1,0,1
-benzodiazepine,1,0,1
"8,8'-bieckol",1,0,1
ofsurfactant,1,0,1
walasinee,1,0,1
rstat,1,0,1
berrigan,1,0,1
radionucleotide,1,0,1
acyclovir).an,1,0,1
schisis,1,0,1
misraktarekegn,1,0,1
brutp-dotap-actinomycind,1,0,1
antiprosurfactant,1,0,1
ethylacetate/acetone/,1,0,1
syhsyh,1,0,1
efloras.org/,1,0,1
previa,1,0,1
pcps,1,0,1
northwest-mersey,1,0,1
venacavogram,1,0,1
kelekis,1,0,1
gentamicin/citrate,1,0,1
iliaca,1,0,1
m-antagonist,1,0,1
hyaluronates,1,0,1
imipenem/silastatin,1,0,1
e-ventus®,1,0,1
e-ventus,1,0,1
monoethanolamineoleate,1,0,1
paclitaxel/resveratrol,1,0,1
paclitaxelcoated,1,0,1
doxorubicin-preloaded,1,0,1
zilver-ptx,1,0,1
nellix,1,0,1
doxorubicinpreloaded,1,0,1
paclitaxel-releasing,1,0,1
cyanoacrylate/lipiodol,1,0,1
fluoro-ct,1,0,1
epirubicin-loaded,1,0,1
prostar-xl,1,0,1
idarubicin-loaded,1,0,1
conclusionrae,1,0,1
lifepearl,1,0,1
p-69,1,0,1
p-87,1,0,1
o.ikeda,1,0,1
giurazza,1,0,1
n-butyl-2-cyanoacrylate,1,0,1
p.myrcha,1,0,1
p-432,1,0,1
rossi,1,0,1
p-606,1,0,1
p-651,1,0,1
p-658,1,0,1
p-673,1,0,1
p-693,1,0,1
gorsi,1,0,1
p-796,1,0,1
mbp-muts-h6,1,0,1
-booster,1,0,1
partner,1,0,1
oryzaenonglutinosae,1,0,1
tricida,1,0,1
sp2015,1,0,1
pde-5-inhibitors,1,0,1
sgc,1,0,1
alphavirussarna,1,0,1
haudenosaunee,1,0,1
2-methyl-1-tetralone,1,0,1
ippocrate,1,0,1
estratto,1,0,1
opinare,1,0,1
epistemologia,1,0,1
sensibilissimoosservatore,1,0,1
benzodiazepinesdfor,1,0,1
bovirlerotavirm,1,0,1
hierbei,1,0,1
landfl,1,0,1
prostituierte,1,0,1
baclophen,1,0,1
hwa-tang,1,0,1
aryinine,1,0,1
lovinger,1,0,1
obtrin,1,0,1
.canertinib,1,0,1
.fluticasone,1,0,1
retinenet,1,0,1
ammoniumsulfide,1,0,1
ridgway,1,0,1
60lipids,1,0,1
~-lactoglobulin,1,0,1
arnblyomma,1,0,1
buprenorphine/,1,0,1
c.cerastes,1,0,1
sidewinder,1,0,1
oncedaily,1,0,1
opioid-acetaminophen,1,0,1
risperidol,1,0,1
tpcn,1,0,1
anascorp,1,0,1
mg/caffeine,1,0,1
us-russia,1,0,1
russia-ukraine,1,0,1
2′-o-propyargyl,1,0,1
cpp-sso,1,0,1
umifenoviridol,1,0,1
n1ethanol,1,0,1
ceran1ide,1,0,1
lipovirus,1,0,1
lipoviruses,1,0,1
monoacylated,1,0,1
zineh,1,0,1
probioticum,1,0,1
thiopurinals,1,0,1
srsf2,1,0,1
srsf1mir-29a-3p,1,0,1
mir-8054mir-520d-5pmir-3529-3pmir-451bmir-548f-5pmir-548j-3pmir-374a-3pmir-559mir-548g-5pmir-548x-5pmir-548aj-5pmir-548aj-3pmir-5688mir-21-3pmir-2054mir-5197-3pmir-3591-3pmir-499a-3pmir-194-5pmir-1468-3pmir-499b-3pmir-451bmir-499b-3pmir-548f-5pmir-548aj-3pmir-5688mir-548g-5pmir-520d-5pmir-1468-3pmir-548aj-5pmir-548j-3pmir-548x-5pmir-499a-3pmir-29a-3pmir-21-3pmir-374a-3pmir-194-5p,1,0,1
-arbidol,1,0,1
lindley,1,0,1
ddz,1,0,1
periode,1,0,1
julibis,1,0,1
tetramethylbenidine,1,0,1
doxorubincin,1,0,1
trypsinversene,1,0,1
dluciferin,1,0,1
luminoi,1,0,1
metalindomethacin,1,0,1
spermicide).•,1,0,1
rata,1,0,1
gly80,1,0,1
venomspla,1,0,1
.firocoxib,1,0,1
"souhasaid""",1,0,1
spinesin-spinesin,1,0,1
hbv-ona,1,0,1
oserin,1,0,1
gly-asp-ser-gly,1,0,1
gp35,1,0,1
martinistr,1,0,1
adrenaline/lidocaine,1,0,1
co-operatives,1,0,1
cefuroximacetil,1,0,1
echokardiografisch,1,0,1
ibuprofenbehandelt,1,0,1
cicosporin,1,0,1
argen,1,0,1
lomavirus,1,0,1
gud,1,0,1
inost,1,0,1
arbayeen,1,0,1
pmvc,1,0,1
tazelaar,1,0,1
.rivaroxaban,1,0,1
gcnb,1,0,1
a-dna,1,0,1
echtenachter,1,0,1
d-galactoseamine,1,0,1
selvan,1,0,1
lsnet,1,0,1
ciprofloxacin/rifampicin,1,0,1
c24-ceramide,1,0,1
thromboxane-prostacycline,1,0,1
astrin,1,0,1
brillatsavarin,1,0,1
echin,1,0,1
endothelin1,1,0,1
lesterol,1,0,1
bever,1,0,1
cinogen,1,0,1
tolbuta,1,0,1
carbolized,1,0,1
triclopyr,1,0,1
gladiola,1,0,1
nazlican,1,0,1
a1-pdx,1,0,1
crimea,1,0,1
tigerstrom,1,0,1
trina,1,0,1
50%.potassium,1,0,1
memoir,1,0,1
chloran1phenicol,1,0,1
potassiunl,1,0,1
lowgluconate,1,0,1
kulite,1,0,1
wallaugl,1,0,1
35f4,1,0,1
bgalactosidase,1,0,1
anexil-in,1,0,1
b-galactosidase,1,0,1
nsh,1,0,1
elenkov,1,0,1
hilmetz,1,0,1
geus,1,0,1
etinosa,1,0,1
piridostigmina,1,0,1
5-helixprotein,1,0,1
veri,1,0,1
bucolabial,1,0,1
retinoides,1,0,1
phlglucosamine,1,0,1
rh]mannose,1,0,1
ps]methionine,1,0,1
thlgalactose,1,0,1
slintak,1,0,1
metso,1,0,1
somalis,1,0,1
dukoral,1,0,1
mucoricevaccine,1,0,1
mucoadhesivenps,1,0,1
[mi]iododeoxyuridine,1,0,1
[125i]iododeoxyuridine,1,0,1
amoxicillinomeprazole,1,0,1
azithromycin-omeprazole,1,0,1
azathioprine-prednisone,1,0,1
tachygastria,1,0,1
gastropexy,1,0,1
rudolfvirschow,1,0,1
anti-d1,1,0,1
zoletilô,1,0,1
avidineperoxidase,1,0,1
tw-37,1,0,1
n-oxygenated,1,0,1
grk5,1,0,1
4-methyl-aminoantipyrin,1,0,1
ota-daily,1,0,1
(e)-n-desethylclomiphene,1,0,1
moravec,1,0,1
dichloroisoproterenol,1,0,1
olexoxime,1,0,1
l-cycloserine,1,0,1
α-ama,1,0,1
h-noradrenaline,1,0,1
r-α-methylhistamine,1,0,1
cefic,1,0,1
15-hydroxylated,1,0,1
norethisteroneacetate,1,0,1
glutathioneconjugate,1,0,1
crem,1,0,1
nicotinoids,1,0,1
mirò,1,0,1
r-hyoscyamine,1,0,1
atrenantiomers,1,0,1
larixolacetate,1,0,1
somatoprim,1,0,1
all-trans-retinoicacids,1,0,1
thieno-thiadiazine,1,0,1
bms-191095,1,0,1
guanidinohydantoin,1,0,1
epoxiconazol,1,0,1
tebuconazol,1,0,1
4chlorodiazepam,1,0,1
5sulfooxymethylfurfural,1,0,1
demecolcine,1,0,1
bidinhibitors,1,0,1
pkaagonist,1,0,1
5-methylhistamine,1,0,1
triphenylstibane,1,0,1
adrb2,1,0,1
(r)-isoproterenol,1,0,1
s)-fenoterol,1,0,1
r)-formoterol,1,0,1
pde3a,1,0,1
slco2b1,1,0,1
sk4,1,0,1
grapefruitjuicenaringenin,1,0,1
cipralex,1,0,1
larixolacetates,1,0,1
0deoxyuridine,1,0,1
vos-viewer,1,0,1
buf,1,0,1
trichonas,1,0,1
propra-nolol,1,0,1
harin,1,0,1
artesunatesodium,1,0,1
artesunatebased,1,0,1
.sulfadoxine-pyrimethamine-artesunate,1,0,1
sulfadoxine-pyrimethamine-artesunate,1,0,1
atovaquone-proguanil-artesunate,1,0,1
sulfadoxine/,1,0,1
polyphenol-artesunate,1,0,1
artesunate-ellagicacid,1,0,1
artesunateprocyanidin,1,0,1
artesunate-ellagic,1,0,1
artesunate-procyanidin,1,0,1
artesunatezinc,1,0,1
artesunate-cyclodextrin,1,0,1
artesunate-polyamine,1,0,1
.cinnamomum,1,0,1
o-027,1,0,1
hemacolor-merck,1,0,1
berard,1,0,1
teroxide,1,0,1
antistomatostatin,1,0,1
histochemycaly,1,0,1
gleevec/glivec,1,0,1
novocastra,1,0,1
o-130,1,0,1
hematoxilin-eosin,1,0,1
o-135,1,0,1
propyonil-l-carnitine,1,0,1
uchl,1,0,1
herceptest,1,0,1
gliwice,1,0,1
cmyc,1,0,1
melana,1,0,1
p-53oncoprotein,1,0,1
p-178,1,0,1
tarp-4,1,0,1
sgbb,1,0,1
picrofuxin,1,0,1
mesoblastic,1,0,1
trifan,1,0,1
sulphomucins,1,0,1
mycobacterial,1,0,1
bantianum,1,0,1
hostalet,1,0,1
chc,1,0,1
p-463,1,0,1
angiosarcoma,1,0,1
timbretron,1,0,1
ciximab,1,0,1
rituxane,1,0,1
pyramidalis,1,0,1
a-terpinene,1,0,1
nobilisberry,1,0,1
ccasein,1,0,1
interferon-α-1,1,0,1
principio,1,0,1
ducha,1,0,1
bronevich,1,0,1
liliaceae,1,0,1
ninio,1,0,1
pesek,1,0,1
a-spectrum,1,0,1
apnoic,1,0,1
l.lopiano,1,0,1
becolmethasone,1,0,1
rftc,1,0,1
littman,1,0,1
theodoraahilas,1,0,1
cyclophosphamide-doxorubicin-vincristineprednisone,1,0,1
anddexamethasone,1,0,1
lenalidomidedexamethasone,1,0,1
bortezomibmelphalan-prednisone-thalidomide,1,0,1
cederberg,1,0,1
pk.it,1,0,1
allerdingsgaben,1,0,1
ucd-t,1,0,1
tt51,1,0,1
tucuman,1,0,1
mamala,1,0,1
methioninuria,1,0,1
oertilis,1,0,1
ferritin-antibody,1,0,1
zotilil,1,0,1
liusifeng,1,0,1
wallstreet,1,0,1
gaia-x,1,0,1
peev,1,0,1
p-uridine,1,0,1
copperiud,1,0,1
bisulfi,1,0,1
sod/catalase,1,0,1
estrogen+progestagen,1,0,1
placentasphingosine,1,0,1
glut,1,0,1
c-arginine,1,0,1
c-lysine,1,0,1
i-iodomelatonin,1,0,1
agonistacetylcholine,1,0,1
neurosteroids,1,0,1
/-aspirin,1,0,1
src-1,1,0,1
adipohilin,1,0,1
3'diaminobenzadine,1,0,1
angopoietin-1,1,0,1
binogen,1,0,1
17ß-estradiol-replaced,1,0,1
vardenafi,1,0,1
/estradiol,1,0,1
anti-fibinolytic,1,0,1
20α-hydroxysteroiddehydrogenase,1,0,1
fetalcholesterol,1,0,1
sdc3,1,0,1
antilinker,1,0,1
phospholinked,1,0,1
β1adrenergic,1,0,1
kg/min).norepinephrine,1,0,1
apic,1,0,1
-blocker,1,0,1
thromboxaneb,1,0,1
coppell,1,0,1
fakiparum,1,0,1
hydrolase,1,0,1
ala-p-nitroanilide,1,0,1
ethylmercurithiosalicylate,1,0,1
varolius,1,0,1
morpholines,1,0,1
voridan,1,0,1
hermonat,1,0,1
trimethoprim-su,1,0,1
tilastokeskus,1,0,1
tdt2,1,0,1
ck-nacetylcysteine,1,0,1
gatae,1,0,1
chlorahexidine,1,0,1
aapril,1,0,1
yulu,1,0,1
.metronidazole,1,0,1
control,1,0,1
ru03,1,0,1
raoulia,1,0,1
avescens,1,0,1
kost,1,0,1
priye,1,0,1
stattin,1,0,1
smc2,1,0,1
mps1,1,0,1
blochemlcal,1,0,1
appolinario,1,0,1
ca).baloxavir,1,0,1
92-kda,1,0,1
297orlistat,1,0,1
odo,1,0,1
tkac,1,0,1
jenison,1,0,1
prednisolone≥,1,0,1
mmel,1,0,1
medvedeff,1,0,1
successor,1,0,1
γlactam,1,0,1
talin-1,1,0,1
.tetracyclines,1,0,1
nucleotide18182-,1,0,1
dipasacosideb,1,0,1
ritonavir/saquinavir,1,0,1
opravil,1,0,1
holt-trend,1,0,1
adegoke,1,0,1
gucosidase,1,0,1
betablockertherapie,1,0,1
abraldes,1,0,1
vcap/amp/vecp,1,0,1
mlsg15plus-mogamulizumab,1,0,1
pj-34,1,0,1
coep-b,1,0,1
asparaginase/methotrexate/dexamethasone,1,0,1
.pentostatin,1,0,1
3h-glucoseamine,1,0,1
"3,3'-diaminobenzidine",1,0,1
3hglucosamine,1,0,1
perchloric,1,0,1
-gastrin,1,0,1
raimund,1,0,1
bertalanffy,1,0,1
nawruz,1,0,1
bromelain-or,1,0,1
bosobolo,1,0,1
kirsten,1,0,1
peplomer,1,0,1
strepto-penicillin-antimycotic,1,0,1
collagenasedispase,1,0,1
antihistamineresistant,1,0,1
a12,1,0,1
metylovice,1,0,1
levocetirine,1,0,1
lupinangustifolius,1,0,1
anti-fcεri,1,0,1
a.trifida,1,0,1
pinenut,1,0,1
kampoformulae,1,0,1
ogi-kenchu-to,1,0,1
25-hydroxyvitamined,1,0,1
hsa-mir-185,1,0,1
ginseng(krg,1,0,1
ginsenoides,1,0,1
chitinase,1,0,1
russianthistle,1,0,1
mir-432,1,0,1
follucilin,1,0,1
ofloxacin-human,1,0,1
hydrochloroquine-hcq,1,0,1
putranjiva,1,0,1
penicilliium,1,0,1
isoniazid/rifampicin-specific,1,0,1
oatp,1,0,1
oleamide,1,0,1
hydroclorothiazide,1,0,1
zinc-low,1,0,1
allopurinolinduced,1,0,1
methazolamideinduced,1,0,1
h2-antihistamines,1,0,1
mir-21antagomir,1,0,1
ginseng(,1,0,1
makyokansekito,1,0,1
5-grass,1,0,1
artemisiavulgaris,1,0,1
sit,1,0,1
tiran,1,0,1
immunocap,1,0,1
sige.,1,0,1
acetaminopen,1,0,1
n-acetylcysteins,1,0,1
25-hydrohyvitamind,1,0,1
vitamind(vitd,1,0,1
anti-mite,1,0,1
iso13485,1,0,1
celal,1,0,1
a.altissimapollen,1,0,1
n-acetylcysteine(nac,1,0,1
homeopath,1,0,1
alfaglucosidase,1,0,1
ethatol,1,0,1
dodecylbenzenesulfonte,1,0,1
gonadotrofin,1,0,1
vermicularis,1,0,1
hepatitis-b,1,0,1
bloch,1,0,1
bubber,1,0,1
cefotaxima-vancomycinmetronidazole,1,0,1
meropenem-vancomycin,1,0,1
torch-it,1,0,1
liptospera,1,0,1
pipericillin+tazobactam,1,0,1
l.rhamnosus,1,0,1
rmssd,1,0,1
batumi,1,0,1
~yclosporin,1,0,1
resulis,1,0,1
spiu,1,0,1
itsancopratein,1,0,1
dieremesin,1,0,1
resistancetocalboplatinandcisplatin,1,0,1
neutraphil,1,0,1
smwth,1,0,1
ongin,1,0,1
araidne,1,0,1
uitrastncture,1,0,1
gastreoterol,1,0,1
pratein,1,0,1
achvergiss,1,0,1
herrmann,1,0,1
hemden,1,0,1
lactoserum,1,0,1
phenylalamine,1,0,1
kneib,1,0,1
scamp,1,0,1
aerocivil,1,0,1
gcgtgcg,1,0,1
-alkylated,1,0,1
glubran2ò,1,0,1
trispan,1,0,1
o-21,1,0,1
o-27,1,0,1
o-35,1,0,1
o-36,1,0,1
pellicidum,1,0,1
khan,1,0,1
pirfeni-done,1,0,1
aracaju,1,0,1
lactam/β-lactamase,1,0,1
hibitor,1,0,1
tin/dalfopristin,1,0,1
quinupristin/dalfoprisan,1,0,1
ticarcillin/clavuvitro,1,0,1
icoplanin,1,0,1
antibacterinias,1,0,1
rifampinminocycline,1,0,1
p1085,1,0,1
ferrol,1,0,1
6-am,1,0,1
sudv,1,0,1
sinaloa,1,0,1
echo-planar,1,0,1
erfurth,1,0,1
nhuifncv,1,0,1
nhuifna,1,0,1
cystus052,1,0,1
kazfluvacò,1,0,1
lecins,1,0,1
benzalkonium-type,1,0,1
refluvacò,1,0,1
long-a2,1,0,1
eflu,1,0,1
-glitazone,1,0,1
nf-kappab-inhibitor,1,0,1
mozilla,1,0,1
moea-ocd,1,0,1
ofpertussis,1,0,1
antoine.lamblin@chu-lyon.fr,1,0,1
uronate,1,0,1
tansa,1,0,1
ofenac,1,0,1
rium,1,0,1
hiv-po,1,0,1
sterb,1,0,1
torchivirus,1,0,1
ovothiols,1,0,1
diaminobencidine,1,0,1
sonam,1,0,1
ferratin,1,0,1
b-2-agonist,1,0,1
phenylmercaptoacetic,1,0,1
corrolazine,1,0,1
acetyl-beta-methylcholinechloride,1,0,1
mosquitoes,1,0,1
antifi,1,0,1
nitrofl,1,0,1
urbiprofen,1,0,1
farfana,1,0,1
film-a,1,0,1
curt,1,0,1
slodmak,1,0,1
eval418-fh2,1,0,1
cyp11a1,1,0,1
jaktinib,1,0,1
cyclosporineinhibits,1,0,1
motterle,1,0,1
opvvaccine,1,0,1
bium,1,0,1
vitamine/se,1,0,1
cpropionate,1,0,1
c4-pyridoxine,1,0,1
urothione,1,0,1
o-061,1,0,1
cblc,1,0,1
o-062,1,0,1
sulphamidase,1,0,1
orthinine,1,0,1
methylcitricacid,1,0,1
niccd,1,0,1
p-071,1,0,1
isosupplementation,1,0,1
arelin,1,0,1
x-hydroxyproline,1,0,1
agenzia,1,0,1
argininemia,1,0,1
acylcarnitines,1,0,1
hmgcld,1,0,1
glutathione-gsh,1,0,1
c-triol,1,0,1
-uridine,1,0,1
gsk773,1,0,1
carrozzo,1,0,1
hsd10,1,0,1
succinate-coa,1,0,1
saposina,1,0,1
mercuri,1,0,1
5-methyltetrahydrofolate,1,0,1
cyanocolbalamin,1,0,1
glutathionemia,1,0,1
sirna-ago,1,0,1
epaclitaxel,1,0,1
gy/1,1,0,1
adipo,1,0,1
sufentanil-sevofluoranepropofol,1,0,1
sufentanil-propofol,1,0,1
s-(+)-ketaminemidazolam-propofol,1,0,1
inotrops,1,0,1
ubbl,1,0,1
sevofluorane-remifentanil,1,0,1
vigileo,1,0,1
domax,1,0,1
pjt,1,0,1
hydroxylpropyl-β-cyclodextrin,1,0,1
hurtrel,1,0,1
amocillinclavulanate,1,0,1
amphotericyn,1,0,1
metrronidazol,1,0,1
colistineb,1,0,1
bètalactam,1,0,1
delichon,1,0,1
fluclox,1,0,1
gentamicin/g,1,0,1
clindamycin/g,1,0,1
methyloprednisolone,1,0,1
trichophytonrubrum,1,0,1
nails,1,0,1
antiflourescein,1,0,1
vl-b12,1,0,1
damci,1,0,1
shinorine,1,0,1
.phlorofucofuroeckol,1,0,1
dabigatran/edoxaban,1,0,1
rivaroxaban/apixaban,1,0,1
10).hydroxychloroquine,1,0,1
pl104-,1,0,1
alfaaesar,1,0,1
ctry2459,1,0,1
ganci,1,0,1
"mir-31-3p,mir-193b-5p",1,0,1
tmpr,1,0,1
xiaolei,1,0,1
pericarditis,1,0,1
arf-valvulitis,1,0,1
curiosa,1,0,1
20-aminoacids,1,0,1
selenium-cysteine,1,0,1
saponin-basediscomatrix,1,0,1
bombay,1,0,1
varlis,1,0,1
dhodiya,1,0,1
b-propiolactone,1,0,1
gadalla,1,0,1
elastase-hemmer,1,0,1
d-phe-pro-arg-chlormethylketons,1,0,1
benzamidin,1,0,1
n-amidinopiperidin,1,0,1
acetylcholins,1,0,1
penicillinsäure,1,0,1
bernine,1,0,1
pro-vitamina,1,0,1
chips,1,0,1
perlegen,1,0,1
pansobrin,1,0,1
hypovitamin,1,0,1
aluminium-adjuvant,1,0,1
dexason,1,0,1
delcavacdhppi,1,0,1
ivomectin,1,0,1
fusiformis,1,0,1
ramosa,1,0,1
monosulfiram,1,0,1
svartengren,1,0,1
dubrovka,1,0,1
160-aminoacid,1,0,1
tamaxifen,1,0,1
frusemideamiloride,1,0,1
frusemide-amiloride,1,0,1
dextroproxyphene,1,0,1
dapp,1,0,1
vinh-kim,1,0,1
dalang,1,0,1
plasmaspender,1,0,1
geringe,1,0,1
potassiumchloride/kg,1,0,1
febantel-pyrantel-praziquantel,1,0,1
javastat,1,0,1
mvvaccine,1,0,1
opioidein,1,0,1
nas8-,1,0,1
niv-mask,1,0,1
7-ni,1,0,1
norvenlafaxine-to-venlafaxine,1,0,1
tobramycin/colistin/amphotericin,1,0,1
atropine-propofol,1,0,1
atropine-atracurium-sufentanil,1,0,1
acetaminophenpoisoned,1,0,1
supercillii,1,0,1
azocarmin,1,0,1
regelm,1,0,1
stenotele,1,0,1
planula,1,0,1
eehinata,1,0,1
seleno-met,1,0,1
deigual,1,0,1
rijksmuseum,1,0,1
saliu,1,0,1
sulfonamide-trimethoprime,1,0,1
gramicidin/g,1,0,1
valinomycin/g,1,0,1
cidin,1,0,1
gramicidin/,1,0,1
privatereciprocateandsum,1,0,1
ingmar.skoog@neuro.gu.se,1,0,1
hiv2,1,0,1
cilk,1,0,1
eb101,1,0,1
copop,1,0,1
mandima,1,0,1
kayna,1,0,1
rsvintravenous,1,0,1
amantadine-and,1,0,1
enteric-coatedcapsules,1,0,1
‡moxifloxacin,1,0,1
‡fluoroquinolones,1,0,1
yl-111,1,0,1
rhinalis,1,0,1
piperacillintazobactum,1,0,1
-asvir,1,0,1
-buvir,1,0,1
ritonavir/ombitasvir,1,0,1
enanta,1,0,1
anguli,1,0,1
fdpm-net,1,0,1
mmx-mesalamine,1,0,1
propofolis,1,0,1
propofol-ketamine,1,0,1
sodium-lithium,1,0,1
iron/thiamine,1,0,1
antioxidartts,1,0,1
amp/amoxicillin,1,0,1
harmogen,1,0,1
vftamin,1,0,1
thcy,1,0,1
cephalsporins,1,0,1
[3h]-taurine,1,0,1
taurinechloramine,1,0,1
vadr,1,0,1
agn,1,0,1
fai,1,0,1
crescimento,1,0,1
comrelaçãoao,1,0,1
noroeste,1,0,1
nessa,1,0,1
egcg-g1,1,0,1
rondonia,1,0,1
fabiflu,1,0,1
camostatmesilate/,1,0,1
ketamineacepromazine,1,0,1
penicillinstreptomycin/ml,1,0,1
butanolapropanolawater,1,0,1
droserabinata,1,0,1
acidpolysaccharide,1,0,1
o-sulfated,1,0,1
miercio,1,0,1
stmptozotocin,1,0,1
nen-gastrin,1,0,1
is-741,1,0,1
seherin,1,0,1
chymotrypsm,1,0,1
triolem,1,0,1
pancremcbefida,1,0,1
morem,1,0,1
lithotorny,1,0,1
anfamostat,1,0,1
raipenera,1,0,1
adnamycin,1,0,1
umabiy,1,0,1
somatostatm,1,0,1
vanoas,1,0,1
tetacin-calcium,1,0,1
ciprofloxacm,1,0,1
pomtron,1,0,1
panceas,1,0,1
nsc87,1,0,1
anti-as,1,0,1
et-ra,1,0,1
p16-,1,0,1
lfosfamide,1,0,1
cysuc,1,0,1
mitot,1,0,1
macin,1,0,1
tamimn,1,0,1
sulfameth]zole,1,0,1
sulfameth,1,0,1
odium,1,0,1
tamoxypi,1,0,1
coadusios,1,0,1
tnfr,1,0,1
nicotinamide(na,1,0,1
p--0,1,0,1
hiiirubin,1,0,1
msulinoma,1,0,1
rebamip,1,0,1
p-glucose,1,0,1
hafamostat,1,0,1
ml-antagonist,1,0,1
aminoguan,1,0,1
bromhex,1,0,1
auraptene,1,0,1
caerulera,1,0,1
thaa,1,0,1
∼920,1,0,1
hexaglycerine,1,0,1
peg-iodoacetamide,1,0,1
adagen,1,0,1
tmpeg,1,0,1
adrenocorticoid,1,0,1
svre,1,0,1
agellins,1,0,1
bautin,1,0,1
aminoacids78,1,0,1
malware,1,0,1
mcvmolluscumcontagiosum,1,0,1
savikj,1,0,1
deab,1,0,1
"vitamin""",1,0,1
pentilols,1,0,1
cohol,1,0,1
ketsulbactam,1,0,1
acepenem,1,0,1
synarc,1,0,1
jpa,1,0,1
lopiravir/ritonavir,1,0,1
atenolol-b-blockers,1,0,1
diltiazem-when,1,0,1
furosemide-oxygen-nitroglycerine-sedation,1,0,1
fentanyl-fentanyl,1,0,1
thatapart,1,0,1
cessi,1,0,1
κ.,1,0,1
v.cholera,1,0,1
leprospira,1,0,1
r.prowazeki,1,0,1
senior,1,0,1
bc-370bc,1,0,1
tdf+emtricitabine/lamivudine+efavirenz,1,0,1
caricato,1,0,1
remdesivir,1,0,1
tofacitinib/ruxolitinib,1,0,1
cloroquine/hydroxycloroquine,1,0,1
retinoids(acitretin,1,0,1
bleomycin/cisplatin,1,0,1
arbstelmisartan,1,0,1
shifl,1,0,1
theac,1,0,1
diwan,1,0,1
iowae,1,0,1
cholecalciferol-vitamind,1,0,1
nicotinamide-vitamin,1,0,1
vitaminh,1,0,1
.piscidin,1,0,1
denv-4,1,0,1
psychotherpsychosom,1,0,1
nadc,1,0,1
aminehydrochlorides,1,0,1
beclomethason,1,0,1
danshenpowder,1,0,1
sumo-cvn,1,0,1
cvn,1,0,1
tml-mp,1,0,1
ß-galactopyranoside,1,0,1
gd-bopta/,1,0,1
dimeg,1,0,1
leu,1,0,1
cholinegeranate,1,0,1
arg-met,1,0,1
albuterol!,1,0,1
.imipramine,1,0,1
arechin,1,0,1
chloroquini,1,0,1
that~70,1,0,1
tsoukas,1,0,1
aetnpnthol,1,0,1
polygamy,1,0,1
oleaeuropea,1,0,1
o.europea,1,0,1
ciprandi,1,0,1
ur-scit,1,0,1
p.oxalicum,1,0,1
penicilliumoxalicum,1,0,1
plair,1,0,1
lentula,1,0,1
larvaflour,1,0,1
neutraligand,1,0,1
m80,1,0,1
salsolaoppositifolia,1,0,1
methylprednisolone-gentamicin,1,0,1
trofolastin,1,0,1
multiforme,1,0,1
scinco,1,0,1
linumusitatissimum,1,0,1
monovitamin,1,0,1
macroglol,1,0,1
benzyl-indazole,1,0,1
polistis,1,0,1
hopjapanese,1,0,1
triptasa,1,0,1
antihistaminesic,1,0,1
succinyl-choline,1,0,1
verocuronium,1,0,1
cefizimine,1,0,1
uriach,1,0,1
omega-5,1,0,1
toast,1,0,1
1ampicillin,1,0,1
campybbacter,1,0,1
gentamicin2,1,0,1
aggr,1,0,1
furazolidone.'080,1,0,1
placin,1,0,1
mirna-299,1,0,1
adipose-derived,1,0,1
msc-exosmir-140-,1,0,1
msc-exosmir-140-5p,1,0,1
dblox,1,0,1
aurangzeb,1,0,1
r.travancorica,1,0,1
r.sculpturata,1,0,1
r.sridharami,1,0,1
paraicaria,1,0,1
ropalidiafaciata,1,0,1
esfa,1,0,1
dgsanco,1,0,1
stacg-er,1,0,1
branum,1,0,1
bacitracin(ba,1,0,1
g120,1,0,1
dextromethophan,1,0,1
tenia,1,0,1
tetracyclinestetracycline,1,0,1
cibacalcine,1,0,1
l'hydrocortisone,1,0,1
25(oh)vitamine,1,0,1
1.25(oh)vitamine,1,0,1
son,1,0,1
-cytarabine,1,0,1
vitaminesb9,1,0,1
parotide,1,0,1
dobutamide,1,0,1
vérapamil,1,0,1
isoptine,1,0,1
vitaminesb12,1,0,1
anti-vitamine,1,0,1
silice,1,0,1
pla-quenil,1,0,1
propylthiouracile,1,0,1
mésalazine,1,0,1
-lactamine,1,0,1
thiopronine,1,0,1
schomaker,1,0,1
dizi,1,0,1
jizhi,1,0,1
tca,1,0,1
isopropylisocyanide,1,0,1
aureobasidium,1,0,1
ammophila,1,0,1
dihydrorotamine,1,0,1
caspofungun,1,0,1
tulusa,1,0,1
aspirin/warfarin,1,0,1
antifungic,1,0,1
ca.c.,1,0,1
solbutamol,1,0,1
naepp,1,0,1
fxt,1,0,1
bukstein,1,0,1
roncoleukin,1,0,1
mamaroneck,1,0,1
loratadine-pseudoefedrine,1,0,1
zephyr,1,0,1
refresheyedrops,1,0,1
azelastine(astelin,1,0,1
hollister-stier,1,0,1
azithromycin/amoxicillin-clavulanate/levofloxacin,1,0,1
telithromycin/amoxicillin-clavulanate/levofloxacin,1,0,1
crud,1,0,1
efd,1,0,1
greg,1,0,1
adipocytes,1,0,1
leishmaniaviruses,1,0,1
hosmalin,1,0,1
tashkandi,1,0,1
glottica,1,0,1
empir-,1,0,1
tradi-,1,0,1
antigonadotrophic,1,0,1
cholagogue,1,0,1
paracetamolinduced,1,0,1
lipidsoluble,1,0,1
panosteitis,1,0,1
rosemaryoil,1,0,1
ligusticumwallichii,1,0,1
petadolex,1,0,1
potassium-rose,1,0,1
salve,1,0,1
anodyne,1,0,1
vesicant,1,0,1
daily).bethanechol,1,0,1
beniaminov,1,0,1
har1,1,0,1
4).captopril,1,0,1
ozolins,1,0,1
fenner,1,0,1
vainio,1,0,1
thioguanide,1,0,1
6-thioguanide,1,0,1
plavosin,1,0,1
pururnecium,1,0,1
albuterolipratropium,1,0,1
aptalis,1,0,1
hsa-mir-632,1,0,1
cf.vitamin,1,0,1
undercarboxylated,1,0,1
menadionesalts,1,0,1
folateb12,1,0,1
spy-tag/spy-catcher,1,0,1
uril,1,0,1
unimedica,1,0,1
kazakstan,1,0,1
i-melatonin,1,0,1
avg,1,0,1
grohol,1,0,1
nd1,1,0,1
combodia,1,0,1
atun,1,0,1
flua-h5,1,0,1
selenophosphate,1,0,1
viþ,1,0,1
jutta,1,0,1
bistris,1,0,1
tris(2-carboxyethyl)phosphine-hcl,1,0,1
assisi,1,0,1
cardiff,1,0,1
rvd6i,1,0,1
jocelyncatty,1,0,1
.silibinin,1,0,1
lumiaggregometer,1,0,1
amyloride-hydrochlorothiazide,1,0,1
cortisonic,1,0,1
a/d,1,0,1
azathioprina,1,0,1
desametason,1,0,1
rosso,1,0,1
ca19,1,0,1
baremetal,1,0,1
tc-aprotinin,1,0,1
erythropoietinalpha,1,0,1
cossi,1,0,1
rivastigmina,1,0,1
amoxicillin/clavulate,1,0,1
preantibiotica,1,0,1
monorene,1,0,1
diidropiridine,1,0,1
mg/hydrochlorothiazide,1,0,1
omega3,1,0,1
d3vitamin,1,0,1
zdv/,1,0,1
anti-liraglutide,1,0,1
intima-media,1,0,1
pparalpha,1,0,1
sos,1,0,1
hemithyroidectomy,1,0,1
magnesium-sulphate,1,0,1
nitropresside,1,0,1
hypercalcemia,1,0,1
calcipherol,1,0,1
letp,1,0,1
glivenko,1,0,1
pre-cidofovir,1,0,1
phacoemulsifi,1,0,1
nano-lubricant,1,0,1
nano-,1,0,1
sociality,1,0,1
ferrata,1,0,1
denmark,1,0,1
sebumlipid,1,0,1
ribavirin-ribavirin,1,0,1
viramidine-viramidine,1,0,1
t-705-,1,0,1
oseltamivir-in,1,0,1
peramivir-the,1,0,1
interferon-alfa/rbv,1,0,1
ribavirinhemoelobin,1,0,1
albuferon,1,0,1
peg-ifnlrbv,1,0,1
peg2b,1,0,1
-2blribavirin,1,0,1
ifna-2blribavirin,1,0,1
a-tocophenol,1,0,1
lrbv,1,0,1
josi,1,0,1
p-adrenoceptor,1,0,1
hthioprine,1,0,1
trichromic,1,0,1
bezafibrates,1,0,1
s-adenosyl-lmethionine,1,0,1
il-15,1,0,1
ns31073-,1,0,1
e.angustifascia,1,0,1
c.creticum,1,0,1
u.cuspidatu,1,0,1
napifolia,1,0,1
clanatus,1,0,1
aerinos,1,0,1
urophoraquadrifasciata,1,0,1
venabulatarondani,1,0,1
u.angustifascia,1,0,1
cousinia,1,0,1
scutellata,1,0,1
t.aprica,1,0,1
pilis,1,0,1
jaculatarondani,1,0,1
jaculata,1,0,1
u.aprica,1,0,1
u.algira,1,0,1
u.mauritanica,1,0,1
u.sirunaseva,1,0,1
quadrifasciatasjumorum,1,0,1
u.quadri&asciata,1,0,1
eurihia,1,0,1
cidaea,1,0,1
u.juculata,1,0,1
serratula,1,0,1
u.stylata,1,0,1
u.suchalinensis,1,0,1
dzieduszycki,1,0,1
u.dzieduszyckii,1,0,1
acroptilon,1,0,1
quadrifasciata,1,0,1
cirsiumvulgare,1,0,1
cirsiumhelenioides,1,0,1
i/.hispanica,1,0,1
gabrin,1,0,1
hgoxygen,1,0,1
-metronidazol,1,0,1
anti-ids,1,0,1
victorin,1,0,1
boc2,1,0,1
alcaine1,1,0,1
puurs,1,0,1
4chlorine,1,0,1
thiazolidinoneeindazole,1,0,1
enemuoh,1,0,1
hemofil,1,0,1
.rapamune,1,0,1
itq,1,0,1
baek,1,0,1
vdr-agonist,1,0,1
foldax,1,0,1
danijele,1,0,1
snawder,1,0,1
amelia,1,0,1
dymedso,1,0,1
valorn,1,0,1
nafis,1,0,1
metronidazole-and,1,0,1
asphodelus,1,0,1
squamae,1,0,1
cylcosporin,1,0,1
aneurysmen,1,0,1
lovenox-morgendosis,1,0,1
methionine-cysteine-free,1,0,1
lucillia,1,0,1
octenidindihydrochlorid,1,0,1
.octenidin,1,0,1
wundantiseptika,1,0,1
-isopropanol,1,0,1
algizide,1,0,1
ceftaximgabe,1,0,1
ironoxygen,1,0,1
sodiumflucloxacillinsodium,1,0,1
•cyclosporin,1,0,1
nirupa,1,0,1
lucian,1,0,1
belisarius,1,0,1
browzine,1,0,1
fima,1,0,1
floodinsurance,1,0,1
sarbanes-oxley,1,0,1
chalene,1,0,1
caetano,1,0,1
cynthia,1,0,1
.letermovir,1,0,1
letermovir-a,1,0,1
d-lysin,1,0,1
grant2t01,1,0,1
phenicacid,1,0,1
anti-glutamicacid,1,0,1
neurolathyrism,1,0,1
neuron.fondaparinux,1,0,1
tizanadine,1,0,1
nitropaste,1,0,1
17a-hydroxyprogesterone,1,0,1
proapoptotic,1,0,1
low-renin,1,0,1
rfp-endophilin,1,0,1
lyoplas,1,0,1
tl201,1,0,1
151imibg,1,0,1
cholestyramine~,1,0,1
polysterin,1,0,1
scin,1,0,1
emide,1,0,1
oaptopril,1,0,1
0aptopril,1,0,1
zletilod,1,0,1
muga,1,0,1
albu-,1,0,1
astradiol,1,0,1
deuteron,1,0,1
oridin,1,0,1
oeff,1,0,1
postnisoldipine,1,0,1
papaverinehydrochloride,1,0,1
methoxaminehydrochloride,1,0,1
pentami,1,0,1
trimethorprimsulfamethoxazole,1,0,1
ureterostamy,1,0,1
antimomy,1,0,1
renog,1,0,1
hemodynanic,1,0,1
rve~,1,0,1
1sopropylastipyrine,1,0,1
n-isopropyl-p-iodeamphetamine,1,0,1
biliar,1,0,1
tc-99m-fibrinogen,1,0,1
rad[oiodine,1,0,1
ll-c-methienine,1,0,1
ra-pa,1,0,1
iodogan,1,0,1
amerlex,1,0,1
mesor,1,0,1
amlnoglycoside,1,0,1
iuulin,1,0,1
vesicoumetheral,1,0,1
ganma,1,0,1
vitaminb-i2,1,0,1
thromhin,1,0,1
a93,1,0,1
d-lactatemia,1,0,1
d-gluconate,1,0,1
niv/cpap,1,0,1
bapenems,1,0,1
flucyto,1,0,1
lopinavir-remdesivir,1,0,1
fluoracil,1,0,1
hydroxychloroquine-favipiravir,1,0,1
smart22,1,0,1
natabela,1,0,1
mgs,1,0,1
paritalis,1,0,1
.rib,1,0,1
antihead,1,0,1
anti-stem,1,0,1
bleker,1,0,1
stollery,1,0,1
midazolem,1,0,1
orf1bencodedpolyprotein,1,0,1
seit,1,0,1
palmidrol,1,0,1
b-727,1,0,1
dysartrie,1,0,1
heli-um,1,0,1
prop,1,0,1
nordisk,1,0,1
usdt,1,0,1
herbon,1,0,1
tavana,1,0,1
genocad,1,0,1
odsh,1,0,1
polyacqlamide,1,0,1
lulu,1,0,1
rebrikov,1,0,1
estella,1,0,1
tdaptetanusdiphtheria-pertussis,1,0,1
us30,1,0,1
posch,1,0,1
partnership/multilateralila,1,0,1
phenylbiguanide,1,0,1
advenier,1,0,1
-theophyllineas,1,0,1
-prenoxdiazine,1,0,1
ipecarin,1,0,1
arinex,1,0,1
farderek,1,0,1
iaquinta,1,0,1
magnus,1,0,1
birger,1,0,1
witwatersrand,1,0,1
maritsa,1,0,1
cookstoves,1,0,1
ch4,1,0,1
prednisone/mmf/tacrolimus,1,0,1
n-acetylcystine,1,0,1
kialone,1,0,1
belatacept=,1,0,1
(hypo)xanthine,1,0,1
dobutamineecho,1,0,1
evr+rcni,1,0,1
odol,1,0,1
bundeswettbewerb,1,0,1
melding,1,0,1
apectwg,1,0,1
jean-maurice,1,0,1
stpc,1,0,1
slinker,1,0,1
nuro,1,0,1
themf59,1,0,1
nalkylglycines,1,0,1
nissle,1,0,1
pyoverdine-68,1,0,1
amoxicilinaclavulá,1,0,1
adriomycin,1,0,1
us-japan,1,0,1
aminoguanidines,1,0,1
compoundiil,1,0,1
anti-d3serum,1,0,1
91-kda,1,0,1
anti-d3,1,0,1
mercuryhydroxide,1,0,1
mm-tris-hcl,1,0,1
angii/ang1,1,0,1
thienopyride,1,0,1
solar-pump,1,0,1
flotillin1,1,0,1
rambe,1,0,1
arabi,1,0,1
q82,1,0,1
bisbenzofurans,1,0,1
ganciclovir/cidofovir,1,0,1
1gmn,1,0,1
srrna,1,0,1
isoformb,1,0,1
akr1c3,1,0,1
rostenedione,1,0,1
geomar,1,0,1
olweus,1,0,1
.aflibercept,1,0,1
nomenklatura,1,0,1
vivtmvr,1,0,1
fotin,1,0,1
zinta,1,0,1
.motavizumab,1,0,1
trtricuspid,1,0,1
saporito,1,0,1
hydroxychloroquine-a,1,0,1
protamineblock,1,0,1
luco,1,0,1
burn-in,1,0,1
lactulosebht,1,0,1
trifluoreoethanol,1,0,1
hexosamines,1,0,1
百万,1,0,1
5-drug,1,0,1
allopurinot,1,0,1
@1@3,1,0,1
remigio,1,0,1
ehlorpheniramine,1,0,1
ppv1,1,0,1
ra-cepinephrin,1,0,1
a1-agonist,1,0,1
ն85,1,0,1
ada-scid,1,0,1
cazv,1,0,1
phakopsora,1,0,1
g-livetin,1,0,1
curon,1,0,1
nitroglicerin,1,0,1
miralax,1,0,1
asai-21,1,0,1
endostitchò,1,0,1
gimt,1,0,1
otg,1,0,1
calot,1,0,1
seprafilmaˆ.,1,0,1
-cisplatin,1,0,1
ep(etoposide,1,0,1
theglucuronidase,1,0,1
amici,1,0,1
memopi,1,0,1
andazithromycine,1,0,1
isocket,1,0,1
midine,1,0,1
532nelfinavir,1,0,1
540nelfinavir,1,0,1
sinequa,1,0,1
tinkerpop,1,0,1
transe,1,0,1
pseudosuccinea,1,0,1
dirus,1,0,1
fluviatilis,1,0,1
orientiatsutsugamushi,1,0,1
phrae,1,0,1
cardinium,1,0,1
kosum,1,0,1
ehrlichiaruminantium,1,0,1
ht01,1,0,1
15-drug,1,0,1
gradient,1,0,1
e-cis,1,0,1
meltrex,1,0,1
tetanusdiphtheria,1,0,1
uridine3p,1,0,1
lynas,1,0,1
abismo,1,0,1
b-glucoronidase,1,0,1
.ocrelizumab,1,0,1
suora,1,0,1
⎡it,1,0,1
stopcock,1,0,1
493doxofylline,1,0,1
588roflumilast,1,0,1
656roflumilast,1,0,1
668roflumilast,1,0,1
687roflumilast,1,0,1
franchisee,1,0,1
dopamine/norepinephrine,1,0,1
barnet,1,0,1
lattanzi,1,0,1
antinori,1,0,1
ravin,1,0,1
webasto,1,0,1
glyceryl,1,0,1
drugintel,1,0,1
26).it,1,0,1
dihydroergotoxin,1,0,1
tarasevich,1,0,1
adamsky,1,0,1
russian-saudi,1,0,1
supplement).hydroxychloroquine,1,0,1
apo-bec3f,1,0,1
defurfurated,1,0,1
.hydrogen,1,0,1
daesan,1,0,1
ersparnis,1,0,1
dihydroartemisinin-37,1,0,1
itraconazole-induced,1,0,1
aspirintriggeredresolvins,1,0,1
muscoril,1,0,1
drugsbill,1,0,1
melphalan-prednisone-lenalidomide,1,0,1
melphalan-prednisone-thalidomide,1,0,1
ringler,1,0,1
ray,1,0,1
amperex,1,0,1
streptomycin-antibiotics,1,0,1
cy5.5-antibody,1,0,1
ca͒,1,0,1
-triamcinoloneacetonide,1,0,1
antipyreticherbal,1,0,1
japonicaeflos,1,0,1
l.macranthides,1,0,1
dabai,1,0,1
adachi,1,0,1
enniolubrano,1,0,1
mallone,1,0,1
paromita,1,0,1
aglobin,1,0,1
hervatin,1,0,1
colne,1,0,1
zoogloearamigera,1,0,1
mannosylparomomycin,1,0,1
probioticcheese,1,0,1
btj,1,0,1
poliovirusproteins2bc,1,0,1
dlpa,1,0,1
heide/bergid,1,0,1
champin,1,0,1
high-iodine,1,0,1
rilpivirne,1,0,1
sirliamdonaldson,1,0,1
fipresci,1,0,1
leucopus,1,0,1
flsv,1,0,1
ra/il-1b,1,0,1
dehydroepiandro-sterone,1,0,1
cc-msh,1,0,1
glueocorticoid,1,0,1
grafius,1,0,1
.astragalin,1,0,1
in-oxyquinolone,1,0,1
tc-exametazime,1,0,1
tc-fanolesomab,1,0,1
in-biotin,1,0,1
tc-ubiqicidin,1,0,1
gallium-68,1,0,1
fis00/0729,1,0,1
cefpiramid,1,0,1
themf59tmadjuvant,1,0,1
(4).oxygen,1,0,1
dendrobiumofficinale,1,0,1
chlorhexidine-gluconate-based,1,0,1
povidone-iodine-based,1,0,1
g.sterothermophilus,1,0,1
frq,1,0,1
saliha,1,0,1
bstrand,1,0,1
isopoda,1,0,1
conilera,1,0,1
rocinelaleach,1,0,1
bopyridae,1,0,1
rhizocephala,1,0,1
harpacticoida,1,0,1
poecilostomatoida,1,0,1
theitraconazole,1,0,1
pronamid,1,0,1
alc1,1,0,1
desamethasone,1,0,1
urea-n,1,0,1
ifnalpha-2b,1,0,1
hcvgt1,1,0,1
4amantadine,1,0,1
.amiloride,1,0,1
plasma-tacrolimus,1,0,1
mriganka,1,0,1
darunavir;lopinavir/ritonavir,1,0,1
mycophenolate).cmv,1,0,1
fudin,1,0,1
acelrx,1,0,1
gulia,1,0,1
karpagam,1,0,1
fakr-cmk,1,0,1
arthrobotrys,1,0,1
clindamycin/,1,0,1
sodiumhyaluronate(sh)/dodecahydrosqualene,1,0,1
verticillata,1,0,1
lanner,1,0,1
csathermogel,1,0,1
csa-thermogel,1,0,1
ptomycin,1,0,1
hus/26/2018,1,0,1
anti-penta-his,1,0,1
vitamink3,1,0,1
ns4,1,0,1
mirna*.,1,0,1
gemin2,1,0,1
mir-175,1,0,1
teleconsulta,1,0,1
tenemos,1,0,1
dussel,1,0,1
[%s]methionine,1,0,1
humanistische,1,0,1
nierentumore,1,0,1
clavulanatepotassium,1,0,1
cogniup,1,0,1
oura,1,0,1
tricarico,1,0,1
britannicus,1,0,1
anti-igeigg,1,0,1
lipoxygenase,1,0,1
nebuhaler,1,0,1
levo-epinephrine,1,0,1
monometasone,1,0,1
cromolyn/nedocromilsodium,1,0,1
levo-cetirizine,1,0,1
methotrex-dren,1,0,1
.cromolyn,1,0,1
anti-paf,1,0,1
mg/day).fexofenadine,1,0,1
picumast,1,0,1
cereal,1,0,1
bynine,1,0,1
pp2,1,0,1
methotrexate)is,1,0,1
hypre,1,0,1
"hsa-mir-34a-5p,hsa-mir-410-3p",1,0,1
actretin,1,0,1
propythiouracil,1,0,1
thiaglitazone,1,0,1
esr-148,1,0,1
diphenhydamine,1,0,1
ampicillinsulbactim,1,0,1
gemfibrozol,1,0,1
benzodiazapines,1,0,1
vitamin-c.,1,0,1
pulmonay,1,0,1
lindanecream,1,0,1
bp-64,1,0,1
-sulbactam,1,0,1
"hypericumperforatum5:758,656;21:541",1,0,1
nuvelation,1,0,1
adsd,1,0,1
pha1/methylprednisolone,1,0,1
mir-877-3p,1,0,1
marinus,1,0,1
lenora,1,0,1
b12supplementation,1,0,1
trihexylphenidyl,1,0,1
di-hydropyridine,1,0,1
dcf(docetaxel,1,0,1
2808celcius,1,0,1
acorda,1,0,1
montclair,1,0,1
dextromethorphan/quinidine,1,0,1
ma-2,1,0,1
rigo,1,0,1
neurexin-3a,1,0,1
dalmau,1,0,1
araim,1,0,1
indinavir/ritonavir/emtricitabine/tenofovir,1,0,1
lopinavir/ritonavir/abacavir/lamivudine,1,0,1
dolutegravir/emtricitabine/tenofovir,1,0,1
raltigravir/emtricitabine/tenofovir,1,0,1
abacavir/lamivudine/darunavir/ritonavir/raltegravir,1,0,1
malvidin-glucoside,1,0,1
f18-flutemetamol,1,0,1
f18-florbetapir,1,0,1
neuralstem,1,0,1
ericab.lee,1,0,1
stafstrom,1,0,1
mexiletine-10,1,0,1
tavee,1,0,1
ophthalmoplegic,1,0,1
cd-pn,1,0,1
hiv-pn,1,0,1
tang-wai,1,0,1
l-buthionine,1,0,1
nonsteroid,1,0,1
afnor,1,0,1
filti,1,0,1
s.flavescens,1,0,1
asonep,1,0,1
hemostatsis,1,0,1
cytol,1,0,1
lacta,1,0,1
gram-posi,1,0,1
suppler,1,0,1
.ribaviran,1,0,1
hayer,1,0,1
desacetylgedunin,1,0,1
tausanovitch,1,0,1
terania,1,0,1
debemos,1,0,1
tre17,1,0,1
millau,1,0,1
enderwick,1,0,1
peacock,1,0,1
rocuronium.c,1,0,1
hsa-mir101,1,0,1
hsa-mir23b,1,0,1
syntol,1,0,1
darunavir-prezista,1,0,1
atazanavir-reyataz,1,0,1
ritonavir-norvir,1,0,1
lopinavir-kaletra,1,0,1
acyclovir-zovirax,1,0,1
valacyclovir-valtrex,1,0,1
valganciclovir-valcyte,1,0,1
tenofovir-viread,1,0,1
.capravirine,1,0,1
raltegravir-isentress,1,0,1
kirshner,1,0,1
ribavirin-a,1,0,1
genioglossus,1,0,1
perina,1,0,1
β-d-n4hydroxycytidine,1,0,1
smiga,1,0,1
2alinezolid,1,0,1
pplisan,1,0,1
fmoc-cysteine,1,0,1
trox,1,0,1
succinyl-aapf-pna,1,0,1
cysglycine,1,0,1
ninenucleotide,1,0,1
chloroquine;3,1,0,1
ð4:7þ,1,0,1
noradamantane,1,0,1
bisnoradamantanes,1,0,1
anti-cd40l,1,0,1
ubvs,1,0,1
-rubber,1,0,1
cuconati,1,0,1
cys7,1,0,1
wirksamerotavirus-impfstoff,1,0,1
fluoxetina,1,0,1
mu-metal,1,0,1
nika,1,0,1
tin-soldered,1,0,1
mezzanine,1,0,1
nika2,1,0,1
penicillin-streptomycinneomycin,1,0,1
silverstein,1,0,1
.bromelain,1,0,1
yslmethionine,1,0,1
"1,25-vitamind3",1,0,1
afrikander,1,0,1
veratrumalbum,1,0,1
sulfidoleukotriene,1,0,1
uasingishu,1,0,1
herlitz,1,0,1
merino,1,0,1
walder,1,0,1
selenates,1,0,1
dioxinisomer,1,0,1
trifoliosis,1,0,1
soy-,1,0,1
colombini,1,0,1
fixed-drug,1,0,1
pcr.molluscumcontagiosum,1,0,1
achlorophyllic,1,0,1
nits,1,0,1
damalinia,1,0,1
cheyletus,1,0,1
demodex,1,0,1
sancassaniaberlesei,1,0,1
walchia,1,0,1
elaeophora,1,0,1
haematobia,1,0,1
parafilariasis,1,0,1
papillomavirus-1,1,0,1
tricholemmoma,1,0,1
crf3,1,0,1
coccidioidin,1,0,1
methenaminesilver,1,0,1
pep-tide,1,0,1
acura,1,0,1
lubber,1,0,1
hex,1,0,1
chlorhexidinewhich,1,0,1
4quinolone,1,0,1
kipyv,1,0,1
pro-ribavirin,1,0,1
anti-ribavirin,1,0,1
arbidolandfavipiravir(t-705,1,0,1
chloroquineandchlorpromazine,1,0,1
5-fluorouracl-doxorubicin-cyclophosphamide,1,0,1
laparoscoplo,1,0,1
vinci(tin,1,0,1
gastrograftin,1,0,1
lapa~,1,0,1
mesecolon,1,0,1
instracorporeol,1,0,1
chotecystojejunostomy,1,0,1
madex,1,0,1
doparnine,1,0,1
dopemine,1,0,1
otim,1,0,1
antropyloric,1,0,1
butil-2-cianoacrylata,1,0,1
cianoacrylata,1,0,1
priol,1,0,1
zeus,1,0,1
hemetoma,1,0,1
n.72,1,0,1
propofol-midazolam,1,0,1
amantadine-a,1,0,1
methyl-o-galactopyranoside,1,0,1
biocarb,1,0,1
p-methyl-ogalactopyranoside,1,0,1
/&methyl-ngalactopyranoside,1,0,1
p-methyl-u-galactopyranoside,1,0,1
p-methyl-ngalactopyranoside,1,0,1
propanol-1,1,0,1
labair+propanol/isopropanol,1,0,1
isopropanol-2,1,0,1
dendrimer-drug,1,0,1
sirnadendrimer,1,0,1
cv-n.,1,0,1
trpr,1,0,1
7096-aminoacid,1,0,1
salkvaccine.2,1,0,1
tracheale,1,0,1
n-chlorotaurine,1,0,1
delcath,1,0,1
genoscience,1,0,1
okie,1,0,1
urapidilo,1,0,1
folistatin,1,0,1
estrogen-linked,1,0,1
sg-metal,1,0,1
usp7/ubiquitin-aldehyde,1,0,1
omz,1,0,1
.oxymetazoline,1,0,1
uv/vitamind,1,0,1
sesamoid,1,0,1
brachii,1,0,1
fmoc,1,0,1
aminoacids89,1,0,1
cpcv,1,0,1
nkvsl,1,0,1
sarg,1,0,1
ibuprofenate,1,0,1
pentastomida,1,0,1
pi-peracillin,1,0,1
myxin,1,0,1
clodronateliposomes,1,0,1
ohio60,1,0,1
svn2015,1,0,1
renal,1,0,1
apirin,1,0,1
ss/fc/hl/hts/cm,1,0,1
heparin-bonding,1,0,1
priapus,1,0,1
ipde5,1,0,1
intracavernosum,1,0,1
sodium-hyaluronate,1,0,1
zotarolimus-eluting,1,0,1
gelita,1,0,1
saphenofemoral,1,0,1
stentoplasty,1,0,1
microsulis,1,0,1
atherectomy,1,0,1
atherocath,1,0,1
ligature,1,0,1
rf-tva,1,0,1
krassi,1,0,1
ureteroarterial,1,0,1
p-93,1,0,1
vmd-cubist,1,0,1
alidixic,1,0,1
nutrexnv-achterstenhoek,1,0,1
petraf,1,0,1
péter,1,0,1
ribavirin-corticosteroid,1,0,1
rosenow,1,0,1
igg1λ,1,0,1
bicin-,1,0,1
moosavi,1,0,1
schiestl,1,0,1
a-cmr,1,0,1
dewatripont,1,0,1
golga7,1,0,1
caseinkinase,1,0,1
rnf41,1,0,1
isosine,1,0,1
chmp2a,1,0,1
yifeixu,1,0,1
pyrimethamine-treated,1,0,1
esterase-d,1,0,1
hdag,1,0,1
cisplatinmodified,1,0,1
digoxigeninconjugated,1,0,1
0-glycosidase,1,0,1
carbopak,1,0,1
camostate,1,0,1
price-on,1,0,1
~lgrastim,1,0,1
suturamid,1,0,1
cana,1,0,1
g-y,1,0,1
gosain,1,0,1
puzanov,1,0,1
bad42423,1,0,1
paromomycinsulphate,1,0,1
harmalol,1,0,1
hemerosideb,1,0,1
e)-hibalactone,1,0,1
howiinola,1,0,1
(−)-5-hydroxy-4-methoxy-1-tetralone,1,0,1
hyperin-2''-o-gallate,1,0,1
quercetin-3-o-(2''-galloyl)-β-d-,1,0,1
ikemagenin,1,0,1
insularoside-3'-o-β-d-glucoside,1,0,1
(+)-(s)-isogermacrene,1,0,1
isolineolon,1,0,1
l-β-d-,1,0,1
isorhamnetin-3-o-rutinoside,1,0,1
28-o-β-d-,1,0,1
lanuginosine,1,0,1
laxogenin,1,0,1
luteolin-7-o-β-d-glucuronide,1,0,1
margetine,1,0,1
miliusol,1,0,1
peni-cillin,1,0,1
collie,1,0,1
stephanofilaria,1,0,1
dmi,1,0,1
humvaccin,1,0,1
mittlere,1,0,1
jetkatheter,1,0,1
arjo,1,0,1
prostacyclinen,1,0,1
methysergid,1,0,1
epiduralkatheter,1,0,1
estradiol-biotin,1,0,1
epi/norepinephrine,1,0,1
ceftriaxonewe,1,0,1
anti-katacalcin,1,0,1
erv,1,0,1
telecandx,1,0,1
systatin,1,0,1
coflator,1,0,1
nac+dfx,1,0,1
/vigileo,1,0,1
gersak,1,0,1
spronk,1,0,1
salata,1,0,1
bromenol,1,0,1
kistler,1,0,1
shuvam,1,0,1
trypsin/versene,1,0,1
imunoglobulin,1,0,1
dris,1,0,1
usgcrp,1,0,1
sylara,1,0,1
keti,1,0,1
6sialyllactosamine,1,0,1
a-glucosidase,1,0,1
octaphlorethola,1,0,1
"ins0,0",1,0,1
ouiside,1,0,1
pirazolonas,1,0,1
f-flcz,1,0,1
-pentamidine,1,0,1
-pyrantel,1,0,1
ritin,1,0,1
mesoblasts,1,0,1
beta-d-n4-hydroxycytidine,1,0,1
fmoc-l-bishomopropargylglycine-oh,1,0,1
5carboxymethyltetronates,1,0,1
aminoacidbromides,1,0,1
parvulus,1,0,1
shigelloides,1,0,1
hirae,1,0,1
aeruginosa,1,0,1
rosana,1,0,1
lívio,1,0,1
pollyanna,1,0,1
mgl-fc,1,0,1
bid-rad,1,0,1
example:ˆ1839-,1,0,1
religiöse,1,0,1
cholerageradezu,1,0,1
genozid,1,0,1
sklaven,1,0,1
tocquevilles,1,0,1
mahalonobis,1,0,1
fulin,1,0,1
tiotropium-fl,1,0,1
sozioökonomischegesichtspunkte,1,0,1
counselors,1,0,1
-artemether,1,0,1
4hydroxycoumarin,1,0,1
gem-dibromide,1,0,1
n-carboxymethyl-lysine,1,0,1
oleocanthol,1,0,1
40'.egfluorouracil,1,0,1
heparinsulphate,1,0,1
fusario,1,0,1
basilicata,1,0,1
osrin,1,0,1
highiodine,1,0,1
antikoagulanzientherapie,1,0,1
colchicin/tag,1,0,1
supramycin,1,0,1
enoxaparin-natrium,1,0,1
f-flt,1,0,1
f-albumin,1,0,1
mbd4,1,0,1
aceticacid/ethanol,1,0,1
-ganciclovir/valganciclovir,1,0,1
chee-fah,1,0,1
msp2,1,0,1
porcel,1,0,1
guinee,1,0,1
nhsbiotin,1,0,1
raikov,1,0,1
ashwell,1,0,1
.sunblotch,1,0,1
whitsell,1,0,1
darbs,1,0,1
pelamoviroid,1,0,1
moriflorum,1,0,1
~-amanitin,1,0,1
zetapapillomavirus,1,0,1
zanamivir.•,1,0,1
usa.laninamivir,1,0,1
renminbindf,1,0,1
bactericiden-chloramines,1,0,1
3-fluoro-n-methoxy-n-methyl-benzamide,1,0,1
3-chloro-n-methoxy-n-methyl-benzamide,1,0,1
zinc-defi,1,0,1
aurilol,1,0,1
lithiumbromocyclopropylidenoid,1,0,1
quinquecyclopropanol,1,0,1
gunnstein,1,0,1
norheim,1,0,1
teinase,1,0,1
zikvenvelope,1,0,1
lvedv,1,0,1
mt-svr,1,0,1
acr,1,0,1
doselength,1,0,1
dact,1,0,1
eus,1,0,1
truefispmra,1,0,1
poh,1,0,1
gabarone,1,0,1
sci-001,1,0,1
torax,1,0,1
"19-nor-1,25-dihydroxyvitamind",1,0,1
autorin,1,0,1
gruppe,1,0,1
tcm-phytotherapie,1,0,1
β-chitosan,1,0,1
peg-ifn-a-2a,1,0,1
carbobenzyl-leu-leu-leu-aldehyde,1,0,1
mg/ipratropium,1,0,1
0.03.bronchodilator,1,0,1
domino,1,0,1
cy4,1,0,1
macedonio,1,0,1
cartesio,1,0,1
aur-1001,1,0,1
enalaprile,1,0,1
amytriptiline,1,0,1
hematology/oncology,1,0,1
talidomide,1,0,1
thalidomide/dexametasone,1,0,1
chromacol,1,0,1
anti-tnf-alfa,1,0,1
clamikacin,1,0,1
ph.sildenafil,1,0,1
sildenafilo,1,0,1
pt-191,1,0,1
arista,1,0,1
biphosphanate,1,0,1
ogastoro,1,0,1
imipenem-cilastatine,1,0,1
silazopril,1,0,1
qinapril,1,0,1
niemoller,1,0,1
agassiz,1,0,1
buddhist-christian,1,0,1
milik,1,0,1
kombuchatea,1,0,1
dctslawproposal,1,0,1
mineri,1,0,1
babyoil,1,0,1
t-t,1,0,1
bg-o,1,0,1
dubost,1,0,1
glycoproteine2,1,0,1
oxy-rvad,1,0,1
thii,1,0,1
cepharanthine/selamectin/mefloquine,1,0,1
lachesana,1,0,1
tiletaminezolazepam,1,0,1
α-gal,1,0,1
arylazide,1,0,1
donet,1,0,1
attn-unet,1,0,1
glucagon-insulin,1,0,1
insulin-glucagon,1,0,1
liver-toxic,1,0,1
cortexmagnoliae,1,0,1
betadine®,1,0,1
ethambutol(e,1,0,1
toluenemethylcyclohexane,1,0,1
rdihirs,1,0,1
colchicineammoniumchloride,1,0,1
coiitrolofl,1,0,1
icinomycin,1,0,1
rrum,1,0,1
kropff,1,0,1
nafl,1,0,1
cefl,1,0,1
zincpalmitate,1,0,1
cbp.garcinol,1,0,1
mesophyllic,1,0,1
subba,1,0,1
eoncanamycin,1,0,1
clik148,1,0,1
sadegh-nasseri,1,0,1
ofleupeptin,1,0,1
-anidulafungin,1,0,1
tacroliumus,1,0,1
franpriestap,1,0,1
ayurvedic,1,0,1
leão,1,0,1
gnoss,1,0,1
thatas,1,0,1
thiram,1,0,1
6-methyladenine,1,0,1
compoundb-1,1,0,1
coproscopy,1,0,1
sul-famethoxazole,1,0,1
am-picillin,1,0,1
lipoxina,1,0,1
.acetylcholinesterase,1,0,1
andrewhoughton,1,0,1
salt-mineral,1,0,1
walkability-index,1,0,1
binepal,1,0,1
chakraverty,1,0,1
acrinobocillus,1,0,1
copil,1,0,1
nb5,1,0,1
nb12,1,0,1
ewe,1,0,1
atg12-targeted,1,0,1
e13,1,0,1
alphaketoamides,1,0,1
eckard,1,0,1
government,1,0,1
gorecki,1,0,1
ritos,1,0,1
antipalúdico,1,0,1
martinica,1,0,1
patch-dock,1,0,1
anti-psychotic,1,0,1
schäfer-graf,1,0,1
choriongonadotropins,1,0,1
-fondaparinux,1,0,1
zervixkarzinom,1,0,1
kepler-12b,1,0,1
hardwood,1,0,1
caprofen,1,0,1
-cytosine,1,0,1
hfmd,1,0,1
brand-80,1,0,1
genelex,1,0,1
ranco,1,0,1
yjun,1,0,1
cgn,1,0,1
harleen,1,0,1
husam,1,0,1
christofides79,1,0,1
revinax®app,1,0,1
mitrione,1,0,1
nitrosoand,1,0,1
alkali-metal,1,0,1
bron,1,0,1
frü,1,0,1
aneu,1,0,1
obstetrician,1,0,1
eclamptic,1,0,1
epineph-rine,1,0,1
1.surfactant,1,0,1
icp.tromethamine,1,0,1
bellamere,1,0,1
agras,1,0,1
trl2,1,0,1
.loperamide,1,0,1
odns,1,0,1
β-adrenergicand,1,0,1
galnt3,1,0,1
katedraal,1,0,1
pro-methionine,1,0,1
"a,-tensinogen",1,0,1
financescheme,1,0,1
chief,1,0,1
niland,1,0,1
paultam,1,0,1
lap-chee,1,0,1
vice-chancellor,1,0,1
dgaap,1,0,1
sswbis,1,0,1
vinblastin/,1,0,1
vincristin/actinomycin,1,0,1
us-carvedilol,1,0,1
sulfamethozaxole-trimethoprim,1,0,1
nitazoxa-nide,1,0,1
antihistaminedecongestant,1,0,1
non-erythromycin,1,0,1
rasirnas,1,0,1
tsvrna2tsvrna34,1,0,1
2'3'-dideoxycitidine,1,0,1
kanamycinb,1,0,1
2013e2016,1,0,1
indoensia,1,0,1
khairudin,1,0,1
psota,1,0,1
rimod,1,0,1
follicum,1,0,1
probi,1,0,1
tineacircinata,1,0,1
marriott,1,0,1
sodiumpyrimidine,1,0,1
campin,1,0,1
dess,1,0,1
kinine(dihydrochloride,1,0,1
chloroquineresistente,1,0,1
chloroquine-of,1,0,1
atovaquonproguanil,1,0,1
guarantees,1,0,1
deepneat,1,0,1
lamivudine/entecavir,1,0,1
-c-methylcytidine,1,0,1
6-methyl-7-deazaadenosine,1,0,1
grl-002,1,0,1
-azidothymidine,1,0,1
hyssopus,1,0,1
salganic,1,0,1
backrub,1,0,1
pegifn-a/,1,0,1
pegifna-2b,1,0,1
pegifn-a-2a,1,0,1
sindbis,1,0,1
dg24,1,0,1
artemisinin.anti-mtb,1,0,1
bili-rubin,1,0,1
erythromy-cin,1,0,1
telisha,1,0,1
coptidisrhizoma,1,0,1
doc2vec,1,0,1
gymnusini,1,0,1
"a.,flavicornis",1,0,1
a.flavicornis,1,0,1
mlp-ia,1,0,1
trehalosedimycolate,1,0,1
maleylated,1,0,1
.syntenin,1,0,1
vitamind3also,1,0,1
budgetpartnership,1,0,1
bida,1,0,1
o-acetylatedsialicacids,1,0,1
diathermia,1,0,1
atp-adenosine,1,0,1
biolol~,1,0,1
myristoytation,1,0,1
charini,1,0,1
s.grandiflora,1,0,1
s1n330-iii,1,0,1
mne-ngo,1,0,1
paulatina,1,0,1
cyclin/,1,0,1
atlatoxin,1,0,1
chloroethylene,1,0,1
spiridonova,1,0,1
wiide,1,0,1
isofloävet,1,0,1
met&amide,1,0,1
mearns,1,0,1
andrae,1,0,1
lecb.,1,0,1
johnson&,1,0,1
bariatec,1,0,1
-thiodipropionic,1,0,1
"1,2,3selenadiazole",1,0,1
bracco,1,0,1
p-nitrophenilacetate,1,0,1
4-hydroxychoroquine,1,0,1
micrornamir-155-3p,1,0,1
mir-155-3p,1,0,1
flavonoidtannin,1,0,1
250µgcosyntropin/synacthen,1,0,1
11-deoxycortisol,1,0,1
botulinum-toxin,1,0,1
doxycycline-minocycline,1,0,1
ethambutole,1,0,1
r-agonist,1,0,1
ϩnelfinavir,1,0,1
lisinopri,1,0,1
minoopterus,1,0,1
anti-inebilizumab,1,0,1
μm.chloroquine,1,0,1
leucotriene,1,0,1
chloramphenicol/florfenicol,1,0,1
caravan,1,0,1
offl-glucuronidase,1,0,1
dd002,1,0,1
st001,1,0,1
ml-11,1,0,1
hashvecb,1,0,1
ovarian,1,0,1
phenolguanidine,1,0,1
gynecomastia,1,0,1
doxsee,1,0,1
varicoceles,1,0,1
diphallia,1,0,1
xanthiumstrumarium,1,0,1
isopropanol).3,1,0,1
calciumgluco-nate,1,0,1
moslems,1,0,1
ffp2-und,1,0,1
asn60,1,0,1
sc-ova,1,0,1
intein/,1,0,1
spy-catcherdn-ova,1,0,1
.ubiquitin,1,0,1
uv-spectrophotometry,1,0,1
scilens,1,0,1
chlorine/hypochlorites,1,0,1
pcb-dioxin,1,0,1
terpeneozone,1,0,1
cla-dosporium,1,0,1
aspergillus/penicillium,1,0,1
stachybotris,1,0,1
trichothenes,1,0,1
β-hexachlorocyclohexane,1,0,1
arb/,1,0,1
tertacyclines,1,0,1
adrp-apo2,1,0,1
c-chloroquine,1,0,1
penicillin.41,1,0,1
neoarsphenamine,1,0,1
adamic,1,0,1
cirpcat,1,0,1
boccard,1,0,1
stack,1,0,1
mflavonoids,1,0,1
the~35,1,0,1
.orchidaceae,1,0,1
cassiaoccidentalis,1,0,1
tomascik,1,0,1
pmtocol,1,0,1
celebes,1,0,1
mpera,1,0,1
arropora,1,0,1
dicaricata,1,0,1
remurks,1,0,1
keniarks,1,0,1
epmolopy,1,0,1
skaletul,1,0,1
bestwil,1,0,1
chlorhecidine,1,0,1
chlorhexidine/cetrimide,1,0,1
chlohexidine,1,0,1
acridinium-labelled,1,0,1
dynamisch,1,0,1
produkt,1,0,1
thiol-blocker,1,0,1
glu-lys,1,0,1
-fenofibrate,1,0,1
niacin/,1,0,1
pla2modified,1,0,1
thyromimetics,1,0,1
thyromimetic,1,0,1
-pcsk9,1,0,1
apob-containinglipoproteins,1,0,1
plaat,1,0,1
f.plaat,1,0,1
cox-2-remmers,1,0,1
hemostatica,1,0,1
protrombinecomplex,1,0,1
clemastinefumaraat,1,0,1
perspiratio,1,0,1
hypernatriëmie,1,0,1
kaliumchloride,1,0,1
hypermagnesiëmie,1,0,1
hypomagnesiëmie,1,0,1
fosfaat,1,0,1
hyperfosfatemie,1,0,1
hypofosfatemie,1,0,1
hygiëne,1,0,1
manaf,1,0,1
haploid,1,0,1
ranbp17,1,0,1
iso1,1,0,1
folicacidcurcumin,1,0,1
oxystoma,1,0,1
srin,1,0,1
cxquinque,1,0,1
perambalur,1,0,1
mesta,1,0,1
gladiolus,1,0,1
mg/lvirazole,1,0,1
cy-dye,1,0,1
nmx-cc,1,0,1
elorata,1,0,1
wmhbv,1,0,1
bva,1,0,1
ptoend,1,0,1
kumaragurubaran,1,0,1
tartrateglycerol,1,0,1
samuelson,1,0,1
camfolin,1,0,1
.carboplatin,1,0,1
paracetamol/carboplatin,1,0,1
dibenzofulvene,1,0,1
vaibhav,1,0,1
meanwell,1,0,1
peg/ifn,1,0,1
c13-aminopyrine,1,0,1
ombitasvir/paritaprevir/r,1,0,1
sofosbuvir-(sof,1,0,1
ifn/pegifn,1,0,1
mcp-1/ssiglec-9,1,0,1
debby,1,0,1
ifnλ3,1,0,1
bms-986036,1,0,1
pz-235,1,0,1
volixibat,1,0,1
gs-9674,1,0,1
sofosbuvir(sof)/ledipasvir,1,0,1
pegintereron+ribavirin,1,0,1
pegintereron+ribavirin-te,1,0,1
36hcv-cv,1,0,1
ombitasvir/,1,0,1
remogliflozinetabonate,1,0,1
remo,1,0,1
simeprevir-sofosbuvir,1,0,1
daclatasvir-sofosbuvir,1,0,1
hcv-6,1,0,1
c-asv,1,0,1
s/daclatasvir,1,0,1
s/ledipasvir,1,0,1
glycerol-ra,1,0,1
kibaba,1,0,1
sirna-lnps,1,0,1
dioxigenin,1,0,1
tiao-kuai,1,0,1
acetylatedmonoglycerides,1,0,1
l2,1,0,1
moutafis,1,0,1
tychinin,1,0,1
rhabdophis,1,0,1
cholestherol,1,0,1
phenidone,1,0,1
tazobactan-piperacilline,1,0,1
nifekalant,1,0,1
[108]amodiaquine,1,0,1
.catechin,1,0,1
dea,1,0,1
aetinomycind,1,0,1
a-santonin,1,0,1
sohn,1,0,1
jtt,1,0,1
prekinder,1,0,1
thee,1,0,1
gc-dexamethasone,1,0,1
emmanuelmacron,1,0,1
etkin,1,0,1
aloctenes,1,0,1
∂k.,1,0,1
phenobarbitalinduced,1,0,1
aztronam,1,0,1
--chloramphenicol,1,0,1
bisk,1,0,1
speech-to-text,1,0,1
etaalso,1,0,1
arnon,1,0,1
haplo-hct,1,0,1
anti-cd117,1,0,1
/etoposide,1,0,1
lothar,1,0,1
rimiducid,1,0,1
gentium/,1,0,1
o110,1,0,1
cyclosporine/tacrolimus/methotrexate,1,0,1
n-diethylmeta-toluamide,1,0,1
sanchis,1,0,1
cryl,1,0,1
mekonium,1,0,1
anti-chaperone,1,0,1
cesareni,1,0,1
khelo,1,0,1
dibamids,1,0,1
phylobayes-mpi,1,0,1
vun-sinlim,1,0,1
osr-2015-crg4,1,0,1
azathioprin-,1,0,1
renana,1,0,1
watan,1,0,1
ap2l,1,0,1
angiosperms,1,0,1
cypermethrine,1,0,1
pheidole,1,0,1
smallor,1,0,1
etf,1,0,1
fusheng,1,0,1
hydroxychloroquinemalaria,1,0,1
antidiar,1,0,1
influenza,1,0,1
lunella,1,0,1
argobuccinum,1,0,1
opry,1,0,1
yaviren,1,0,1
villin-actin,1,0,1
noeth,1,0,1
25ohvitamin,1,0,1
nadm,1,0,1
idd-hsr,1,0,1
benecia,1,0,1
hla-b*5701,1,0,1
fos-amprenavir,1,0,1
ipromellosa,1,0,1
lipoicacid-containing,1,0,1
pi/r,1,0,1
5-bromo-deoxiuridine,1,0,1
levenshus,1,0,1
ramalingam,1,0,1
antipolio,1,0,1
kunv,1,0,1
ethylacetamide,1,0,1
nikolaos,1,0,1
spyridon,1,0,1
r-camp,1,0,1
merla,1,0,1
-gluconate,1,0,1
interferon-α2β,1,0,1
euryarchaeote,1,0,1
maritimus,1,0,1
interferon(ifn)-a2b,1,0,1
borator,1,0,1
bilhar,1,0,1
†bisulfite,1,0,1
rothera,1,0,1
cautela,1,0,1
nusap,1,0,1
roald,1,0,1
gervasoni,1,0,1
faguscrenata,1,0,1
linderomembranaceae-fagetumcrenatae,1,0,1
vaecinium,1,0,1
dryopteridetosum,1,0,1
uniflora,1,0,1
tripetaleiapaniculata,1,0,1
pinetosum,1,0,1
ivex,1,0,1
bax/,1,0,1
linxiahui,1,0,1
cs1001,1,0,1
guanalin,1,0,1
hawii,1,0,1
endoscopia,1,0,1
pact-d3,1,0,1
reading.kinase,1,0,1
dibromide,1,0,1
vodka,1,0,1
chogosta,1,0,1
buprenorphine-naloxone,1,0,1
bup101,1,0,1
mitragyninespeciosa,1,0,1
thc:cbd,1,0,1
e-nicotine,1,0,1
agave,1,0,1
cerbera,1,0,1
mitragynine,1,0,1
elafibranor,1,0,1
resmetirom,1,0,1
vojta,1,0,1
steunstichting,1,0,1
medicamentos,1,0,1
r-caffeine,1,0,1
maskgvc,1,0,1
navarro's,1,0,1
empirica,1,0,1
oaa1,1,0,1
oaa2,1,0,1
oaa3,1,0,1
getein,1,0,1
colima,1,0,1
hycel,1,0,1
estericide,1,0,1
gag/matrix,1,0,1
aerodiol,1,0,1
-oestradiol,1,0,1
mesalanine,1,0,1
antitrypsinalpha-1antitrypsin(,1,0,1
mir-125a-5p,1,0,1
opioid-benzodiazepine,1,0,1
opioidbenzodiazepine,1,0,1
residronate,1,0,1
antimoonpreparaten,1,0,1
compound(±)-46,1,0,1
canthocarnptus,1,0,1
acanthocyclops,1,0,1
mycyk,1,0,1
1-α-dihydroxyvitamin,1,0,1
pre-methylprednisolone,1,0,1
yukosoil,1,0,1
gorbachev,1,0,1
astolphe,1,0,1
.ifnγ,1,0,1
iupred2,1,0,1
rochin,1,0,1
lamiaceae,1,0,1
cucurbitacins,1,0,1
tdec,1,0,1
yadong,1,0,1
atg14l/barkor,1,0,1
hcv-protein,1,0,1
ae-e.,1,0,1
kapranov,1,0,1
thalidomide-alone,1,0,1
rtil,1,0,1
predniso,1,0,1
michet,1,0,1
rg16,1,0,1
ty-rosine,1,0,1
2rx,1,0,1
sw17,1,0,1
leukotriene-b4,1,0,1
vitamin-a.,1,0,1
dimers,1,0,1
flamingo,1,0,1
etra,1,0,1
β-arrestin-2,1,0,1
β-arrestins,1,0,1
α1d-adrenergic,1,0,1
α1c-adrenoceptor,1,0,1
α2a-adrenoceptor,1,0,1
α2b-adrenoceptors,1,0,1
α2b-adrenoceptor,1,0,1
neurabin-2,1,0,1
α2c-adrenoceptor,1,0,1
β3ar,1,0,1
α2d-adrenoceptors,1,0,1
zona,1,0,1
adrenomedullin-1,1,0,1
adrenomedullin-5,1,0,1
cholecystokinins,1,0,1
.vasoconstrictor,1,0,1
etb2,1,0,1
[1008].endothelin-1,1,0,1
gabab1a,1,0,1
alarin,1,0,1
noradrenaline-,1,0,1
imidazolethylamine,1,0,1
msh-agonist,1,0,1
prepronociceptin,1,0,1
corticotropin-lipotropin,1,0,1
βmsh,1,0,1
prostaglandinpge2,1,0,1
thromboxanes,1,0,1
prostaglandin-f2α,1,0,1
disulfide/thiol,1,0,1
gi-,1,0,1
para-tyramine,1,0,1
fiber2,1,0,1
sulfaquinox-mine,1,0,1
pastacidin,1,0,1
etiproston,1,0,1
sulpha-trimethoprim,1,0,1
p.hepiali,1,0,1
penicillinkg,1,0,1
amikacinkg,1,0,1
yarmulke,1,0,1
denv2ns1,1,0,1
venin,1,0,1
cvan,1,0,1
lippert,1,0,1
ph-salt,1,0,1
clis,1,0,1
forskolin-camp,1,0,1
rexin-g£,1,0,1
halogene,1,0,1
ssi-risiko,1,0,1
abraalba,1,0,1
natica,1,0,1
marinostatin,1,0,1
mycocypins,1,0,1
saccharopepsin,1,0,1
triethylenmelamin,1,0,1
gcgaat,1,0,1
rands-goitrin,1,0,1
uicide,1,0,1
alupent,1,0,1
prevacid,1,0,1
b-46,1,0,1
himantopus,1,0,1
viavan,1,0,1
bill&melindagates,1,0,1
z-agonist,1,0,1
buenismo,1,0,1
10h-phenothiazines,1,0,1
10hphenothiazine,1,0,1
niramine,1,0,1
methylpenicillin,1,0,1
clarithromy,1,0,1
peropuvirus,1,0,1
curiovirus,1,0,1
dichorhavirus,1,0,1
enger,1,0,1
li=,1,0,1
luís,1,0,1
bw53,1,0,1
kaempferolderivativesjuglanin,1,0,1
miller-idriss,1,0,1
briget,1,0,1
rosamaria,1,0,1
haiti,1,0,1
30ibuprofen,1,0,1
procaine-penicillin,1,0,1
eonil,1,0,1
bactoscan,1,0,1
gracey,1,0,1
alcohol-free,1,0,1
acef,1,0,1
lead-apron,1,0,1
betulilhan,1,0,1
dibromoxylenes,1,0,1
metaxylene,1,0,1
vanr,1,0,1
p@10,1,0,1
p@30roberta,1,0,1
danuravir/cobicistat,1,0,1
ifn-β/ribavirin,1,0,1
tert-butylhydroquinone,1,0,1
bromodiamide,1,0,1
oseltamivir101,1,0,1
compounda-192558174i,1,0,1
keerut,1,0,1
sulfo-nhs-lc-diazirine,1,0,1
guder,1,0,1
tyrel,1,0,1
demetria,1,0,1
mihalic,1,0,1
metalglutamate,1,0,1
ptp-hscf,1,0,1
nbp-45,1,0,1
diisopropylether(dipe)/1-butanol/,1,0,1
gangliosides,1,0,1
zwaai,1,0,1
13-amino-acids,1,0,1
espera,1,0,1
lamina+c,1,0,1
numbronchodilators,1,0,1
qt-35,1,0,1
novascotia,1,0,1
oxygenglucose,1,0,1
pde7,1,0,1
mir-7a,1,0,1
sb-505124,1,0,1
lpc,1,0,1
rab27a,1,0,1
heminodal,1,0,1
jzl184,1,0,1
ercc1,1,0,1
l-dopa/da,1,0,1
urmc-099,1,0,1
gpr56,1,0,1
post-tamoxifen,1,0,1
neurogenin-2,1,0,1
glutaminesynthetase,1,0,1
shh-agonists,1,0,1
ephrinb3,1,0,1
gsc-mir-302,1,0,1
19-amino-acid,1,0,1
m-mulv,1,0,1
hiviress,1,0,1
lachar,1,0,1
corticosteroids/furosemide,1,0,1
sjggren,1,0,1
paroxetinehydrochloride,1,0,1
1996cladribine,1,0,1
urecholine,1,0,1
pdb2vir,1,0,1
holtemöller,1,0,1
acar,1,0,1
schutzkittel,1,0,1
händedesinfektionsmittelspender,1,0,1
anästhesien,1,0,1
garvan,1,0,1
qt_clust,1,0,1
morex,1,0,1
phasirna,1,0,1
srinivasula,1,0,1
norouz,1,0,1
hassabis,1,0,1
"奶""[主题",1,0,1
/-tocilizumab,1,0,1
darunavir/cobcistat,1,0,1
resveratorol,1,0,1
trivalent-dmj,1,0,1
ubipro,1,0,1
zyvox/clarithromycin,1,0,1
aero-bika,1,0,1
oligog,1,0,1
tlr5-agonist,1,0,1
beta-blockercarteol,1,0,1
pti-428,1,0,1
vx-440,1,0,1
hsp90-blockade,1,0,1
forskolin/ibmx,1,0,1
ned-d4l,1,0,1
streptomycin/hygromycin,1,0,1
editase,1,0,1
colistin/oligog,1,0,1
alx-009,1,0,1
silp,1,0,1
spx-101,1,0,1
orkambi®,1,0,1
paag15a,1,0,1
ceftozolane/tazobactam,1,0,1
stenotrophomonas,1,0,1
alaxia,1,0,1
azithromycin-induced,1,0,1
meki,1,0,1
nonazithromycin,1,0,1
ciske,1,0,1
fgf15,1,0,1
tallarico,1,0,1
uteroverdin,1,0,1
ammoniumacid,1,0,1
ivdiazepam,1,0,1
shifaq,1,0,1
peñaflorida,1,0,1
n-diethylm-toluamide,1,0,1
pyridostigminebromide,1,0,1
reservist/,1,0,1
eastdiazepam,1,0,1
steptokinase,1,0,1
h]thiamine,1,0,1
c.bafilomycina1,1,0,1
cnix,1,0,1
(15)cyclosporine,1,0,1
csa/fk,1,0,1
intercalatin,1,0,1
fareesercizi,1,0,1
ціпочуття,1,0,1
målene,1,0,1
peginterferona-2b,1,0,1
eukalyptus,1,0,1
pulvinus,1,0,1
yogeshwar,1,0,1
ormia,1,0,1
b-hpv,1,0,1
deneddylating,1,0,1
5-methoxycytidine,1,0,1
polyplex,1,0,1
protamine-stabilized,1,0,1
thatmrna-basednanovaccines,1,0,1
antihistone-h,1,0,1
engerixr,1,0,1
cervarixr,1,0,1
cholesterol-buprenorphine,1,0,1
pherin,1,0,1
rangap,1,0,1
cineurin,1,0,1
nup53,1,0,1
psori-asis,1,0,1
eliseo,1,0,1
14c-labeled,1,0,1
ifnalpha,1,0,1
pan-dopamine,1,0,1
neurohiv,1,0,1
yvad-fmk,1,0,1
alcain,1,0,1
csa-cypa,1,0,1
ipsi-001,1,0,1
ubch7,1,0,1
cnbb,1,0,1
conselho,1,0,1
episcopal,1,0,1
hpv-77de,1,0,1
hpv-77de5,1,0,1
telazole1,1,0,1
368vitamin,1,0,1
paraprevotella,1,0,1
emilskamene,1,0,1
sulfmethoxazol,1,0,1
trimethoprim/tag,1,0,1
posaconazols,1,0,1
.isavuconazol,1,0,1
sulfmethoxazol/trimethoprim,1,0,1
dapson/trimethoprim,1,0,1
trimetrexat,1,0,1
einattenuierterlebendimpfstoff,1,0,1
chemoprophylaxe,1,0,1
.clarithromycin,1,0,1
saccharumofficinarum,1,0,1
locteron,1,0,1
hemastix,1,0,1
feinerer,1,0,1
fprψ,1,0,1
7-deaza-7-thia-8-oxoguanosine,1,0,1
p∈,1,0,1
.labetalol,1,0,1
cimicidee,1,0,1
trypsin-cleaved,1,0,1
sai,1,0,1
deo,1,0,1
steroids+azathi-oprine+infliximab,1,0,1
vision2030,1,0,1
-celecoxib,1,0,1
persone-textile,1,0,1
sayopillow,1,0,1
smart-yoga,1,0,1
hydrogenophilus,1,0,1
pasp_d.,1,0,1
laxalde,1,0,1
d-s,1,0,1
isip,1,0,1
2'-cmethylcytidine,1,0,1
escg-p-9,1,0,1
escg-p-13,1,0,1
escg-p-18,1,0,1
esvc-p-6,1,0,1
esvc-p-13,1,0,1
esvc-p-16,1,0,1
esvc-p-18,1,0,1
esvc-p-21,1,0,1
endovet,1,0,1
esvim-p-16,1,0,1
paterna,1,0,1
fipronil-based,1,0,1
flumethrin-based,1,0,1
sulfamethazin,1,0,1
tevc,1,0,1
nt-procnp,1,0,1
simvastatinacid,1,0,1
sesamol,1,0,1
grantls07-,1,0,1
zyprexa,1,0,1
ribavirin-interferon-a-2b,1,0,1
ribavirinpregnancy,1,0,1
hepatocel,1,0,1
doxorubicinbased,1,0,1
bingin,1,0,1
ethyl-cinnamate,1,0,1
hizbullah,1,0,1
carbosulfan,1,0,1
ocp.it,1,0,1
anitratus,1,0,1
casrn,1,0,1
noael,1,0,1
edil-oriol,1,0,1
shrna/sirna,1,0,1
-iodoacetamide,1,0,1
aptinyx,1,0,1
paluvizimab,1,0,1
ribavirinm,1,0,1
clarithromyein,1,0,1
.ompb,1,0,1
clamidia,1,0,1
anilinehydrochloride,1,0,1
neat,1,0,1
ebus-tbna,1,0,1
tobramycin/ceftazadime,1,0,1
interleukin(il)-13,1,0,1
gurfam,1,0,1
zoluth,1,0,1
polyg,1,0,1
^vitamina,1,0,1
capii,1,0,1
hoplopleura,1,0,1
vitaminosisa,1,0,1
emtricitabinethe,1,0,1
whv,1,0,1
"^""^c-emtricitabine",1,0,1
^'^c-emtricitabine,1,0,1
5'-flurouracil,1,0,1
dotar,1,0,1
ramot,1,0,1
ϕ:ê,1,0,1
gsbup-dea,1,0,1
diversa,1,0,1
mibact,1,0,1
dna-pei,1,0,1
isotachaphoresis,1,0,1
13-interferon,1,0,1
3-serotonin,1,0,1
slayer,1,0,1
l-cysteinglycine,1,0,1
azd1390,1,0,1
magdalen,1,0,1
tylocine,1,0,1
vetrimoxinh,1,0,1
sulfosalicylique,1,0,1
anti-cyclic,1,0,1
glycuronate,1,0,1
hypercalciuries,1,0,1
vitaminedcholestérol,1,0,1
onchocercose,1,0,1
lexofloxacine,1,0,1
sérum,1,0,1
hühner,1,0,1
tbg,1,0,1
hypovitaminosek,1,0,1
-antiplasmine,1,0,1
bampb,1,0,1
lcpa,1,0,1
progesteroneacetate,1,0,1
progestinonly,1,0,1
cdknib,1,0,1
sulphasalazine-it,1,0,1
tricyclin,1,0,1
enteral,1,0,1
maxar,1,0,1
noel,1,0,1
lithium−halogen,1,0,1
two-doxycycline,1,0,1
hcvns3/ns4a,1,0,1
rotavirusvp2capsid,1,0,1
bibliotherapy,1,0,1
quercetinkaempferol,1,0,1
camphogen,1,0,1
lupineflour,1,0,1
s-tryptase,1,0,1
concluding,1,0,1
asthma(ara,1,0,1
formaldehyde'.it,1,0,1
sodiumtetrachloropalladate,1,0,1
supro,1,0,1
paulis,1,0,1
peanutoit,1,0,1
trp-agonists,1,0,1
polymeriseda1at,1,0,1
puttitanum,1,0,1
granger-,1,0,1
lapacho,1,0,1
op-145,1,0,1
eancore,1,0,1
h)anthracene,1,0,1
f.x.bosch,1,0,1
phenol-sds,1,0,1
3h-lysine,1,0,1
hpv-rna,1,0,1
siam,1,0,1
cyberjaya,1,0,1
rilek,1,0,1
netchaeva,1,0,1
tradenet,1,0,1
dumai,1,0,1
it21,1,0,1
gloriamacapagal,1,0,1
amidoxime,1,0,1
o-phenanthroline,1,0,1
pulvertaft,1,0,1
"paclitaxel.""at",1,0,1
cyclodextrin,1,0,1
sulfoalkylether--cyclodextrins,1,0,1
tamoxifen/plga,1,0,1
free-docetaxel,1,0,1
papyri,1,0,1
wager,1,0,1
1methylpseudouridine,1,0,1
inf-α2b,1,0,1
chozn,1,0,1
tastotherm,1,0,1
trans-3'-hydroxycotinine,1,0,1
yin/,1,0,1
yin/yangdoctrineyin,1,0,1
ub-intein,1,0,1
benoîtede,1,0,1
naftolin,1,0,1
nim0dipine,1,0,1
somatomedin,1,0,1
naphazolinehydrochloride,1,0,1
dinitrophenyi,1,0,1
γ-glutamylcysteinylglycine,1,0,1
chrysophrys,1,0,1
halictus,1,0,1
all-amide,1,0,1
lactococcin,1,0,1
tigerinins,1,0,1
suzukacillinb,1,0,1
trichosporinsb3,1,0,1
laxaphycineb,1,0,1
miur,1,0,1
enzyme-toxin,1,0,1
vegf/vegfr,1,0,1
aliskiren-renin,1,0,1
adamantyltripeptide,1,0,1
egfp-silaffin,1,0,1
(+)-negamycin,1,0,1
oxalyamide,1,0,1
peg8,1,0,1
lebetin,1,0,1
acyclovirdeoxycholat,1,0,1
sirna-nes,1,0,1
daunorubicin-gnrh-iii,1,0,1
pi4,1,0,1
aminoaciddiamides,1,0,1
cycloguanidine,1,0,1
dimethyltartrate,1,0,1
marin,1,0,1
ayyankeril,1,0,1
enterosgel,1,0,1
trastuzumabbased,1,0,1
malm,1,0,1
zillow,1,0,1
setron,1,0,1
[3h]-granisetron,1,0,1
serotonin-bound,1,0,1
granisetron-,1,0,1
ondansetron-,1,0,1
dolasetron-,1,0,1
leucoblast,1,0,1
heroinacetate,1,0,1
meperidine/pethidine,1,0,1
dextrophane,1,0,1
dextrorotatoryisomer,1,0,1
fentanyl-analogues,1,0,1
subanalgesic,1,0,1
naltrindol,1,0,1
glucoronide,1,0,1
hypnos,1,0,1
bremacozine,1,0,1
psilocybine,1,0,1
gabaminergic,1,0,1
hdp-msn,1,0,1
tpl-b,1,0,1
-globin,1,0,1
gardasiltogardasil,1,0,1
peginterferon-alfa-2b,1,0,1
bètalactamantibioticum,1,0,1
rubik,1,0,1
vishnu,1,0,1
sternostoma,1,0,1
chloriridovirus,1,0,1
oelsnitz,1,0,1
harif,1,0,1
diode,1,0,1
trichlosan,1,0,1
metocloprarnide,1,0,1
kiprosh,1,0,1
odontoceti,1,0,1
toucar,1,0,1
nāgārjuna,1,0,1
madhyamika,1,0,1
aggi-vacchagottasutta,1,0,1
kathita,1,0,1
pramāṇasamuccaya,1,0,1
pramāṇavārttikakārikā,1,0,1
hbpm,1,0,1
hydriastele,1,0,1
ptychosperma,1,0,1
ewel,1,0,1
32sulfadimethoxine,1,0,1
lysimachia,1,0,1
anthoxanthum,1,0,1
vincristintherapie,1,0,1
trpdendrimer,1,0,1
anestesiólogo,1,0,1
plaquenil-hydroxychloroquine,1,0,1
amikacin/ampicillin,1,0,1
urel,1,0,1
β2-toxin,1,0,1
kullback-liebler,1,0,1
torcholera,1,0,1
hedeco,1,0,1
diphenoxylate-atropine,1,0,1
vegetii,1,0,1
stenn,1,0,1
miltonrosenau,1,0,1
tetracycline-impregnated,1,0,1
vacherin,1,0,1
5rei,1,0,1
mizorum,1,0,1
beta-herpesviruses,1,0,1
fbk,1,0,1
rpgrip1,1,0,1
mepivacain,1,0,1
leominster,1,0,1
torrubia,1,0,1
gradilone,1,0,1
cebesine,1,0,1
levothyroxin-sodium,1,0,1
diazepan,1,0,1
dexamethasone/neomycin/polymyxin,1,0,1
.orlistat,1,0,1
bkov/egy-1/,1,0,1
metron-idazole,1,0,1
typhipolysaccharide,1,0,1
fluconazoletreated,1,0,1
391suramin,1,0,1
439suramin,1,0,1
pinganaye,1,0,1
coumarouna,1,0,1
coumarin-3carboxamide,1,0,1
mono-nb,1,0,1
chg-alcohol,1,0,1
cd20-b,1,0,1
lopinavir/ritonavir/ribavirina,1,0,1
rimantadineamides,1,0,1
camphorsulphonicacid,1,0,1
hydroxychloroquine-azithromycine,1,0,1
yqa14,1,0,1
pf-4363467,1,0,1
"gsk598,809",1,0,1
.leptomycin,1,0,1
icermali/,1,0,1
smaby,1,0,1
bof,1,0,1
mineralkerosene,1,0,1
acy,1,0,1
permethrin-zeckenspray,1,0,1
skabiesbehandlung,1,0,1
permethrintherapie,1,0,1
permethrin-creme,1,0,1
leishmaniosen,1,0,1
leguan,1,0,1
capec,1,0,1
.brigatinib,1,0,1
.dabrafenib,1,0,1
oinon,1,0,1
pamidronat,1,0,1
chemotherapeutisch,1,0,1
phenolechloroform,1,0,1
latvian,1,0,1
lao-tzu,1,0,1
13).azithromycin,1,0,1
rosvustatin,1,0,1
louella,1,0,1
"8,9-dihydropiplartine",1,0,1
cinancerin,1,0,1
ejector,1,0,1
ar70,1,0,1
doxorubicin-an,1,0,1
pjp-trimethoprim-sulfamethoxazole,1,0,1
cocciodioides,1,0,1
hbv-6,1,0,1
ingreso,1,0,1
eventos,1,0,1
molli,1,0,1
ep4aa,1,0,1
bayticol,1,0,1
anti-virus(oseltamivir,1,0,1
schmalzer,1,0,1
yunnan-a,1,0,1
yuanmou,1,0,1
olender,1,0,1
intitul,1,0,1
mumpsvaccine,1,0,1
hpv18.•gardasil,1,0,1
mnium,1,0,1
isopterygium,1,0,1
rhynchostegium,1,0,1
neurochemisrrv,1,0,1
osin,1,0,1
"s,%dihydroxytryptamine",1,0,1
.alogliptin,1,0,1
cvae-zsl,1,0,1
finanz,1,0,1
gelatin-glutamine,1,0,1
rossman,1,0,1
swiss-prot,1,0,1
raminrezaee,1,0,1
cv-b1,1,0,1
vaid-menon,1,0,1
salett,1,0,1
chloride-bicarbonate,1,0,1
sodium/glucose,1,0,1
vitamina2,1,0,1
potassium-valinomycin,1,0,1
valinomycin-metal,1,0,1
valinomycin-potassium,1,0,1
racemate(ae)-15a,1,0,1
3h-flunitrazepam,1,0,1
nsd56,1,0,1
nsd249-265,1,0,1
nsd206,1,0,1
clahe,1,0,1
ertrinken,1,0,1
oxymetrie,1,0,1
ballon,1,0,1
fallbeispiel,1,0,1
blitzschlag,1,0,1
induktionstherapie,1,0,1
sedoanalgesie,1,0,1
rdrpremdesivir,1,0,1
shuco,1,0,1
nc-montmorillonite,1,0,1
humicacids,1,0,1
albuterol.e,1,0,1
mboga,1,0,1
bodil,1,0,1
trypsinnbczone,1,0,1
gadopenetate,1,0,1
l-deprenyl,1,0,1
gaithri,1,0,1
zoldan,1,0,1
hd-ivig,1,0,1
yigo,1,0,1
evenor,1,0,1
antisilicone,1,0,1
21-minosteroid,1,0,1
clophosphamide/methylprednisolone,1,0,1
cyclophospharnide,1,0,1
"p,-adrenergic",1,0,1
mashadi,1,0,1
noremberg,1,0,1
trimethoprim-sul,1,0,1
mastoparan,1,0,1
taxol-cisplatin,1,0,1
calvarium,1,0,1
osp,1,0,1
holt-oram,1,0,1
tais,1,0,1
leito,1,0,1
pstv,1,0,1
dihydrotanshinone,1,0,1
theaflvin,1,0,1
pe5,1,0,1
mactamase,1,0,1
pouprofen,1,0,1
sorum,1,0,1
gerar,1,0,1
revelam,1,0,1
herl,1,0,1
crx,1,0,1
hfspsy2-2,1,0,1
jsps,1,0,1
huntingtin,1,0,1
os2p-2,1,0,1
os2p-3,1,0,1
dextranamine,1,0,1
junctophilins,1,0,1
os2p-8,1,0,1
os3p-2,1,0,1
presynaptic,1,0,1
pinealocyte,1,0,1
neurobiotin,1,0,1
-agatoxiniva,1,0,1
acetylcholinergic,1,0,1
x11l,1,0,1
junko,1,0,1
gosha-jinki-gan,1,0,1
arthiromiyamamura,1,0,1
zipro,1,0,1
flavoprotein,1,0,1
parvabumin,1,0,1
d.gaba,1,0,1
prolactin-releasing,1,0,1
[3h]testosterone,1,0,1
bisphenola,1,0,1
phaclofen,1,0,1
izhikevich,1,0,1
r-bupivacaine,1,0,1
l-calnitin,1,0,1
anti-metastin,1,0,1
kozo,1,0,1
adenosinea1,1,0,1
kendrin,1,0,1
clp36,1,0,1
cogn,1,0,1
dysbindin,1,0,1
gr-alpha,1,0,1
yarp,1,0,1
teleost,1,0,1
nicotine-dose,1,0,1
impase,1,0,1
methamphetaminetomokokadota,1,0,1
tetravalence,1,0,1
deng-,1,0,1
brillin,1,0,1
.diphyllin,1,0,1
dibenzocyclooctenes,1,0,1
opts,1,0,1
distilbert,1,0,1
noma,1,0,1
adamantinoma,1,0,1
enameloblastoma,1,0,1
histamine-acetylcholine,1,0,1
histamine-gastrin,1,0,1
melenic,1,0,1
marshallagia,1,0,1
trichonema,1,0,1
s.mansonoides,1,0,1
cysticercus,1,0,1
macracanthorynchus,1,0,1
palasanthiran,1,0,1
asainfarct,1,0,1
bonexpert,1,0,1
vanpraagh,1,0,1
nuinersen,1,0,1
polyamide,1,0,1
fetalmri,1,0,1
flutriciclamide,1,0,1
amalbaida,1,0,1
rhizoferrinit,1,0,1
tineagladiatorium,1,0,1
acrothecium,1,0,1
harz,1,0,1
ochratoxins,1,0,1
malbram,1,0,1
atharva,1,0,1
rannii,1,0,1
asheat,1,0,1
acetaminophen-codeine,1,0,1
sublingualen,1,0,1
nitroprussideinduced,1,0,1
ß-blocker,1,0,1
a-helcial,1,0,1
ben-,1,0,1
absoluta,1,0,1
meropenemz3,1,0,1
calciumionophorea23,1,0,1
pulwasha,1,0,1
mariaiftikhar,1,0,1
iododeoxyuridine.vitro,1,0,1
prejudice,1,0,1
bilaspur,1,0,1
cytosorb.-imipenem/cilastatin,1,0,1
-fluoroquinolones,1,0,1
a-ketonamide,1,0,1
haho,1,0,1
caspomeren,1,0,1
dipyridodiazepinon,1,0,1
irondextran,1,0,1
iron/cobalamin,1,0,1
mir-17~92,1,0,1
segura,1,0,1
rhlglucosamine,1,0,1
fsjmethionine,1,0,1
rh]glucosamine,1,0,1
0-glycoside,1,0,1
tat-fs,1,0,1
bk21,1,0,1
diamond,1,0,1
mir-378e,1,0,1
petunidin-3-oglucoside,1,0,1
fiso,1,0,1
gaswater,1,0,1
ran-gtp,1,0,1
cys-528,1,0,1
shenfen,1,0,1
ge-,1,0,1
pegomas,1,0,1
arganeoil,1,0,1
gamma-tocopherol,1,0,1
vazorelaxant,1,0,1
cd8.telmisartan,1,0,1
d-cmk,1,0,1
probioticdoogh[,1,0,1
korotkov,1,0,1
you2,1,0,1
fora,1,0,1
hiperhomocysteinemia,1,0,1
prostalgandin,1,0,1
anti-fatty,1,0,1
sugar-sweetenedbeverages,1,0,1
azarfarin,1,0,1
omega-6/omega-3fattyacids,1,0,1
lilaglutide,1,0,1
vildagliptin/metformin,1,0,1
colesterol,1,0,1
uncarboxylated/carboxylated,1,0,1
fa02,1,0,1
exodisc,1,0,1
ot02.4,1,0,1
gelu,1,0,1
arcpja20171206453,1,0,1
tco-tetrazine,1,0,1
5ʹ-bromodeoxyuridine,1,0,1
linc-epha6,1,0,1
defa1b,1,0,1
w-fibulin-3,1,0,1
nci-p01-,1,0,1
lugano,1,0,1
os22.2,1,0,1
op3,1,0,1
fov,1,0,1
pt01.04,1,0,1
pt01.06,1,0,1
hiv-drug,1,0,1
anti-mirna21,1,0,1
mercaptosuccinicacid,1,0,1
mirna21,1,0,1
anti-mirna-21,1,0,1
mirna-21-5p,1,0,1
chdc,1,0,1
pt08.05,1,0,1
cell-exosomederived,1,0,1
at45,1,0,1
fasciolahepatica,1,0,1
mir-574-3p,1,0,1
mir-205-5p,1,0,1
anti-mir-21-5p,1,0,1
syrine,1,0,1
msc-exo,1,0,1
mir302,1,0,1
pf11.12,1,0,1
pf11.13,1,0,1
pf11.15,1,0,1
pf11.16,1,0,1
nih/niar01ag062240,1,0,1
phosphate-dna-cholesterol,1,0,1
jp2,1,0,1
chemodrug,1,0,1
mir-24-3p,1,0,1
antago-mir-24,1,0,1
mauricioa.,1,0,1
hsa-mir-140-3p,1,0,1
hsa-mir-423-3p,1,0,1
aloh,1,0,1
manoil,1,0,1
shank3,1,0,1
ramt,1,0,1
mir-1285-5p,1,0,1
mir-1285-,1,0,1
hsa-mir-455,1,0,1
myomir-133b,1,0,1
"1α,25",1,0,1
valnivudine,1,0,1
immucillin-adenosine,1,0,1
tarbet,1,0,1
trifirò,1,0,1
economicus,1,0,1
cavi-wipes,1,0,1
leflunomide-methotrexate,1,0,1
nsfdeb,1,0,1
homopurines,1,0,1
pylera,1,0,1
v-mil,1,0,1
ter,1,0,1
.iscalimab,1,0,1
pakistanmicrofinanceinvestment,1,0,1
catecholichydroxy,1,0,1
polycarpine,1,0,1
fp-1,1,0,1
fp-iii,1,0,1
fp-iv,1,0,1
lenalidomide-naive,1,0,1
7aminoactinomycin-d,1,0,1
decytabine,1,0,1
kiadispharma,1,0,1
‛no-steroid,1,0,1
albumindextran,1,0,1
pt-hd,1,0,1
8-methoxypsoralenem,1,0,1
mf-5,1,0,1
steroidsciclosporin,1,0,1
treosulfan+fludarabine,1,0,1
ciclosporin-corticosteroids,1,0,1
postthalidomide,1,0,1
basiliximab/msc,1,0,1
cyclophosphamide-post,1,0,1
micafungin-lamb,1,0,1
chinolon-metronidazole,1,0,1
bulbusduodeni,1,0,1
busulfan(8,1,0,1
epag,1,0,1
busulfan/fludarabine/atg,1,0,1
citrate+heparin,1,0,1
bcg-adenitis,1,0,1
defibrotideâ,1,0,1
atg/rituximab,1,0,1
fludarabine-base,1,0,1
pembrolizumab1,1,0,1
vancomycin/linezolid,1,0,1
mmf/mtx,1,0,1
fludarabine-busulfan,1,0,1
imid,1,0,1
bortizomib,1,0,1
biosimiliarfilgrastim,1,0,1
leucostim,1,0,1
ruvate,1,0,1
stradus,1,0,1
s]-cysteine-methionine,1,0,1
hdtra1,1,0,1
gsk3-,1,0,1
btsa1,1,0,1
6~12,1,0,1
hbv/hcc,1,0,1
actx-3102,1,0,1
aza-2-deoxycitidine,1,0,1
platinumconjugate,1,0,1
palbociclib+trametinib,1,0,1
panobi-nostat+trametinib,1,0,1
taxane-anthracycline,1,0,1
doxorubicin/paclitaxel,1,0,1
histotripsy,1,0,1
tssm,1,0,1
braf-mek,1,0,1
flatiron,1,0,1
anti-ceacam,1,0,1
/-oxaliplatinum,1,0,1
lannin,1,0,1
etamsylate,1,0,1
gpp5,1,0,1
gpp11,1,0,1
gpp29,1,0,1
harpa,1,0,1
levosimen-dan,1,0,1
mandroga,1,0,1
scopolamin,1,0,1
rotem,1,0,1
tripterigeumwilfordii,1,0,1
antimycotics-the,1,0,1
echinomycins,1,0,1
.echinomycin,1,0,1
kakadymycin,1,0,1
rhinocladiella,1,0,1
s.q.,1,0,1
np-1np-2nsp7nsp13,1,0,1
angluin,1,0,1
a.σ,1,0,1
reinam,1,0,1
mart,1,0,1
disinfectant-chloramine,1,0,1
jeremiah,1,0,1
euthyphro,1,0,1
acid-glycine,1,0,1
nicotinesulfate,1,0,1
leptazol,1,0,1
metrazol,1,0,1
parasympatholytic,1,0,1
pertactin,1,0,1
trimethoprim/sulfur,1,0,1
erythromycinethylsuccinate,1,0,1
azithromycinrifampin,1,0,1
trimethoprim-sulfadoxine,1,0,1
trimethoprim/sulphonamides,1,0,1
lincomycin-spectinomycin,1,0,1
mh.tilmicosin,1,0,1
lincomycin/spectinomycin,1,0,1
clavulatus,1,0,1
sodiummeclofenamate,1,0,1
sulphonamide-trimethoprim,1,0,1
enrofloxacin(e,1,0,1
tetracycline(t,1,0,1
penicillin(p,1,0,1
ceftiofur-hydrochloride,1,0,1
chloramphenicol-florfenicol,1,0,1
bacterintoxoidvaccine,1,0,1
lecithin-base,1,0,1
sulfonamide-trimethoprim,1,0,1
melengestrol,1,0,1
enrofloxacin-a,1,0,1
hasb,1,0,1
liraglutida,1,0,1
pexidartinib,1,0,1
sthl,1,0,1
streptomycinpenicillin,1,0,1
palivizumab/motavizumab/medi-557,1,0,1
canada-renewableenergy/fit,1,0,1
manthiram,1,0,1
helvetic,1,0,1
apn-bestatin,1,0,1
apnbestatin,1,0,1
bauhinoxepins,1,0,1
pterolinus,1,0,1
4′-demethyldeoxypodophyllotoxin,1,0,1
sirna5′-guauauaagcaagcauuacuu-3′mir-208-3p,1,0,1
hgcv,1,0,1
-floxuridine,1,0,1
-hexylamine,1,0,1
uorocytosine,1,0,1
-elvucitabine,1,0,1
.gemigliptin,1,0,1
re-afcm,1,0,1
palix,1,0,1
dts-c,1,0,1
dphv,1,0,1
rss,1,0,1
vapourand,1,0,1
neri,1,0,1
.abidol,1,0,1
eloba,1,0,1
aamar,1,0,1
pulic,1,0,1
hastv-1,1,0,1
minzhujizhong,1,0,1
stengelin,1,0,1
patumahoe,1,0,1
dandapat,1,0,1
c21+olmesartan,1,0,1
pawel,1,0,1
osteospermum,1,0,1
nocodazol,1,0,1
isopropanol/4,1,0,1
revaroxaban,1,0,1
euphoria,1,0,1
pknotsrg,1,0,1
mgcn,1,0,1
k-dpp,1,0,1
ucine,1,0,1
nzyme,1,0,1
pi-piperacillin,1,0,1
amcamoxyclav,1,0,1
cipciprofloxacin,1,0,1
tetetracycline,1,0,1
gpenicillin,1,0,1
fox-orfloxacin,1,0,1
metaloxide,1,0,1
scopolia,1,0,1
galanthamine.7,1,0,1
pedanius,1,0,1
anti-coxsackieb4,1,0,1
telesupervision,1,0,1
shfvlvr42,1,0,1
victoriae,1,0,1
er-blocked,1,0,1
resin-9,1,0,1
bkassenärztlichevereinigungen^in,1,0,1
glyc,1,0,1
kakol,1,0,1
puc,1,0,1
kröner-fresenius,1,0,1
dgpi-v21,1,0,1
ampicillin/gentamycin,1,0,1
alphab,1,0,1
colistin/tobramycin,1,0,1
antibiotics-piperacillin,1,0,1
sulfamethoxazole-trimethoprim-ds,1,0,1
canacari,1,0,1
melvin,1,0,1
uus,1,0,1
mo-bilenetv2,1,0,1
desnsenet121,1,0,1
hla-drb1,1,0,1
clav,1,0,1
.sambucus,1,0,1
cyanidin-3glucoside,1,0,1
anti-pd-1/pd-l1monotherapy,1,0,1
oxiplex-ap,1,0,1
suprapatellar,1,0,1
bupivacaine(group,1,0,1
aintree,1,0,1
s.berben,1,0,1
ppsf,1,0,1
rectus,1,0,1
chelotomy,1,0,1
bartonicek,1,0,1
osteoscintigraphy,1,0,1
vancomycin-tobramycin,1,0,1
tenorrhaphy,1,0,1
vancomycin-impregnated,1,0,1
vancomycinimpregnated,1,0,1
cuprija,1,0,1
y40,1,0,1
gregorio,1,0,1
rudenko,1,0,1
acetabula,1,0,1
schanz,1,0,1
f.fu,1,0,1
mess,1,0,1
abthera,1,0,1
safena,1,0,1
p746-,1,0,1
tax-3,1,0,1
chinas,1,0,1
ppig,1,0,1
biotin-epoxomicin,1,0,1
rmaldehyde,1,0,1
erodium,1,0,1
hypseocharisbilobata,1,0,1
monsonia,1,0,1
rpoc2,1,0,1
nobre,1,0,1
sofen,1,0,1
hmbp,1,0,1
trivalentmannosides69-,1,0,1
ifn-a2a/amantadine,1,0,1
inotrem,1,0,1
"hydroxychloroquine""[mh",1,0,1
"hydroxychloroquine""[tw",1,0,1
bin-1b,1,0,1
e/selenium,1,0,1
rabbiakiva,1,0,1
rabbiami,1,0,1
nahmanides,1,0,1
penidlidstreptomycin,1,0,1
k1,1,0,1
melamine-cyanuric,1,0,1
d-amanitin,1,0,1
t5e,1,0,1
nusb,1,0,1
tantip,1,0,1
metim,1,0,1
olutica,1,0,1
dj·ochloride,1,0,1
iocin,1,0,1
pncumolropica,1,0,1
bcgitis,1,0,1
lopinavir/ritanovir,1,0,1
minox,1,0,1
wpkg,1,0,1
nano-starch,1,0,1
.nusinersen,1,0,1
-rhinovirus,1,0,1
cim6tidine,1,0,1
gluckman,1,0,1
e77,1,0,1
hydrocortisone•,1,0,1
6).azithromycin,1,0,1
hydrocortisone-plusfludrocortisone,1,0,1
11-aminoacid,1,0,1
quadrivalenthpvvaccine,1,0,1
intravesicalsh,1,0,1
megaureter,1,0,1
urotiss,1,0,1
sildenafil.1,1,0,1
phytodrug,1,0,1
remeex®,1,0,1
nitze,1,0,1
ureaplasmaurealiticum,1,0,1
urosepsis,1,0,1
chromomycina3,1,0,1
ureterocutaneostomy,1,0,1
andros,1,0,1
utk,1,0,1
saurashtra,1,0,1
mp-13.11,1,0,1
bladder,1,0,1
antimuscarnics,1,0,1
docetaxel-naïve,1,0,1
rf-01.03,1,0,1
rf-01.06,1,0,1
rf-02.01,1,0,1
erb,1,0,1
anacardicacid,1,0,1
blader,1,0,1
heraclius,1,0,1
transresveratolantioxidants,1,0,1
up.406,1,0,1
(2000-,1,0,1
-2015pietropaolo,1,0,1
spirolactum,1,0,1
tri-iodide,1,0,1
50%.ribavirin,1,0,1
ex.cyclosporine,1,0,1
cyp2d6.ritonavir,1,0,1
taurine-chloramine,1,0,1
lomustinebased,1,0,1
chlorambucil/prednisone,1,0,1
resnet50-svm,1,0,1
cibmtr,1,0,1
sqle,1,0,1
microrna19a,1,0,1
srf-2018,1,0,1
g.cucullata,1,0,1
peral-peral,1,0,1
lipovetsky,1,0,1
antiperspirants,1,0,1
fesa,1,0,1
ac6,1,0,1
ac16,1,0,1
ac19,1,0,1
nitenpyram,1,0,1
zinc-desferrioxamine,1,0,1
peg-drug,1,0,1
ve-drug,1,0,1
diacumakos,1,0,1
cytochalsinb,1,0,1
abdulsamad,1,0,1
vesodilator,1,0,1
tltree,1,0,1
irthaled,1,0,1
venovenous,1,0,1
satbutamol,1,0,1
diezepam,1,0,1
oiazepam,1,0,1
antiedema,1,0,1
preumocystis,1,0,1
canulla,1,0,1
mwinophyllin,1,0,1
bronchodilak)r,1,0,1
l-epinephrine(le,1,0,1
dexametasene,1,0,1
orphenadrinehydrochlodde,1,0,1
j.vragoterov,1,0,1
dtamin,1,0,1
surfactam,1,0,1
enalaprillicacid,1,0,1
fusariun,1,0,1
tafur,1,0,1
magnesium-mg,1,0,1
seg-2,1,0,1
seg-6,1,0,1
seg-7,1,0,1
seg-9,1,0,1
btv-3isr-2019/13,1,0,1
catrocollastatin,1,0,1
svmps,1,0,1
betella@ibetella,1,0,1
anti-sulfated,1,0,1
autonomie,1,0,1
enelx.,1,0,1
mussin,1,0,1
pulsatil,1,0,1
hymen,1,0,1
rhizopius,1,0,1
l-arabinose-containingpolysaccharides,1,0,1
α-l-arabinanases,1,0,1
ntt,1,0,1
brute-force,1,0,1
wep,1,0,1
dial-in,1,0,1
tele-diabetes,1,0,1
euthymia,1,0,1
insulins,1,0,1
gabapentinis,1,0,1
canagliflozing,1,0,1
cefipimetazobactum,1,0,1
colsevelam,1,0,1
arbslosartan,1,0,1
malvaparviflora,1,0,1
atamna,1,0,1
nordiazepame,1,0,1
beta-hexamer,1,0,1
bromoviral,1,0,1
zaid,1,0,1
montenegro,1,0,1
nsq,1,0,1
nsp3c,1,0,1
hydrocychloroquine,1,0,1
thucidides,1,0,1
ketamine-midazolam,1,0,1
morphinemidazolam,1,0,1
lamivudine-interferon,1,0,1
methylinosine,1,0,1
thymomimeticpurineimmunomodulator,1,0,1
om-174,1,0,1
glucans,1,0,1
eetin,1,0,1
cein,1,0,1
tein/pep,1,0,1
silico,1,0,1
sulphoxidation,1,0,1
penicillamine-induced,1,0,1
penicillaminenephropathy,1,0,1
allopurinol-induced,1,0,1
vitaminb12-b6-folate,1,0,1
micocephaly,1,0,1
thelin,1,0,1
d'ipratropium,1,0,1
nedocromiisodium,1,0,1
cysteaminebitartrate,1,0,1
15cholesterol,1,0,1
tribactopulvis,1,0,1
dibenzofulven,1,0,1
nophyllinae,1,0,1
nitrite-nitrogen,1,0,1
maxiinum,1,0,1
nianganese,1,0,1
liavicula,1,0,1
permaplast,1,0,1
ricae,1,0,1
nazliculae,1,0,1
lineolatae,1,0,1
naviculaelineolatae,1,0,1
pam2,1,0,1
rotaziruses,1,0,1
adulis,1,0,1
wc2,1,0,1
malonylastragaloside,1,0,1
13monghocoside,1,0,1
adriamycin-injured,1,0,1
enst00000,1,0,1
chang,1,0,1
jam,1,0,1
jenista,1,0,1
dendrimer-platinum,1,0,1
vismo,1,0,1
검체채취,1,0,1
sasikirankandula,1,0,1
dichos,1,0,1
instan-151,1,0,1
lemonchiffon,1,0,1
analgin,1,0,1
diaspirine,1,0,1
hemolink,1,0,1
iargol,1,0,1
lidocaine/,1,0,1
modus,1,0,1
vivendi,1,0,1
pamlin,1,0,1
stepsin,1,0,1
monosanh,1,0,1
esparza,1,0,1
iarv,1,0,1
loctitehysol,1,0,1
amifampridin,1,0,1
chloroquine/hydroxylchloroquine,1,0,1
torus,1,0,1
oxybutyninchloride,1,0,1
sindoni,1,0,1
acetate-propionate,1,0,1
arteroviruses,1,0,1
nocardiaterpenica,1,0,1
"5),cisplatin",1,0,1
"15),cisplatin",1,0,1
etoposide(n,1,0,1
tipc,1,0,1
arrhytmias,1,0,1
bleomycin-etoposide-cisplatin,1,0,1
lopinavir/ritronavir,1,0,1
breezhaler,1,0,1
ethans,1,0,1
lactisncdo,1,0,1
oseltami-vir,1,0,1
.medi8852,1,0,1
ignassemmelweis,1,0,1
rkaa,1,0,1
aspamidec,1,0,1
aspamideg,1,0,1
sofosbuvir/ledipasvirsuffered,1,0,1
sofosbuvir/ledipasvirfor,1,0,1
busuttil,1,0,1
act1,1,0,1
/simeprevir,1,0,1
ribavirin/sofosbuvir,1,0,1
ivig+acv,1,0,1
alemtuzumab/steroid,1,0,1
ctla-4ig,1,0,1
gw/,1,0,1
sofosbuvir-simeprevir,1,0,1
belatacept+tacrolimus,1,0,1
methylight,1,0,1
skin-containing,1,0,1
belatacept/,1,0,1
benzyllithium,1,0,1
nalkylated,1,0,1
-azide,1,0,1
indane,1,0,1
sulfoximines,1,0,1
zincamide,1,0,1
bisamidates,1,0,1
aminoacetylated,1,0,1
zembl,1,0,1
chun,1,0,1
penicillin−1,1,0,1
ticarcillin/,1,0,1
baranya,1,0,1
acra,1,0,1
ign,1,0,1
pneumococcalpolysaccaridevaccine,1,0,1
flucitozine,1,0,1
nalidixic-acid,1,0,1
dioxidine,1,0,1
tetracycline-,1,0,1
co-trimoxazole(co-t,1,0,1
p.jiroveci,1,0,1
isoniazid-rifampin,1,0,1
biguanidine,1,0,1
eggerthella,1,0,1
ro490,1,0,1
potassium-sodium,1,0,1
piperacillim-tazobactam,1,0,1
nitrofurazoneimpregnated,1,0,1
bglucouronidase,1,0,1
ns3-ns4a,1,0,1
fabiola,1,0,1
cnio,1,0,1
fluo-3,1,0,1
acantharnoeba,1,0,1
lillya-1,1,0,1
piraino,1,0,1
biju,1,0,1
exan,1,0,1
valachovic,1,0,1
ca035,1,0,1
lopinavir/ritonavir/interferon-,1,0,1
qinghaosu,1,0,1
cardiovet,1,0,1
attemether,1,0,1
bogalusa,1,0,1
antiandrogens,1,0,1
edgren,1,0,1
caesiumchloride,1,0,1
pdl1/egfr,1,0,1
pyrimethamin/leucovorin,1,0,1
fluconazolprophylaxe,1,0,1
fluconazolresistenten,1,0,1
itraconazolspiegel,1,0,1
cyp716y1,1,0,1
b-tryptase,1,0,1
tetra-peptide,1,0,1
tma.eculizumab,1,0,1
s-methyl-l-cysteinesulphoxide,1,0,1
pulchellum,1,0,1
demiris,1,0,1
aplant,1,0,1
zanamivir-a,1,0,1
nimes,1,0,1
ns1040,1,0,1
dhlm,1,0,1
taxand,1,0,1
anesi,1,0,1
vismederi,1,0,1
chemoreflex,1,0,1
-antidepressiva,1,0,1
sadock,1,0,1
bafi-lomycina1,1,0,1
ritonavir-methylprednisolone,1,0,1
trd,1,0,1
megastrebla,1,0,1
thaumapsylla,1,0,1
pagodarum,1,0,1
mf59-adjuvant,1,0,1
m2-blockers,1,0,1
mek-inhibitor,1,0,1
thornberry,1,0,1
aminocapronic,1,0,1
carboxamine,1,0,1
5-methyl-cytosines,1,0,1
rev.b,1,0,1
glucagen,1,0,1
chloroquine-azithromycine,1,0,1
parapanteles,1,0,1
h14,1,0,1
ribavir,1,0,1
.t-705,1,0,1
[3h]sodium,1,0,1
zinc-metallothioneins,1,0,1
zinc-mt,1,0,1
zinc/thiolate,1,0,1
2-pump,1,0,1
mir-5701,1,0,1
tacrolimus/mycophenolate/pred,1,0,1
tac/mycophenolate/prednisone,1,0,1
ledipasvir/sofosbuvir/ribavirin,1,0,1
daclatasvir/sofosbuvir/ribavirin,1,0,1
grammy,1,0,1
haplostats,1,0,1
rapamycin/ifnɣ,1,0,1
rapamycin/tnfa,1,0,1
mofetilmicophenolate,1,0,1
belatacept/atg,1,0,1
resnext-101,1,0,1
ifnl3/ifnl4,1,0,1
vitamin',1,0,1
cuminc,1,0,1
pro-tnfα,1,0,1
.alemtuzumab,1,0,1
¬.,1,0,1
methanol-acetone,1,0,1
bottlenose,1,0,1
m110,1,0,1
sparbuch,1,0,1
advax/,1,0,1
magnesium-edta,1,0,1
akebiasaponin,1,0,1
.lactobacillus,1,0,1
morusalba,1,0,1
gbp-fc,1,0,1
didanosine/hydroxyurea/hydroxychloroquine,1,0,1
hydroxyurea/chloroquine,1,0,1
oseltamivir-has,1,0,1
motorcyclists,1,0,1
foodsnanotechnology,1,0,1
chonmaitreelz,1,0,1
ifn-lambdar,1,0,1
ethyl2-(3-(4-(tert-butoxycarbonylamino)benzyl)ureido)-4methylpentanoate,1,0,1
ethyl2-(3-(3-methoxy-4-hydroxybenzyl)ureido)acetate,1,0,1
.apoptin,1,0,1
pinosylvin-stilbene,1,0,1
combretastatina-1,1,0,1
kallocryl,1,0,1
yumanensis,1,0,1
sterilisatoren,1,0,1
o-010,1,0,1
dorine,1,0,1
o-011,1,0,1
o-013,1,0,1
o-014,1,0,1
o-015,1,0,1
o-018,1,0,1
o-029,1,0,1
o-032,1,0,1
o-048,1,0,1
o-083,1,0,1
bay38,1,0,1
o-091,1,0,1
melanesia,1,0,1
tryptaseα,1,0,1
duloxetina,1,0,1
ketazolam,1,0,1
cetirizina,1,0,1
paraponaris,1,0,1
pdw,1,0,1
dna-streptavidin,1,0,1
hemolysin-lamp,1,0,1
daphniacetal,1,0,1
trigoflavidone,1,0,1
anthranols,1,0,1
myriberine,1,0,1
daphniphyllumalkaloid,1,0,1
daphmalenine,1,0,1
ovalifolia,1,0,1
perforanoid,1,0,1
trichiliton,1,0,1
simaroubeacea,1,0,1
stemonatuberosa,1,0,1
rpl10,1,0,1
spiramines,1,0,1
hadeler,1,0,1
a-toeopherol,1,0,1
p450-oxygen,1,0,1
albu-ginea,1,0,1
vasography,1,0,1
agella,1,0,1
-β-adrenergic,1,0,1
cdy,1,0,1
fasalazine,1,0,1
anticoxsackieviral,1,0,1
tk-herpes,1,0,1
5-fluorouracil(o.32,1,0,1
baculiferinsa-o,1,0,1
didemnidines,1,0,1
itc-amine,1,0,1
biscari,1,0,1
staco,1,0,1
yellott,1,0,1
dierck,1,0,1
dožić,1,0,1
fanp,1,0,1
scaff,1,0,1
sharone,1,0,1
echulizumab,1,0,1
calcium/vitamind3,1,0,1
tuc,1,0,1
mmf/azathioprine,1,0,1
sonja,1,0,1
amoxicilline-clavulonate,1,0,1
vitaminb12deficiency,1,0,1
urethrae,1,0,1
25hydoxyvitamind,1,0,1
dimos,1,0,1
cortisoltocortisone,1,0,1
hydrochlorotiazide,1,0,1
tt-genotype,1,0,1
methylprednisolone-pulse,1,0,1
.angiostatin,1,0,1
17-ethylestradiol,1,0,1
tc-pefloxacin,1,0,1
tc-lomefloxacin,1,0,1
tc-ofloxacin,1,0,1
tc-sparafloxacin,1,0,1
tc-difloxacin,1,0,1
tc-moxifloxacin,1,0,1
tc-gemifloxacin,1,0,1
tc-rufloxacin,1,0,1
tc-clinafloxacin,1,0,1
tc-sitafloxacin,1,0,1
tc-temafloxacin,1,0,1
ethanol.18,1,0,1
phenolauramine,1,0,1
bromelain-,1,0,1
(23).hydroxychloroquine,1,0,1
cefiximetellurite,1,0,1
intelv,1,0,1
ukxira,1,0,1
apligraf,1,0,1
gtase,1,0,1
alixostatin,1,0,1
isoscyclosporin,1,0,1
bispec-,1,0,1
compare,1,0,1
rhue,1,0,1
sapajus,1,0,1
mvd.dexmedetomidine,1,0,1
(paclitaxel,1,0,1
exenatide-er,1,0,1
d-sorbitol,1,0,1
1.capromorelin,1,0,1
clopidogrel+asa20,1,0,1
aland,1,0,1
-piragalol,1,0,1
omega-3oils,1,0,1
ep4,1,0,1
buprenorphinehydrochloride,1,0,1
ot-19,1,0,1
pi-mobendan,1,0,1
fitc-dexamethasone,1,0,1
antihrombin,1,0,1
thryotropin,1,0,1
e-66,1,0,1
velizar,1,0,1
lemin,1,0,1
msh6,1,0,1
hydroxychloroquine.(36,1,0,1
mir-7977,1,0,1
cuvitru,1,0,1
hem1,1,0,1
miltneyi,1,0,1
cutaquig,1,0,1
azithromycins,1,0,1
dexamethasone/etoposide-based,1,0,1
camostat-nafamostat,1,0,1
ceftazdim,1,0,1
avitaminosisk,1,0,1
penicillary,1,0,1
ubc9,1,0,1
rongioletti,1,0,1
deil,1,0,1
anti-racism,1,0,1
methylated-b-lactoglobulin,1,0,1
cassinexylocarpa,1,0,1
"b-1,3-glucanase",1,0,1
cuscuta,1,0,1
aveb,1,0,1
9aminoquinoline,1,0,1
ldopa,1,0,1
chrysou,1,0,1
vaccineren,1,0,1
interventiezorg,1,0,1
beroepsgeheim,1,0,1
klachtrecht,1,0,1
verkoopverboden,1,0,1
mabp1,1,0,1
vx-765,1,0,1
dufferin,1,0,1
anacker,1,0,1
hpv16e2,1,0,1
kamugisha,1,0,1
enalaprat,1,0,1
faurecia,1,0,1
.bepridil,1,0,1
bernadka,1,0,1
transferase,1,0,1
s70,1,0,1
v-b.,1,0,1
accel,1,0,1
sp29,1,0,1
cortus,1,0,1
bactalert,1,0,1
as-3,1,0,1
sp103,1,0,1
iron+folicacid,1,0,1
sp253,1,0,1
bilrubin,1,0,1
l-aspar,1,0,1
omeprazole(o,1,0,1
dombrock,1,0,1
achymotrypsin,1,0,1
trima®,1,0,1
pé,1,0,1
arita,1,0,1
fluvoxamina,1,0,1
circadin,1,0,1
medicamento,1,0,1
embarazos,1,0,1
espanola,1,0,1
gs-5743,1,0,1
präprandiale,1,0,1
acetonemethanol,1,0,1
vesselsales,1,0,1
.phenyl,1,0,1
c-serotonin,1,0,1
ramadam,1,0,1
rnf166,1,0,1
antiarrestin,1,0,1
dspn,1,0,1
miettinen,1,0,1
newqis,1,0,1
ofosu,1,0,1
najeebuddin,1,0,1
hydrocorton,1,0,1
stia,1,0,1
hochdosis-methotrexat,1,0,1
caspofungin-infusion,1,0,1
ritux-imab,1,0,1
periost,1,0,1
acctaminophen,1,0,1
af-fm,1,0,1
angoscini,1,0,1
aftin-4,1,0,1
choxa,1,0,1
ofopioid,1,0,1
methioninenkephalin,1,0,1
withfl-lipotropin,1,0,1
fdp-d,1,0,1
accr,1,0,1
ofcyclosporin,1,0,1
trypsin/collagenase,1,0,1
vitb5,1,0,1
k-dosage,1,0,1
albium,1,0,1
ofvitamineb12,1,0,1
tetragastrin,1,0,1
tamojenii,1,0,1
isopropyl-thiogalactoside,1,0,1
z-mercaptoethanol,1,0,1
poietin,1,0,1
wnt-β-catenin,1,0,1
crpvigrires,1,0,1
sm/po,1,0,1
~-adrenergics,1,0,1
vikramshila,1,0,1
radeon,1,0,1
anti-ccl2immunoglobulin,1,0,1
vgg-11,1,0,1
ansiosa,1,0,1
ansioso-depresiva,1,0,1
iole,1,0,1
kamtchaka,1,0,1
giancarlos,1,0,1
irgalan,1,0,1
6-glucuronidase,1,0,1
methylcoumarinamides,1,0,1
hydroxychloroquinenot,1,0,1
azithromycinnot,1,0,1
pryamid,1,0,1
paclitaxel-dcb,1,0,1
bacilli-calette-guerin(bcg)-based,1,0,1
-ceramide,1,0,1
hatzius,1,0,1
pepsina,1,0,1
mg/l.anidulafungin,1,0,1
tetanusdiphteria,1,0,1
cram,1,0,1
energetic-aet,1,0,1
railway,1,0,1
nassim,1,0,1
makrolide/cephalosporine,1,0,1
efs/os,1,0,1
arg1-d,1,0,1
rhpth(1-84,1,0,1
prolongatus,1,0,1
stetig,1,0,1
hydrocortisontherapie,1,0,1
hsa-mir-451a,1,0,1
methylprednisolon-stoßtherapie,1,0,1
hydroxychloroqin,1,0,1
enfuvirtide/fuzeon,1,0,1
spirodiketopiperazine,1,0,1
gemcitabine-platinum,1,0,1
sodiumthiocyanate,1,0,1
mm.cycloguanil,1,0,1
"6,66",1,0,1
bpv1,1,0,1
junseok,1,0,1
hjb,1,0,1
tetanustoxoid632,1,0,1
ucf-101,1,0,1
resnext-50,1,0,1
gte,1,0,1
epicatechin-gallate,1,0,1
amyloodiniumocellatum,1,0,1
peridinum,1,0,1
ifn-l1,1,0,1
romipedsin,1,0,1
gr07/2009-,1,0,1
huridine,1,0,1
sherril,1,0,1
haesteril,1,0,1
mediprom,1,0,1
imcj,1,0,1
dod,1,0,1
lrp,1,0,1
f-02,1,0,1
f-05,1,0,1
f-06,1,0,1
f-24,1,0,1
f-73,1,0,1
3.4-methylenedioxymethamphetamine,1,0,1
corynebaterium,1,0,1
vancomycin-an,1,0,1
ctsl,1,0,1
tnfa-inhibitors,1,0,1
nocton,1,0,1
spp.it,1,0,1
ewma,1,0,1
indometh,1,0,1
socrata,1,0,1
hevs,1,0,1
szelei,1,0,1
hayfl,1,0,1
.lapatinib,1,0,1
folfox6,1,0,1
.ipilimumab,1,0,1
nitricum,1,0,1
indinavir-steine,1,0,1
aromatase-inhibitor,1,0,1
amerstat,1,0,1
petg,1,0,1
brulin,1,0,1
gubinelli,1,0,1
vbad/velcade,1,0,1
hdcyclophosphamide,1,0,1
o361,1,0,1
o372,1,0,1
eurocord-ebmt,1,0,1
o375,1,0,1
tieto,1,0,1
marcelin,1,0,1
barnase-barstar,1,0,1
dendrimer-dna,1,0,1
lipset,1,0,1
matyas,1,0,1
epac/,1,0,1
neanderthal-denisovan,1,0,1
anti-insect,1,0,1
asteraceae,1,0,1
kahweol,1,0,1
.paclitaxel,1,0,1
kwcvaccine,1,0,1
inhalativ,1,0,1
tobramycininhalation,1,0,1
azithromycin-dauertherapie,1,0,1
.acteoside,1,0,1
18i-glycyrrhetinicacid,1,0,1
hypotensi6e,1,0,1
"tetanustoxoid,influenzavaccines",1,0,1
13-herb,1,0,1
megavitamins,1,0,1
radiosone,1,0,1
adiponectinadiponectin,1,0,1
oxycodonethe,1,0,1
phenethylaminesa,1,0,1
penaloza,1,0,1
vasopressinsis,1,0,1
idiaraba,1,0,1
delnidocardioplegia,1,0,1
cor-triatriatum,1,0,1
aim/objectives,1,0,1
shennan,1,0,1
dopaminewas,1,0,1
sanlunif,1,0,1
cuspof,1,0,1
soloff,1,0,1
goldenhar,1,0,1
vipinb,1,0,1
resnet3d,1,0,1
mnas3dnet41,1,0,1
dodecyl-o-/3-o-maltoside,1,0,1
sulfadiazole,1,0,1
apha,1,0,1
f2-isoprostans,1,0,1
vitamine.vitamine,1,0,1
lys-ala-naphthylamide,1,0,1
hemoproteins,1,0,1
tungstopterin,1,0,1
iron-oxygen,1,0,1
2quinolone,1,0,1
flufenamicacid,1,0,1
4chlorophenol,1,0,1
nautica,1,0,1
hemethiolate,1,0,1
taud.,1,0,1
cymantrene,1,0,1
scha,1,0,1
6-mercaptopurin/au,1,0,1
dost,1,0,1
d-camphor,1,0,1
fatacid,1,0,1
fixj,1,0,1
phosphono-pna,1,0,1
s&e.,1,0,1
micafungin\,1,0,1
amx-cla,1,0,1
massias,1,0,1
doxycycline-rifampicin,1,0,1
cotrimoxazole-rifampicin,1,0,1
hr-hpv,1,0,1
spm.,1,0,1
sismanoglion,1,0,1
lactamine,1,0,1
336/76o,1,0,1
hypoxanthine-methotrexate-thymidine,1,0,1
chuanqi,1,0,1
qrf7,1,0,1
glycerol-di-k-tartrate,1,0,1
endoh.,1,0,1
nguyễn,1,0,1
arismendi,1,0,1
oline,1,0,1
conjugateaa950-,1,0,1
hierover,1,0,1
peginterferon-alfa-b,1,0,1
kosel,1,0,1
artemio,1,0,1
pallidin,1,0,1
azathioprine).i.,1,0,1
entrenar,1,0,1
overol,1,0,1
quetiapina,1,0,1
rivaroxaban.•,1,0,1
atorvasvtina,1,0,1
amci,1,0,1
aplicar,1,0,1
lavar,1,0,1
lyphogel,1,0,1
torrella,1,0,1
silicotungstate,1,0,1
enago,1,0,1
methyl-lysines,1,0,1
hastini,1,0,1
pegylatedifn-α-1b,1,0,1
tx13,1,0,1
inicio,1,0,1
porfi,1,0,1
at&t,1,0,1
oestradiol/progesterone,1,0,1
gamma-interferon,1,0,1
oxymetazoline.-dextromethorphan,1,0,1
acetaminophen.,1,0,1
telazoline,1,0,1
adenantherapavonina,1,0,1
l.bataviae,1,0,1
hepar,1,0,1
alizirin,1,0,1
monosporium,1,0,1
filaricide,1,0,1
immunsup-pressiva,1,0,1
pluronic,1,0,1
pluronic®,1,0,1
antifoams,1,0,1
hbv-like,1,0,1
azevedo,1,0,1
2aminobenzimidazoles,1,0,1
sulfasalazine/,1,0,1
xtt,1,0,1
6s,1,0,1
.dostarlimab,1,0,1
sevilla,1,0,1
nsc93-2751-b005,1,0,1
.taxifolin,1,0,1
mieloablativos,1,0,1
artemisiaherbaalba,1,0,1
αpinene,1,0,1
phjuridine,1,0,1
ofdisulfide,1,0,1
keystone,1,0,1
velocyto,1,0,1
rvv-s,1,0,1
ri-tonavir,1,0,1
dexmedetomidine/,1,0,1
p-aminohippurate,1,0,1
ochratoxina.1516,1,0,1
jayaweeraa,1,0,1
echocardio-,1,0,1
ẅ,1,0,1
orin,1,0,1
"parvoviruses,76bredavirus,92",1,0,1
pegifn-a2,1,0,1
.argatroban,1,0,1
flavanolquercetin,1,0,1
anin,1,0,1
gochicoa-rangel,1,0,1
bta188,1,0,1
doshomachi,1,0,1
handai,1,0,1
koan,1,0,1
horii,1,0,1
commerce,1,0,1
kaiseroxime,1,0,1
piperazinedione,1,0,1
pembatasan,1,0,1
competitiveness,1,0,1
acanthocephala,1,0,1
iñ,1,0,1
osa.metoprolol,1,0,1
copynmt,1,0,1
hydroxy-ethyltheophylline,1,0,1
actinomycine,1,0,1
ph]thymidine,1,0,1
pone,1,0,1
perú,1,0,1
viktoria,1,0,1
grammar,1,0,1
hbcgs,1,0,1
.iguratimod,1,0,1
.alloiococcus,1,0,1
micrornahsa-mir,1,0,1
monobenzyltetrahydroisoquinolines,1,0,1
cassameridine,1,0,1
bisbenzyltetrahydroisoquinolines,1,0,1
tetrahydroprotoberberines,1,0,1
b-magnoflorine,1,0,1
norepinephrine-stimulated,1,0,1
andronicos,1,0,1
lopinaviràritonavir,1,0,1
ifn-k4,1,0,1
loratidine/pseudoephrine,1,0,1
diaspirin,1,0,1
chloroquineare,1,0,1
blueberryproanthocyanidins,1,0,1
arenosclerin,1,0,1
200.vitamind,1,0,1
c.zeylanicum,1,0,1
antibp2,1,0,1
pep-b,1,0,1
plumbism,1,0,1
tetramethyl,1,0,1
phellodendronamurense,1,0,1
severalvasodilator,1,0,1
ages,1,0,1
phosphides,1,0,1
arjuna,1,0,1
mir-1827,1,0,1
baccopa,1,0,1
micronutrientantioxidant,1,0,1
il-56,1,0,1
protamine-1/protamine-2,1,0,1
methotrexare,1,0,1
thisin,1,0,1
il-77,1,0,1
aditi,1,0,1
imrana,1,0,1
fp-9,1,0,1
r2tp,1,0,1
ecdysoneless,1,0,1
fp-11,1,0,1
fp-15,1,0,1
"mir-1827,mir-363",1,0,1
"mir-711,mir-423-3p,mir-329-5p",1,0,1
fp-29,1,0,1
mirna-223,1,0,1
l-t4,1,0,1
azadiracta,1,0,1
fp-80,1,0,1
chd-5,1,0,1
vitaminb12&folicacid,1,0,1
jairam,1,0,1
vedika,1,0,1
radiovisiography,1,0,1
h3n2v,1,0,1
b-070,1,0,1
gadofluorinem,1,0,1
cortivazol,1,0,1
cuff,1,0,1
mn-dpdp-enhanced,1,0,1
b-074,1,0,1
b-07711:24,1,0,1
ce-uss,1,0,1
ozoneozygen,1,0,1
goretag,1,0,1
b-083,1,0,1
b-08711:24,1,0,1
hepasphere,1,0,1
b-107,1,0,1
b-109,1,0,1
b-12314:18,1,0,1
b-12414:27,1,0,1
b-130,1,0,1
b-13314:18,1,0,1
b-13414:27,1,0,1
b-13514:36,1,0,1
b-136,1,0,1
b-13714:54,1,0,1
b-13815:03,1,0,1
delistamatis,1,0,1
b-17414:27,1,0,1
b-19214:09,1,0,1
b-21214:09,1,0,1
b-249,1,0,1
meglumin,1,0,1
b-278,1,0,1
minocyclinehydrocloride,1,0,1
abusedera,1,0,1
casl,1,0,1
b-303,1,0,1
choline/,1,0,1
b-37714:54,1,0,1
b-41414:27,1,0,1
b-41514:36,1,0,1
b-42015:21,1,0,1
b-42714:54,1,0,1
b-444,1,0,1
b-458,1,0,1
b-494,1,0,1
b-495,1,0,1
b-51611:24,1,0,1
b-546,1,0,1
b-547,1,0,1
b-567,1,0,1
gadobenate-dimeglumine,1,0,1
b-598,1,0,1
lemon-juice,1,0,1
b-62611:24,1,0,1
b-643,1,0,1
b-701,1,0,1
b-705,1,0,1
b-711,1,0,1
b-721,1,0,1
b-722,1,0,1
b-72311:24,1,0,1
b-739,1,0,1
b-753,1,0,1
b-754,1,0,1
b-756,1,0,1
b-77311:24,1,0,1
b-774,1,0,1
vacora,1,0,1
b-778,1,0,1
-antihistaminics,1,0,1
lindert,1,0,1
melcr,1,0,1
pegylatedifn-α-2a,1,0,1
mouna,1,0,1
ó2012,1,0,1
single-doselive-attenuated,1,0,1
ethyl1-[(tert-butoxycarbonyl)amino]-2-methyl-5-(1methyl-1h-indol-3-yl)-4-[(1-methyl-1h-indol-3-yl)carbonyl]-1h-pyrrole-3-carboxylates,1,0,1
flavonoidskeleton,1,0,1
caminocide,1,0,1
resveratrolpinceatannol,1,0,1
flavonoides,1,0,1
thedrug,1,0,1
bohemian,1,0,1
lipofecatmine,1,0,1
b19igm,1,0,1
yaz,1,0,1
mangalindan,1,0,1
blps,1,0,1
mirna-124-3p,1,0,1
siamose,1,0,1
scil,1,0,1
cytexin,1,0,1
~-tocopherol,1,0,1
shuaib,1,0,1
~/-glutamylcysteine,1,0,1
y-glutamylcysteine,1,0,1
wesleyan,1,0,1
.adalimumab,1,0,1
.belimumab,1,0,1
b-121,1,0,1
itar,1,0,1
b-g,1,0,1
cephalosporins).ciclesonide,1,0,1
17α-hydroxyprogesteronecaproate,1,0,1
β-catenine-catechin,1,0,1
shafin,1,0,1
ahnaf,1,0,1
phen-dc3,1,0,1
glu-gly,1,0,1
lopinavir/ritonavirgenedisease,1,0,1
larynxpapillomatose,1,0,1
.catechins,1,0,1
ssd1,1,0,1
konvexe,1,0,1
vanh,1,0,1
danfu,1,0,1
carboxylic,1,0,1
cg-sd,1,0,1
epirubin,1,0,1
thiozoleurea,1,0,1
neocore,1,0,1
sriher,1,0,1
errol,1,0,1
dimitris,1,0,1
.bivalirudin,1,0,1
fadiman,1,0,1
asparagine-cysteine,1,0,1
.trichostatin,1,0,1
drvc,1,0,1
archivos,1,0,1
mir-500a-5p,1,0,1
alphaamanitin,1,0,1
spalmitoylated,1,0,1
popolatissima,1,0,1
preso,1,0,1
erdo,1,0,1
l-aminoadamantane,1,0,1
sctinomycin,1,0,1
midine-~h,1,0,1
ivith,1,0,1
samad,1,0,1
teriflunomida,1,0,1
l-tyr,1,0,1
guanidinechloride,1,0,1
methyl-,1,0,1
starch/vitamin,1,0,1
soc1,1,0,1
ischia,1,0,1
nh-piperazine,1,0,1
vincullin,1,0,1
pirana,1,0,1
digisim,1,0,1
β-lactamantibioticum,1,0,1
6xhisisg15,1,0,1
anti-stapylococcus,1,0,1
(±)-corydalidzine,1,0,1
α-allocryptopine,1,0,1
vancomycin-bzw,1,0,1
dermatophytosen,1,0,1
kapnophil,1,0,1
pneumokokken-infektionen,1,0,1
streptokokken-infektionen,1,0,1
erythromycinlactobionat,1,0,1
erythromycinethylsuccinat,1,0,1
tetroxoprim,1,0,1
acidecitrateedextrose,1,0,1
olmesartantreated,1,0,1
that:3,1,0,1
anti-p27,1,0,1
slagharen,1,0,1
tk-ganciclovir,1,0,1
reo,1,0,1
lear,1,0,1
lorax,1,0,1
lah-hbcvlpvaccine,1,0,1
enfuvirtide/t-20,1,0,1
edqm,1,0,1
pharmacopoea,1,0,1
hmpc,1,0,1
emapdco,1,0,1
sich.warfarin,1,0,1
vasopressor(norepinephrine,1,0,1
simvastatin/day,1,0,1
benzodiazepenes,1,0,1
lidocaine/epinephrine,1,0,1
acec,1,0,1
sanguinate,1,0,1
strelczyk,1,0,1
bimagnesium,1,0,1
13trimethoprim-sulfamethoxazole,1,0,1
senthilperumal,1,0,1
haarpool,1,0,1
b+bg,1,0,1
pirelli,1,0,1
lemmaa2,1,0,1
lemmasa1,1,0,1
minin,1,0,1
ce-pp,1,0,1
tricoder,1,0,1
piperacllin/tazobactam,1,0,1
lisw,1,0,1
traf1,1,0,1
vitamind-advice,1,0,1
b.oxycodon,1,0,1
adsc-evs,1,0,1
cmsc29-evs,1,0,1
kn€oevenagel,1,0,1
pyrazolineheterocycle,1,0,1
faeroe,1,0,1
pyreflor,1,0,1
elenol,1,0,1
cotrimoxazole/trimethoprim,1,0,1
melphalan-dose,1,0,1
methotrexate/ciclosporin,1,0,1
gemtuzumab-ozogamicin,1,0,1
amino-actinomycin,1,0,1
deerfi,1,0,1
il23r-genotype,1,0,1
methotrexate±atg,1,0,1
catins,1,0,1
m-cht,1,0,1
flu/mel,1,0,1
methylprednisolone/,1,0,1
methylprednisolone/sirolimus,1,0,1
ceam,1,0,1
cyclosporine+methotrexat,1,0,1
zevalin-busulphan-melphalan,1,0,1
gemcitabine-oxaliplatine,1,0,1
fludarabine/melphalane/rituximab,1,0,1
tacrolimus+rapamycine,1,0,1
vzfnmmz,1,0,1
meduloblastoma,1,0,1
cistatina,1,0,1
cyclophosphamide(cy,1,0,1
haploidentical,1,0,1
noxafi,1,0,1
cml-14,1,0,1
aml-5,1,0,1
uorquinolones,1,0,1
ribavirin/ivig,1,0,1
dichlorfl,1,0,1
valganciclovir(vgc,1,0,1
piperacilline-netromycin,1,0,1
fortum-amikacin-vancomycin,1,0,1
intraconasole,1,0,1
caspofungin(0/4,1,0,1
caspofungin+posaconasole,1,0,1
5'-aza-2'-deoxcytidine,1,0,1
phosfl,1,0,1
a-methotrexate,1,0,1
cyclosporine-methtrextae,1,0,1
ricregimen,1,0,1
lonchocarpol,1,0,1
ponciretin-,1,0,1
red-am,1,0,1
usp43,1,0,1
ofcolchicine,1,0,1
mir-30e-3p,1,0,1
hbid,1,0,1
prednizolon,1,0,1
biphosphonate,1,0,1
methylprednisolonetherapy,1,0,1
eros,1,0,1
anakinrathen,1,0,1
1-kontzias,1,0,1
rifampin-pyrazinamide,1,0,1
actinornycosis,1,0,1
aminodipropionitrile,1,0,1
tapetum,1,0,1
lucidum,1,0,1
n-methyl-n'-nitro-nnitrosoguanidine,1,0,1
sepraphore,1,0,1
@glucuronidase,1,0,1
heparin-sodium,1,0,1
wvp,1,0,1
.lianhua,1,0,1
.xuebijing,1,0,1
coldalcohol,1,0,1
nicomedes,1,0,1
riboflavins,1,0,1
nutriotion,1,0,1
symeonides,1,0,1
akathisia,1,0,1
kottayam,1,0,1
amoxicillin-clavulan,1,0,1
chlorhexidine-gluconate,1,0,1
sub,1,0,1
"ceftazidime),fluoroquinolones(ciprofloxacin",1,0,1
"levofloxacin),aminoglycosides(amikacin",1,0,1
gonococcus,1,0,1
beatrizângelo,1,0,1
piperacilintazobactam,1,0,1
moisturiser,1,0,1
milgoma,1,0,1
sabon,1,0,1
lapao,1,0,1
cotonou,1,0,1
polyvidoneiodine,1,0,1
cicle,1,0,1
o13,1,0,1
alcohol-based-rub,1,0,1
o40,1,0,1
ampicillin-chloramphenicol,1,0,1
natirumhypochlorite,1,0,1
natriumhypochlorite,1,0,1
vanomycin,1,0,1
ciprofloxacin/100,1,0,1
skmch,1,0,1
chlorhexidine-free,1,0,1
mirnamap,1,0,1
cupid,1,0,1
circnet,1,0,1
cn/.,1,0,1
asha,1,0,1
bcl2l2,1,0,1
bcam,1,0,1
cbib13,1,0,1
cbib24,1,0,1
cbib28,1,0,1
optiabmp,1,0,1
ta12,1,0,1
ta13,1,0,1
ts82,1,0,1
immucorecho,1,0,1
nit10,1,0,1
fibrinogen-aptamer,1,0,1
albumex,1,0,1
nit25,1,0,1
nit28,1,0,1
nit31,1,0,1
qt20,1,0,1
qt22,1,0,1
qt23,1,0,1
mgt1,1,0,1
igt12,1,0,1
anti-drhig,1,0,1
igt22,1,0,1
bifloris,1,0,1
igt30,1,0,1
sarum,1,0,1
igt53,1,0,1
igt68,1,0,1
igt80,1,0,1
igt88,1,0,1
igt89,1,0,1
/-dexamethasone,1,0,1
bbc61,1,0,1
bbc75,1,0,1
bbc88,1,0,1
f19-,1,0,1
chlorpheniramine/hydrocortisone,1,0,1
maxiumn,1,0,1
htvaccine,1,0,1
edm,1,0,1
jihadist,1,0,1
rituximab-chop,1,0,1
guanidine/cysteine,1,0,1
pavoni,1,0,1
aminoacidpolyprotein,1,0,1
espironolactona,1,0,1
dpn,1,0,1
tlck-chymotrypsin,1,0,1
sagnac,1,0,1
jcpyv,1,0,1
ldv,1,0,1
.paraproterodiplostomum,1,0,1
sudarikov,1,0,1
autonomia,1,0,1
tene,1,0,1
pyric,1,0,1
breyer,1,0,1
ameri-cium,1,0,1
.bcg,1,0,1
oscar,1,0,1
dimethyl-sulfoxide,1,0,1
(d-f).chloroquine,1,0,1
.peg,1,0,1
yermack,1,0,1
.indazole,1,0,1
liposomal-doxorubicin,1,0,1
cisplatin/pdea-peg,1,0,1
declofenac,1,0,1
indomethacin-cd,1,0,1
naproxen-β-cd,1,0,1
ibuprofen-β-cd,1,0,1
.n-propyl-norfloxacin,1,0,1
ag-sulfadiazine,1,0,1
cefobid,1,0,1
bis-nitroimidazole,1,0,1
picolinamide,1,0,1
flumox,1,0,1
sulfacarbamide,1,0,1
vultus,1,0,1
captopril/tb-β-cd/hp-β-cd,1,0,1
captopril/tb-β-cd/,1,0,1
md/pβ-cd,1,0,1
benzimidazolium,1,0,1
onium,1,0,1
buserelinacetate,1,0,1
ketoeenol,1,0,1
chlorine-(5b,1,0,1
chloro-(5b,1,0,1
peou,1,0,1
spain,1,0,1
h.aceto,1,0,1
bisphenolic,1,0,1
as-pirin,1,0,1
dopan,1,0,1
-thiotepa,1,0,1
trenimon,1,0,1
dianhydrogalactitol,1,0,1
-zelesin,1,0,1
aminoquinone,1,0,1
n-(l-leu-doxorubicin,1,0,1
hycamptin,1,0,1
straurosporine,1,0,1
indenoisoquinolines,1,0,1
batracylin,1,0,1
irinotecan.the,1,0,1
.lometrexol,1,0,1
anti-purines,1,0,1
methyl-6-mercaptopurine,1,0,1
negev,1,0,1
sipnose,1,0,1
anaesth,1,0,1
h.m.treasury,1,0,1
heartrate,1,0,1
novobiocina,1,0,1
zoladex/lupron,1,0,1
guduchi/,1,0,1
aortenisthmusstenose,1,0,1
aldosteronantagonisten,1,0,1
nitraten,1,0,1
giavdia,1,0,1
-imiquimod,1,0,1
canimorsus,1,0,1
mff,1,0,1
pseudoaneurysm,1,0,1
doxorubicin/cyclophosphamide,1,0,1
rift,1,0,1
dampagliflozin,1,0,1
meenan,1,0,1
hasnol,1,0,1
tracemetal,1,0,1
polidisin,1,0,1
asf/sf2,1,0,1
ranbp,1,0,1
sirna-pi3,1,0,1
vilbert,1,0,1
atingiram,1,0,1
razon,1,0,1
nehal,1,0,1
alargar,1,0,1
lebendimpfstoff,1,0,1
ganzkeimpertussisimpfstoff,1,0,1
auchlebendimpfstoff,1,0,1
impft,1,0,1
dtgp-impfstoff,1,0,1
pertussisimpfstoff,1,0,1
derimpfstoff,1,0,1
7-valente,1,0,1
7-valenten,1,0,1
typhusschutzimpfung,1,0,1
parenteralerimpfstoff,1,0,1
oralerimpfstoff,1,0,1
pyrimethamin/sulfadoxin,1,0,1
meningokokken-schutzimpfung,1,0,1
cs-137,1,0,1
a-changin,1,0,1
ealis,1,0,1
tuqi,1,0,1
rifampinsoaked,1,0,1
flagelin,1,0,1
1-hydroxypyridine-2thione,1,0,1
johnin,1,0,1
kispidum,1,0,1
umbilicare,1,0,1
fridemanis,1,0,1
phagicolalonga,1,0,1
fasdolopsis,1,0,1
macracanthorhynchus,1,0,1
e.scabra,1,0,1
nitazoxanidenitazoxanide,1,0,1
shibasaburō,1,0,1
tetanus(,1,0,1
shabalin,1,0,1
goodhart-tilney,1,0,1
benzedrinesulphate,1,0,1
emoxipine,1,0,1
pescetto,1,0,1
b-antagonist,1,0,1
actus,1,0,1
ziniti,1,0,1
methyl-2cyanoacrylate,1,0,1
butyl-2-cyanoacrylate,1,0,1
schiotz,1,0,1
acetylpromazineketamine,1,0,1
huggert,1,0,1
elgu,1,0,1
phenylalinine,1,0,1
s-taurine,1,0,1
necturia,1,0,1
chodin,1,0,1
michaelson,1,0,1
kloti,1,0,1
soto&,1,0,1
compoundbiejia,1,0,1
peoniae,1,0,1
cyclosporu,1,0,1
vancomycin69,1,0,1
¬a.,1,0,1
könig,1,0,1
crc.[81]mettl3/mir-1246/spred2,1,0,1
parin,1,0,1
enoxapa,1,0,1
thrombolysetherapie,1,0,1
rhythmustherapie,1,0,1
flecai,1,0,1
herzrhythmustherapie,1,0,1
echokardiografie,1,0,1
kardiaka,1,0,1
inodilatator,1,0,1
reine,1,0,1
methylprednisolon/d,1,0,1
cholinesterasehemmer,1,0,1
antiemeti,1,0,1
vancomycin/rifampi,1,0,1
angst,1,0,1
benzodiazepi,1,0,1
trimetho,1,0,1
prin/sulfamethoxazol,1,0,1
dramin,1,0,1
tetanusschutz,1,0,1
arthrosonografie,1,0,1
bialis,1,0,1
panaritium,1,0,1
antieil-6,1,0,1
xijunyan,1,0,1
pp-67,1,0,1
tnp-adenosine,1,0,1
8-adrenergic,1,0,1
tobramyci,1,0,1
penketh,1,0,1
ipratropim,1,0,1
drotar,1,0,1
mecholyl,1,0,1
8-phenylthiophylline,1,0,1
heart-lung-liver,1,0,1
(b1,1,0,1
urso,1,0,1
proqnosi,1,0,1
methylxanthenes,1,0,1
.haloperidol,1,0,1
d-nor,1,0,1
toledan,1,0,1
perez-ltdma,1,0,1
epigallocatechin-3gallate,1,0,1
michellamineb,1,0,1
probioticeprebiotic,1,0,1
2-agonist,1,0,1
deepl,1,0,1
hnrnpa1hnrnpa1hnrnpa1,1,0,1
polr2b,1,0,1
propranololbronehospasmus,1,0,1
guanethidin,1,0,1
-trikafta,1,0,1
byx,1,0,1
ṁ,1,0,1
bayna,1,0,1
buriol,1,0,1
epa-un-epsa,1,0,1
-acteoside,1,0,1
-saquinavir,1,0,1
.cycloheximide,1,0,1
myrcludexb/,1,0,1
-hydroxyvitamind,1,0,1
delia,1,0,1
ankylostoma,1,0,1
ethylacetate-methanolwater,1,0,1
ethylacetate-ethanol-water,1,0,1
mitofit,1,0,1
martyn,1,0,1
l-asparaginuse,1,0,1
piperaquine).it,1,0,1
xenitidou,1,0,1
electrifi,1,0,1
mahoneypoliovirus,1,0,1
sulfametoksazol/trimetoprim,1,0,1
gavrankapetanovic,1,0,1
stoppa,1,0,1
mering,1,0,1
ocm,1,0,1
mipo,1,0,1
bisphosponates,1,0,1
hernioplasty,1,0,1
tsx,1,0,1
rotavirusai-e,1,0,1
ubl-peptide,1,0,1
isg15-peptide,1,0,1
saul,1,0,1
chebulagicacid,1,0,1
ramagopalan,1,0,1
wasiak,1,0,1
anidulofungin,1,0,1
cvodbill,1,0,1
camilla,1,0,1
hbvcapsid,1,0,1
sevenallele,1,0,1
trithiocar-bonates,1,0,1
pegylatedpolymers,1,0,1
.ceftobiprole,1,0,1
piperacillin/tazabactam,1,0,1
trichoderma-methanol,1,0,1
prand,1,0,1
marbella,1,0,1
amoxicillin/clav,1,0,1
taropen,1,0,1
penicilling/,1,0,1
api-staph,1,0,1
"oxacilline,9",1,0,1
"amikacin,8",1,0,1
clindamycin-and,1,0,1
lactam+aminoglycoside,1,0,1
lactam+gentamicin,1,0,1
grn/omeprazole,1,0,1
e)levofloxacin,1,0,1
l-acenocumarol,1,0,1
levofloxacin/l,1,0,1
psychodidea,1,0,1
antimonat,1,0,1
vancomicin+gentamicin,1,0,1
novesin,1,0,1
levofloxacingrn,1,0,1
p1230,1,0,1
enis,1,0,1
dpt-vaccine,1,0,1
unicefvaccine,1,0,1
sulfatedcarbohydrates,1,0,1
ribavirin/hydrocortisone,1,0,1
occidental,1,0,1
etisalat,1,0,1
e-commerce,1,0,1
vajpayee,1,0,1
forfás,1,0,1
ijc,1,0,1
thatf,1,0,1
mactam,1,0,1
ciprofloxain,1,0,1
p-lactams,1,0,1
rashmi,1,0,1
alakendu,1,0,1
landelius,1,0,1
glunk,1,0,1
sunk,1,0,1
both-azithromycin,1,0,1
thiaminedeficiencythiamine,1,0,1
flodin,1,0,1
zanamivir-may,1,0,1
gradoni,1,0,1
silizium,1,0,1
rabone,1,0,1
.kin,1,0,1
esox,1,0,1
bittrex,1,0,1
clonidinehydrochloride,1,0,1
butyl-pbd-toluene,1,0,1
alanine-p-nitroaniline,1,0,1
glycine-cysteineglutamicacid,1,0,1
aryltriazenes,1,0,1
.hinokinin,1,0,1
rapicide,1,0,1
isopropylalcohol70,1,0,1
perdita,1,0,1
guida,1,0,1
mlynarczyk,1,0,1
spata22,1,0,1
etzold,1,0,1
oryzabase,1,0,1
y-defensin,1,0,1
elstat,1,0,1
is-membered,1,0,1
keppy,1,0,1
butanol-ether,1,0,1
piot-the,1,0,1
ionia,1,0,1
anaximenes,1,0,1
anaxagoras,1,0,1
leucippus,1,0,1
turingnn,1,0,1
funghi,1,0,1
resta,1,0,1
viene,1,0,1
stetoscopio,1,0,1
voriconazolo,1,0,1
p2035,1,0,1
mg/daymemantine,1,0,1
ticlopidine/,1,0,1
p2061,1,0,1
fos-phenytoin,1,0,1
carbamazepinevitamin,1,0,1
spitak,1,0,1
p2170,1,0,1
p2177,1,0,1
p2179,1,0,1
spainzolmitriptan,1,0,1
ceramidetrihexoside,1,0,1
cephalagia,1,0,1
lamotigine,1,0,1
eletriptan-40,1,0,1
hrdrocodone,1,0,1
aricept,1,0,1
propanololol,1,0,1
molmcilovic,1,0,1
medfon,1,0,1
ukraineon,1,0,1
c/cil-1b,1,0,1
steroidsparing,1,0,1
dopamimetic,1,0,1
amitryptyline,1,0,1
heschl,1,0,1
methilene,1,0,1
slavonic,1,0,1
cabaser,1,0,1
sclc,1,0,1
chloraminophen,1,0,1
doni,1,0,1
demaria,1,0,1
57pyronaridine,1,0,1
mir-19b-1-3p,1,0,1
nsclc.it,1,0,1
lavendar,1,0,1
kolbe,1,0,1
nephrocheck,1,0,1
chromidecichlid,1,0,1
planetesimals,1,0,1
al-quran,1,0,1
.mehrazin,1,0,1
anakinra-a,1,0,1
acharan,1,0,1
6-deoxycyclovir,1,0,1
barin,1,0,1
girlchild,1,0,1
chartrand,1,0,1
petrova,1,0,1
pyrdol,1,0,1
†tenofovir,1,0,1
trimethoprim/sulfamethoxazoleresistant,1,0,1
tetanus/diphtheria/pertussis,1,0,1
.delafloxacin,1,0,1
.eravacycline,1,0,1
.omadacycline,1,0,1
.gepotidacin,1,0,1
.sutezolid,1,0,1
gsk656,1,0,1
non-baricitinib,1,0,1
handel,1,0,1
persil,1,0,1
konstatierte,1,0,1
horizont,1,0,1
bavagnoli,1,0,1
kostendelersnorm,1,0,1
hcq+remdesivir,1,0,1
brie,1,0,1
argentina,1,0,1
lenalidomide-dexamethasone;vgpr,1,0,1
cmvvaccine,1,0,1
cormexins,1,0,1
zachary,1,0,1
m-dipeptide,1,0,1
gm-dipeptide,1,0,1
"disodium2b,3a-dihydroxy-6e-hydroximine-5a-cholestane-2,3disulfate",1,0,1
5'-cystein,1,0,1
momentan,1,0,1
tacrolimusbased,1,0,1
everolimus-talspiegel,1,0,1
campath-beam,1,0,1
azathioprine/mmf,1,0,1
valgancyclovir/gancyclovir,1,0,1
everolimus-based,1,0,1
spinacea,1,0,1
chaetoceros,1,0,1
dinophyte,1,0,1
peg-inf-alpha-2a,1,0,1
peg-inf-alpha-2b,1,0,1
peginterferon-alpha-2b/ribavirin,1,0,1
mangia,1,0,1
interferon-alpha-2b/rbv,1,0,1
peginterferon-alpha-2b,1,0,1
herrine,1,0,1
peg-ifn-alpha-2a/ribavirin,1,0,1
farel,1,0,1
tradierte,1,0,1
.narsoplimab,1,0,1
griin,1,0,1
a4-u29,1,0,1
akaninyene,1,0,1
flucona-zole,1,0,1
helium-o,1,0,1
phenylethylamines,1,0,1
spironol,1,0,1
podophyllotoxin-β-d-,1,0,1
drugribavirin,1,0,1
anti-eczema,1,0,1
-ubiquitin,1,0,1
imipenem-cilastine,1,0,1
kadiyala,1,0,1
radium-dicloride,1,0,1
siao-kun,1,0,1
h40,1,0,1
ex-bayer,1,0,1
jurilab,1,0,1
sobala,1,0,1
phosphorated,1,0,1
kabuli,1,0,1
calciumactivatedchloride,1,0,1
5-fuorouracil,1,0,1
qijiabuyinlifei,1,0,1
glucocotiosteroid,1,0,1
all-trons-retinoicacid,1,0,1
rimalottidis,1,0,1
rg3,1,0,1
pleurodesis,1,0,1
acetazolamoide,1,0,1
komenda,1,0,1
lncrna-mirna,1,0,1
naloxonemethylbromide,1,0,1
3-adrenergic,1,0,1
levomethadyl,1,0,1
by/3-adrenergic,1,0,1
pentagastrin-stimulatedacid,1,0,1
d-pentazocine,1,0,1
dynorphinb,1,0,1
c-diprenorphine,1,0,1
agonistenadoline,1,0,1
alfentalil,1,0,1
3-estradiol,1,0,1
phenytoin).m.,1,0,1
chlorocholinechloride,1,0,1
heparansulfates,1,0,1
us-jordan,1,0,1
us-gasoline,1,0,1
isoprep,1,0,1
streptomycin).6,1,0,1
geltrex,1,0,1
hcv),1,0,1
streptomycin.5,1,0,1
luciferin-ipa,1,0,1
daubechies-1,1,0,1
drynariae,1,0,1
6-bromotryptamine,1,0,1
bisindoles,1,0,1
amauroascus,1,0,1
sphaericum,1,0,1
arcyroxepin,1,0,1
pirb/lilrb,1,0,1
rasa3,1,0,1
paranmt-50,1,0,1
rubabhs,1,0,1
amphibiuns,1,0,1
-etanercept,1,0,1
geni).here,1,0,1
cervarix1,1,0,1
symbio,1,0,1
bcg-20,1,0,1
22.cyclophosphamide,1,0,1
isii,1,0,1
αketoamide,1,0,1
i.e.voriconazole,1,0,1
i.b.,1,0,1
lnaantisense,1,0,1
tricyclo-dna,1,0,1
phn,1,0,1
melas,1,0,1
3-toxin,1,0,1
antifibrotic,1,0,1
sa-b,1,0,1
harinasuta,1,0,1
oseltamivir-would,1,0,1
maharastra,1,0,1
anti-,1,0,1
lp-hpv,1,0,1
narodni,1,0,1
tp3000,1,0,1
polyethylenoglycol,1,0,1
chorium,1,0,1
metanefric,1,0,1
metanefricadenofribroma,1,0,1
parraphinwax,1,0,1
quadrivalenthpv6/11/16/18vaccine,1,0,1
pyrazolonepyridazine,1,0,1
zguggulsterone,1,0,1
calciu,1,0,1
−ritonavir,1,0,1
−lopinavir,1,0,1
antraquinones,1,0,1
18-dose,1,0,1
alene,1,0,1
oxazepine,1,0,1
volinanserin,1,0,1
pipearzine,1,0,1
benzimidazole-peptide,1,0,1
lacticin3147,1,0,1
-methyllanthionine,1,0,1
hbvpres,1,0,1
peptido2.rotaxanes,1,0,1
antimetastatic,1,0,1
backbone,1,0,1
azaaminoacid,1,0,1
-dimethylcysteine,1,0,1
leu-enkephalinamide,1,0,1
anuroctoxin,1,0,1
p-nitrophenole,1,0,1
antimicrobal,1,0,1
aspartamide,1,0,1
parasine,1,0,1
-macrolide,1,0,1
formyl-met,1,0,1
p20126,1,0,1
anabaenopeptin,1,0,1
preproarenicin,1,0,1
ethylurea,1,0,1
bodipy-polymyxin,1,0,1
sepecin,1,0,1
trichogingaiv,1,0,1
insl5,1,0,1
anacyclin,1,0,1
polyproline,1,0,1
napamide,1,0,1
gal-napamide,1,0,1
dota-napamide,1,0,1
peptide-macrolide,1,0,1
gnrh-iii-antracycline,1,0,1
heptagastrin,1,0,1
-cortexin,1,0,1
gsrt,1,0,1
curnis,1,0,1
palmitatemodifi,1,0,1
tris(2aminoethyl)amine,1,0,1
(hsvtk)/ganciclovir,1,0,1
peg-spacer,1,0,1
nanogaps,1,0,1
rfamide,1,0,1
dtpa-peptide,1,0,1
cpp-pnaconjugate,1,0,1
pna-cholesterol,1,0,1
anti-hcvvaccine,1,0,1
ew-peptide,1,0,1
hemithioindigo,1,0,1
cathelicidinll37,1,0,1
domanov,1,0,1
arginineaminoacids,1,0,1
uoroisopropanol,1,0,1
pepitide,1,0,1
6.-gingerol,1,0,1
/melanin,1,0,1
adam2,1,0,1
adam9,1,0,1
adam11,1,0,1
adamalysin,1,0,1
fertilin-a,1,0,1
salinomycinare,1,0,1
ehrlichiosis,1,0,1
rtx-mmf,1,0,1
rtx-aza,1,0,1
alps-u,1,0,1
tetanusanatoxin,1,0,1
preruxolitinib,1,0,1
chim-cd18-wpre,1,0,1
rp-l201,1,0,1
sin-lv,1,0,1
typhoidpolysaccharidevaccine,1,0,1
reiger,1,0,1
fludarabine/dexamethasone,1,0,1
milka,1,0,1
koupenova,1,0,1
hd-5,1,0,1
tags:•,1,0,1
narodowyfundusz,1,0,1
minhua,1,0,1
pitman,1,0,1
visb.,1,0,1
ethanolvapor,1,0,1
hira,1,0,1
ajib-med-exp-20,1,0,1
namrata,1,0,1
tinic,1,0,1
pantzalis,1,0,1
rivaroxaban)-a,1,0,1
thoele,1,0,1
cyclophosphamideor,1,0,1
tono-penavia,1,0,1
caloric,1,0,1
vancomycin-conjugated,1,0,1
gonchar,1,0,1
suetin,1,0,1
bisacromial,1,0,1
coxa,1,0,1
zygoma,1,0,1
raphes,1,0,1
aorticus,1,0,1
midepigastrium,1,0,1
paraceta,1,0,1
vervol,1,0,1
bèta-agonisten,1,0,1
pulsoximetrie,1,0,1
capnografie,1,0,1
zuurstoftherapie,1,0,1
luqi,1,0,1
brenier,1,0,1
hapaclitaxel,1,0,1
prrsvvaccine,1,0,1
α-zearalenol,1,0,1
srb51,1,0,1
rb51b.abortusvaccine,1,0,1
cymelarsan,1,0,1
quinapyramine,1,0,1
deimos,1,0,1
phenothiazinc,1,0,1
elisaigg,1,0,1
wmm,1,0,1
rofenoxib,1,0,1
buxamine-c,1,0,1
buxamine-b,1,0,1
17a-estradiol,1,0,1
estradiolderivatives,1,0,1
arbs/aceis,1,0,1
dittmer,1,0,1
khelifa,1,0,1
methylmercuric,1,0,1
tpp,1,0,1
rubiconmd,1,0,1
casein-chloramphenicol,1,0,1
oxidant,1,0,1
iu/dt~-tocopherol,1,0,1
iu/dct-tocopherol,1,0,1
methylthiazoleterazolium,1,0,1
chloramphenicolresistant,1,0,1
viranol,1,0,1
spirometry,1,0,1
alkoxyethenolate,1,0,1
procorolan,1,0,1
mmvd.atenolol,1,0,1
0.04).sildenafil,1,0,1
il.gentamicin,1,0,1
post-gentamicin,1,0,1
cosequin,1,0,1
25-oh-d,1,0,1
ciprofloxacin/g,1,0,1
e-57,1,0,1
fgf-23,1,0,1
in-pentetreotide,1,0,1
phosphatemia,1,0,1
amoxicillinclavulante,1,0,1
erchonia,1,0,1
lalanyl-l-glutamine,1,0,1
ganciclovirtherapy,1,0,1
ganciclovir-therapy,1,0,1
da-csm,1,0,1
.-hypericin,1,0,1
pinesol,1,0,1
calixarene,1,0,1
calcium-,1,0,1
president/,1,0,1
deepcnf,1,0,1
pinealol,1,0,1
.sulforaphan,1,0,1
sulforaphene,1,0,1
sulforaphan,1,0,1
paniculataandrographis,1,0,1
silibinine,1,0,1
phosphus,1,0,1
glycyrrheizine,1,0,1
glycyrrheizin,1,0,1
cineri,1,0,1
cytokinin-cytokinin,1,0,1
cmp-glycoside,1,0,1
metan,1,0,1
globalism,1,0,1
aminoniclosamide,1,0,1
e).niclosamide,1,0,1
.oxyclozanide,1,0,1
noandroecium,1,0,1
m.albiflora,1,0,1
fc014,1,0,1
stratoliner,1,0,1
guernica,1,0,1
hollom,1,0,1
canadinensis,1,0,1
selex,1,0,1
finardi,1,0,1
curiae,1,0,1
capuchin,1,0,1
anaphylaktische,1,0,1
φµ.,1,0,1
309vitamind,1,0,1
ciprofloxacin-505,1,0,1
nlrb,1,0,1
5-aza-2ʹdeoxycytidine,1,0,1
enige,1,0,1
nice/hqip/rcp/,1,0,1
selenomethioninesubstituted,1,0,1
salido,1,0,1
impfmodus,1,0,1
psychosoziale,1,0,1
.bazedoxifene,1,0,1
cma-es,1,0,1
phytosteroid,1,0,1
asaii,1,0,1
asaiii,1,0,1
sincea,1,0,1
tdf/ftc2-in-1,1,0,1
davarzani,1,0,1
es-,1,0,1
john20:17,1,0,1
magaline,1,0,1
topnotch,1,0,1
ecg-gatedmsct,1,0,1
iomeprol-350,1,0,1
iomeprol-300,1,0,1
nafamostatmesilate,1,0,1
cawt,1,0,1
neonacy,1,0,1
v.alaimo,1,0,1
s.piciucchi,1,0,1
iodinatedcm,1,0,1
5-bromo-2'-deoxyuridin,1,0,1
adenofi,1,0,1
pekindil,1,0,1
cmethionine,1,0,1
spinabifi,1,0,1
p-pse,1,0,1
fentanile,1,0,1
crosby,1,0,1
dotaren,1,0,1
fatsat,1,0,1
scapholunate,1,0,1
silvius,1,0,1
11c-sodium,1,0,1
minota,1,0,1
c-796,1,0,1
rgm,1,0,1
lamb-138,1,0,1
towhata,1,0,1
-dabrafenib,1,0,1
-cilostazol,1,0,1
remdesivir/epclusa,1,0,1
remdesivir/velpatasvir/sofosbuvir,1,0,1
rdv/velpatasvir/sofosbuvir,1,0,1
rdv/elbasvir/grazoprevir,1,0,1
steroid-remdesivir,1,0,1
gemmel,1,0,1
trioxa-adamantane-triol,1,0,1
"m.tane-3,5,7-triol",1,0,1
demcthylchlortetracycline,1,0,1
non-sirolimus,1,0,1
o133,1,0,1
oxygen-,1,0,1
tbicyclophosphamide,1,0,1
o166,1,0,1
eurocord-netcord,1,0,1
valgan-ciclovir,1,0,1
sulfo-biotin,1,0,1
anti-trail-r2,1,0,1
o366,1,0,1
takrolimus,1,0,1
o377,1,0,1
vincristine/adriamycine/dexamethasone,1,0,1
o394,1,0,1
fludararabine,1,0,1
treo-fld,1,0,1
denogen,1,0,1
hr2-glutathione,1,0,1
measles-mumpsrubellavaccine,1,0,1
angii-at2r,1,0,1
logica/cgi,1,0,1
mieng,1,0,1
hash.ai,1,0,1
chymotrypsin-fold,1,0,1
kibale,1,0,1
sulfitolysis,1,0,1
guaymi,1,0,1
hpv-i,1,0,1
peptidep34,1,0,1
anti-c-myc,1,0,1
e.saxatilis,1,0,1
japonicathunb,1,0,1
zik,1,0,1
sincere,1,0,1
rh]uridine,1,0,1
8hluridine,1,0,1
fuzzme,1,0,1
china-epa-unepsa,1,0,1
methoxyfluorane,1,0,1
bitker,1,0,1
glucose-xylose,1,0,1
chloroquine.•,1,0,1
rectisol,1,0,1
imidazoquinolones,1,0,1
vitaminc.it,1,0,1
clemastinbehandeln,1,0,1
hyaluronate-based,1,0,1
.pyridine,1,0,1
n-deoxygenation,1,0,1
-methadone,1,0,1
"p30dk098722,u10",1,0,1
anthelmycin,1,0,1
destomycin,1,0,1
alpha-sarcin,1,0,1
rdyn,1,0,1
betania,1,0,1
atg12-and,1,0,1
.bavituximab,1,0,1
.tremelimumab,1,0,1
siba,1,0,1
fluzoneqiv,1,0,1
vitamins/minerals,1,0,1
hypochlorhydria,1,0,1
puratos,1,0,1
price-in,1,0,1
dramalic,1,0,1
ace2arbidol,1,0,1
bison,1,0,1
cva,1,0,1
echo30,1,0,1
cva-,1,0,1
ev-b,1,0,1
melotest,1,0,1
sersen,1,0,1
334remdesivir,1,0,1
slavery,1,0,1
sociologist,1,0,1
lanuginosus,1,0,1
aminoacids.(2,1,0,1
dex-tromethorphan,1,0,1
vldl-receptor,1,0,1
ginsengsaponinchikusetsusaponin,1,0,1
herbpolygonumcuspidatum,1,0,1
3-methoxyflavones,1,0,1
penicillin/kanamycin,1,0,1
punctum,1,0,1
nurz.,1,0,1
laprevotte,1,0,1
pentair,1,0,1
apopka,1,0,1
hey,1,0,1
filmisch,1,0,1
bodega,1,0,1
filme,1,0,1
hook,1,0,1
mycophenol,1,0,1
alcohol-120,1,0,1
gurassa,1,0,1
adkar,1,0,1
omycine,1,0,1
oracilline,1,0,1
theophyllinecontact,1,0,1
rudik.,1,0,1
methyl-mercuric-hydroxide,1,0,1
.homopolymer,1,0,1
androgyny,1,0,1
chem,1,0,1
peg2kc34,1,0,1
resnet-200,1,0,1
muitas,1,0,1
chairbernanke,1,0,1
armine,1,0,1
p95,1,0,1
chlorhexidine-70,1,0,1
tremoflo,1,0,1
"4',6-dichloroflavan",1,0,1
trifluradine,1,0,1
2'-fluoro-5-lodo-arac,1,0,1
araa,1,0,1
phosphonoformate,1,0,1
adamantaneamine,1,0,1
hypotensins,1,0,1
mária,1,0,1
l-anti-trypsin,1,0,1
vz-ig,1,0,1
bamantadine/rimantadine,1,0,1
mantadine,1,0,1
drug)oseltamivir,1,0,1
zanamivir(relenza,1,0,1
levi€,1,0,1
anwender,1,0,1
sébastien,1,0,1
zincsupplements,1,0,1
dumitrescu,1,0,1
larixlaricina,1,0,1
populusbalsamifera,1,0,1
aralia,1,0,1
comus,1,0,1
corstorphine,1,0,1
servaes,1,0,1
mbol,1,0,1
actinobase,1,0,1
clo-per-sm101,1,0,1
clo-per-13,1,0,1
yer-kim,1,0,1
ecoil-apec,1,0,1
ginkgobilobaleaf,1,0,1
iper-7-phth,1,0,1
hydroxycitricacid,1,0,1
abt888,1,0,1
hydroxyurea-induced,1,0,1
μopioid,1,0,1
maprotilin,1,0,1
amantadine/quetiapine,1,0,1
amitriptyline/quetiapine,1,0,1
amitriptyline/carbamazepine,1,0,1
forchlorfenuron,1,0,1
canalis,1,0,1
ficusplatyphylla,1,0,1
sura.lovastatin,1,0,1
leontopodium,1,0,1
h]epibatidine,1,0,1
dimoxystrobinexposure,1,0,1
agonist17β-estradiol,1,0,1
herβ,1,0,1
xenoestrogens,1,0,1
17betaestradiol,1,0,1
pahs,1,0,1
β-asarone,1,0,1
αasarone,1,0,1
chloroform/phenol,1,0,1
dipalmitate,1,0,1
c]-metformin,1,0,1
tetrahydro-deoxycorticosterone,1,0,1
tricand,1,0,1
tricsi,1,0,1
mtx-sl,1,0,1
eucp,1,0,1
tertbutylhydrochinone,1,0,1
osi-027,1,0,1
epoxiconazole,1,0,1
parabar,1,0,1
nbutyrate,1,0,1
talarico,1,0,1
acetylcysteineenema,1,0,1
hepatocel-224,1,0,1
nsqt,1,0,1
apalachicola,1,0,1
(r)tomoxetine,1,0,1
(r)-duloxetine,1,0,1
amine/guanidine,1,0,1
sulfonlyureas,1,0,1
lannefors,1,0,1
andropause,1,0,1
antagonistang(1-7)/masr,1,0,1
zinc-aas,1,0,1
3h-spiroperidol,1,0,1
lkb,1,0,1
camptothecinar004,1,0,1
mejoró,1,0,1
inhibitoralogliptin,1,0,1
fabián,1,0,1
ada2,1,0,1
of~36,1,0,1
chelix,1,0,1
alanineeserineecysteine,1,0,1
orf73,1,0,1
dglucose,1,0,1
cm-uracil,1,0,1
icd-o:8052/0,1,0,1
icd-o:8680/1,1,0,1
icd-o:8720/3,1,0,1
l.mollissima,1,0,1
hexachloro-6carboxy-fluorescein,1,0,1
yakima,1,0,1
brocadia,1,0,1
ophthalmomyiasis,1,0,1
antibiotic-corticosteroid,1,0,1
lentis,1,0,1
vitaminε,1,0,1
externa,1,0,1
hcarboline,1,0,1
-dideoxycytidine,1,0,1
ar-curcumene,1,0,1
lucayanum,1,0,1
17-bestradiol,1,0,1
amoxicillin)all,1,0,1
lassie,1,0,1
medetomidine-butorphanolmidazolam,1,0,1
.nicorandil,1,0,1
nicorandilanti-fibrotic,1,0,1
trimedia,1,0,1
ginosa,1,0,1
mantzaras,1,0,1
p&f,1,0,1
ν̃,1,0,1
promyelocyte,1,0,1
methyl-pppn,1,0,1
u-amanitin,1,0,1
drozer,1,0,1
salivariuswe5,1,0,1
i-epibatidine,1,0,1
ficoll-sodium,1,0,1
ticlid,1,0,1
ketamine-valium,1,0,1
growth-hormone,1,0,1
ormetoprim-sulfadimethoxime,1,0,1
sulfadimethoxime,1,0,1
nephroliths,1,0,1
nephrolith,1,0,1
regius,1,0,1
tx.cyclosporine,1,0,1
bugara,1,0,1
96,1,0,1
tampoco,1,0,1
"that:""",1,0,1
cabrio,1,0,1
villata,1,0,1
maximimum,1,0,1
gurrin,1,0,1
sproat,1,0,1
chondronectin,1,0,1
meteorol,1,0,1
.artemether,1,0,1
ymectomy,1,0,1
-coxsackievirusa2,1,0,1
[3h]-inulin,1,0,1
chloroquinethis,1,0,1
mepivicainehydrochloride,1,0,1
dettwiler,1,0,1
h.it,1,0,1
.nifurtimox,1,0,1
ogc,1,0,1
a-methyl-o-mannoside,1,0,1
juglacea,1,0,1
(-)catechingallate,1,0,1
.pranlukast,1,0,1
trim-cyp,1,0,1
boxing,1,0,1
langar,1,0,1
.sherin,1,0,1
handelte,1,0,1
isomere,1,0,1
ecgoninemethylester,1,0,1
metamfetamin,1,0,1
rifampina,1,0,1
norteamericana,1,0,1
micetoma,1,0,1
clamidias,1,0,1
anisimov,1,0,1
nital,1,0,1
portfolios,1,0,1
ariplan,1,0,1
aakash,1,0,1
vitaminedel,1,0,1
idrica,1,0,1
isopropanolo,1,0,1
formedil,1,0,1
interessante,1,0,1
parthenope,1,0,1
adriatica,1,0,1
agoraprev,1,0,1
solamente,1,0,1
violenza,1,0,1
ceppoteca,1,0,1
ampicillina,1,0,1
piperacillina-tazobactam,1,0,1
ausilio,1,0,1
nella,1,0,1
tratto,1,0,1
regolamento,1,0,1
creativa,1,0,1
molinella,1,0,1
metodologia,1,0,1
dtap2-ipv-hb-hib,1,0,1
osservando,1,0,1
sportiva,1,0,1
teatrale,1,0,1
enterococchi,1,0,1
proposto,1,0,1
valori,1,0,1
narrativa,1,0,1
prevista,1,0,1
punto,1,0,1
programma,1,0,1
locandine/,1,0,1
measlesmumps-rubella-varicellavaccine,1,0,1
obiettivo,1,0,1
ventilata,1,0,1
lietava,1,0,1
iminobiotin,1,0,1
snbamnionic,1,0,1
cristian,1,0,1
metaphormeta,1,0,1
rim101,1,0,1
glyoxalate,1,0,1
sinecatechin,1,0,1
cobicistat_abacavir_rilpivine,1,0,1
cobicistat_abakavir_rilpivirin,1,0,1
priyankanemchand,1,0,1
ephedrines,1,0,1
2-hydroxystilbamidine,1,0,1
benzathineprocaine,1,0,1
piric,1,0,1
rainerrienmüller,1,0,1
triphenyl-tetrazoliumchloride,1,0,1
chemopapain,1,0,1
ulrichag,1,0,1
eprol,1,0,1
gadom,1,0,1
cordaro,1,0,1
radisease.14:50222gadolinium,1,0,1
high-dosegadolinium,1,0,1
galactog,1,0,1
galac,1,0,1
wadin,1,0,1
meningiom,1,0,1
filimonow,1,0,1
video-mri,1,0,1
telegil,1,0,1
ami-227-sinerem,1,0,1
kreştin,1,0,1
gadolinium-dtpa-and,1,0,1
dormir,1,0,1
admitidas,1,0,1
botulismo,1,0,1
rabia,1,0,1
christakis,1,0,1
mimop,1,0,1
els-13,1,0,1
els-14,1,0,1
els-33,1,0,1
els-35,1,0,1
eduardofrei,1,0,1
rosineide,1,0,1
uberlandia,1,0,1
glenda,1,0,1
gazi,1,0,1
ga+vitaminc,1,0,1
isorhamnetine,1,0,1
hydrogene,1,0,1
alanthanum,1,0,1
ompound,1,0,1
treosulfan+melphalan,1,0,1
holtan,1,0,1
thiotepaetoposidecyclophosphamide,1,0,1
clofarabine-cytarabine,1,0,1
fludarabinebusulfan,1,0,1
cyclosporine+methotrexate,1,0,1
chemerin/,1,0,1
orr,1,0,1
ibrutinib/idelalisib,1,0,1
mieloablativa,1,0,1
glycyrrhizaglabr,1,0,1
glisofl,1,0,1
kirghizlicorice,1,0,1
glabroisoflavonesa,1,0,1
licochalconesa,1,0,1
3′-hydroxy-4′-omethylglabridin,1,0,1
nonglycyrrhizin,1,0,1
liquiriti-genin,1,0,1
saiboku-to,1,0,1
ethanolicliquorice,1,0,1
microsomal11β-hsd1,1,0,1
isoflavan,1,0,1
isoliquiritigenin-4′-o,1,0,1
glycyrrhiz,1,0,1
glabridins,1,0,1
5αdihydroaldosterone,1,0,1
5β-tetrahydroaldosterone,1,0,1
zinc348,1,0,1
"zinc865-6,7",1,0,1
"zinc1003-6,8-6,9",1,0,1
carmellose,1,0,1
cyclosporine-and,1,0,1
anti-idiotype,1,0,1
bengio,1,0,1
popa,1,0,1
pharmacologica,1,0,1
emilvonbehring,1,0,1
paulehrlich,1,0,1
epineph-,1,0,1
pyrdiostatin,1,0,1
tr-dgu,1,0,1
collistin,1,0,1
ortogel,1,0,1
"i""soniazid",1,0,1
.latrodectus,1,0,1
deksmedetomidine,1,0,1
exspiron,1,0,1
sicq,1,0,1
bat-sl-ratg13,1,0,1
perutz,1,0,1
ernstmayr,1,0,1
manthiou,1,0,1
endtidal,1,0,1
β-streptococcal,1,0,1
gretillat,1,0,1
ifnβribavirin,1,0,1
algoa,1,0,1
episim,1,0,1
77-amino-acid,1,0,1
glucorticoides,1,0,1
insulina,1,0,1
eyquem,1,0,1
215a,1,0,1
yohimbans,1,0,1
bisbenzylisoquinolines,1,0,1
dexel,1,0,1
.arbidolhydrochloride,1,0,1
aral,1,0,1
aralkum,1,0,1
hernáncortes,1,0,1
diselenium,1,0,1
cefazolin-probenecid,1,0,1
.thioguanine,1,0,1
aza/,1,0,1
bisimt,1,0,1
bisimg.,1,0,1
baminocarbonyls,1,0,1
povarov,1,0,1
methotrexatetreated,1,0,1
antihcv,1,0,1
meropenem/rpx7009,1,0,1
ceftibutem,1,0,1
mem/lglutamine,1,0,1
bortolotti,1,0,1
mcintyre,1,0,1
peptobismol,1,0,1
hyoscine/dipyrone,1,0,1
finanzbericht,1,0,1
dorehye,1,0,1
neo-mycin,1,0,1
split}.,1,0,1
compounds-chloroquine,1,0,1
trockenpulverinhalatoren,1,0,1
vernebler,1,0,1
beatmungsdrücke,1,0,1
beatmungsmodi,1,0,1
no-beatmung,1,0,1
subclaviae,1,0,1
.azathioprin,1,0,1
privin,1,0,1
kryotherapie,1,0,1
telefonischeraucherberatung,1,0,1
jugendliche,1,0,1
c]deoxycorticosterone,1,0,1
salviamiltiorrhizaebunge,1,0,1
mongholicusbunge,1,0,1
decne,1,0,1
eucommia,1,0,1
ulmoidesoliv,1,0,1
polygonumjucundum,1,0,1
coleus,1,0,1
.epigallocatechin-3-gallate,1,0,1
asphodeloidesbunge,1,0,1
ali.dexamethasone,1,0,1
iron-folate,1,0,1
enterococcusby,1,0,1
blactamase-inhibitors,1,0,1
rapamycin/torin,1,0,1
macrolide/beta-lactam,1,0,1
frankliniellaoccidentalis,1,0,1
michel,1,0,1
lidocaineepinephrine-tetracaine,1,0,1
zonare,1,0,1
clindamycin.2011,1,0,1
bolus-phenylephrine,1,0,1
penicillin-treptomycin,1,0,1
@jackposobiec,1,0,1
cisterna,1,0,1
cyclopho,1,0,1
csa+prednisone,1,0,1
asct,1,0,1
anti-a-interferon,1,0,1
bromohexine,1,0,1
hydroxychloroquine(2,1,0,1
chloroquine+1500,1,0,1
creb3l1,1,0,1
tmprss12,1,0,1
anti-u.s.,1,0,1
dessemartinperiodinane,1,0,1
compound20b,1,0,1
idine18e,1,0,1
vivisol,1,0,1
dyane,1,0,1
hawthorn,1,0,1
pulse-oxymeter,1,0,1
p.gag-pol,1,0,1
sodiumdodecylsarcosine,1,0,1
ambisomeâ,1,0,1
hydrogenperoxide;(2,1,0,1
antimony-tin,1,0,1
g.majone,1,0,1
probnp,1,0,1
quercetin-3-o-sophoroside,1,0,1
droujinine,1,0,1
myoglianin,1,0,1
babo-a,1,0,1
myo/activin,1,0,1
pubis,1,0,1
pepelow,1,0,1
indocyamine,1,0,1
tdm-621,1,0,1
iwe,1,0,1
endoeye,1,0,1
endoo,1,0,1
endovac,1,0,1
cruraplasty,1,0,1
colo-colic,1,0,1
d-port,1,0,1
bismuthi,1,0,1
dunbar,1,0,1
tile-pro,1,0,1
vincixi,1,0,1
endostappler,1,0,1
pylorpolasty,1,0,1
easier,1,0,1
szold,1,0,1
r-en-y,1,0,1
lap-tpe,1,0,1
lrh,1,0,1
endoclactor,1,0,1
enterolithotomy,1,0,1
indocianyne,1,0,1
iodine-123-metaiodobenzyguanidine(mibg,1,0,1
rokitansky,1,0,1
carboplatin-caelix,1,0,1
gastrojejunostomy,1,0,1
fundoplication,1,0,1
suharso,1,0,1
aliabadi,1,0,1
-pso,1,0,1
antifammin-2,1,0,1
azathiopnne,1,0,1
vitamine(txtocopherol,1,0,1
x-tocopherol,1,0,1
anti-depressants,1,0,1
l!sinopril,1,0,1
d-pyridinoline,1,0,1
paracetemol,1,0,1
cephalosporin?a,1,0,1
jatin,1,0,1
trix-,1,0,1
itraconazole.vii,1,0,1
lithotriptors,1,0,1
fithotriptors,1,0,1
ethylen,1,0,1
najariall,1,0,1
corrine,1,0,1
antignac,1,0,1
mlele,1,0,1
oxalate/creatinine,1,0,1
arg-vasopressin,1,0,1
xqter,1,0,1
pzednisone,1,0,1
mechloretamine,1,0,1
cyclospodne,1,0,1
c~;closporine,1,0,1
osporine,1,0,1
"s-7,2",1,0,1
"1,25-dihydroxyvitamin~",1,0,1
oxacalcitriol,1,0,1
"24,25(oh)2d",1,0,1
3-mehis,1,0,1
acid-urea,1,0,1
hemodynarlic,1,0,1
cyclosporlne,1,0,1
ieflunomide,1,0,1
diure,1,0,1
cyclosporin-a.,1,0,1
fursemide,1,0,1
levamisote,1,0,1
chtorothiazide,1,0,1
hydratazine,1,0,1
conadotrephin,1,0,1
dehydoepiandrosteronesulphate,1,0,1
drostenedione,1,0,1
dehydroepiandrosteronesulphate,1,0,1
methlylprednisolone,1,0,1
sulfofluorescein,1,0,1
cispla,1,0,1
gtp-analoguee,1,0,1
v2-agonists,1,0,1
cyelosporin,1,0,1
antihyper,1,0,1
r-cin,1,0,1
meclofenemate,1,0,1
kaluril,1,0,1
cycleheximide,1,0,1
"1,25-dihydroxyvitamind3(i)3",1,0,1
norfloxaciner,1,0,1
rhg,1,0,1
rbg-csf,1,0,1
p-iia.8,1,0,1
i'rednisone,1,0,1
incristine,1,0,1
p-iia.21,1,0,1
p-iia.2~,1,0,1
s.dneumoniae.cyclophosphamide,1,0,1
"p-iia,34",1,0,1
"prednisone,6",1,0,1
dms).cyclophosphamide,1,0,1
p-iia.46,1,0,1
p-iia.48,1,0,1
p-iia.52,1,0,1
p-iia,1,0,1
crcatinlne,1,0,1
methylprednisone(mp,1,0,1
glucocorticeid,1,0,1
siclosporine,1,0,1
b-35,1,0,1
eotrimoxazole,1,0,1
prednisoloee,1,0,1
alfaamanitin,1,0,1
ureatinine,1,0,1
vasodilates,1,0,1
c~-toceferol,1,0,1
adriamycin(adr)doses,1,0,1
"1,25(oh)2-vit-d3",1,0,1
crsatinine,1,0,1
ureteroccle,1,0,1
toxate,1,0,1
ofenterovirus,1,0,1
yfvns4b,1,0,1
platypnoe,1,0,1
vali-,1,0,1
prapas,1,0,1
oglycation,1,0,1
dec-,1,0,1
coxsackiea1,1,0,1
ml6,1,0,1
gadde,1,0,1
hoplitis,1,0,1
monumetha,1,0,1
cryptantha,1,0,1
sorafenib/nexavar,1,0,1
adjuvanc,1,0,1
bukh,1,0,1
c-clamp,1,0,1
cyanosed,1,0,1
gracar,1,0,1
vampyriscus,1,0,1
trinitatum,1,0,1
polyethyleneglycol,1,0,1
tol2,1,0,1
hersey,1,0,1
beaudetteir,1,0,1
a-139,1,0,1
wonca,1,0,1
lionis,1,0,1
ecfgadolinium,1,0,1
14-valent,1,0,1
luivir,1,0,1
10miglustat,1,0,1
13miglustat,1,0,1
0bieckol,1,0,1
.dieckol,1,0,1
treem,1,0,1
mart-1,1,0,1
bowel).octreotide,1,0,1
tb).it,1,0,1
cloveeos,1,0,1
ethylacetate/hexane,1,0,1
29-oxygen,1,0,1
resnet-56,1,0,1
encarta,1,0,1
achja,1,0,1
psychozum,1,0,1
bloß,1,0,1
achso-//,1,0,1
getanzt,1,0,1
satan,1,0,1
wenn,1,0,1
hoca,1,0,1
woran,1,0,1
toprak,1,0,1
cousine,1,0,1
nero6,1,0,1
socialsim,1,0,1
iis-17,1,0,1
b-propionlactone,1,0,1
antibodynanogold,1,0,1
ciliocytophthoria,1,0,1
ferroprotein,1,0,1
phenol-auramine,1,0,1
cartistem,1,0,1
dihydropyrone,1,0,1
n4-hydroxy-cytidine,1,0,1
antimykoticum,1,0,1
gramineac,1,0,1
steenis,1,0,1
a.confusa,1,0,1
julifera,1,0,1
a.melanoxylon,1,0,1
trigona,1,0,1
vuchellia,1,0,1
manganaroa,1,0,1
mimosoideae,1,0,1
pulchellae,1,0,1
s-carboxyethylcysteine,1,0,1
lycopodiifoliae,1,0,1
acaciaangustissima,1,0,1
angustissima,1,0,1
mimosafarnesiana,1,0,1
r.victoriae,1,0,1
r.hylonomum,1,0,1
diarylheptanoids-,1,0,1
moa.,1,0,1
hl002,1,0,1
hydroxyprobe-1,1,0,1
microrna21,1,0,1
l-hcy,1,0,1
l-met,1,0,1
kle,1,0,1
progesteronecaproate,1,0,1
glibanclamide,1,0,1
parvadia,1,0,1
sulfasalazaine,1,0,1
diaminobenzamidine,1,0,1
a.inhibin,1,0,1
oligonocleotide,1,0,1
2methoxyestrogen,1,0,1
nmol/l).vitamind,1,0,1
hsd1,1,0,1
fetalecog,1,0,1
endometrial,1,0,1
folicacidsupplementation,1,0,1
mir-211,1,0,1
pss/oxytocin,1,0,1
g/ml)+/progestin,1,0,1
calatonin,1,0,1
ovine,1,0,1
iu/min,1,0,1
rafkinase,1,0,1
preg,1,0,1
lut,1,0,1
sno-protein,1,0,1
gnrh-antagonist,1,0,1
gnrhagonist,1,0,1
gonadotropinreleasing,1,0,1
snri,1,0,1
hsd2,1,0,1
depomedroxyprogesteroneacetate,1,0,1
gene/ganciclovir,1,0,1
catechole,1,0,1
arry-520,1,0,1
-steroids,1,0,1
aghamir,1,0,1
rq3,1,0,1
3~sll-cysteine,1,0,1
cremdesivir,1,0,1
"dexamethasone"",""triamcinolone",1,0,1
.efalizumab,1,0,1
-vedolizumab,1,0,1
nioorei,1,0,1
macrofossil,1,0,1
agastachys,1,0,1
tetracarpaea,1,0,1
gunnii,1,0,1
sclerophyllous,1,0,1
airsevices,1,0,1
2007e08,1,0,1
.echinocandin,1,0,1
protaminecomplexed,1,0,1
2-cone,1,0,1
chromolyn,1,0,1
lycra,1,0,1
hemachatus,1,0,1
±.,1,0,1
sf.7,1,0,1
gim,1,0,1
napentobarbital,1,0,1
aavcapsid,1,0,1
bogonko,1,0,1
zilongwu,1,0,1
"gga-mir-21-5p,",1,0,1
"gga-mir-27b-3p,",1,0,1
gga-mir-21-,1,0,1
mirnas(,1,0,1
-vorinostat,1,0,1
kun-sun,1,0,1
mucomyst,1,0,1
aminoglycoside/beta-lactam,1,0,1
gastroprotectants,1,0,1
hemanta,1,0,1
erythromycin-augentropfen2-bis,1,0,1
erythromycin-augentropfen,1,0,1
acetylcysteingel,1,0,1
acetazolamidwirksam,1,0,1
trochlearisparese,1,0,1
muhammadakbar,1,0,1
55à58,1,0,1
fruin,1,0,1
pruneda,1,0,1
doxorubicin-bentonite,1,0,1
namontmorillonite,1,0,1
vlasta,1,0,1
pramodbhattarai,1,0,1
speculator,1,0,1
maven,1,0,1
bhoori,1,0,1
diptoindonesin,1,0,1
tenente,1,0,1
maximim,1,0,1
ks19,1,0,1
-nucleicacid,1,0,1
gammon,1,0,1
tvbc,1,0,1
g-udca,1,0,1
ribavirininterferon,1,0,1
.ribavirin-ifn-α2a,1,0,1
ribavirin-ifn-β1a,1,0,1
copro-iga,1,0,1
hippocrate,1,0,1
dembidolo,1,0,1
zidovudine/lamivudine-regimen,1,0,1
tenofovir/lamivudine,1,0,1
artemisinin-resistance,1,0,1
artemisininis,1,0,1
antimalarialperoxides,1,0,1
eugen-olsen,1,0,1
delphiniumaquilegifolium,1,0,1
artemisiasieberi,1,0,1
lansia,1,0,1
ambylommavariegatum,1,0,1
sp-piperaquine,1,0,1
muheza,1,0,1
anapanasati,1,0,1
anapanasatimeditation,1,0,1
rifampicin/isoniazid/,1,0,1
pyrazinamide/ethambutolhydrochloride,1,0,1
pseudomaculata,1,0,1
cubacuba,1,0,1
medani,1,0,1
dndi,1,0,1
tanzaniaintroductiontanzania,1,0,1
ivermectine+mebendazole,1,0,1
thaichote,1,0,1
islandia,1,0,1
lecanemab,1,0,1
npt088,1,0,1
biib076,1,0,1
jnj-63733657,1,0,1
leviticus13:4,1,0,1
jaramogioginga,1,0,1
turboexpander,1,0,1
dentin-1,1,0,1
shahram,1,0,1
ns2b/,1,0,1
berlesei,1,0,1
unicavatus,1,0,1
bothnian,1,0,1
arvicolae,1,0,1
persulcatus,1,0,1
cephalosporinsis,1,0,1
dodac,1,0,1
o-phenlphenol,1,0,1
@simondolan,1,0,1
antiwho,1,0,1
peptide-oligonucleotide,1,0,1
morrissey,1,0,1
vp7,1,0,1
or219,1,0,1
strobus-boletinus,1,0,1
slankis,1,0,1
ectomycorrhizae,1,0,1
chloroquine/hydroxychloroquine(hc,1,0,1
silicum,1,0,1
pentostatina,1,0,1
pepestatina,1,0,1
instagram/,1,0,1
avedro,1,0,1
testosterone(t,1,0,1
3yr,1,0,1
1ethadone,1,0,1
methylphenidatc,1,0,1
ao-pac02,1,0,1
inotropfc,1,0,1
verapamil(v,1,0,1
ventriculoqraphy,1,0,1
procaineamide,1,0,1
renovist,1,0,1
indomethacin(i)on,1,0,1
cit).heparin,1,0,1
glaucana,1,0,1
fetalb,1,0,1
naxolone,1,0,1
prcpranolol,1,0,1
aol,1,0,1
il25-insulin,1,0,1
lorphin,1,0,1
iheophylline,1,0,1
fetalluu,1,0,1
dailv,1,0,1
ethyltheophylline,1,0,1
propranolol*.,1,0,1
nytoin,1,0,1
c8rbarnazepine,1,0,1
c1metidine,1,0,1
[3h]prazosin,1,0,1
rosemide,1,0,1
w-dose,1,0,1
bromocriptinc,1,0,1
peftide,1,0,1
0hprogesterone,1,0,1
dexamethasone(dex,1,0,1
androgen-estrogen,1,0,1
nuloxone,1,0,1
d-sterols,1,0,1
qonadotropin,1,0,1
(-)-epinephrine,1,0,1
s-sulfate,1,0,1
onteportum,1,0,1
nbella,1,0,1
forfar,1,0,1
hypergastrinania,1,0,1
qastrin,1,0,1
8-aminoacids,1,0,1
sulfolithocholate,1,0,1
chytil,1,0,1
rrost,1,0,1
taurineoo,1,0,1
phosphare,1,0,1
isuproterenol,1,0,1
jss-cysteine,1,0,1
h-methionine,1,0,1
antimongoloid,1,0,1
yol,1,0,1
q22,1,0,1
qene,1,0,1
zig,1,0,1
s-naphthoflavone,1,0,1
trisorny,1,0,1
11exosaminidase,1,0,1
il'cthotrexate,1,0,1
jasminoides,1,0,1
ool,1,0,1
tcin-c,1,0,1
vzvaccine,1,0,1
prp-pertussisvaccine,1,0,1
loxan,1,0,1
n-glycine,1,0,1
vitamin812,1,0,1
palmityl-carnitine,1,0,1
nesrin,1,0,1
hromide,1,0,1
qestat,1,0,1
isomorphy,1,0,1
titus,1,0,1
silicicacid,1,0,1
lavina,1,0,1
isidorus,1,0,1
wismut,1,0,1
banqiao,1,0,1
vandellos,1,0,1
korotikin,1,0,1
fauler,1,0,1
pike,1,0,1
.provitamin,1,0,1
chlorine−pyridine,1,0,1
andrussow,1,0,1
α-diazocarbonyls,1,0,1
n-methylurea,1,0,1
bromineazide,1,0,1
merthiolateiodine-formalin,1,0,1
plexin-b,1,0,1
ala-gly,1,0,1
asx-gly,1,0,1
paclitaxelprodrug,1,0,1
ubiquitinium,1,0,1
ubuquitin,1,0,1
omigananpentahydrochloride,1,0,1
diaminopropanoles,1,0,1
protegrin-1,1,0,1
urotensin-ii,1,0,1
e]azepine,1,0,1
"1,1,1-trifluoroethanol",1,0,1
thyrotropin,1,0,1
riigl-amide,1,0,1
tp-l13,1,0,1
ethynylestradiol,1,0,1
lactoferroxin,1,0,1
m520,1,0,1
all-trans-retinoic,1,0,1
ubiquinine,1,0,1
cyclohexamethylene,1,0,1
cyclohexamethyleneamiloride,1,0,1
chlorpromazin,1,0,1
amantadine-1,1,0,1
xeral-calde,1,0,1
adiprasito,1,0,1
haglund,1,0,1
se-heximide,1,0,1
28-amino-acid,1,0,1
ifn-v,1,0,1
trenitalia,1,0,1
sag1-vlps,1,0,1
kcnq2,1,0,1
scn1a,1,0,1
al0,1,0,1
isotopes,1,0,1
erigonum,1,0,1
e.longifolium,1,0,1
mablk2,1,0,1
budongo,1,0,1
g?c,1,0,1
rhuifn-,1,0,1
rfeifn-(at,1,0,1
präsidenten,1,0,1
hfov,1,0,1
rebai,1,0,1
herbsleb,1,0,1
parnin,1,0,1
popt20,1,0,1
daugman,1,0,1
malfas,1,0,1
landesärztekammer,1,0,1
sodium-heparin,1,0,1
c02,1,0,1
saricam,1,0,1
eyeloheximide,1,0,1
elis,1,0,1
108it,1,0,1
darpa,1,0,1
anti-maskers,1,0,1
ashisnandy,1,0,1
antidrone,1,0,1
cassiopeia,1,0,1
kepler-galileo,1,0,1
philosophiae,1,0,1
stuartlinn,1,0,1
tnf-(etanercept,1,0,1
b.ggan,1,0,1
ggan,1,0,1
se-am,1,0,1
mwcts-ribavirin,1,0,1
stellate,1,0,1
polyl-lysine,1,0,1
nucleosideanalogons,1,0,1
kit2008,1,0,1
camphotericin,1,0,1
trimethoprimsulphonamides,1,0,1
trimethoprim-sulphonamides,1,0,1
clar-ithromycin,1,0,1
artemether/lumefantrineon,1,0,1
o161,1,0,1
clindamycin(cl,1,0,1
moxifloxacin(mx,1,0,1
moxifloxacin)in,1,0,1
lamivudine(lam,1,0,1
dade,1,0,1
behringmarburg,1,0,1
bcg-dna,1,0,1
tigra,1,0,1
norudca,1,0,1
ibd,1,0,1
caviola,1,0,1
n]it,1,0,1
ivemectin,1,0,1
ssh,1,0,1
thiotropin,1,0,1
antihis-,1,0,1
entropium,1,0,1
miescher,1,0,1
unna,1,0,1
fas-ligand,1,0,1
delavirdin,1,0,1
depot-penicillin,1,0,1
aspirin-asthma,1,0,1
menssana,1,0,1
arecont,1,0,1
apodemus,1,0,1
ro4929,1,0,1
eralis,1,0,1
muiru,1,0,1
hydrophillicaminoacids,1,0,1
thado,1,0,1
un-mc,1,0,1
robota,1,0,1
fridin,1,0,1
trypsin-ethylenediaminetetraceticacid,1,0,1
jinchai,1,0,1
nimeri,1,0,1
colas,1,0,1
a/fujian,1,0,1
bacilluspumilus,1,0,1
leukotrienea,1,0,1
h-serotonin,1,0,1
puerperalsepsis,1,0,1
magistralis,1,0,1
cpce,1,0,1
ontobee,1,0,1
urethritis,1,0,1
cysteic,1,0,1
antiamoebins,1,0,1
hydroxproline,1,0,1
dansylchloride,1,0,1
3hp--lactoglobulin,1,0,1
md-cecropin,1,0,1
phenyalalnine,1,0,1
biomox,1,0,1
t-methionine,1,0,1
t-protein,1,0,1
alkylatedpyrazines,1,0,1
fchl,1,0,1
vegf-antagonists,1,0,1
nitroanion,1,0,1
gababicuculline,1,0,1
potassium-and,1,0,1
mugnaini,1,0,1
36)amide,1,0,1
valproateinduced,1,0,1
tityustoxin,1,0,1
pyracetam,1,0,1
l-canaline,1,0,1
ascorbate-glutathione,1,0,1
erenol,1,0,1
lvv-hemorphin-7,1,0,1
u.k.it,1,0,1
acteylene,1,0,1
α-alkoxymethylglutamate,1,0,1
ethanolicus,1,0,1
[3h]taurine,1,0,1
rhil-1,1,0,1
hbv-targeting,1,0,1
cumethionine,1,0,1
ednet,1,0,1
tmm,1,0,1
marmitol,1,0,1
lqf,1,0,1
obamaera,1,0,1
mirna-127,1,0,1
onkologe,1,0,1
dengvaxia®,1,0,1
amigdaloscalpellinae,1,0,1
scuta,1,0,1
virgiscalpellum,1,0,1
regioscalpellum,1,0,1
tergum,1,0,1
gagp57,1,0,1
sirna-like,1,0,1
leukopenie,1,0,1
f(ollistatin,1,0,1
walby,1,0,1
intolerant,1,0,1
ar-ece-1,1,0,1
dextromethorphanacetaminophen-doxylaminesuccinate,1,0,1
sulbaek,1,0,1
bst-2,1,0,1
framework,1,0,1
pegasoferae,1,0,1
h).-ertapenem,1,0,1
rhsa-heme,1,0,1
gelest,1,0,1
fixsen,1,0,1
5-dimethylhydantoin,1,0,1
macleaya,1,0,1
6isoneplanocin,1,0,1
bellagio,1,0,1
trena,1,0,1
cwf,1,0,1
neuroleptics.-dopamine,1,0,1
moon,1,0,1
gf,1,0,1
crb-65,1,0,1
ring1,1,0,1
bikram,1,0,1
iyengar,1,0,1
ashtanga,1,0,1
psychosis,1,0,1
potassiumchlorides,1,0,1
netncspnetgap,1,0,1
halomethanes,1,0,1
kibbutztzora,1,0,1
penicillinstreptomycin-amphotericin,1,0,1
selenium-de,1,0,1
hpcg,1,0,1
medula,1,0,1
karpfenh,1,0,1
n1-methylpseudouridine,1,0,1
plasmaangiotensin-(1,1,0,1
clafer,1,0,1
tc-pertechnetate,1,0,1
antenatoly,1,0,1
post-deferoxamine,1,0,1
gnpi-v17,1,0,1
gnpi-v28,1,0,1
hbv-encoded,1,0,1
vitamind-gabe,1,0,1
3h-dihydroalprenolol,1,0,1
drenergic,1,0,1
~rostacycline,1,0,1
alpha-adrenoceptor,1,0,1
palcociclib,1,0,1
lopinarvir/ritonavir,1,0,1
taurineconjugated,1,0,1
at-lxa,1,0,1
tracey,1,0,1
esmda,1,0,1
glycininacid,1,0,1
anti-methicillin,1,0,1
insperger,1,0,1
chikvglycoproteine1,1,0,1
toll,1,0,1
diphtheria-tetanusvaccine,1,0,1
hevein,1,0,1
interregitalia-slovenia,1,0,1
z-vae(ome)-fmk,1,0,1
vaser,1,0,1
papale,1,0,1
satom,1,0,1
97ivermectin,1,0,1
116ivermectin,1,0,1
ivermectin-302,1,0,1
319ivermectin,1,0,1
tetanus-diphtheria-polio,1,0,1
imule,1,0,1
puffhaler,1,0,1
cta1-dd/iscom,1,0,1
ofn-acetylcysteine,1,0,1
peroxyl,1,0,1
glutathioneperoxidase,1,0,1
atocopherol,1,0,1
i).it,1,0,1
peroxidised,1,0,1
oxidisedlol,1,0,1
aminosteroid,1,0,1
iron-bleomycin,1,0,1
oxy-purinol,1,0,1
hydroxypyridones,1,0,1
21-aminosteroids,1,0,1
sulphadoxin-trimethoprim,1,0,1
cklf1,1,0,1
polyalkylated,1,0,1
use-ibuprofen,1,0,1
rs2248690,1,0,1
cretine,1,0,1
sabap2,1,0,1
anti-asgpr,1,0,1
haetnophilus,1,0,1
inlerferon,1,0,1
pagonist,1,0,1
aa41,1,0,1
constantinosg.,1,0,1
enzymecysteine,1,0,1
pedv-3cl,1,0,1
trigonopsia,1,0,1
d.glucose,1,0,1
ehloramphenicol,1,0,1
fiavomycin,1,0,1
aspaxaginase,1,0,1
2-phenylbutyramide,1,0,1
~-amylase,1,0,1
deae-starch,1,0,1
mothionine,1,0,1
vitaminbi~.,1,0,1
gluconan,1,0,1
cheb,1,0,1
ghaetomium,1,0,1
polysaceharides,1,0,1
urea-ben]ate,1,0,1
nitrogen-less,1,0,1
montmorine,1,0,1
dn-ase,1,0,1
interteron,1,0,1
aecium,1,0,1
ethanolether,1,0,1
mitomyein,1,0,1
2-ehloroethylamine,1,0,1
o-methylhydroxylamine,1,0,1
anti-pd1/pdl-1,1,0,1
4a-boceprevir,1,0,1
androgendhea,1,0,1
d1dopamine,1,0,1
motherhoodgroup,1,0,1
hadine,1,0,1
purpose:,1,0,1
saporta,1,0,1
wellness,1,0,1
filicide,1,0,1
usaban,1,0,1
(ustekinumab).ustekinumab,1,0,1
tetrahydroisoquinolines,1,0,1
nil.,1,0,1
insulin/igf1,1,0,1
insulin/igf-1,1,0,1
octanolwater,1,0,1
helveticum,1,0,1
l.helveticum,1,0,1
samnium,1,0,1
mkp-1,1,0,1
normotensive,1,0,1
ace2ang,1,0,1
kcnh8,1,0,1
vasodilating,1,0,1
pal,1,0,1
t4.triclosan,1,0,1
serum.,1,0,1
acetaminophen/codeine,1,0,1
maxatezo(1mg/kg,1,0,1
2aminobenzamide,1,0,1
jco,1,0,1
glob,1,0,1
detelegraaf,1,0,1
herbalpaste,1,0,1
glu-fib,1,0,1
antiangiogenesis,1,0,1
se-methionine,1,0,1
cvclosporin,1,0,1
mg/kg).cyclosporine,1,0,1
ecoli,1,0,1
ao-s.,1,0,1
hoogstraten,1,0,1
tegillarcagranosa,1,0,1
amphitritin,1,0,1
seqirus,1,0,1
glorin,1,0,1
narisenanayake,1,0,1
writingoriginaldraft,1,0,1
vírica,1,0,1
atrofia,1,0,1
seleniumtrioxide,1,0,1
docetaxel-loaded,1,0,1
nuprobe,1,0,1
aggrecanase-1,1,0,1
zolendronate_v1,1,0,1
ml-9,1,0,1
staner,1,0,1
.latrine,1,0,1
aminolevulinate,1,0,1
echinaceatea,1,0,1
antadine,1,0,1
p'l,1,0,1
ribavirinat,1,0,1
medikamentenpreis,1,0,1
cholcalciferol,1,0,1
artemisinin-tolerant,1,0,1
4aminochloroquine,1,0,1
2-hydroxyethyl-piperazine,1,0,1
gg167,1,0,1
psychology,1,0,1
fiv,1,0,1
dodgevaccineadjuvant,1,0,1
interferon-alpha2,1,0,1
midazolam>10,1,0,1
iv-d,1,0,1
vancomycin(7,1,0,1
tobramycin(6,1,0,1
gentamicin+tobramycin,1,0,1
sah.iv-dantrolene,1,0,1
-antihistamine,1,0,1
a-agonist,1,0,1
lopi-navir-ritonavir,1,0,1
.oxytocin,1,0,1
katella,1,0,1
alpha-agonists,1,0,1
mycophenolate.-rapamycin,1,0,1
sulphadiazene,1,0,1
dokohinan,1,0,1
fenolcloroformo,1,0,1
cisa,1,0,1
ribociclibfulvestrant,1,0,1
mirna148a,1,0,1
korica,1,0,1
gentamicyn,1,0,1
thelioma,1,0,1
seg3,1,0,1
seg5,1,0,1
seg17,1,0,1
47chloroquine,1,0,1
andrologia,1,0,1
~xy,1,0,1
methyllinoleate,1,0,1
gadofoveset,1,0,1
gadofosvesettrisodium,1,0,1
liposomaliodinated,1,0,1
savvas,1,0,1
sodiumtetradecyl,1,0,1
liposomal-iodinated,1,0,1
klippel-trenaunay,1,0,1
mabee,1,0,1
ngp,1,0,1
dvpr,1,0,1
~-tryptase,1,0,1
39scocaine,1,0,1
bodei,1,0,1
oetarner,1,0,1
cys484,1,0,1
dcxamethasone/ru486,1,0,1
glutathionedisulfide,1,0,1
tur4,1,0,1
u1gane,1,0,1
ropraz,1,0,1
klingelbergstrasse,1,0,1
collagenxiv,1,0,1
t-butylhydroxyanisole,1,0,1
chlorosome,1,0,1
cys-73,1,0,1
dihydro-testosterone,1,0,1
eystatin,1,0,1
jaunin,1,0,1
glueosidase,1,0,1
solcoseryi,1,0,1
deflorin,1,0,1
sapr,1,0,1
pipene,1,0,1
a2-adrenoreceptor,1,0,1
nicotinamides,1,0,1
ilb-hsd,1,0,1
glummine,1,0,1
ng-cam,1,0,1
givirig,1,0,1
plis,1,0,1
norcpinephrine,1,0,1
tfa-pratein,1,0,1
cyclosporin-calcineurin,1,0,1
cyelosporines,1,0,1
metbicillin,1,0,1
phenytdin,1,0,1
telemart,1,0,1
reovirus,1,0,1
reanimar,1,0,1
cetip,1,0,1
drugs-diclofenac,1,0,1
heparin-a,1,0,1
cimetid,1,0,1
curriculumlecture,1,0,1
alkalinity,1,0,1
gouglas,1,0,1
cathepsinsb,1,0,1
gryphon,1,0,1
radiolabels,1,0,1
devare,1,0,1
hydroxychloroquine-200,1,0,1
n-acetylcysteine-600,1,0,1
lipitakis,1,0,1
b-carotene-gelatin,1,0,1
achm,1,0,1
honesty,1,0,1
fp28,1,0,1
fp34,1,0,1
fp52,1,0,1
fp62,1,0,1
bromodeoxyuridine/iododeoxyuridine,1,0,1
ceftriaxona,1,0,1
magstim,1,0,1
poly-arginines,1,0,1
a2-macroglobulin,1,0,1
ω-block,1,0,1
cache,1,0,1
zilin,1,0,1
nooshinahmadirad,1,0,1
avaren-fc,1,0,1
αamine,1,0,1
bhella,1,0,1
cv9,1,0,1
leviticus20:13,1,0,1
leviticus20:16,1,0,1
doeth,1,0,1
fv15,1,0,1
nariae,1,0,1
precystatin,1,0,1
cl4,1,0,1
f.l.enjuanes,1,0,1
oth,1,0,1
ibwc/cila,1,0,1
ofit,1,0,1
xijiaodihuangdecoction,1,0,1
chairbill,1,0,1
.galactose,1,0,1
arber,1,0,1
vela-4,1,0,1
svm?pso,1,0,1
dec205,1,0,1
/-pravastatin,1,0,1
d-arginine,1,0,1
s-nitrosated,1,0,1
19steroid,1,0,1
microrna-451,1,0,1
tnf-α-induced,1,0,1
o-desacetyl-diltiazem,1,0,1
phos-akt,1,0,1
repro,1,0,1
hmga1,1,0,1
/-antihistamine,1,0,1
04784.sulfasalazine,1,0,1
lonaprisan,1,0,1
plexin-d1,1,0,1
t-056,1,0,1
t-064,1,0,1
t-075,1,0,1
t-102,1,0,1
hetasep,1,0,1
t-123,1,0,1
t-142,1,0,1
t-143,1,0,1
acyl-carnitines,1,0,1
f-003,1,0,1
f-006,1,0,1
f-008,1,0,1
f-011,1,0,1
f-020,1,0,1
f-026,1,0,1
f-055,1,0,1
f-056,1,0,1
f-075,1,0,1
f-084,1,0,1
f-085,1,0,1
f-091,1,0,1
f-093,1,0,1
bromodeoxyuridine(brdu,1,0,1
f-101,1,0,1
pt,1,0,1
f-161,1,0,1
uta,1,0,1
f-212,1,0,1
f-222,1,0,1
f-237,1,0,1
trek-1,1,0,1
s-013,1,0,1
s-016,1,0,1
s-026,1,0,1
s-034,1,0,1
s-125,1,0,1
glut3,1,0,1
dusk,1,0,1
oseltamivr,1,0,1
rato´n,1,0,1
conefl,1,0,1
pc-nn/cpc-nn,1,0,1
tamzin,1,0,1
jellinek,1,0,1
ips-1,1,0,1
drug-chloroquine,1,0,1
pri,1,0,1
hsv-1icp27,1,0,1
simvastatin-ezetimibe,1,0,1
platinum-paclitaxel,1,0,1
topotecan-paclitaxel,1,0,1
(6).ibrutinib,1,0,1
boxill,1,0,1
bracken,1,0,1
lactobocillus,1,0,1
korti-,1,0,1
ranu,1,0,1
bocoum,1,0,1
fao-in,1,0,1
actinium,1,0,1
meis1,1,0,1
lovo,1,0,1
ncn,1,0,1
haplo-cy,1,0,1
tacrolimus+mycophenolate,1,0,1
sirolimus-tacrolimus,1,0,1
treosulphan/cyclophosphamide,1,0,1
busulphan/cyclophosphamide,1,0,1
cyclophosphamidefludarabine-antithymocyte,1,0,1
busulfan-fludarabine-antithymocyteglobulin,1,0,1
etoposide-melphalan,1,0,1
atg/thymoglobulin,1,0,1
flamsa-tbi,1,0,1
hd-thiotepa,1,0,1
bu-mel,1,0,1
ursolvan,1,0,1
atg/cyclosporine,1,0,1
atg/fludarabine,1,0,1
cyclosporine@3,1,0,1
bortezomib+cyclophosphamide,1,0,1
pd18,1,0,1
pdaam,1,0,1
b-ab,1,0,1
demontrimethoprim/sulfamethoxazole,1,0,1
manromycin,1,0,1
mox-ifloxacin,1,0,1
feruloyl-l-arabinose,1,0,1
theaflavin-digallate,1,0,1
theaflavin-gallate,1,0,1
lacaille-dubois,1,0,1
gobra,1,0,1
cystic,1,0,1
halocline,1,0,1
fromm1973,1,0,1
haybron,1,0,1
bendik-keymer,1,0,1
zygomykosen,1,0,1
morale,1,0,1
meno,1,0,1
vladimirou,1,0,1
yucatecan,1,0,1
á/hcl,1,0,1
2ł,1,0,1
ameh,1,0,1
rilpivirine/emtricitabine/,1,0,1
alitretinoid,1,0,1
galactoselectin,1,0,1
anti-amebic,1,0,1
anti-lectin,1,0,1
nsr,1,0,1
amin-chowdhury,1,0,1
dm1trastuzumab,1,0,1
antidaratumumab,1,0,1
103glucocorticoid,1,0,1
empagliflozin-induced,1,0,1
isolg,1,0,1
evolucin,1,0,1
vitamineselenium,1,0,1
nonoxygenated,1,0,1
ga3þ,1,0,1
phosphateoxygen,1,0,1
antimonytrioxide,1,0,1
thatsince,1,0,1
as250,1,0,1
aldosterone-nr3c2,1,0,1
catecholamine-β-adrenoceptor,1,0,1
.irisin,1,0,1
β3-adrenergic,1,0,1
mir125-5p,1,0,1
lipin-1,1,0,1
eepd1,1,0,1
neuropeptides,1,0,1
peptin-1,1,0,1
artemin-gfrα3,1,0,1
peptide-yy,1,0,1
66-kda,1,0,1
sucrose,1,0,1
tonio,1,0,1
βlysin,1,0,1
7tiotropium,1,0,1
anticoagulansnhtig,1,0,1
wasserstein-1,1,0,1
ubiquitinconjugated,1,0,1
polysorbates,1,0,1
methnds,1,0,1
tomidine,1,0,1
lawyer,1,0,1
varicose,1,0,1
a-10308:35,1,0,1
a-13516:28,1,0,1
a-17116:28,1,0,1
c.i.s.,1,0,1
silverio,1,0,1
radiochemoembolisation,1,0,1
undecanal,1,0,1
sulfadimethoxine.h,1,0,1
yolk,1,0,1
rimeria,1,0,1
hepzide,1,0,1
histostat,1,0,1
emtryl,1,0,1
levamizolehydrochloride,1,0,1
amphotericinb.h,1,0,1
chalinolobus,1,0,1
spoiler,1,0,1
rifn-a2b,1,0,1
rifn-a2a,1,0,1
interferon-β-1b,1,0,1
plazebo,1,0,1
anisoploider,1,0,1
zuckerrtibenst,1,0,1
bastarde,1,0,1
a-cedrol,1,0,1
ansätze,1,0,1
chemothera-,1,0,1
azmanova,1,0,1
bicemaiguashca,1,0,1
pseudonaja,1,0,1
cr-thrombin,1,0,1
o:2-antiplasmin,1,0,1
2'-deoxyzebularine,1,0,1
"5'-o-(4,4'-dimethoxytrityl)-2'-deoxyzebularine",1,0,1
2'-deoxyzebularines,1,0,1
2'deoxyzebularine,1,0,1
oligo-8,1,0,1
oligo-15,1,0,1
oligo-9,1,0,1
leucobacter,1,0,1
renina,1,0,1
acoplándose,1,0,1
al-sanafi,1,0,1
ly294002/wortmannin,1,0,1
5/valsartan,1,0,1
beclometason-dipropionat,1,0,1
valsartan/linisopril,1,0,1
simvastatin/,1,0,1
filiformer,1,0,1
ps250,1,0,1
ps251,1,0,1
rapamycinbased,1,0,1
ba-,1,0,1
analgésicos,1,0,1
vasoconstrictores,1,0,1
cefpodoxima,1,0,1
cefuroximaaxetilo,1,0,1
polycystic,1,0,1
calci-,1,0,1
rifampicinblocked,1,0,1
riboflavin-uvb,1,0,1
woodrowwilson,1,0,1
favipiravirfavipiravir,1,0,1
procaspase-9,1,0,1
copper-tomolybdenum,1,0,1
basiliximabdosis,1,0,1
basiliximabdosen,1,0,1
coliin,1,0,1
petcholine,1,0,1
cyctophosphamide,1,0,1
fluconazole).a,1,0,1
sterofundinò,1,0,1
bcg31vaccine,1,0,1
.hcov-nl63,1,0,1
dixit-stiglitz,1,0,1
cpb,1,0,1
bovinepituitary,1,0,1
jaguarius,1,0,1
laetoli,1,0,1
silvazine,1,0,1
silverdin,1,0,1
galegaofficinalis,1,0,1
wel-,1,0,1
@mercaptoethanol,1,0,1
fl-mercaptoethanol,1,0,1
idodoacetamide,1,0,1
vol.14,1,0,1
vol.14no.12,1,0,1
.cloxacillin,1,0,1
.pyrimethamine,1,0,1
gennadizikoridse,1,0,1
kachelmann,1,0,1
45e49,1,0,1
concluderend,1,0,1
contraceptivevaccine,1,0,1
-dynasore,1,0,1
-leucovorin,1,0,1
cyriopagopus,1,0,1
sirna−dendrimer,1,0,1
af-10,1,0,1
kadrilinen,1,0,1
gieben\,1,0,1
-hdv,1,0,1
neuherberg,1,0,1
bmft,1,0,1
d-5400,1,0,1
nuceotide,1,0,1
cellulare,1,0,1
prä,1,0,1
plas,1,0,1
gonist,1,0,1
nitidin,1,0,1
kombi,1,0,1
xim,1,0,1
echi,1,0,1
lovir,1,0,1
är,1,0,1
ak,1,0,1
wä,1,0,1
mlpenicillin,1,0,1
10)sevoflurane,1,0,1
informatiktalente,1,0,1
2-sirna,1,0,1
theknu14,1,0,1
oceti,1,0,1
ck2,1,0,1
.mitoxantrone,1,0,1
kortisondosis,1,0,1
mykostatin,1,0,1
mangge,1,0,1
oseltamivir.hand,1,0,1
adenovirusb3,1,0,1
meningococci(menb,1,0,1
cousot,1,0,1
marzia,1,0,1
strokenet,1,0,1
tremuloides,1,0,1
g.is,1,0,1
rippetoe,1,0,1
gdsp,1,0,1
mirnamir-28-,1,0,1
se-in,1,0,1
paribas,1,0,1
adidas-solomon,1,0,1
cimetidinehydrochloride,1,0,1
fl-adrenergic,1,0,1
mtra,1,0,1
antipyrin-,1,0,1
β-carotin,1,0,1
laredo,1,0,1
laminogram,1,0,1
acnespolysaccharide,1,0,1
woodrufl,1,0,1
ngonorrhoeae,1,0,1
proteoglycanase,1,0,1
arsenis,1,0,1
-amanitin,1,0,1
inderbitzin,1,0,1
ostertagiaostertagi,1,0,1
paloxalene,1,0,1
f]fluoroganciclovir,1,0,1
sodium-thiosulfate,1,0,1
parg,1,0,1
budapest,1,0,1
4-plasmidvaccine,1,0,1
il2/ig,1,0,1
vrc-hivdna009-,1,0,1
novocaine,1,0,1
camazine,1,0,1
penicillin-streptomycinamphotericinb,1,0,1
honourlecture,1,0,1
pro-vitaminacarotenoid,1,0,1
cryptoxanthin,1,0,1
c.cassidy,1,0,1
sabutamol,1,0,1
nemon,1,0,1
palmisano,1,0,1
hcv/mir-122,1,0,1
acod1,1,0,1
remer,1,0,1
isovolemic,1,0,1
anti-glutamine,1,0,1
botkin,1,0,1
mazibaş,1,0,1
valery,1,0,1
januari,1,0,1
ringfixator,1,0,1
manshera,1,0,1
iraki,1,0,1
anserinus,1,0,1
bisphophonate,1,0,1
"arthrovrògmv,",1,0,1
-cefuroxime,1,0,1
lidis,1,0,1
.nucleotide,1,0,1
wjc,1,0,1
吸,1,0,1
kce,1,0,1
irq,1,0,1
gesundheitsf,1,0,1
diethylcarbamazineotreated,1,0,1
analysis,1,0,1
ec-tp,1,0,1
jorferin,1,0,1
javafx,1,0,1
silvatica,1,0,1
phlox,1,0,1
pyronin-y,1,0,1
opaline,1,0,1
ophioglo88um,1,0,1
ophioaloseum,1,0,1
phyllitidis,1,0,1
niacin-trigonelline,1,0,1
p.scribnerianum,1,0,1
lanuginosa,1,0,1
botanico-periodicum-huntianum,1,0,1
soetiarto,1,0,1
selaqinella,1,0,1
juncus,1,0,1
a-pineneand~-pinene,1,0,1
colchicine-lanolin,1,0,1
phyllachoraceae,1,0,1
stigmaria,1,0,1
triniochloa,1,0,1
ammonium-sulfate,1,0,1
taxodium,1,0,1
sequoiasemperuirens,1,0,1
synangia,1,0,1
eremopteriszamioides,1,0,1
eremopteris,1,0,1
lophophora,1,0,1
physarumglobuliferum,1,0,1
a.platanifolium,1,0,1
platanifolium,1,0,1
lythrum,1,0,1
gymnopogon,1,0,1
s.ovatifolium,1,0,1
m.cinereum,1,0,1
h.villosa,1,0,1
apioideae,1,0,1
colchicine-,1,0,1
patchanee,1,0,1
papain-38,1,0,1
resources,1,0,1
drucktiefe,1,0,1
penicillin-sensibel,1,0,1
analgetisch,1,0,1
tc-mercaptoacetyltriglycin,1,0,1
ampicillin/piperacillin,1,0,1
sulbactam/tazobactam,1,0,1
schistosomiasis/bilharziose,1,0,1
rva/,1,0,1
9-aminogua-,1,0,1
l-rhamnitol,1,0,1
methyl-l-amicetoside,1,0,1
tetrazolebenzoate,1,0,1
ala-pnitroanilide,1,0,1
ala-pna,1,0,1
11cmeta-hydroxyepinephrine,1,0,1
fkg,1,0,1
mca-,1,0,1
methylseleninic,1,0,1
selenoesters,1,0,1
secnaspirin,1,0,1
selenoureas,1,0,1
selenocarbonyl,1,0,1
roadinitiative,1,0,1
aminoacids70-339,1,0,1
attocell,1,0,1
cd137,1,0,1
lopinavir-rotonavir,1,0,1
heverin&,1,0,1
heverin,1,0,1
haanaes,1,0,1
elon,1,0,1
pegylated-ifn-1,1,0,1
pegylated-ifn-,1,0,1
p4,1,0,1
293nitazoxanide,1,0,1
bobmarley,1,0,1
willemstad,1,0,1
doges,1,0,1
ocam,1,0,1
milk-progesterone,1,0,1
anti-steroid,1,0,1
ocelline,1,0,1
ammoniahydroxide,1,0,1
≡=,1,0,1
vegf-vegf,1,0,1
postheparin,1,0,1
fed-erythromycin,1,0,1
(pfa-100).enrofloxacin,1,0,1
pimo,1,0,1
streptomycin/tetracycline/trimethoprim-sulfamethoxazole,1,0,1
cephmycinase,1,0,1
cardell,1,0,1
niproeg,1,0,1
ammoniacal,1,0,1
narora,1,0,1
cristianfracassi,1,0,1
antisepsia,1,0,1
vigilancia,1,0,1
sulphurdioxide,1,0,1
epichloefestucae,1,0,1
arina,1,0,1
braxator,1,0,1
triphosate,1,0,1
hd-ara-c,1,0,1
vp16/cyclophosphamide,1,0,1
asgt,1,0,1
nucleotidesugars,1,0,1
virtru,1,0,1
retransplantatie,1,0,1
dominolevertransplantatie,1,0,1
azathiopri-,1,0,1
alora,1,0,1
g-glutamine,1,0,1
lag,1,0,1
fb15k-237,1,0,1
gen,1,0,1
r-gcn,1,0,1
mrrh@10,1,0,1
mrrh@101-s3-s1-s3-s1-s3-s1-s3-s1-s3-s1-s3-s1-s3-s,1,0,1
egnn,1,0,1
sepiaofficinalis,1,0,1
visin,1,0,1
actino-mycind,1,0,1
marocaine,1,0,1
pspp,1,0,1
leyen,1,0,1
trimethoprimesulphonamides,1,0,1
ferricytochrome,1,0,1
hits-simeprevir,1,0,1
ceuta,1,0,1
mucroporin-1,1,0,1
hypoxanthineaminopeterin-thymidine,1,0,1
6.alcohol,1,0,1
netto,1,0,1
la0planarradionuelide,1,0,1
ischasmia,1,0,1
bromocryp,1,0,1
prolaetine,1,0,1
dipy,1,0,1
adrenergjc,1,0,1
dipirydamole,1,0,1
p.kostamis,1,0,1
anti-cea,1,0,1
benzoaiazepine,1,0,1
enil,1,0,1
anti-cea/19,1,0,1
ige,1,0,1
rs+c,1,0,1
chm~,1,0,1
f-18-uracil,1,0,1
mercaptoacetyltriglycine,1,0,1
taphy,1,0,1
polystrene,1,0,1
c.pylori,1,0,1
d-us,1,0,1
e.g.cholestyramine,1,0,1
1111noxine,1,0,1
iodobenzylpropanediamine,1,0,1
8-antagonist,1,0,1
aiea,1,0,1
te,1,0,1
rectilin,1,0,1
l-lmino-4-mercaptobntyl,1,0,1
lys-vasopressin-125j,1,0,1
131gastrin,1,0,1
galactoscint,1,0,1
radiolanthenide,1,0,1
isonitriles,1,0,1
torgersen,1,0,1
sucralfate-tc99,1,0,1
123iodine,1,0,1
olol,1,0,1
betablo,1,0,1
jium,1,0,1
110-citalopram,1,0,1
i.u.,1,0,1
d2).it,1,0,1
aldenkarmp,1,0,1
hydroxiproline,1,0,1
99mtc-cc-d-glucose,1,0,1
intmvenoils,1,0,1
prednisome,1,0,1
solco,1,0,1
monecyte,1,0,1
antrel,1,0,1
r(+)iaomere,1,0,1
panipenem,1,0,1
bidesethyl-chloroquine,1,0,1
hsa-mir,1,0,1
mir1468-5p,1,0,1
ha-vitamin,1,0,1
renalangiotensin-aldosterone,1,0,1
cachet,1,0,1
chikvvaccine,1,0,1
hbvdna,1,0,1
hcc.ifn,1,0,1
ambassador,1,0,1
notomastus,1,0,1
catapaguroides,1,0,1
uttamchandani,1,0,1
nicholastaleb,1,0,1
cbovet,1,0,1
arrazola,1,0,1
cytoprotectants,1,0,1
czechia,1,0,1
atropinsulfat,1,0,1
oxybuprocainhydrochloride,1,0,1
dxm-dexamethasone,1,0,1
warmup,1,0,1
artesunate+amodiaquine,1,0,1
m.senegalensis,1,0,1
hippocrates'de,1,0,1
.warfarin,1,0,1
hemoglobina2,1,0,1
nevirapine-con,1,0,1
nevira,1,0,1
apine,1,0,1
12-hydroxynevirapine,1,0,1
4-carboxynevirapine,1,0,1
1881,1,0,1
mir-23b,1,0,1
let-7i,1,0,1
kanamycin.2,1,0,1
methylprednison,1,0,1
ecytosine,1,0,1
cefoxitln,1,0,1
"enrofloxacin,5",1,0,1
procalaminev,1,0,1
neupogens,1,0,1
isopropamide,1,0,1
-april,1,0,1
adjunct,1,0,1
fenoxyme-thylpenicilline,1,0,1
diazapam,1,0,1
europeto,1,0,1
s-fatty,1,0,1
ornis,1,0,1
angustirostris,1,0,1
3-deaza-adenosine,1,0,1
principios,1,0,1
ulceran,1,0,1
p-mercaptoetha-no1,1,0,1
/3-msh,1,0,1
glycophorina,1,0,1
il4/il10,1,0,1
catecholinergic,1,0,1
hsv-1icp0,1,0,1
pro-apoptotic,1,0,1
korea-,1,0,1
envirovet,1,0,1
hydroxyclor,1,0,1
-azithromyci,1,0,1
haemin,1,0,1
taurek,1,0,1
asl,1,0,1
cquest,1,0,1
mycophenalate,1,0,1
umilastnoxide,1,0,1
triterpenesaponins,1,0,1
11-ketosteroids,1,0,1
psip,1,0,1
maat,1,0,1
sinedie,1,0,1
zidimeavibactam,1,0,1
antibiotic(imipenem-cilastatin,1,0,1
icerea,1,0,1
tobramycin(t,1,0,1
cefotaxim(c,1,0,1
marchapril,1,0,1
imepenem/cilastatin,1,0,1
gentomycine-50,1,0,1
crbsi,1,0,1
chloratum,1,0,1
grundbedarf,1,0,1
insulindosenbehandelt,1,0,1
vitaminebedarf,1,0,1
jochum,1,0,1
protonenpumpenhemmer,1,0,1
.(allopurinol,1,0,1
allopurinolgabe,1,0,1
allopurinoltest,1,0,1
phenylpropionat,1,0,1
schulweg,1,0,1
cox-2-inhibition,1,0,1
micari,1,0,1
callophyllidicola,1,0,1
alverezii,1,0,1
albulescu,1,0,1
vrijsen,1,0,1
enietine,1,0,1
trabajo,1,0,1
baroin,1,0,1
pseudotsuga,1,0,1
dropspovidoneiodine,1,0,1
sars-covz-1vaccine,1,0,1
sodiumalginate,1,0,1
huifn7,1,0,1
acetylsalicylsfiure,1,0,1
5).cyclosporine,1,0,1
artesunate-me,1,0,1
angelicatenuissima,1,0,1
colin,1,0,1
watsons,1,0,1
dibazol,1,0,1
pictilibsib,1,0,1
omapalisib,1,0,1
unwto,1,0,1
egcg-pufaesters,1,0,1
debateone,1,0,1
coronabonds,1,0,1
hetsirna,1,0,1
hetsirnas,1,0,1
mir822,1,0,1
jurica,1,0,1
ema1,1,0,1
dirin,1,0,1
trimethyl-cysteine,1,0,1
mir168a,1,0,1
mir2910,1,0,1
mir-375/mir-200c,1,0,1
cavins,1,0,1
tae-mir-2018,1,0,1
has-mir-4652-5p,1,0,1
zma-mir-168a,1,0,1
zma-mir-156a,1,0,1
ath-mir-166a,1,0,1
mir-168,1,0,1
mir-167,1,0,1
mir-894,1,0,1
bna-mir-159,1,0,1
osa-mir-166,1,0,1
mirnamir-2911,1,0,1
anti-mir-2911antagomir.,1,0,1
anti-mir-2911antagomir,1,0,1
glycyrrhizauralensisdecoction,1,0,1
mir164a,1,0,1
a1bendazole,1,0,1
gysvd-2xinjiang,1,0,1
camosat,1,0,1
dorin,1,0,1
mir-802/,1,0,1
2020dapagliflozin,1,0,1
edp1815,1,0,1
radiopurity,1,0,1
ammoniumsulfate/o.,1,0,1
kks.lanadelumab,1,0,1
yl)isonicotinamide,1,0,1
na-adducts,1,0,1
lacto-ig,1,0,1
c-livetin,1,0,1
-livetin,1,0,1
edam,1,0,1
arrogante,1,0,1
edgeworth,1,0,1
pmchl,1,0,1
agnathans,1,0,1
silica/silver,1,0,1
terythromycin,1,0,1
ilaminoglycoside,1,0,1
ribavirin.'07,1,0,1
bissel,1,0,1
isoniazid-or,1,0,1
b-4,1,0,1
zargar,1,0,1
sth-1,1,0,1
sth-8,1,0,1
sth-9,1,0,1
sth-10,1,0,1
sth-11,1,0,1
sth-13,1,0,1
sth-14,1,0,1
sth-16,1,0,1
stnh-13,1,0,1
vinoth,1,0,1
si-12,1,0,1
si-13,1,0,1
si-18,1,0,1
si-27,1,0,1
eosiniphilia,1,0,1
azathioprine+prednisone,1,0,1
li-5,1,0,1
li-6,1,0,1
li-8,1,0,1
li-9,1,0,1
li-13,1,0,1
li-14,1,0,1
li-20,1,0,1
li-21,1,0,1
li-25,1,0,1
li-27,1,0,1
li-28,1,0,1
li-29,1,0,1
lph-14,1,0,1
lph-21,1,0,1
metformin±propranolol,1,0,1
darbopeitinalpha,1,0,1
mirna-30a,1,0,1
lo-4,1,0,1
lo-9,1,0,1
amox-clavulanic,1,0,1
mirna-22,1,0,1
lo-16,1,0,1
lo-27,1,0,1
lo-30,1,0,1
lo-31,1,0,1
lo-39,1,0,1
lo-41,1,0,1
lo-42,1,0,1
lo-43,1,0,1
lo-45,1,0,1
lo-47,1,0,1
lo-48,1,0,1
lo-50,1,0,1
lo-51,1,0,1
lo-52,1,0,1
lo-53,1,0,1
lo-55,1,0,1
lo-56,1,0,1
lo-58,1,0,1
lo-59,1,0,1
25-ohvitamin-d,1,0,1
gb-20,1,0,1
gb-21,1,0,1
pg-5,1,0,1
rajivgandhigovernment,1,0,1
m-16,1,0,1
motto,1,0,1
.losartan,1,0,1
anti-polio,1,0,1
antibiotikaklassen,1,0,1
fluorchinolon,1,0,1
caryphylli,1,0,1
quercetin-3-β-galatoside,1,0,1
caryphylliflos,1,0,1
gentianaradix,1,0,1
triphloretol,1,0,1
menispermaceae,1,0,1
poconazole,1,0,1
agnuside,1,0,1
ahnpa,1,0,1
dnajc13,1,0,1
golclblum,1,0,1
antihepatitis,1,0,1
hemia,1,0,1
olthe,1,0,1
ryotherapy,1,0,1
prg,1,0,1
osleophyles,1,0,1
f.~.g.,1,0,1
mg/mllopamidol,1,0,1
magnesium-than,1,0,1
vitra,1,0,1
funtion,1,0,1
ioxithalamate,1,0,1
lonic,1,0,1
surtace,1,0,1
muskelin,1,0,1
anti-gp-1,1,0,1
topro-3,1,0,1
(2)-epigallocatechin,1,0,1
dalys,1,0,1
reser,1,0,1
idiomatum,1,0,1
risen,1,0,1
i-it,1,0,1
madipoane,1,0,1
hydrazides3aec,1,0,1
taeoniae,1,0,1
delbufalo,1,0,1
pacella,1,0,1
brenton,1,0,1
quinolones/tetracyclines/cotrimoxazole,1,0,1
scrin,1,0,1
ofat,1,0,1
ofgranin,1,0,1
"[""s]sulfate",1,0,1
[3h]tyrosine,1,0,1
fs]sulfate,1,0,1
dihydroberberineor,1,0,1
proshel,1,0,1
ohad,1,0,1
hecin,1,0,1
methylanthines,1,0,1
araticum,1,0,1
obromine,1,0,1
propionidinb-2,1,0,1
.6-thioguanine,1,0,1
diazogen,1,0,1
(oh)d.,1,0,1
cordatolides,1,0,1
shenider,1,0,1
caledonixanthoneb,1,0,1
gd1asiaα2-3galβ1-3galnacβ1-4(siaα2-3)galβ1-4glcβ1,1,0,1
namdinh,1,0,1
abtmpro,1,0,1
.cisatracurium,1,0,1
sugammadexaminosteroidal,1,0,1
steven,1,0,1
dimethybenzanthracene,1,0,1
lenalidomide-a,1,0,1
rsv-intravenous,1,0,1
çanakkaleonsekiz,1,0,1
taraba,1,0,1
novaratis,1,0,1
rubellac,1,0,1
zorica,1,0,1
prdx2uba52,1,0,1
rpl27,1,0,1
rpl28,1,0,1
rpl34,1,0,1
[3h]-uridine,1,0,1
jiangyintianjiangpharmaceutical,1,0,1
porzine,1,0,1
cyclophos-,1,0,1
phamide,1,0,1
alumine,1,0,1
betametasona,1,0,1
isiltuximab,1,0,1
russia-usa,1,0,1
p58ipk,1,0,1
stephacidin,1,0,1
699,1,0,1
vancomycinhydrochloride,1,0,1
spinbot,1,0,1
tmc207,1,0,1
opc-67683,1,0,1
biotin-blocked,1,0,1
-prolinol,1,0,1
h5n2.zanamivir,1,0,1
ampicilina-sulbactam,1,0,1
170captopril,1,0,1
188captopril,1,0,1
sputasol,1,0,1
limesulfur,1,0,1
1945,1,0,1
rebirth,1,0,1
stanozol,1,0,1
thrombin-released,1,0,1
bvgp,1,0,1
sucroseampholine,1,0,1
bvgp64,1,0,1
boc-oxazolidine,1,0,1
physostigminsalicylat,1,0,1
alpha-2b/ribavirin,1,0,1
plasma-aldosteron,1,0,1
lidocaingabe,1,0,1
magomedova,1,0,1
bekkin,1,0,1
aliskerov,1,0,1
kalimullina,1,0,1
vice-chairman,1,0,1
nizar,1,0,1
zayed,1,0,1
aleev,1,0,1
muftis,1,0,1
musharaka,1,0,1
adalet,1,0,1
zhilishchnye,1,0,1
microcredit,1,0,1
barakat,1,0,1
idbgroup,1,0,1
renatyedikhanov,1,0,1
lariba,1,0,1
agrofinmost,1,0,1
hg2,1,0,1
l-taurine,1,0,1
b-cn,1,0,1
k-cn,1,0,1
aml,1,0,1
leenes,1,0,1
doerga,1,0,1
korobilis,1,0,1
il-irct,1,0,1
liposomen,1,0,1
oxin,1,0,1
teicoplanm,1,0,1
prostaeyelin,1,0,1
prostacyctin,1,0,1
neuromonitor,1,0,1
thiopentol,1,0,1
fibfinogen,1,0,1
rmutidine,1,0,1
methylprednisotone,1,0,1
christophorus,1,0,1
lvet,1,0,1
dobutamlne,1,0,1
mesytate,1,0,1
steroids+doxophylline,1,0,1
wit/tin,1,0,1
sucti,1,0,1
eotanil,1,0,1
ulcohol,1,0,1
ratum,1,0,1
pentobarbita,1,0,1
conci,1,0,1
a&enaline,1,0,1
potassiu~,1,0,1
veubide,1,0,1
tazobactam/piperacfllin,1,0,1
tazobacttun/piperacillin,1,0,1
tazobactam/,1,0,1
tazobactara/piperacillin,1,0,1
tazobactam/piperacillln,1,0,1
l-argininein,1,0,1
thiopentab,1,0,1
cardiotoxlcily,1,0,1
medazepan,1,0,1
cx-artery,1,0,1
eatecholamines,1,0,1
urodilatin/vehicle,1,0,1
cilu-olloxacin,1,0,1
ofpropofol,1,0,1
catechotamines,1,0,1
chloroquioe,1,0,1
rnidazolam,1,0,1
mjdazolam,1,0,1
mg/kg/fentanyl,1,0,1
dobutamine(5,1,0,1
riferl,1,0,1
asai-iii,1,0,1
anticaneer,1,0,1
fentanyt,1,0,1
lysinacetylsalicylat,1,0,1
vii,1,0,1
efl,1,0,1
atracuriun,1,0,1
veenronium,1,0,1
veeuronium,1,0,1
trimethoprime-sulfamethoxaxole,1,0,1
pertamidine,1,0,1
trichlor-oaceticacid,1,0,1
vibravenös,1,0,1
timneh,1,0,1
fumigaclavine,1,0,1
chloro-m-cresol,1,0,1
isopora,1,0,1
trifluralin,1,0,1
potassiumbenzoate,1,0,1
mo).fluconazole,1,0,1
ic-being,1,0,1
venomgroupiiispla,1,0,1
tg,1,0,1
drugmand,1,0,1
cromar,1,0,1
cyclo-heximide,1,0,1
anti-herc5,1,0,1
c~-thymosin,1,0,1
levomepromazina,1,0,1
oxyurin,1,0,1
trichoderm,1,0,1
xylarial,1,0,1
enterobiotix,1,0,1
everest,1,0,1
tetoron,1,0,1
dica,1,0,1
bcg-smallpox,1,0,1
macrofl,1,0,1
neisseriamenigitidis,1,0,1
priya,1,0,1
wivvaccine,1,0,1
krendl,1,0,1
tubulin-colchicine,1,0,1
mihelcic,1,0,1
schlindwein,1,0,1
coxsakievirusa16,1,0,1
dichloracetate,1,0,1
eight-aminoacid,1,0,1
gluthathion,1,0,1
leastin,1,0,1
falavigna,1,0,1
antidepressivos,1,0,1
acetyl-l-cysteine,1,0,1
qingqi,1,0,1
ar-101,1,0,1
tonabacase,1,0,1
cisplatinbased,1,0,1
pm-520,1,0,1
talaromyces,1,0,1
antimelanin,1,0,1
discontinuedlopinavir/ritonavir,1,0,1
faruq,1,0,1
kaa&,1,0,1
fp200,1,0,1
cov19,1,0,1
jurinaci,1,0,1
omphiscola,1,0,1
montfort,1,0,1
miočić,1,0,1
succinea,1,0,1
brusina1882brusina,1,0,1
teleoconch,1,0,1
rivularis,1,0,1
zilch,1,0,1
palatalis,1,0,1
infrapalatalis,1,0,1
drvarensis,1,0,1
amygdaloides,1,0,1
lassarpaste,1,0,1
dimethylglycoxin,1,0,1
chlorhexidinehydrochloride,1,0,1
spermicidals,1,0,1
rentnerin,1,0,1
hyalin,1,0,1
.benzodiazepine,1,0,1
diiodide-diethyltin,1,0,1
abirateron,1,0,1
cyclophosphamid-dosis,1,0,1
cytosin-arabinosid,1,0,1
tumomab,1,0,1
blasenkatheter,1,0,1
talimogenlaherparepvec,1,0,1
et-743,1,0,1
trifluridin/tipiracil,1,0,1
rorf,1,0,1
medico,1,0,1
cov-3clpro,1,0,1
anaerober,1,0,1
nulcei,1,0,1
epikote,1,0,1
thalidomide/bortezomib,1,0,1
alemutzumab,1,0,1
t-alfa-1,1,0,1
cyclosporine/tacrolimus+methotrexate,1,0,1
butas,1,0,1
bta-mir-98inhibits,1,0,1
of~30,1,0,1
jelinek,1,0,1
cpgpyrimidine,1,0,1
glu-arg-lys,1,0,1
all1,1,0,1
wi-fi,1,0,1
hypno-analgesia,1,0,1
chloridesodium,1,0,1
gram-posit,1,0,1
canastel,1,0,1
midazolamfentanyl,1,0,1
epinephrine-41,1,0,1
norepinephrine-33,1,0,1
antibiotics-amoxicillin,1,0,1
amphodeoxycholate,1,0,1
midazolam-remifentanil,1,0,1
f-52,1,0,1
f-70,1,0,1
f-71,1,0,1
baithak,1,0,1
geophyte,1,0,1
17-α-hydroxyprogesterone,1,0,1
eticounicoregionale,1,0,1
sperniidine,1,0,1
avermectins/milbemycin,1,0,1
dˇi,1,0,1
hypneumoniae,1,0,1
dsc-pi,1,0,1
da.tacrolimus,1,0,1
atlr,1,0,1
vitaminb1(thiamine,1,0,1
cephalocele,1,0,1
centralis,1,0,1
harol,1,0,1
jegidong,1,0,1
vegetab,1,0,1
fdine,1,0,1
bromine-bromide,1,0,1
6m0j/ramipril,1,0,1
paclitaxelcarboplatin,1,0,1
100/98.9/99.5,1,0,1
zanamivir-relenza,1,0,1
-interferon-alpha-2a,1,0,1
-baricitinib,1,0,1
-betamethasone,1,0,1
pd-98059,1,0,1
ϕs,1,0,1
sabinpoliomyelitis,1,0,1
tcels,1,0,1
avesthagen,1,0,1
vasenius,1,0,1
phd-snp,1,0,1
rosachinensis,1,0,1
rubestat,1,0,1
milkoil,1,0,1
geschätzteleserinnen,1,0,1
anti-gerd,1,0,1
ringerlactato,1,0,1
aml-m1,1,0,1
2-deoxycoformycin,1,0,1
erythromycinointment,1,0,1
zincointment,1,0,1
skip,1,0,1
sm9,1,0,1
s]cysteine/methionine,1,0,1
ethris,1,0,1
cytornegalovirus,1,0,1
fyagilis,1,0,1
bitrex,1,0,1
hpv-b,1,0,1
"hydroxychloroquine,(20",1,0,1
spirometry/nitric,1,0,1
wsare,1,0,1
p]-deoxycytidine,1,0,1
gala-sp8,1,0,1
cq+/-primaquine,1,0,1
70%ethanol,1,0,1
chla-16,1,0,1
riboflavin-uv,1,0,1
methyl-cobalamin,1,0,1
guanineecytosine,1,0,1
rifampicin-and,1,0,1
grnboost2,1,0,1
mk-50,1,0,1
cantaloupe,1,0,1
fluoresceindilaurate,1,0,1
pandinin,1,0,1
opisthacanthus,1,0,1
wieringa,1,0,1
gladstein,1,0,1
sodiumtaurodeoxycholate,1,0,1
propionium,1,0,1
l-gel,1,0,1
amoxycillin-clavulanicacid,1,0,1
sulfonamides/trimethoprim,1,0,1
rifampicin-sparing,1,0,1
rifampicinsparing,1,0,1
sulbactam-base,1,0,1
salazopirin,1,0,1
epinecidin-1,1,0,1
m.shinjukuense,1,0,1
palivizumabchia-wan,1,0,1
amikacillin,1,0,1
doripenem/imipenem/meropenem,1,0,1
trimethoprim-sulfamethoxzole,1,0,1
ureteroscope,1,0,1
vancomycinbased,1,0,1
teicoplanin-based,1,0,1
-rubellaigg,1,0,1
marvas09,1,0,1
taiwanensis,1,0,1
dtccarbapenem,1,0,1
etcquinolone,1,0,1
dtc-carbapenem,1,0,1
proanthocyanidina2(pac,1,0,1
hrca7,1,0,1
piperacillin/tasobactam,1,0,1
volvariella,1,0,1
sufamethoxazole/trimethoprim,1,0,1
fluoquinolone,1,0,1
ertapenem-,1,0,1
tazobactam/piperacilin,1,0,1
valacyclovir)even,1,0,1
micheleacuto,1,0,1
.enzalutamide,1,0,1
oral;ribavirin,1,0,1
ieven,1,0,1
sor-sorafenib,1,0,1
cis-cisplatin,1,0,1
5-fu-5-fluorouracil,1,0,1
amides,1,0,1
acylsemicarbazides7a-k,1,0,1
94%.tacrolimus,1,0,1
vernar,1,0,1
sp-b-de,1,0,1
monetae,1,0,1
2018).4,1,0,1
abordaje,1,0,1
rifn-a,1,0,1
desflorestamento,1,0,1
socfin,1,0,1
quina-quina,1,0,1
cedro,1,0,1
pyridazinamine,1,0,1
ro09-,1,0,1
grigera,1,0,1
lacai,1,0,1
.guanidine,1,0,1
n'-dimethylepidithiapiperazinedione,1,0,1
aldgamycine,1,0,1
xyloadenosine,1,0,1
phosphorodithioate,1,0,1
"3""-fluoro-3""-deoxyadenosine",1,0,1
sanctum,1,0,1
ddx51,1,0,1
cstf2,1,0,1
ddx20,1,0,1
ascc1,1,0,1
os24,1,0,1
ganciclovir.r,1,0,1
slga,1,0,1
hcvns31611,1,0,1
norfloxacino,1,0,1
kombolcha,1,0,1
c.hybridum,1,0,1
l-sp3,1,0,1
chemmedchem,1,0,1
5-chlorofuran,1,0,1
snitroso-n-acetylpenicillamine,1,0,1
sofaz,1,0,1
quercetin-3-orutinoside,1,0,1
5-nitro,1,0,1
177alcohol,1,0,1
paritaprevir-ritonavir,1,0,1
sofosbufir-velpatasvir,1,0,1
naltrexone-bupropion,1,0,1
oxacillin/,1,0,1
dora,1,0,1
robotische,1,0,1
.savanna,1,0,1
petan,1,0,1
impala,1,0,1
cboe,1,0,1
streptococcuspolysaccharides,1,0,1
f-04,1,0,1
kuzetnsov,1,0,1
-narciclasine,1,0,1
horseradish-peroxidase,1,0,1
cystein-,1,0,1
coxsackievirus83,1,0,1
peplide,1,0,1
leu-gln,1,0,1
llegamos,1,0,1
dna-chitosan,1,0,1
tailstat,1,0,1
fiumazenil,1,0,1
folfiricetuximab,1,0,1
birkh,1,0,1
gag-polpolyproteins,1,0,1
nepaltelecom,1,0,1
remitidas,1,0,1
환자및의료진,1,0,1
sunita,1,0,1
amiremami,1,0,1
fatemehjavanmardi,1,0,1
gly-ala-gly,1,0,1
bagis,1,0,1
diumbromid,1,0,1
afrikas,1,0,1
überlebt,1,0,1
genetiker,1,0,1
ahnin,1,0,1
riga,1,0,1
getin,1,0,1
denosumabcan,1,0,1
lycopene-to-provitamin,1,0,1
ppsv23pneumococcal,1,0,1
harriet,1,0,1
acupunture,1,0,1
ciclosporinin,1,0,1
cabamazepine,1,0,1
dna-4,1,0,1
dna-2,1,0,1
taenid,1,0,1
nicotinevaccine,1,0,1
politi,1,0,1
nadp,1,0,1
nadp-testosterone,1,0,1
joachimherzstiftung,1,0,1
per-it,1,0,1
atropinic,1,0,1
dextromethorglycine,1,0,1
erastine,1,0,1
methorphan,1,0,1
eproguanil,1,0,1
elumefantrine,1,0,1
dhapiperaquine,1,0,1
atovaquona,1,0,1
sulfadiazina.3,1,0,1
asesora,1,0,1
med2,1,0,1
wyttenbach,1,0,1
nacetylcysteine/day,1,0,1
isopropanol/acetonitrile/tfa,1,0,1
glenk,1,0,1
acetylatedn-b-glycosides,1,0,1
nalkylation,1,0,1
adolescent,1,0,1
poliovi,1,0,1
ul48,1,0,1
acnp,1,0,1
na-pump,1,0,1
cmgc,1,0,1
"ab,sr",1,0,1
colandr,1,0,1
xelis,1,0,1
lajmanovich,1,0,1
sodin,1,0,1
preribavirin,1,0,1
esclera,1,0,1
coroides,1,0,1
rifamicina,1,0,1
orzuelo,1,0,1
eccemas,1,0,1
desonida,1,0,1
pénfigo,1,0,1
nevo,1,0,1
tacrolimustópico,1,0,1
amodiaquina,1,0,1
antipalúdicos,1,0,1
catarata,1,0,1
eccema,1,0,1
torrens,1,0,1
pdt,1,0,1
urethane-chloralose,1,0,1
benzoldiazepine,1,0,1
bmp4ginsenosides,1,0,1
zhi-guang,1,0,1
methylscopolamine,1,0,1
urtine,1,0,1
micronutrientions,1,0,1
mkr,1,0,1
fetrow,1,0,1
topic?chloroquine,1,0,1
zurovec,1,0,1
psychopy2,1,0,1
kiren,1,0,1
folate/vitamine,1,0,1
glycyrrhizin-induced,1,0,1
bsa-glycan,1,0,1
quinquefmciatus,1,0,1
corticosteroids-cyclophosphamide,1,0,1
jak1/,1,0,1
odna,1,0,1
antagomir-181a,1,0,1
sirnaneat1,1,0,1
probiotikum,1,0,1
salicylation,1,0,1
nodosus,1,0,1
immunoglobulinsis,1,0,1
datt-ravallion,1,0,1
albuminpaclitaxel,1,0,1
civin,1,0,1
ml-1,1,0,1
pilgrastim,1,0,1
bromodeoxyuridine/propidiumiodide,1,0,1
n-acetyi-l-cysteine,1,0,1
~-actin,1,0,1
rubomycine,1,0,1
dcoxycytidine,1,0,1
rhu-met-g-csf,1,0,1
indium-oxine,1,0,1
acinomycind,1,0,1
methylpredrtisolone,1,0,1
trimethoprimàsulfamethoxazole,1,0,1
thalassae-,1,0,1
liposomalblf,1,0,1
hochuekki-to,1,0,1
chlorcresol,1,0,1
wig,1,0,1
como,1,0,1
siriana,1,0,1
voila,1,0,1
.andrographolide,1,0,1
cathecol,1,0,1
protamine-nanoparticle,1,0,1
carboxydextran,1,0,1
j071,1,0,1
anionic,1,0,1
anti-mir124a,1,0,1
chol-ca,1,0,1
h-dimer,1,0,1
mw,1,0,1
glycine-binding,1,0,1
ang-i,1,0,1
xanthenes,1,0,1
photosensitizers,1,0,1
d-aminoluciferin,1,0,1
99mtc-ceftiofur,1,0,1
c]-methylcarbamates,1,0,1
agrp,1,0,1
benzyloxy-2-chloroquinoline,1,0,1
125i-labeled,1,0,1
125i-echistatin,1,0,1
[3h]ifenprodil,1,0,1
mk-5435,1,0,1
chitosan-n-acetylcysteine,1,0,1
thiolatedchitosan,1,0,1
tyr3octreotide,1,0,1
o-methyl-losartan,1,0,1
methyl-losartan,1,0,1
florpiramine,1,0,1
5-iodo-2'-deoxycytidine,1,0,1
in111-dtpa-octreotide,1,0,1
visen,1,0,1
zinc-63,1,0,1
vegf-plus,1,0,1
anti-mir-21s,1,0,1
lna-anti-mir-21,1,0,1
pna-anti-microrna-21,1,0,1
c]choline,1,0,1
ppar-γ-agonist,1,0,1
[11c]raclopride,1,0,1
dimi,1,0,1
estrogen-plus-progesterone,1,0,1
fluoro-pbr28,1,0,1
fenestravc,1,0,1
megluminediatrizoate,1,0,1
fenatra,1,0,1
cyttron,1,0,1
fluorescein-labeleddendrimer,1,0,1
μ-metal,1,0,1
nor-cholesterol,1,0,1
liposin,1,0,1
avastin/cf750,1,0,1
autoradioagraphy,1,0,1
111in-capromab,1,0,1
111incapromab,1,0,1
brandaris,1,0,1
/-carboplatin,1,0,1
mir9,1,0,1
nulytely,1,0,1
pegylatedanalog,1,0,1
(r)-rolipram,1,0,1
c]rolipram,1,0,1
mdm2-inhibitor,1,0,1
ferumoxides-protaminsulfate,1,0,1
dexa/aa,1,0,1
c]m-hydroxyephedrine,1,0,1
ornl,1,0,1
fluorominosidazole,1,0,1
fpro,1,0,1
ideaawardw81xwh-08-,1,0,1
radioligand,1,0,1
tetrofosmin/99,1,0,1
cgal,1,0,1
cu-dota-cetuximab,1,0,1
y-dotacetuximab,1,0,1
y-dota-cetuximab,1,0,1
cu-cetuximab,1,0,1
d-chlorpheniramine,1,0,1
14c-acetate,1,0,1
pop33,1,0,1
bleeken,1,0,1
dipro,1,0,1
ferric-xylenol,1,0,1
arci,1,0,1
o-ethylhydroxylaminehydrochloride,1,0,1
butylnitrate,1,0,1
cocco,1,0,1
flatt,1,0,1
earnings.100,1,0,1
benoy,1,0,1
szamosi,1,0,1
bastas,1,0,1
orolabialis,1,0,1
mediktor,1,0,1
antiplatelet-htpr,1,0,1
enerpol,1,0,1
etone,1,0,1
huperzia,1,0,1
phlegmariurus,1,0,1
.huperzine,1,0,1
selagoline,1,0,1
8-hydroxyphlegmariurineb,1,0,1
pityrogrammacalomelanos,1,0,1
capillus-venerislinn,1,0,1
thelypteridaceae,1,0,1
selaginellins,1,0,1
helminthostachyaceae,1,0,1
ophioglossaceae,1,0,1
helminthostachys,1,0,1
lygodiaceae,1,0,1
diphasiastrum,1,0,1
pterosina,1,0,1
piperacillin-tazbactam,1,0,1
hrnet,1,0,1
stepan,1,0,1
ggfm,1,0,1
amiga,1,0,1
streptokokken-angina,1,0,1
renograffin,1,0,1
s-l-methionine,1,0,1
tangpricha,1,0,1
calciumvitamin,1,0,1
drug-vitamin,1,0,1
chole-calciferol,1,0,1
rma1,1,0,1
chipe3,1,0,1
denuofosol,1,0,1
bucavirus,1,0,1
levamisole.17,1,0,1
rhepo,1,0,1
ejércitoespañol,1,0,1
artesunate-sulfadoxinepyrimethamine,1,0,1
dolin,1,0,1
pexip,1,0,1
δcadinene,1,0,1
hydrate,1,0,1
non-methylprednisolone,1,0,1
valbondione,1,0,1
anti-deoxyribonucleaseb,1,0,1
penicillinv,1,0,1
mrine,1,0,1
cebm,1,0,1
bertweethas,1,0,1
penchovsky,1,0,1
service-sales,1,0,1
f2124-,1,0,1
mcrofl,1,0,1
moheliox,1,0,1
ievirusa21,1,0,1
sackievirusa21,1,0,1
sindi,1,0,1
renaflo,1,0,1
parillo,1,0,1
francia,1,0,1
cortiflu,1,0,1
kolostoma,1,0,1
hcr.it,1,0,1
sedoanalgesia,1,0,1
vancomycin.16th,1,0,1
ringer¢s,1,0,1
triple-strand,1,0,1
tetraamine,1,0,1
mansh,1,0,1
.enalapril,1,0,1
ethylenimines,1,0,1
≥75,1,0,1
.karam,1,0,1
antibiotika-,1,0,1
fondo,1,0,1
ethylacetate-cyclohexane,1,0,1
antitoxin-see,1,0,1
kde,1,0,1
cyanovirus,1,0,1
silymonin,1,0,1
remdesivirdiltiazem,1,0,1
henle,1,0,1
yllin,1,0,1
glucose/glutarnine,1,0,1
forskolin/,1,0,1
zheng-li,1,0,1
oxamides,1,0,1
sulfoflavine,1,0,1
peroxyoxalate,1,0,1
lopinavir/ritonavir/arbidol/interferon,1,0,1
methylprednisolone/interferon/lopinavir/ritonavir/arbidol,1,0,1
ifna/lopinavir/ritonavir/arbidol,1,0,1
ribavirin/ifna/lopinavir/ritonavir/arbidol,1,0,1
"tz,lq,",1,0,1
heme-oxygen,1,0,1
piperata,1,0,1
pandanin,1,0,1
herb-salt,1,0,1
epazote,1,0,1
8-cineol,1,0,1
p-benzoquinone,1,0,1
carbograph,1,0,1
glycosidic,1,0,1
6-sulfate,1,0,1
maltotetraose,1,0,1
lsta,1,0,1
aureobadidin,1,0,1
3aminoquinoline,1,0,1
craterostigma,1,0,1
β-glucan-chitin,1,0,1
g-cyclodextrin,1,0,1
gluc,1,0,1
pseudostichopus,1,0,1
o-glycanase,1,0,1
poly-hydroxy,1,0,1
immmunoglobulin,1,0,1
diphoton,1,0,1
strandenes,1,0,1
oben).theophyllin,1,0,1
.pyrazinamid,1,0,1
benzodiazepin-agonisten,1,0,1
nicoboxil,1,0,1
oxycodontherapie,1,0,1
fentanyl-dosis,1,0,1
.sufentanil,1,0,1
cetirizin,1,0,1
terfenadin,1,0,1
phenoxamin,1,0,1
jurnista,1,0,1
dolantin,1,0,1
methylsalicylat,1,0,1
almotriptan,1,0,1
ergotamintartrat,1,0,1
ergotaminen,1,0,1
sultanol,1,0,1
natriumcromoglicat,1,0,1
codeinvergleichbar,1,0,1
antitussiv,1,0,1
levodropropizin,1,0,1
β-sympathomimetikum,1,0,1
ultracain,1,0,1
sedaplus,1,0,1
8-chlortheophyllin,1,0,1
.domperidon,1,0,1
thiethylperazin,1,0,1
serotonin-antagonisten,1,0,1
ondansetronbehandelte,1,0,1
spasmolytika,1,0,1
pirenzepin,1,0,1
bismutsalze,1,0,1
tripeltherapie,1,0,1
methylnaltrexonium,1,0,1
vastatin,1,0,1
norpseudoephedrin,1,0,1
dexfenfluramin,1,0,1
β-lactamase-inhibitoren,1,0,1
dimepranolacedoben,1,0,1
sobelin,1,0,1
clindamycintherapie,1,0,1
lipopeptid-antibiotika,1,0,1
.albendazol,1,0,1
makene,1,0,1
neuraminidase-hemmer,1,0,1
cholera-impfung,1,0,1
hpv-impfung,1,0,1
meningokokken-impfung,1,0,1
pertussis-impfung,1,0,1
röteln-impfung,1,0,1
derselbe,1,0,1
calcium-antagonisten,1,0,1
.nifedipin,1,0,1
.eplerenon,1,0,1
aldosteron-antagonist,1,0,1
sartane,1,0,1
depressan,1,0,1
antiadrenergika,1,0,1
ebrantil,1,0,1
phosphodiesterase-inhibitoren,1,0,1
prostacyclin-analoga,1,0,1
adrenerge,1,0,1
effortil,1,0,1
herzglykoside,1,0,1
bradykardie,1,0,1
klasse-ib-antiarrhythmika,1,0,1
klasse-ic-antiarrhythmika,1,0,1
klasse-iii-antiarrhythmika,1,0,1
koronartherapeutika,1,0,1
nitroderm,1,0,1
bufedil,1,0,1
thiaziddiuretika,1,0,1
hydrochlorothiazidmefrusid,1,0,1
bendroflumethiazid,1,0,1
aldosteron-antagonisten,1,0,1
dytide,1,0,1
thrombin-inhibitoren,1,0,1
oxcarbazepin,1,0,1
carbamazepinsinkt,1,0,1
phenhydan,1,0,1
tiagabin,1,0,1
gabitril,1,0,1
vinca-alkaloide,1,0,1
analoga,1,0,1
podophyllotoxin-derivat,1,0,1
epirubicin-monotherapie,1,0,1
thiophosphamid,1,0,1
ovastat,1,0,1
anthracyclin-antibiotika,1,0,1
zavedos,1,0,1
.pegaspargase,1,0,1
oncaspar,1,0,1
nolvadex,1,0,1
mutterkornalkaloide,1,0,1
methylergometrin,1,0,1
oxytocin-antagonisten,1,0,1
oxytocin-antagonist,1,0,1
lactogen,1,0,1
prolactin-antagonisten/dopamin-agonisten,1,0,1
glycylpressin,1,0,1
.betamethason,1,0,1
insulin-analoga,1,0,1
liprolog,1,0,1
lachgas,1,0,1
benzoylperoxid,1,0,1
retinoiden,1,0,1
photochemotherapie,1,0,1
venentherapeutika,1,0,1
phytopharmakaaloe,1,0,1
karminativa,1,0,1
pyrrolizidinalkaloide,1,0,1
bromsulphthalein,1,0,1
methylxanthin,1,0,1
kokain,1,0,1
mescalin,1,0,1
methadon-,1,0,1
buprenorphindosis,1,0,1
nemexin,1,0,1
dioxinenetwa,1,0,1
lstm1,1,0,1
bovineparapoxvirus,1,0,1
atazavir,1,0,1
feygin,1,0,1
moja,1,0,1
mir-485-3p,1,0,1
therapy,1,0,1
acid-base,1,0,1
zolamide,1,0,1
potassiumpotassium,1,0,1
epinephrine-free,1,0,1
pericardiocentesis,1,0,1
acute,1,0,1
adrenocortical,1,0,1
thyrotoxicosis,1,0,1
magnesiumbased,1,0,1
α-naphthylthiourea,1,0,1
nonchlorine,1,0,1
methemoglo,1,0,1
4-mp,1,0,1
chlorobromomethane,1,0,1
delta-9,1,0,1
thcoil,1,0,1
hedeoma,1,0,1
pulegioides,1,0,1
tralomethrin,1,0,1
selsun,1,0,1
triazines,1,0,1
otamixaban,1,0,1
cefditorenthis,1,0,1
anula,1,0,1
bubenik,1,0,1
ascorbate4ree,1,0,1
raspisaniye,1,0,1
"hydroxychloroquine""s",1,0,1
.anguinomycin,1,0,1
kemal,1,0,1
m.kemp,1,0,1
a-114,1,0,1
ethanol/paclitaxel,1,0,1
a-18716:05,1,0,1
amogst,1,0,1
a-219,1,0,1
zarina,1,0,1
zr-rituximab,1,0,1
arthroscope,1,0,1
antoch,1,0,1
nicanor,1,0,1
a-405,1,0,1
vetebroplasty,1,0,1
a-493,1,0,1
skh,1,0,1
barnes,1,0,1
ict-aff,1,0,1
adrian,1,0,1
antiskid,1,0,1
(b)hydroxychloroquine,1,0,1
resorcinol/hcl,1,0,1
phloxine-tartazine,1,0,1
biphophonates,1,0,1
mir-380,1,0,1
mir-380-5p,1,0,1
mir-34-family,1,0,1
cogstater,1,0,1
cd30-jar,1,0,1
inkosialbert,1,0,1
actinomycin-d/vincristin,1,0,1
methotrexate-etoposide-ifosfamide,1,0,1
doxorubicin-platinum,1,0,1
lidocaine5,1,0,1
choc,1,0,1
colil-asp,1,0,1
resveratrol-caused,1,0,1
resveratrol/res,1,0,1
methotrexate+cisplatinium+doxorubicin,1,0,1
kaplan-merine,1,0,1
aml-m7,1,0,1
vincristin+dactinomycin+doxorubicin,1,0,1
medi-cine,1,0,1
vdonin,1,0,1
ovor,1,0,1
sesninc,1,0,1
ndilcil,1,0,1
grolin,1,0,1
tinil,1,0,1
riinbc,1,0,1
yenet,1,0,1
ndil,1,0,1
colunin,1,0,1
pilol,1,0,1
rnil,1,0,1
stenin,1,0,1
vnuillin,1,0,1
oripiri,1,0,1
nriy,1,0,1
giycin,1,0,1
iodinebc,1,0,1
fortii,1,0,1
sulphurtrioside,1,0,1
atropiuc,1,0,1
peg+,1,0,1
dcin,1,0,1
ilols,1,0,1
.ameloblastin,1,0,1
g-immunoglobulin,1,0,1
apicalis,1,0,1
liophroninae,1,0,1
silwood,1,0,1
microcronus,1,0,1
erode/,1,0,1
ceylanicum,1,0,1
.docetaxel,1,0,1
docetaxel-and,1,0,1
.balsalazide,1,0,1
.ciclopirox,1,0,1
.vildagliptin,1,0,1
.actinomycin-d,1,0,1
tribromo-ethanol,1,0,1
5·5,1,0,1
yolanda,1,0,1
gasper,1,0,1
oxaliplatin-and,1,0,1
suizidgentherapie,1,0,1
ganciclovir-triphosphat,1,0,1
riukaramboa,1,0,1
desmodiumadscendens,1,0,1
oxaliscorniculata,1,0,1
sambucifolia,1,0,1
glucocor-drug,1,0,1
leflu-nomide,1,0,1
azathioprine.77,1,0,1
erythemamultiforme,1,0,1
stevens-johnson,1,0,1
trimethoprtm/sulfonamides,1,0,1
tetracycline-niacinamide,1,0,1
linhardt,1,0,1
schincariol,1,0,1
oligoucleotide,1,0,1
α-amanitine,1,0,1
calpro,1,0,1
[3h]-thymidine,1,0,1
skog,1,0,1
rnitomycin-c,1,0,1
acanomycind,1,0,1
jyl,1,0,1
dertussis,1,0,1
pegtide,1,0,1
cyciosporin,1,0,1
gin0,1,0,1
eo1,1,0,1
c714,1,0,1
adjuvantednp-kag,1,0,1
plga-basedadjuvantednp-kag,1,0,1
aesculapius,1,0,1
tripterygii,1,0,1
dactylisglomerata,1,0,1
anti-il13,1,0,1
pitrikinra,1,0,1
o.it,1,0,1
tubocurare,1,0,1
tб,1,0,1
nsp1α↓,1,0,1
18264,1,0,1
stains.471,1,0,1
93%.methylprednisolone,1,0,1
monika,1,0,1
αterpinene,1,0,1
monoterpenecitral,1,0,1
peroxinitrates,1,0,1
esirnas,1,0,1
btriple,1,0,1
confucianism,1,0,1
bactericidal,1,0,1
nadir,1,0,1
hydrochloroquin/azithromycin,1,0,1
dexamethasons,1,0,1
ervwe1/syncytin-1,1,0,1
syncytin-orf,1,0,1
cp-pe2,1,0,1
amidineml336,1,0,1
resnet-v2,1,0,1
sifn-α,1,0,1
gs-506,1,0,1
mé,1,0,1
bay-,1,0,1
that~35,1,0,1
adamantan(amin)e,1,0,1
anti-den-,1,0,1
ttf-,1,0,1
2methylthiadiazoles,1,0,1
potassiumcalcium-magnesium,1,0,1
knotentechnik,1,0,1
jithangi,1,0,1
proalbumin,1,0,1
s-carbamidomethyl,1,0,1
orf4polypeptide,1,0,1
am850,1,0,1
ℛceff,1,0,1
onist,1,0,1
.camphecin,1,0,1
trifurcuatedsl5,1,0,1
diphtheria-(pertussis)-tetanus,1,0,1
βglucuronidase,1,0,1
4nitrophenol,1,0,1
ganciclovir/valciclovir,1,0,1
nifedipine2o,1,0,1
thevasopressin,1,0,1
dextran70,1,0,1
solumedrolr(methylprednisolone,1,0,1
phentolamlne,1,0,1
if-insulin,1,0,1
kiniso,1,0,1
~omide,1,0,1
nartini~,1,0,1
sodiumnitroprusside,1,0,1
3-urapidil,1,0,1
withampicillin,1,0,1
spirelog,1,0,1
benzodiazepine-antagonist,1,0,1
potassiu,1,0,1
glucacon,1,0,1
fentanyl/diazepam,1,0,1
bic,1,0,1
metronidszole,1,0,1
qhiopental,1,0,1
pba,1,0,1
phenobartitone(lo0,1,0,1
eholecalciferol,1,0,1
50%alcohol,1,0,1
.terlipressin,1,0,1
summerhill,1,0,1
baram,1,0,1
ohana,1,0,1
vancomycin-or,1,0,1
mdl-860,1,0,1
eugh,1,0,1
vollzugsprobleme,1,0,1
gfr=,1,0,1
procore,1,0,1
mirna-181a,1,0,1
ibs-c.,1,0,1
±terlipressin,1,0,1
bardia,1,0,1
cyproheptadine±propranolol,1,0,1
±propranolol,1,0,1
ketamine±propofol,1,0,1
albumin-furosemide,1,0,1
sorafenib-gold,1,0,1
sofosbuvir+,1,0,1
sofosbuvir+velpatasvir,1,0,1
zinc-sulfate,1,0,1
ozil,1,0,1
cardigan,1,0,1
calcium-thrombin,1,0,1
chondroitinsulfatea,1,0,1
hbeag,1,0,1
omhsp,1,0,1
puskorius,1,0,1
oroquinolone,1,0,1
listeriolysino,1,0,1
[sh]-captopril,1,0,1
desarg9-bradykinin,1,0,1
carboxypeptidasem,1,0,1
endopeptidase24.11,1,0,1
prolylendopeptidase,1,0,1
cfp-aaf-pab,1,0,1
theophyllin-kurzinfusion,1,0,1
tamoxifen/,1,0,1
tamoxifen/clomiphene/,1,0,1
sodiumhypochlorite.2,1,0,1
(hcv)-,1,0,1
zinc000017053528,1,0,1
tetrabromomethane,1,0,1
bta-mir-26bbta-mir-124bbta-mir-146abta-mir-210bta-mir-499bta-let-7dbta-mir-27a-3pbta-mir-125abta-mir-146b,1,0,1
bta-mir-214bta-mir-532bta-let-7ebta-mir-27b,1,0,1
bta-mir-125b,1,0,1
bta-mir-147bta-mir-215bta-mir-545-3pbta-let-7fbta-mir-29abta-mir-126-3pbta-mir-148abta-mir-218bta-mir-545-5pbta-let-7gbta-mir-29bbta-mir-126-5pbta-mir-148bbta-mir-221bta-mir-660,1,0,1
bta-mir-369,1,0,1
dibenzofu,1,0,1
-fresenius,1,0,1
kron,1,0,1
christoph,1,0,1
black-scholes-merton,1,0,1
ferrous-ferric,1,0,1
naphthalenecamphor,1,0,1
en-hydroxychloroquine,1,0,1
rehmetal,1,0,1
lopinavir/ritonavir400/100,1,0,1
antiviralrnai,1,0,1
2'-f-sirna,1,0,1
phoxim,1,0,1
tothat,1,0,1
ddesthiobiotin,1,0,1
weißrussland,1,0,1
slam,1,0,1
neulich,1,0,1
eteetron,1,0,1
vaenolated,1,0,1
periduralanästhesie,1,0,1
hvt-mir-h14-3p,1,0,1
rdarp-b,1,0,1
blaukat,1,0,1
paternal,1,0,1
vázquez,1,0,1
spinulosa,1,0,1
mycetcolor,1,0,1
mycetfluo,1,0,1
blankophor,1,0,1
luliconazole,1,0,1
ditch,1,0,1
5-aza-2=-deoxycytidine,1,0,1
infinox,1,0,1
kalmar,1,0,1
dlo,1,0,1
nedpomegranate,1,0,1
az-hcq,1,0,1
bendin,1,0,1
metfrag,1,0,1
anti-tussives,1,0,1
latinamerica,1,0,1
fluticasone/formoterol,1,0,1
perol,1,0,1
pileup,1,0,1
darpin,1,0,1
mp0274,1,0,1
rathjen,1,0,1
nicotinicchloranhydride,1,0,1
succinicanhydride,1,0,1
zene,1,0,1
molteni,1,0,1
orf11,1,0,1
1.remdisivir,1,0,1
clou,1,0,1
psychodrama-theater,1,0,1
psychodrama-theoriemorenos,1,0,1
psychodramas,1,0,1
hermanii,1,0,1
kebusone,1,0,1
savalei,1,0,1
potyvirus,1,0,1
boxin,1,0,1
temula,1,0,1
allozymes,1,0,1
acetylatedlysine,1,0,1
vedoluzimab,1,0,1
ccrtx,1,0,1
ps008,1,0,1
grigoleit,1,0,1
cyclophophamid,1,0,1
erk-inhibitor,1,0,1
martone,1,0,1
antihis-tag,1,0,1
chlorine-orethanol-based,1,0,1
.oxalate,1,0,1
b-sulphate,1,0,1
thalliumacetate,1,0,1
maxand,1,0,1
pspace,1,0,1
mlehaplo,1,0,1
mirra,1,0,1
oncare,1,0,1
ophthalmol,1,0,1
cataract,1,0,1
hydoxycholoroquine,1,0,1
cabp4,1,0,1
cacna1f-retinopathy,1,0,1
s-cone,1,0,1
m-cone,1,0,1
l-on,1,0,1
dioxinsnip,1,0,1
-artemether-lumefantrine,1,0,1
101mizoribine,1,0,1
108tofacitinib,1,0,1
regraft,1,0,1
pr-filmarray,1,0,1
covaccinecovaccine,1,0,1
wb,1,0,1
pallate,1,0,1
lindegren,1,0,1
gs-441,1,0,1
cefpodox,1,0,1
ara-c.,1,0,1
cadmiumsulfate,1,0,1
∼oxygen,1,0,1
adenoide,1,0,1
clindamycin(54,1,0,1
penicillin-gentamicin,1,0,1
cefotaxime-gentamicin,1,0,1
vancomycin-gentamicin,1,0,1
(-)-αpinene,1,0,1
mogden,1,0,1
griechische,1,0,1
.venlafaxine,1,0,1
hydroxychlo-roquine,1,0,1
tetanus-diphtheria-pertussistoxoid,1,0,1
cysteine-glutathione,1,0,1
athene,1,0,1
post-conjugate,1,0,1
anti-pneumolysin,1,0,1
gentamicin-blood,1,0,1
kombinationsimpfstoffe,1,0,1
zellbasiertetumorimpfstoffe,1,0,1
mtb-basierteimpfstoffmtbvac,1,0,1
pegylated_ifn-,1,0,1
hydroxicholoquine,1,0,1
vycor,1,0,1
eximer,1,0,1
gf/insulin,1,0,1
nelaspis,1,0,1
punicae,1,0,1
e.$cifoliae,1,0,1
triuspidis,1,0,1
mitulaspis,1,0,1
bantndiaspisloranthi,1,0,1
aspidiotusjuniperi,1,0,1
carubspis,1,0,1
scutiae,1,0,1
sinistraspis,1,0,1
jioriniae,1,0,1
g.faureae,1,0,1
faureae,1,0,1
funtumiae,1,0,1
selenaspidus,1,0,1
spiculata,1,0,1
loulzsbzcryi,1,0,1
genys,1,0,1
gymnaspis,1,0,1
sinoiae,1,0,1
diosma,1,0,1
kuwanaspis,1,0,1
lepadosaphes,1,0,1
tegalensis,1,0,1
mangqerae,1,0,1
diasph,1,0,1
exuviae,1,0,1
rhodesia,1,0,1
ssdrb,1,0,1
ohayon,1,0,1
h]-methyl-choline,1,0,1
588-fc,1,0,1
tk-renillin,1,0,1
mir2,1,0,1
sham-amitriptyline,1,0,1
cerberusa,1,0,1
suturae,1,0,1
otoliquorrhoe,1,0,1
pinealis,1,0,1
sellatumoren,1,0,1
ventrikel,1,0,1
schmerzchirurgie,1,0,1
xanthineoxidase-inhibitor,1,0,1
chirurgischeinterventie,1,0,1
alexandre,1,0,1
cdpgyigsr,1,0,1
vishay,1,0,1
epimed,1,0,1
rplg,1,0,1
swisstom,1,0,1
scd14-st,1,0,1
optifl,1,0,1
rivaroxoban,1,0,1
chloride(cpc)cpc,1,0,1
bolivian,1,0,1
glycine-arginine,1,0,1
łukaszszumowski,1,0,1
thumb,1,0,1
montelukst,1,0,1
valsartan/,1,0,1
121ruxolitinib,1,0,1
grelot,1,0,1
mucormycose,1,0,1
.famotidine,1,0,1
.rocuronium,1,0,1
22remdesvir,1,0,1
41lopinavir/ritonavir,1,0,1
ribavirin)，chloroquine,1,0,1
@jeremycorbyn,1,0,1
jack,1,0,1
lopresti,1,0,1
glp-2(1,1,0,1
triaje,1,0,1
hsscot,1,0,1
acetoacetate,1,0,1
β-mercaptoethylamine,1,0,1
heparin-tat,1,0,1
arubas,1,0,1
β-hematin,1,0,1
intergovernmental,1,0,1
diroximelfumarate,1,0,1
doxorubicin/dacarbazine,1,0,1
xipamide,1,0,1
myelofibrosis,1,0,1
prinsenbeek,1,0,1
prodelphinidinb-2,1,0,1
teaandharitaki,1,0,1
rotateqvaccine,1,0,1
plexium,1,0,1
icad,1,0,1
laby,1,0,1
calicivax,1,0,1
salbutamol-albuterol,1,0,1
r-salbutamol,1,0,1
daxor,1,0,1
a-mannosidase,1,0,1
theodosia,1,0,1
ace2/ang-(1-,1,0,1
86e88,1,0,1
hemidystonia,1,0,1
francois,1,0,1
raimondo,1,0,1
pm-scl75,1,0,1
azola,1,0,1
spadin,1,0,1
amyostatin-follistatin,1,0,1
gcom,1,0,1
johanlim,1,0,1
hedvig,1,0,1
anti-ddb-1,1,0,1
azv-16-,1,0,1
leventebodoki,1,0,1
zoltángriger,1,0,1
taipa,1,0,1
lb/tetracycline,1,0,1
ferroterapia,1,0,1
nasa,1,0,1
.ifn-y,1,0,1
gangliosidegm1,1,0,1
-antihistamines,1,0,1
ar177,1,0,1
aminoglycoside-arginine,1,0,1
neor6,1,0,1
decametoxin,1,0,1
helepine,1,0,1
ammoniumchloridemonohydrate,1,0,1
elstree,1,0,1
pramila,1,0,1
antipapillomavirus,1,0,1
cinnamonextract(,1,0,1
c-cidofovir,1,0,1
adoquine,1,0,1
alphaagonist,1,0,1
.rifaximin,1,0,1
pegpam3,1,0,1
lopinavir/darunavir/ritonavir,1,0,1
trpqqft,1,0,1
ribavirinboth,1,0,1
01020304050607,1,0,1
cyanidin-3-ogalactoside,1,0,1
colby,1,0,1
of)~,1,0,1
ruminococcin,1,0,1
sperminehistamine,1,0,1
helixb1,1,0,1
monoadduct,1,0,1
nitrenes,1,0,1
2-chloroethylamine,1,0,1
citreonigrum,1,0,1
yoghurts,1,0,1
6-phytase,1,0,1
grana,1,0,1
salsolakali,1,0,1
anti-mask,1,0,1
7alcohol,1,0,1
anti-drugantibody,1,0,1
busulphan/fludarabine/serotherapy,1,0,1
rapamicyn,1,0,1
anti-calcium,1,0,1
ycline,1,0,1
mycofenolate-mofetil,1,0,1
mir-125a,1,0,1
ornatus,1,0,1
anti-a/bisoagglutinin,1,0,1
kiovig,1,0,1
bcg+,1,0,1
salmonellatyphimvi®,1,0,1
pnpsigg,1,0,1
msulphometocsazole,1,0,1
pegylated-ifnα,1,0,1
trimethoprim/sulfmethoxazole,1,0,1
salviaplebeia,1,0,1
rutinario,1,0,1
.ifn-alfa,1,0,1
foureye,1,0,1
waterwratten,1,0,1
diaminobenzine,1,0,1
dfma,1,0,1
hav-mir-1-5p,1,0,1
debt-the,1,0,1
adjuvansmf59,1,0,1
opima,1,0,1
κ-carrageenan134gel,1,0,1
biotin-triub,1,0,1
mialgia,1,0,1
evegeniĭ,1,0,1
44favipiravir,1,0,1
ruscus,1,0,1
qiherb,1,0,1
23s-methylcholesterol,1,0,1
diboside,1,0,1
dimotakis,1,0,1
ns3h,1,0,1
pa-7,1,0,1
cisproline,1,0,1
diphtheria-tetanustoxoid(,1,0,1
frajberg,1,0,1
18f-dopamine,1,0,1
.faleri,1,0,1
glycyrrhizin-ovaconjugate,1,0,1
boric,1,0,1
heparin-plasma,1,0,1
clinica,1,0,1
s-tk,1,0,1
-escg,1,0,1
0110-escg-lee,1,0,1
quabain,1,0,1
omega-3polyunsaturatedfatty,1,0,1
cpue7,1,0,1
intellego,1,0,1
benon,1,0,1
kwesiga,1,0,1
plipastatin,1,0,1
furfuryl,1,0,1
3nitrophenol,1,0,1
aminotetralin,1,0,1
burbiprofen,1,0,1
condoleeza,1,0,1
grevillea,1,0,1
ligustrum,1,0,1
mcguiganprodrug,1,0,1
aspirins,1,0,1
zombie,1,0,1
71vancomycin,1,0,1
bicarbonatethiamine,1,0,1
autoavaliação,1,0,1
teleprática,1,0,1
mabfk50-,1,0,1
severin,1,0,1
[14c]leucine,1,0,1
antitoxinlederle,1,0,1
e.faecium,1,0,1
sparftoxacin,1,0,1
imipenenlaminoglycoside,1,0,1
cephalosporinlaminoglycoside,1,0,1
tryple,1,0,1
antimalware,1,0,1
hydrocynus,1,0,1
mag-nesium,1,0,1
iv-na,1,0,1
c-dose,1,0,1
williamcullen,1,0,1
.cefaclor,1,0,1
y-st,1,0,1
humanisomer,1,0,1
denv2ns1-,1,0,1
tiruvannamalai,1,0,1
kurnool,1,0,1
guntur,1,0,1
h4r,1,0,1
dext,1,0,1
enzymeprotein,1,0,1
sodium-metrizoate,1,0,1
5-propyl-hydantoin,1,0,1
βlactamase,1,0,1
imipenem-44,1,0,1
tazobactam-83,1,0,1
cefixime-98,1,0,1
fluconazoleloaded,1,0,1
saturejakhuzestanica,1,0,1
2mercaptoethnol,1,0,1
p2-lb32,1,0,1
eviroxime,1,0,1
ro-09,1,0,1
owery,1,0,1
g14,1,0,1
laurae,1,0,1
adrenolumber,1,0,1
aebs,1,0,1
gyrus,1,0,1
renya,1,0,1
tatano,1,0,1
stephen,1,0,1
movo,1,0,1
kr-12a,1,0,1
cetuximab/docetaxel,1,0,1
hapmap,1,0,1
v87,1,0,1
epirubicin/cyclphosphamid,1,0,1
anr-06-cis6-,1,0,1
virtuos,1,0,1
kv16,1,0,1
promovend,1,0,1
permetrexed,1,0,1
cisplatinum/etoposide,1,0,1
porocarcinoma,1,0,1
cisplatin-and,1,0,1
mir-189,1,0,1
mitomycin-monotherapie,1,0,1
teletherapie,1,0,1
cybernife,1,0,1
eif4g.it,1,0,1
-atropine,1,0,1
-isoprenaline,1,0,1
tachyaritmieën,1,0,1
vitamine-k-antagonist,1,0,1
100/min,1,0,1
ace-remmer,1,0,1
ios8,1,0,1
trifluromethyl-2'deoxyuridine,1,0,1
bis-benzimidazoles,1,0,1
gaddam,1,0,1
badrenergic,1,0,1
fmia,1,0,1
bcg436,1,0,1
iv-c,1,0,1
mk-8617,1,0,1
hif-drug,1,0,1
antazida,1,0,1
1%.it,1,0,1
4sodium,1,0,1
nitrotoxin,1,0,1
smedi,1,0,1
1mercury,1,0,1
terbufos,1,0,1
3thiamine,1,0,1
biflora,1,0,1
s.glauca,1,0,1
idiospermum,1,0,1
hyoscyamus,1,0,1
belladonnaalkaloids,1,0,1
alstonine,1,0,1
methoxyethylmercury,1,0,1
ethylmercuric,1,0,1
calcium/vitamin,1,0,1
γ-coniceine,1,0,1
stenocarpella,1,0,1
echinopogon,1,0,1
g.celosioides,1,0,1
penitrem,1,0,1
verruculogen,1,0,1
δ-ala-d,1,0,1
dimercaptosuccinicacid,1,0,1
probenzimidazoles,1,0,1
praziquantel/epsiprantel,1,0,1
ascaricides,1,0,1
coumaphos,1,0,1
haloxon,1,0,1
tenicide,1,0,1
amprolium-induced,1,0,1
acetonemia,1,0,1
hypervitaminosisa,1,0,1
n-acetyl-β-d-hexosaminidase,1,0,1
hypochaeris,1,0,1
elso,1,0,1
merinos,1,0,1
seco,1,0,1
fof,1,0,1
interloper,1,0,1
cerro,1,0,1
᾿,1,0,1
debt-at,1,0,1
post-ketamine,1,0,1
s(+)ketamine,1,0,1
s(+)-ketamine,1,0,1
the/3,1,0,1
vega-,1,0,1
hepeviren,1,0,1
togaviren,1,0,1
worttoga,1,0,1
antip1,1,0,1
-clarithromycin,1,0,1
lollipop,1,0,1
jjgg,1,0,1
advancethis,1,0,1
streptococcusviridens,1,0,1
iliotibial,1,0,1
eva,1,0,1
gy/3,1,0,1
somaton,1,0,1
iodamide,1,0,1
intracanal,1,0,1
deferoxamineb,1,0,1
16-slice,1,0,1
digora,1,0,1
c-388,1,0,1
f.tatsugami,1,0,1
collagen/elastin,1,0,1
h.k.kim,1,0,1
ometal,1,0,1
lumbosciatalgia,1,0,1
m.hashimoto,1,0,1
doxorubicine/lipiodol,1,0,1
l.rutkauskiene,1,0,1
mantainig,1,0,1
disini,1,0,1
pilavaki,1,0,1
radio-isotope,1,0,1
uf-ge,1,0,1
laxanis,1,0,1
fetalmr,1,0,1
levovist-schering,1,0,1
pedia,1,0,1
liaparinos,1,0,1
fetdose,1,0,1
phy,1,0,1
low-dosemdcta,1,0,1
c-ace,1,0,1
bradykinin/,1,0,1
lipner,1,0,1
protvec,1,0,1
deepfam,1,0,1
.ī,1,0,1
rinj,1,0,1
hydroxychloroqui,1,0,1
caleta,1,0,1
[~ss]cysteine,1,0,1
l-e1p47re-e1p47stp1-e1p47,1,0,1
artemizinine,1,0,1
pseu-doephedrine,1,0,1
gambino,1,0,1
verardi,1,0,1
trillat,1,0,1
büchi,1,0,1
kitab,1,0,1
detoxsan,1,0,1
alamir,1,0,1
azithromycin/,1,0,1
inb,1,0,1
tanomastat,1,0,1
ac-30,1,0,1
rifarnpicin,1,0,1
ifn-␣-2a,1,0,1
hydrogenperoxidea,1,0,1
atg18,1,0,1
tymovirus,1,0,1
as-a6,1,0,1
mammografie,1,0,1
ink4a,1,0,1
fty@,1,0,1
arc1905,1,0,1
reg1,1,0,1
anthraquinoneemodin,1,0,1
mataram,1,0,1
a-75,1,0,1
eps7630(umckaloabo,1,0,1
lezine,1,0,1
fotinicacid,1,0,1
methylcobalarnin,1,0,1
pulmonalgefäße,1,0,1
chrysotil,1,0,1
aciclovir-,1,0,1
hhv-6bietennur,1,0,1
parvovirus-b19-infektionen,1,0,1
ganciclovir-th,1,0,1
diaplazentar,1,0,1
nadim,1,0,1
povme,1,0,1
chondrocranium,1,0,1
antibiotika-therapie,1,0,1
rhinosporidiose,1,0,1
teratokarzinosarkom,1,0,1
hypochloritea,1,0,1
3ivabradine,1,0,1
deberá,1,0,1
manngc,1,0,1
aruco,1,0,1
"india-""narendramodi",1,0,1
βhexosaminidase,1,0,1
angusta,1,0,1
neomarchantina,1,0,1
neomarchantinb,1,0,1
-hexachloroisoplagiochin,1,0,1
dna-242,1,0,1
isopropanol-hexane,1,0,1
mathis,1,0,1
nutoil,1,0,1
adelard,1,0,1
cellulases,1,0,1
k-means,1,0,1
17-peptide,1,0,1
telkom,1,0,1
desaturain,1,0,1
boronlipiodol,1,0,1
mangafodipirtrisodium,1,0,1
c-0101,1,0,1
c-0111,1,0,1
scopinaro,1,0,1
c-0124,1,0,1
c-0126,1,0,1
ovaric,1,0,1
scnb,1,0,1
c-0184,1,0,1
bracco/byk,1,0,1
e.laffon,1,0,1
d.ustuzhanin,1,0,1
iodine-contrast,1,0,1
cytostatica-labeled,1,0,1
mra-3d,1,0,1
calcifylaxis,1,0,1
multi-slice,1,0,1
lagalla,1,0,1
slu,1,0,1
suprarenally,1,0,1
coils-pte,1,0,1
lipiodoldoxorubicin,1,0,1
targo,1,0,1
isota,1,0,1
nbca,1,0,1
m.parildar,1,0,1
valantin,1,0,1
angio,1,0,1
clip,1,0,1
vicandi,1,0,1
koureas,1,0,1
fitoz,1,0,1
azygos-hemiazygos,1,0,1
furnan,1,0,1
cd9-partner,1,0,1
anti-syndecan,1,0,1
iniciamos,1,0,1
quillin,1,0,1
licoriceedrug,1,0,1
licoriceewarfarin,1,0,1
licorice-drug,1,0,1
xdnn,1,0,1
nedopil,1,0,1
leygraf,1,0,1
l-cisdiltiazem,1,0,1
aminoacids621,1,0,1
li-ned,1,0,1
varicella-zosterimmunoglobulin,1,0,1
ibta,1,0,1
isoflurane-sevoflurane,1,0,1
dnak.,1,0,1
20amino-acid,1,0,1
riberinhos,1,0,1
ddx3r,1,0,1
riccardopolosa,1,0,1
'svaccine,1,0,1
indophenolozidase,1,0,1
wiranowska-,1,0,1
lidin,1,0,1
bialy,1,0,1
lonai,1,0,1
benzanthracene,1,0,1
g418,1,0,1
phosphat,1,0,1
badge,1,0,1
.permethrin,1,0,1
tnfex,1,0,1
bradykinin-(1,1,0,1
thymosin-2,1,0,1
shlt,1,0,1
ael,1,0,1
s.dollar,1,0,1
deepaligne,1,0,1
heart-kidney,1,0,1
jethro,1,0,1
zgg,1,0,1
cafadroxil,1,0,1
his230,1,0,1
demetia,1,0,1
excess,1,0,1
cmvil-10,1,0,1
lacmvil-10,1,0,1
.tetanus,1,0,1
tarde,1,0,1
atiya,1,0,1
haramidere,1,0,1
riva,1,0,1
c).it,1,0,1
pan-shigella,1,0,1
aaptamines,1,0,1
telengana,1,0,1
riba6irin,1,0,1
icelandic,1,0,1
russia-the,1,0,1
massie,1,0,1
.fisetin,1,0,1
gossypiumindicum,1,0,1
hibiscusvitifolius,1,0,1
citrusnatsudaidai,1,0,1
shanthi,1,0,1
lead-212,1,0,1
y-octreotide,1,0,1
y-ibritumomab,1,0,1
i-tositumomab,1,0,1
senato,1,0,1
glutaminepenicillin-streptomycin,1,0,1
nicaraguaclaudiaobando,1,0,1
piroximoue,1,0,1
piroximune,1,0,1
132-adrenergic,1,0,1
l-adrenoceptor,1,0,1
teukotriene,1,0,1
nanngin,1,0,1
erodermcream,1,0,1
aminoguani-dine,1,0,1
of3hvincristine,1,0,1
vincristine-uptake,1,0,1
mul!iple-dose,1,0,1
1actam,1,0,1
pivalicacid,1,0,1
cefetamet-pivoxil,1,0,1
undecanoyl-carnitine,1,0,1
theophyllinelike,1,0,1
theophylline-like,1,0,1
pepticin-namins,1,0,1
b22,1,0,1
sulf-1,1,0,1
nacetylated,1,0,1
adenia,1,0,1
afp-l2,1,0,1
sargassumthunbergii,1,0,1
cs/ds,1,0,1
galmbp,1,0,1
acid-released,1,0,1
pi-core,1,0,1
gal-1,1,0,1
ß-lactose,1,0,1
al.oseltamivir,1,0,1
paclitaxel-trastuzumab,1,0,1
her21,1,0,1
carboplatinbased,1,0,1
cytochem,1,0,1
bcl-2~,1,0,1
apls,1,0,1
3h]mannose,1,0,1
hydroxylumine,1,0,1
mxil,1,0,1
iaoproterenol,1,0,1
s05,1,0,1
t-deoxycorticosterone,1,0,1
pkac,1,0,1
glutathione-s-trsusferase,1,0,1
caicineurin,1,0,1
caicineudn,1,0,1
a24s06-,1,0,1
~ss-cysteine,1,0,1
srp9,1,0,1
ttansferrin,1,0,1
rp-a,1,0,1
chemin,1,0,1
nigerpectinase,1,0,1
caryophyllales,1,0,1
diphenols,1,0,1
hinol,1,0,1
[125-i]-iodine,1,0,1
ardib,1,0,1
chemodyne,1,0,1
sf3a,1,0,1
ce.$20,1,0,1
meropenem-moxifloxacin,1,0,1
16-mp,1,0,1
brillouin,1,0,1
barab,1,0,1
zanimivir+,1,0,1
cmaj,1,0,1
des-arg,1,0,1
frente,1,0,1
democrática,1,0,1
/arbidol,1,0,1
biotin-azide,1,0,1
srit,1,0,1
orientações,1,0,1
buflu,1,0,1
bu-flu,1,0,1
udarabine/etoposide,1,0,1
cytarabine/anthracycline,1,0,1
tritium-thymidine,1,0,1
voriconasol,1,0,1
1(itraconazole,1,0,1
postmicafungin,1,0,1
drug-vancomycin,1,0,1
cefoperasone/sulbactam,1,0,1
feuchtinger,1,0,1
uvar,1,0,1
8-methoxy-psoralene,1,0,1
dacinostat-and,1,0,1
etoposide/cytarabine,1,0,1
kusabira,1,0,1
peg-j,1,0,1
beam/atg/cyclosporin,1,0,1
pleri,1,0,1
plerixafl,1,0,1
alkeran,1,0,1
fludarabine-busulfan-atg,1,0,1
pegphilgrastim,1,0,1
ido-inhibitor,1,0,1
cicophosphamide,1,0,1
csa-methotrexate,1,0,1
lenalidomide/,1,0,1
bortezomib-dex,1,0,1
calciumvitd3,1,0,1
splenectomy,1,0,1
pbkm,1,0,1
buiv,1,0,1
r-tni,1,0,1
flu-treo,1,0,1
mofetile,1,0,1
5amide,1,0,1
plin5,1,0,1
kalof,1,0,1
17-betaestradiol,1,0,1
deoxygenation,1,0,1
nikkol,1,0,1
colocar,1,0,1
cdp-sirna,1,0,1
zad,1,0,1
p-nitrophenyllaurate,1,0,1
nahuas,1,0,1
alloxanized-diabetic,1,0,1
intraviruspotexvirus,1,0,1
ceftazydym,1,0,1
mechetin,1,0,1
platinum-guanine,1,0,1
kcsa,1,0,1
kaliotoxin,1,0,1
p-mis-005,1,0,1
p-mis-009,1,0,1
p-mis-011,1,0,1
p-mis-018,1,0,1
l.acidipiscisaca-dc,1,0,1
p-mis-025,1,0,1
p-mis-032,1,0,1
cinchonidines,1,0,1
p-mis-035,1,0,1
p-mis-039,1,0,1
p-mis-040,1,0,1
p-mis-044,1,0,1
gsgroup,1,0,1
p-mis-048,1,0,1
p-mis-056,1,0,1
p-mis-060,1,0,1
p-mis-061,1,0,1
heparin-mn-dextran,1,0,1
cholesterolp-mis-069hepatitis,1,0,1
p-mis-076,1,0,1
antipapain,1,0,1
p-mis-079,1,0,1
p-mis-091,1,0,1
p-mis-101,1,0,1
p-mis-106,1,0,1
thz,1,0,1
p-mis-107,1,0,1
p-mis-109,1,0,1
lamprocarpa,1,0,1
deoxycortizol,1,0,1
pnp/acyclovir,1,0,1
p-mis-125,1,0,1
p-mis-132,1,0,1
ce-ca,1,0,1
moxicillin,1,0,1
monab,1,0,1
hydroalcoholicachillea,1,0,1
vezneciler,1,0,1
polymers,1,0,1
fructosepalmitate,1,0,1
mtco1,1,0,1
azacoumarin,1,0,1
-nitro-n-nitrosoguanidine,1,0,1
epigallocathecin-3-gallate,1,0,1
vitexagnus-castus,1,0,1
5-aza-c,1,0,1
metb,1,0,1
a.millefolium,1,0,1
aizerin,1,0,1
x-amidase,1,0,1
"mir-146a,-126",1,0,1
mir-497-3p,1,0,1
"mir-497-3p,mir-431-5p",1,0,1
mir-431,1,0,1
hsa-mir-x,1,0,1
hsamir-106,1,0,1
hsa-mir-376b-3p,1,0,1
triticumurartu,1,0,1
p-01.03.3-,1,0,1
"mir-138-5p,mir-548a-3p,mir-548as-3p",1,0,1
mir-548q,1,0,1
beta-amyliod,1,0,1
drug-metal,1,0,1
fructose-rich,1,0,1
ethahol,1,0,1
anti-ca,1,0,1
kir2ds3,1,0,1
bifidobacteriumbifidumbimb-733d,1,0,1
"ggt,25-hydroxyvitamin",1,0,1
fyco1,1,0,1
flavonoidapigenin,1,0,1
afprbd-dendrimer-doxorubicin,1,0,1
piruvat,1,0,1
pfkfb3,1,0,1
c-dots,1,0,1
kaolinit/pvcnanocomposites,1,0,1
ethoxzolamide,1,0,1
acredine,1,0,1
cucurbitacinb,1,0,1
z.jujuba,1,0,1
jujubafruits,1,0,1
arctiumtomentosum,1,0,1
a.tomentosum,1,0,1
o.hypericifoliumoil,1,0,1
teucrumpolium,1,0,1
para-nitrophenyl,1,0,1
birsen,1,0,1
marjoram,1,0,1
marjoramalcoholic,1,0,1
centranthuslongiflorus,1,0,1
oesfb1,1,0,1
oesf3b1,1,0,1
nec+infliximab,1,0,1
curcumin-decreased,1,0,1
capparisovata,1,0,1
biofurfactants,1,0,1
chemotherapoetic,1,0,1
clu,1,0,1
her2-bc,1,0,1
teucriumalyssifolium,1,0,1
fluozin-3-am,1,0,1
serinol,1,0,1
molixan,1,0,1
vitamine(alpha-tocopherol,1,0,1
adenozine,1,0,1
diethyl-p-nitrophenylphosphate,1,0,1
menthapulegiumi.,1,0,1
menthapulegiumpossess,1,0,1
3:penicillin(500,1,0,1
ziziphusjujuba,1,0,1
tricholoma,1,0,1
algos:•,1,0,1
il-18rl,1,0,1
fasudilhydrochloride,1,0,1
ganor,1,0,1
atorvastatin(,1,0,1
hogrel,1,0,1
os2a-04,1,0,1
otkaf-046635,1,0,1
ep1,1,0,1
interferon(ifn)-beta,1,0,1
il-23-il-17,1,0,1
eat2,1,0,1
interferon(ifn)-β1b,1,0,1
ifnb-1a,1,0,1
bht-3009,1,0,1
e-c,1,0,1
methylprednisolone(mpsl,1,0,1
dalakas,1,0,1
dendrotoxin,1,0,1
yoph,1,0,1
stimulanzien,1,0,1
opiatantagonisten,1,0,1
pyrimetamin,1,0,1
methemoglobinreductase,1,0,1
valganciclovirtherapie,1,0,1
aciclovirsalbe,1,0,1
anti-cd20-rituximab,1,0,1
egcg:(−)-epigallocatechin-3-gallate,1,0,1
β-mercaptoethenol,1,0,1
૽,1,0,1
211azithromycin,1,0,1
furospongolide,1,0,1
jarociński,1,0,1
ivifs,1,0,1
l.ladaria,1,0,1
us28,1,0,1
au-tiopronin,1,0,1
id1,1,0,1
miramides,1,0,1
thatmf59,1,0,1
e-aminocaproic,1,0,1
b-lipotropin,1,0,1
17a-ethyltestosterone,1,0,1
borophene,1,0,1
ghidra,1,0,1
counselor,1,0,1
krampfanfälle,1,0,1
renecruchet,1,0,1
(hydroxy)-chloroquine,1,0,1
aicohol,1,0,1
borokini,1,0,1
tetramethylated,1,0,1
dumcius,1,0,1
ac-c,1,0,1
mir-335-3p,1,0,1
kitty,1,0,1
mobilenet-295,1,0,1
thracker,1,0,1
antirenin,1,0,1
angii-klhconjugatevaccine,1,0,1
anti-atr-001,1,0,1
-mercaptoethanol,1,0,1
febralis,1,0,1
syme,1,0,1
catley,1,0,1
acanthocephalans,1,0,1
aminogycoside,1,0,1
n-nitrosomorpholine,1,0,1
ciprofloxacin'('cipro,1,0,1
kortis,1,0,1
vazopressor,1,0,1
fentanyl/sevoflurane,1,0,1
galoperidol,1,0,1
iomeron,1,0,1
iiclozapine,1,0,1
oxyris,1,0,1
katz,1,0,1
pupillometer,1,0,1
nedrud,1,0,1
gaddi,1,0,1
acry1amide,1,0,1
[3h]inulin,1,0,1
tridecafluorooctyloxypropionitrile,1,0,1
scilly,1,0,1
lactobaccilli,1,0,1
onabo-tulinumtoxina,1,0,1
nbss,1,0,1
peg-heparin,1,0,1
tabnc,1,0,1
sjo,1,0,1
icsi-pi,1,0,1
nm96,1,0,1
kittiwakes,1,0,1
anatinae,1,0,1
longmuir,1,0,1
calcium-chelating,1,0,1
flub-1,1,0,1
flub-2,1,0,1
anti-influenzaa,1,0,1
supervisor,1,0,1
"caffeine""theophyllinej",1,0,1
rivi,1,0,1
juusela,1,0,1
(89).oseltamivir,1,0,1
b.acetat,1,0,1
b.phenytoin,1,0,1
si-7977,1,0,1
rodrug,1,0,1
infrasound,1,0,1
verfügbarkeit,1,0,1
demetriq,1,0,1
chlorambucil/corticosteroids,1,0,1
anti-ouabain,1,0,1
fam-cysteine,1,0,1
sirna-cholesterol,1,0,1
peptides-peptide,1,0,1
cafem,1,0,1
j5-adrenergic,1,0,1
mir-7-5p,1,0,1
mir-124-,1,0,1
acetylcholinechloride,1,0,1
strychninehydrochloride,1,0,1
iv-spectrin,1,0,1
tabun,1,0,1
sulfur-mustard,1,0,1
bremerhaven,1,0,1
hma+venetoclax,1,0,1
2propanolol,1,0,1
saline-adenineglucose-mannitol,1,0,1
lumendi,1,0,1
yeni,1,0,1
lopinavir/ritonavir:50,1,0,1
cterpinene,1,0,1
c]pleconaril,1,0,1
lopinavir-ritonovir,1,0,1
md.6,1,0,1
5-methoxymethyldeoxyuridine,1,0,1
fluoropyrimidines,1,0,1
amidomethyl,1,0,1
tirumal,1,0,1
ilkone,1,0,1
ganesh,1,0,1
netor,1,0,1
dirk,1,0,1
tinzaparina,1,0,1
c-glutamylcysteine,1,0,1
msl-109,1,0,1
hepatitisbimmunoglobulin,1,0,1
pdl1/pd1,1,0,1
venail,1,0,1
albumin-globulin,1,0,1
.zidovudine,1,0,1
.didanosine,1,0,1
.plerixafor,1,0,1
antieil-5ra,1,0,1
antieil-4/il-13,1,0,1
baig,1,0,1
ie2-,1,0,1
mir-u25,1,0,1
calcinerin,1,0,1
diub-abp,1,0,1
ghritkumari,1,0,1
nictoflorin,1,0,1
"fluconazole,.200",1,0,1
lowdopamine,1,0,1
[18f]spiroperidol,1,0,1
[18f]-nmethylspiroperidol,1,0,1
ro41,1,0,1
pro-dopamine,1,0,1
weev,1,0,1
anciano,1,0,1
dobutamina,1,0,1
quinupristina-dalfopristina,1,0,1
gemifloxacino,1,0,1
becta-lactamase-inhibitor,1,0,1
azitromicyn,1,0,1
l-isonucleoside,1,0,1
snake-venom,1,0,1
itml,1,0,1
angiopoietin-2,1,0,1
cytosorbâ,1,0,1
io8,1,0,1
a-tryptase,1,0,1
7-propoxycoumarin,1,0,1
7-n-alkoxycoumarins,1,0,1
debdsoquine,1,0,1
metyrapon,1,0,1
4-methylumbelfiferone,1,0,1
monoglucuronide,1,0,1
dexfromethorphane,1,0,1
r-l-phenylethanol,1,0,1
s-l-phenylethanol,1,0,1
microsoma,1,0,1
p-nitrocatechol,1,0,1
corbitol,1,0,1
sofoltol,1,0,1
ophosphamide,1,0,1
copper-arsenic,1,0,1
c/splatin,1,0,1
monocrotophos,1,0,1
"dibenz[,~,h]anthracene",1,0,1
sndoepoxide,1,0,1
g[utathione,1,0,1
vamvakas,1,0,1
indomethacln,1,0,1
gmol,1,0,1
smz-nat,1,0,1
"vitamin~,-tocopharol",1,0,1
2-methylpropene,1,0,1
2-naethylpropene,1,0,1
naethanol,1,0,1
roxatidineacetate,1,0,1
ddazolol,1,0,1
ridazolol,1,0,1
dictofenac,1,0,1
r-propafenone,1,0,1
acetyicholinesterase,1,0,1
r-nitrendipine,1,0,1
tripel,1,0,1
dettli,1,0,1
paraxanthine/caffeine,1,0,1
17-dimethylxanthine,1,0,1
-omeprazole,1,0,1
[ah]ketanserin,1,0,1
taprostene,1,0,1
prostaeyelln,1,0,1
certostap,1,0,1
progestaganic,1,0,1
dianogest,1,0,1
dienogast,1,0,1
contmon,1,0,1
altrandipine,1,0,1
aclaeinomyein,1,0,1
glacose,1,0,1
15-adrenergic,1,0,1
l~-adrenergic,1,0,1
gin-2,1,0,1
lloprost,1,0,1
6-adrenoceptors,1,0,1
6-adrenoceptor,1,0,1
s-adrenoceptor,1,0,1
az-adenosine,1,0,1
~-adrenoceptors,1,0,1
chloroethylclonidine,1,0,1
~-adrenoceptot,1,0,1
l-afc,1,0,1
[3h]-myristicacid,1,0,1
l-n-acetylpenicillamin,1,0,1
c*2-agonist,1,0,1
isobutytmethylxantinne,1,0,1
porin31hl,1,0,1
phenolethanolic,1,0,1
dnx,1,0,1
dextrometho,1,0,1
ebethard-karls,1,0,1
devapamil,1,0,1
nifedipine(nif,1,0,1
soprenaline,1,0,1
2-bromomethyl-nitrendipine,1,0,1
al-adrenoceprer,1,0,1
al-adrenoceptors,1,0,1
al-adrenoceptor,1,0,1
i&-adrenoceptor,1,0,1
pharmakologisches,1,0,1
potassium-depolarisation,1,0,1
kirstein,1,0,1
b-blocking,1,0,1
vemtridine,1,0,1
l~-adrenoceptor,1,0,1
3h-prazosine,1,0,1
prax,1,0,1
phgnylephrine,1,0,1
u~-adrenoceptor,1,0,1
vasoralaxant,1,0,1
nltrendipine,1,0,1
"e~,lapril",1,0,1
[~h]-prazosin,1,0,1
o~-adrenoceptor,1,0,1
iosartan,1,0,1
ate-antagonist,1,0,1
is¢,1,0,1
interferon-~x,1,0,1
bdf,1,0,1
ahet,1,0,1
tymsine,1,0,1
tolhutamide,1,0,1
giea,1,0,1
400/5,1,0,1
antazotine,1,0,1
thd,1,0,1
tritiatedligand,1,0,1
3hlcholine,1,0,1
3h-dopamine,1,0,1
[3h]-noradrenaline,1,0,1
3ga,1,0,1
~2-adrenoceptor,1,0,1
r-pia,1,0,1
5-methylurapidil,1,0,1
3hnoradrenaline,1,0,1
clortidine,1,0,1
¢t~-agonist,1,0,1
5-hydroxtryptamine,1,0,1
cck/gastrin,1,0,1
cck-b/gastrin,1,0,1
neuropsychopharm,1,0,1
meclofenoxate,1,0,1
vitaminel,1,0,1
atracurinur,1,0,1
lim-ins-002,1,0,1
torp,1,0,1
x-links,1,0,1
fleetfooted,1,0,1
fecher,1,0,1
tetravanadate,1,0,1
ep17,1,0,1
90y-ibritumomab,1,0,1
zevalin®,1,0,1
ep72,1,0,1
ep79,1,0,1
rest-adenosine,1,0,1
-adenosine,1,0,1
dobutamine:4,1,0,1
fpra,1,0,1
-nitrate,1,0,1
hidroxyethylstarch,1,0,1
liver-dose,1,0,1
gspect,1,0,1
lymphoscintigraphy,1,0,1
d3cyclin,1,0,1
biograf,1,0,1
18f-methyl-choline,1,0,1
igamzcrgrantnr,1,0,1
111octreotide,1,0,1
131irituximab,1,0,1
(v)dmsa,1,0,1
farmarubicine,1,0,1
depreotidescintigraphy,1,0,1
99mtc-rituximab,1,0,1
somatostatinanaloga,1,0,1
111inoctreotide,1,0,1
111in-pentetreotide,1,0,1
111in-pentatreotide,1,0,1
gammacamera,1,0,1
acz,1,0,1
eco-doppler,1,0,1
tripeptidegsh,1,0,1
tc-ethylcysteine,1,0,1
sodiumiodide-123,1,0,1
f-fluorobromomethane,1,0,1
ytracis,1,0,1
bombesin/gastrin,1,0,1
carol,1,0,1
holmium-166,1,0,1
euthyroidism,1,0,1
volmeas,1,0,1
botulinuma,1,0,1
renography,1,0,1
tc-ethylenodicysteine,1,0,1
gated-spect,1,0,1
sialoscinigraphy,1,0,1
prednisone+methotrexate,1,0,1
ldllt,1,0,1
octreotride,1,0,1
mediastine,1,0,1
tp28,1,0,1
tp57,1,0,1
tp59,1,0,1
nobilisr,1,0,1
3fluoromuconate,1,0,1
hexachlor-obenzene,1,0,1
stoutenbeek,1,0,1
haxr,1,0,1
oilin-wateradjuvanted,1,0,1
bro1,1,0,1
chaps{3-[(3-cholamidopropyl)-dimethylammonio]-1-propanesulfonate}-hbs,1,0,1
h-actin,1,0,1
mcgraw-hill,1,0,1
erythropoietin.3,1,0,1
artisan,1,0,1
genista-and,1,0,1
isopropanol(2,1,0,1
.topsentin,1,0,1
sp.sponge,1,0,1
waisel,1,0,1
apob9,1,0,1
teratocarcinosarcoma,1,0,1
prosurfactant-c,1,0,1
eu-ctr,1,0,1
atezolizumab-bevacizumab,1,0,1
htm01,1,0,1
restauri,1,0,1
stilo,1,0,1
glutamine-by,1,0,1
arginine-333,1,0,1
avol,1,0,1
g.gerosa,1,0,1
amphoterin/,1,0,1
beta-lactoglobin,1,0,1
conclusioneap,1,0,1
/benzene,1,0,1
parapertussis,1,0,1
n-naphtylethylenediamine,1,0,1
cmg2-fc,1,0,1
daf-fc,1,0,1
mirna-463,1,0,1
hsa-mir-15b,1,0,1
mdeq,1,0,1
298camostat,1,0,1
abine,1,0,1
piperacillintarzobatam,1,0,1
jejuenum,1,0,1
pyremithamine,1,0,1
rhinoviren.•hepatitis-a-virus,1,0,1
poliomyelitisviren,1,0,1
il1rl1,1,0,1
stournaras,1,0,1
surfactant-even,1,0,1
1kda,1,0,1
coccioides,1,0,1
drutz,1,0,1
ar-testosterone/dihydrotestosterone,1,0,1
-azole,1,0,1
imidazolefree,1,0,1
fss]methionine,1,0,1
witliin,1,0,1
arthralgia,1,0,1
super-sam,1,0,1
mobilenet+super-sam,1,0,1
n-diethyl-m-tolumide,1,0,1
mayerhofer,1,0,1
castanospermine\,1,0,1
2[96[1[0[0,1,0,1
pyrrolidines,1,0,1
glucosaminidase,1,0,1
tanospermum,1,0,1
2-bromo-4,1,0,1
bethamethasone/dexamethasone,1,0,1
republicana,1,0,1
nonfluconazole,1,0,1
pdnicilline,1,0,1
"bisamidesn',n''-dibenzyl-n-demethyleremomycin",1,0,1
busulfancyclophosphamide,1,0,1
familybusiness,1,0,1
alfredode,1,0,1
torchia,1,0,1
pittino,1,0,1
pedro,1,0,1
2.2.vitamind,1,0,1
sars-cov1a,1,0,1
magnesiumsodium,1,0,1
8hydroxyquinoline,1,0,1
hepatocellular,1,0,1
time).vitamin,1,0,1
i-iodoamphetamine,1,0,1
radiocolloids,1,0,1
12.vitamine,1,0,1
syprine,1,0,1
phytates,1,0,1
nutro,1,0,1
disofenin,1,0,1
cottage,1,0,1
ps-519,1,0,1
nfb24,1,0,1
kalateh,1,0,1
paracetamol-a,1,0,1
metronidazole-but,1,0,1
nobiletin-pepsin,1,0,1
amphotericinb-in,1,0,1
97%.curcumin,1,0,1
carterra,1,0,1
yogiberra,1,0,1
samaritano,1,0,1
chlorhexidinecontaining,1,0,1
chlorhexidine-silver-sulfadiazine-or,1,0,1
bavachnin,1,0,1
psoraleacorylifolial.,1,0,1
neu-tnf,1,0,1
.theaflavins,1,0,1
lddst,1,0,1
abt-the,1,0,1
kinderopvang,1,0,1
hydroxychloroqine/azithromycin,1,0,1
pcon5,1,0,1
pu4,1,0,1
pu6,1,0,1
needle,1,0,1
lender,1,0,1
r).it,1,0,1
coxsackievirusb-2,1,0,1
rie+lstm,1,0,1
greenacre,1,0,1
cholankeril,1,0,1
nexavar1,1,0,1
kangfu,1,0,1
a-actin,1,0,1
amxoicillin,1,0,1
nitratereductase,1,0,1
antimonyltartrat,1,0,1
pu-100,1,0,1
pu-103,1,0,1
pu-109,1,0,1
pu-114,1,0,1
pu-115,1,0,1
pu-116,1,0,1
pu-121,1,0,1
pu-122,1,0,1
pu-123,1,0,1
pu-124,1,0,1
uricema,1,0,1
anitidine,1,0,1
pu-130,1,0,1
pu-133,1,0,1
pu-137,1,0,1
pu-147,1,0,1
pu-148,1,0,1
pu-151,1,0,1
pu-159,1,0,1
pu-161,1,0,1
pu-166,1,0,1
pu-167,1,0,1
pu-169,1,0,1
pu-170,1,0,1
pu-172,1,0,1
pu-173,1,0,1
pu-177,1,0,1
pu-182,1,0,1
pu-183,1,0,1
pu-184,1,0,1
pu-187,1,0,1
pu-188,1,0,1
pu-189,1,0,1
pu-190,1,0,1
pu-192,1,0,1
pu-193,1,0,1
pu-194,1,0,1
pu-197,1,0,1
pu-198,1,0,1
pu-199,1,0,1
pu-210,1,0,1
pu-214,1,0,1
pu-216,1,0,1
pu-219,1,0,1
pu-227,1,0,1
pu-230,1,0,1
pu-231,1,0,1
pu-237,1,0,1
pu-238,1,0,1
bifiddobacterium,1,0,1
pu-239,1,0,1
pu-240,1,0,1
pu-241,1,0,1
pu-242,1,0,1
pu-245,1,0,1
pu-246,1,0,1
pu-248,1,0,1
pu-249,1,0,1
pu-250,1,0,1
pu-254,1,0,1
pg12,1,0,1
cearulein,1,0,1
pu-280,1,0,1
pu-281,1,0,1
pu-282,1,0,1
pu-286,1,0,1
pu-291,1,0,1
pu-297,1,0,1
pu-298,1,0,1
bisulfit,1,0,1
pu-339,1,0,1
restuls,1,0,1
pu-346,1,0,1
pu-350,1,0,1
pu-355,1,0,1
pu-363,1,0,1
talcid,1,0,1
bileacid,1,0,1
pu-381,1,0,1
pu-382,1,0,1
pu-383,1,0,1
antimonyltartrate,1,0,1
pu-390,1,0,1
pu-394,1,0,1
pu-396,1,0,1
pu-412,1,0,1
pu-418,1,0,1
pu-420,1,0,1
pu-431,1,0,1
pu-432,1,0,1
pu-444,1,0,1
pu-466,1,0,1
pu-468,1,0,1
calciumdisodium,1,0,1
pu-470,1,0,1
pu-471,1,0,1
pu-489,1,0,1
pu-490,1,0,1
pu-503,1,0,1
pu-528,1,0,1
5-seizure,1,0,1
custodio,1,0,1
hta,1,0,1
.doxorubicin,1,0,1
congresodermachat,1,0,1
isonicotinicacid,1,0,1
h]colchicine,1,0,1
choleretic,1,0,1
osthus,1,0,1
.,1,0,1
ankleshwar,1,0,1
link,1,0,1
liperi,1,0,1
bernas,1,0,1
malioboro,1,0,1
prawirotaman,1,0,1
warnet,1,0,1
hiervan,1,0,1
qvar,1,0,1
longinfarct,1,0,1
cinnoxicam,1,0,1
op216,1,0,1
op72,1,0,1
op158,1,0,1
op173,1,0,1
enisşaban,1,0,1
op222,1,0,1
op206,1,0,1
op44,1,0,1
op136,1,0,1
op78,1,0,1
op60,1,0,1
op140,1,0,1
neurovent-p-tel,1,0,1
op142,1,0,1
op113,1,0,1
op207,1,0,1
danil,1,0,1
op167,1,0,1
fp65,1,0,1
fp212,1,0,1
fp54,1,0,1
fp91,1,0,1
fp74,1,0,1
fp47,1,0,1
fp55,1,0,1
fp189,1,0,1
fp29,1,0,1
max-dose,1,0,1
fp63,1,0,1
fp86,1,0,1
piplasty,1,0,1
pp24,1,0,1
pp110,1,0,1
sindou,1,0,1
pp177,1,0,1
oae-h.,1,0,1
pericranii,1,0,1
piperazilina-tazobactam,1,0,1
pp25,1,0,1
sclereosteosis,1,0,1
evangelos,1,0,1
scaphocephaly,1,0,1
cranisynostosis,1,0,1
thenpresident,1,0,1
miyazone,1,0,1
moog,1,0,1
withlopinavir/ritonavir,1,0,1
phosphatidylcholines,1,0,1
20%cholesterol,1,0,1
cholesterol-it,1,0,1
penicillin-gentamycin,1,0,1
si113,1,0,1
5hp+6p1,1,0,1
moisturizs,1,0,1
lopinavr/ritonavir,1,0,1
vee,1,0,1
n-acetylβ-d-glucosaminidase,1,0,1
4aminophenylmercuricacetate,1,0,1
cysteine-zinc,1,0,1
mt1-mmp,1,0,1
†oseltamivir,1,0,1
pacio,1,0,1
132ceftazidime,1,0,1
148ceftazidime,1,0,1
trendafilova,1,0,1
vasavada,1,0,1
antibiotic-penicillin-in,1,0,1
o-tocopherol,1,0,1
"and~-carotene,62",1,0,1
firbonectin,1,0,1
1%penicillin/streptomycin,1,0,1
herron,1,0,1
.tebuconazole,1,0,1
chloroquine-rbd,1,0,1
rvp,1,0,1
dragalin,1,0,1
109remdesivir,1,0,1
enamine-ac,1,0,1
alpharetta,1,0,1
löve,1,0,1
oroxylum,1,0,1
indiragandhi,1,0,1
obrist,1,0,1
5-aza-2′deoxycytidine,1,0,1
streptavidinebiotin,1,0,1
strogaz,1,0,1
pyrazinamidesensitive,1,0,1
qbdtqinbudan,1,0,1
silmee,1,0,1
pucher,1,0,1
quercetin7-o-glucoside,1,0,1
quercetin-3-glucuronides,1,0,1
procaspase-8,1,0,1
dihydrokaempferol,1,0,1
spv,1,0,1
deetin-2,1,0,1
l-oxine,1,0,1
thallium-201chloride,1,0,1
123i-tyr-3-octreotide,1,0,1
tyr-3-octreotide,1,0,1
biccard,1,0,1
h1-spectroscopy,1,0,1
xelox/folfox,1,0,1
t.fleck,1,0,1
videothoracoscopy,1,0,1
nacs,1,0,1
etsb,1,0,1
hypospadia,1,0,1
limberg,1,0,1
tobramyxin,1,0,1
cariatide,1,0,1
anthrazyklin-monotherapie,1,0,1
doxorubicins,1,0,1
clopridigel,1,0,1
feldager,1,0,1
metronidacol,1,0,1
silastikstabes,1,0,1
telaranta,1,0,1
4-dimethylaminophenol,1,0,1
.gonadotropins,1,0,1
bindarit,1,0,1
thiopurin,1,0,1
angamiza,1,0,1
pirato,1,0,1
fructusligustrilucidi,1,0,1
.diastolic,1,0,1
.milrinone,1,0,1
tris-tricine,1,0,1
.defibrotide,1,0,1
pimozide.-cisapride.-tacrolimus.-sildenafil.-cilostazol,1,0,1
anti-vitamines,1,0,1
anti-flavivirus,1,0,1
insist-as,1,0,1
bastani,1,0,1
abdussalam,1,0,1
h-glucans,1,0,1
nulceatum,1,0,1
mir,1,0,1
cish,1,0,1
hpv-38,1,0,1
fak-sirna,1,0,1
tlr9-agonist,1,0,1
monophora,1,0,1
itraconazol-or,1,0,1
cserni,1,0,1
sescam,1,0,1
anticol11a1,1,0,1
alphelys,1,0,1
rotring,1,0,1
elastofibroma,1,0,1
herovici,1,0,1
prox-1lvd,1,0,1
0184,1,0,1
remmele,1,0,1
mucycarmin,1,0,1
opera,1,0,1
calcination,1,0,1
dnaa,1,0,1
lactadhedrin,1,0,1
bifidobacilli,1,0,1
as-is,1,0,1
methylprednisolone/day,1,0,1
qplogbb,1,0,1
zinc0,1,0,1
pon,1,0,1
lisaganova-raeva,1,0,1
gutkind,1,0,1
irma,1,0,1
aligica,1,0,1
fulvic,1,0,1
blortasia,1,0,1
caverna,1,0,1
faust,1,0,1
stoj,1,0,1
ivirus,1,0,1
arach,1,0,1
rysm,1,0,1
adrenocorticosteroid,1,0,1
rotonin,1,0,1
tinum,1,0,1
b.ribavarin,1,0,1
quercioli,1,0,1
upepeni,1,0,1
metronidazole/amoxicillin,1,0,1
gunnison,1,0,1
acetamidino,1,0,1
sumbucusnigra,1,0,1
aminexa-29,1,0,1
n-acetylimidazole,1,0,1
trichloroethyl,1,0,1
a$-glycoside,1,0,1
formulaneusac(a2-,1,0,1
p-glycoside,1,0,1
misgurnus,1,0,1
lipomannan,1,0,1
grantsro1,1,0,1
ascochytatin,1,0,1
6′-bieckol,1,0,1
formalin-aceticacid-alcohol,1,0,1
graminid,1,0,1
c.strigosa,1,0,1
coria,1,0,1
pyronaridine/artesunate,1,0,1
chemaxon,1,0,1
bitwidth,1,0,1
olanzapine/,1,0,1
olanzapine/duloxetine,1,0,1
napyruvate,1,0,1
5-httpro,1,0,1
barakol,1,0,1
duloxetinehydrochloride,1,0,1
kahlbaum,1,0,1
cholerics,1,0,1
snpd,1,0,1
bonnet,1,0,1
amisulpiride,1,0,1
levomeprom-azine,1,0,1
benserazide-levodopa,1,0,1
asrs,1,0,1
dual-histamine,1,0,1
ca/machado/,1,0,1
els,1,0,1
verton,1,0,1
atox1,1,0,1
hlr,1,0,1
"theophylline,""5",1,0,1
rvei,1,0,1
is8,1,0,1
ssr69071,1,0,1
methionine-aminopeptidase,1,0,1
plg-streptokinase,1,0,1
mesotrypsinogen,1,0,1
quimotrypsin,1,0,1
b3-016p,1,0,1
protaminsulphate,1,0,1
connectin/,1,0,1
.antimony,1,0,1
.bismuth,1,0,1
philosophy•,1,0,1
luticasone,1,0,1
ipf-ae,1,0,1
tammet,1,0,1
plp1b,1,0,1
torin2,1,0,1
larp1,1,0,1
turkestani,1,0,1
paminophenol,1,0,1
katheter-oder,1,0,1
bmpb,1,0,1
msp4,1,0,1
msp1a,1,0,1
oxytetracyclineoxytetracycline,1,0,1
interferonbeta-1b/betaseron,1,0,1
interferonbeta-1a,1,0,1
vascutar,1,0,1
pseudamphistomum,1,0,1
.diosmectite,1,0,1
despair,1,0,1
topgbt,1,0,1
scanobjectnn,1,0,1
e.varicella,1,0,1
aminoglycosides/piperacillintazobactam,1,0,1
guanidinium-hydrochloride,1,0,1
peridex,1,0,1
tricysteine,1,0,1
ampicillin-2,1,0,1
ciprofloxacin-5,1,0,1
erythromycin-15,1,0,1
nassel,1,0,1
urólogos,1,0,1
apigenin7-oglucoside,1,0,1
gantrez,1,0,1
smoke,1,0,1
eurican,1,0,1
dysinin,1,0,1
anoside,1,0,1
rsy,1,0,1
1-butanol/chlor,1,0,1
zolone,1,0,1
monosac,1,0,1
lcohol,1,0,1
adriam,1,0,1
gosterol,1,0,1
maisel,1,0,1
olonzapine,1,0,1
lunier,1,0,1
egfr-exon19,1,0,1
lcs,1,0,1
d-arabinose,1,0,1
dithioacetal,1,0,1
gottschalk,1,0,1
2-acetamidoglucal,1,0,1
9224-guanidino-neu2en5ac,1,0,1
telios,1,0,1
p-nitrophenyl-ß-d-xyloside,1,0,1
spiro,1,0,1
is]sulfate,1,0,1
bc-395,1,0,1
martin-granel,1,0,1
ergonomischverantwoordwerken,1,0,1
anti-adenosine,1,0,1
cromolyn5,1,0,1
enzyme/,1,0,1
capreomycin-has,1,0,1
nupentin,1,0,1
elejalde,1,0,1
clavarium,1,0,1
medstat,1,0,1
[3is]sulfate,1,0,1
ferase,1,0,1
gs-linker,1,0,1
presidentma,1,0,1
thamin,1,0,1
mazama,1,0,1
antilocapraamericana,1,0,1
bushbuck,1,0,1
guzella,1,0,1
saiga,1,0,1
stonei,1,0,1
duiker,1,0,1
vetasulid,1,0,1
bactrovet,1,0,1
10%.lopinavir/ritonavir,1,0,1
flavivrus,1,0,1
.05).erythromycin,1,0,1
5'-iodo-2'-deoxyuridine,1,0,1
35slcysteine,1,0,1
torovirion,1,0,1
.brilacidin,1,0,1
vtx-2337,1,0,1
inh-odn,1,0,1
bog,1,0,1
thistle,1,0,1
blowfly,1,0,1
koosha,1,0,1
epa-epa,1,0,1
papillomavirusquadrivalent,1,0,1
ga16-,1,0,1
cicloral,1,0,1
alidomid,1,0,1
cholinerge,1,0,1
vaptane,1,0,1
usersof,1,0,1
gallachio,1,0,1
bolocam,1,0,1
tamna,1,0,1
mopra,1,0,1
ggd4,1,0,1
533remdesivir,1,0,1
pavelka,1,0,1
l'omalizumab,1,0,1
fomivirsen.[foscarnet,1,0,1
ionisinig,1,0,1
hdv-hbv,1,0,1
l-hbsag,1,0,1
hbv^,1,0,1
lnv,1,0,1
3aminotriazole,1,0,1
resveratrol/vitisin,1,0,1
tprk,1,0,1
ozne,1,0,1
7ð28,1,0,1
hhv-4,1,0,1
henochjunik,1,0,1
42c,1,0,1
hydroxychlor,1,0,1
combovac,1,0,1
f;ishicin,1,0,1
mig,1,0,1
ctla-4more,1,0,1
anti-cdp8,1,0,1
x-interferon,1,0,1
turprdo,1,0,1
tnp-lysine,1,0,1
icin,1,0,1
calciumionophore,1,0,1
ciproflonacin,1,0,1
hlood,1,0,1
b7-ig,1,0,1
fene,1,0,1
pazophenylarsonate,1,0,1
anti-cd,1,0,1
antoniusmathijsen,1,0,1
chonko,1,0,1
his-acetamide,1,0,1
charubala,1,0,1
8-methyladenosine,1,0,1
hetase,1,0,1
bisbal,1,0,1
dinucleotidea2'p5'u,1,0,1
sugar-base,1,0,1
pep-3d-search,1,0,1
2¢-c-methylcytidine,1,0,1
(±)-catechin,1,0,1
shxt-frc-c,1,0,1
hesperidinerbd,1,0,1
tweedle,1,0,1
eisen,1,0,1
florentine,1,0,1
imls,1,0,1
hemody,1,0,1
tranexamsäure,1,0,1
tpo-analoga,1,0,1
s-met/cys,1,0,1
hsa-mir-153,1,0,1
n-acetyl-cystein,1,0,1
sulphonanilide,1,0,1
urola,1,0,1
giraffe,1,0,1
a50,1,0,1
trimethoprim-sulfonimide,1,0,1
-colistin,1,0,1
ffp,1,0,1
lca,1,0,1
blegium,1,0,1
methylcetlulose,1,0,1
mycelium,1,0,1
3-gallate,1,0,1
clopidogrelacid,1,0,1
n03,1,0,1
vegfr-tkis,1,0,1
cyclophosphamide.74,1,0,1
pcr.hydrocortisone,1,0,1
17hydroxiprogesterone,1,0,1
gi13,1,0,1
gi27,1,0,1
simparica,1,0,1
civh3n2vaccine,1,0,1
anti-vitamind,1,0,1
sporanoxò,1,0,1
phenolglucuronide,1,0,1
soychlor,1,0,1
ebov-gpnanoparticles,1,0,1
ozonoterapia,1,0,1
autohemoterapia,1,0,1
policlorobifenilos,1,0,1
daryl,1,0,1
lamivudine/abacavir,1,0,1
atv-ritonavir,1,0,1
elvitegravir/cobicistat/emtrictabine/,1,0,1
emtricitabine/taf,1,0,1
dtg+ftc/taf,1,0,1
tdf/ftc/drv/r,1,0,1
3tc/dolutegravir,1,0,1
neviripine,1,0,1
atazanvir/tenofovir,1,0,1
gonodotropin,1,0,1
art-tenofovir,1,0,1
d-drugs,1,0,1
(ifn)/ribavirin,1,0,1
ifn/ribavirin/simeprevir,1,0,1
ifn/ribavirin/sofosbuvir,1,0,1
dolutegravir/truvada,1,0,1
truvada/darunavir/ritonavir,1,0,1
truvada/raltegravir,1,0,1
triumeq/darunavir,1,0,1
truvada/darunavir,1,0,1
beyou+,1,0,1
alloba,1,0,1
sabinpv1,1,0,1
uorescent,1,0,1
plantaruml-137,1,0,1
zoho,1,0,1
tyshenko,1,0,1
.prednisolone,1,0,1
.pitavastatin,1,0,1
haemozoin,1,0,1
vdraa,1,0,1
nacethylcysteine,1,0,1
6-metilprednisolone,1,0,1
bu/vp-16,1,0,1
/fludarabine,1,0,1
atg+steroids,1,0,1
cyclophasphamide,1,0,1
rhenium-188,1,0,1
perrhenat,1,0,1
7+cladribine,1,0,1
cyclophosphamide/total,1,0,1
doxorubicindexamethasone,1,0,1
vincristine/doxorubicin/dexamethasone,1,0,1
ifosphamide/etoposide/epirubicin,1,0,1
cyclophosphamide/cytarabine/etoposide,1,0,1
ifosfamide-carboplatine-etoposide,1,0,1
tormin,1,0,1
jnk1,1,0,1
vinorelbine/cytoxan,1,0,1
cmv-r.,1,0,1
flu/melphalan,1,0,1
gastine,1,0,1
alemtuzumab-based,1,0,1
mycophenolyte,1,0,1
bu/melphalan,1,0,1
carboplatin-3,1,0,1
cyclophosphamide+gcsf,1,0,1
aracytin/daunorrubicin,1,0,1
bi20,1,0,1
radical-7,1,0,1
tocoferol,1,0,1
fosfomycin/vancomycin,1,0,1
geliperm,1,0,1
penicillin(67/9,1,0,1
vancomycin(11,1,0,1
ajman,1,0,1
nutribèn,1,0,1
philanthropya,1,0,1
noah,1,0,1
sambucusfor-mosananakai,1,0,1
formosana,1,0,1
oxytetracyclinett,1,0,1
collagen-i.,1,0,1
toadflax,1,0,1
taxine,1,0,1
nanogene,1,0,1
-bevasiranib,1,0,1
oseltamivirbased,1,0,1
acwf,1,0,1
candesartan/lisinopril,1,0,1
ciprofloxacin/tazobactam-piperacillin,1,0,1
/sulbactam,1,0,1
marato,1,0,1
gst-n1-1-gst-n1-11,1,0,1
gst-n2-,1,0,1
iximo,1,0,1
zhuozhidai,1,0,1
vrc-pg04b,1,0,1
alphaglobin,1,0,1
sippv,1,0,1
.morpholinos,1,0,1
globin,1,0,1
5'sl,1,0,1
shawe,1,0,1
methionine-methionine,1,0,1
16α-bromoepiandersterone,1,0,1
kr€,1,0,1
s-sulfonates,1,0,1
thiosulfonate,1,0,1
rpisomer,1,0,1
phe125,1,0,1
dihydroquinoline,1,0,1
desfluoroquinolines,1,0,1
p-imidazolide,1,0,1
gd-ca,1,0,1
17:14,1,0,1
aorticvgi,1,0,1
dioscurides,1,0,1
a-111,1,0,1
venaria,1,0,1
a-173,1,0,1
antopin1968,1,0,1
a-433,1,0,1
fibrofatty,1,0,1
iron-oxide,1,0,1
a-435,1,0,1
vivipara,1,0,1
moeopsylla,1,0,1
nanogap,1,0,1
hydroxychloroquineused,1,0,1
ivermectinit,1,0,1
nitidumrs,1,0,1
pnitroanilide,1,0,1
pt-112,1,0,1
winsenius,1,0,1
singstat,1,0,1
salubristas,1,0,1
cyanopindolol,1,0,1
.carvedilol,1,0,1
fenoterols,1,0,1
norepinephrine-and,1,0,1
.fenoterols,1,0,1
mpropolyphenol,1,0,1
varney,1,0,1
droso,1,0,1
c]thymidine,1,0,1
5'-bromodeoxyuridine,1,0,1
silove,1,0,1
pili,1,0,1
alimemazine/levomepromazine/zuclopenthixol,1,0,1
hcq/azt,1,0,1
odonata,1,0,1
mb-mda-468,1,0,1
tsvetan,1,0,1
smectic-c,1,0,1
sphere,1,0,1
nans-p1-his,1,0,1
nans-poacetylesterases,1,0,1
μx.,1,0,1
alisonspecht,1,0,1
metoh70:30,1,0,1
hbv/hev,1,0,1
polyenephosphatidylcholine,1,0,1
abt494,1,0,1
incb039110,1,0,1
nico,1,0,1
haemilaminectomy,1,0,1
zinnia,1,0,1
ramphinase,1,0,1
benz(a)pyrene,1,0,1
mohammadreza,1,0,1
coxet,1,0,1
alb-ifn-α2b,1,0,1
nacetyl-l-cysteine,1,0,1
.zearalenone,1,0,1
.bisphenol,1,0,1
opioids-the,1,0,1
cleidion,1,0,1
flueggea,1,0,1
alnoides,1,0,1
celebicus,1,0,1
brynin,1,0,1
drinkwater,1,0,1
thermophilum,1,0,1
amikacinampicillin,1,0,1
cholinomimetics,1,0,1
drugs-tocilizumab,1,0,1
porlfn,1,0,1
d1a,1,0,1
lifei,1,0,1
hypnogogic,1,0,1
nsc87877,1,0,1
striatum,1,0,1
adila,1,0,1
off-dopamine,1,0,1
ogar,1,0,1
tasneem,1,0,1
florbetapir,1,0,1
snca,1,0,1
lgs,1,0,1
navajo,1,0,1
omuta,1,0,1
vitaminb12.a,1,0,1
tbck,1,0,1
cre-tamoxifen,1,0,1
dagonist,1,0,1
mir-139,1,0,1
anti-leucine,1,0,1
oxcarbazepines,1,0,1
ptosis,1,0,1
dzintra,1,0,1
ionis-maptrx,1,0,1
neurology,1,0,1
krendel,1,0,1
neurointerp,1,0,1
aohd,1,0,1
zerifin,1,0,1
methyl-prednisolon,1,0,1
ant-tnfα,1,0,1
ivanfoeldvari,1,0,1
aankinra,1,0,1
c-ta,1,0,1
methotrexate+adalimumab,1,0,1
methotrexate+tocilizumab,1,0,1
acr-1997,1,0,1
traps,1,0,1
apmar,1,0,1
civino,1,0,1
alessandraamoroso,1,0,1
-canakinumab,1,0,1
salazopyrin,1,0,1
egpa,1,0,1
metotrexat,1,0,1
butirylcholinesterase,1,0,1
interferonα,1,0,1
adalimumabpg,1,0,1
stevens,1,0,1
",mir-576-3p",1,0,1
mir-200a,1,0,1
mir-628-5p,1,0,1
mir-510-3p,1,0,1
mir-466,1,0,1
hcmv-encodedmir-ul112,1,0,1
mir-ul70,1,0,1
b-glycyrrhizin,1,0,1
a-glycyrrhizin,1,0,1
xiang-yuhou,1,0,1
megx,1,0,1
cefotaxime-plus-albumin,1,0,1
zoledronateor,1,0,1
cataralis,1,0,1
blomia,1,0,1
1?25dihydroxyvitamind3,1,0,1
-hexosaminidase,1,0,1
non-sulforaphane,1,0,1
atopic?marianamandazhieva-pepelanova,1,0,1
nevenaberova,1,0,1
viktoriia,1,0,1
vipulshah,1,0,1
soyfood,1,0,1
methylbutenil,1,0,1
pgtea,1,0,1
bifidumbacterin,1,0,1
tacrolimusointment,1,0,1
tchmconcoction,1,0,1
h1r-blockers,1,0,1
phadia,1,0,1
staphylococcalvaccine,1,0,1
mirine,1,0,1
arg16,1,0,1
valentinagervasieva,1,0,1
shallomin,1,0,1
ntau-methylhistamine,1,0,1
zoran,1,0,1
aliae,1,0,1
albuminconjugate,1,0,1
cingi,1,0,1
antileukotriene-antihistamine,1,0,1
chanthanasuratannon,1,0,1
nase,1,0,1
levanbolokadze,1,0,1
gr-$,1,0,1
bioavailbility,1,0,1
potassiumhumate`s,1,0,1
antihystamines,1,0,1
flixonaze,1,0,1
aspirin-lysine,1,0,1
orapan,1,0,1
thunnus,1,0,1
noormalin,1,0,1
karuna,1,0,1
cynodondactylon,1,0,1
epinephrineim,1,0,1
aucmax,1,0,1
l-cetirizine,1,0,1
mycobacteium,1,0,1
hemetochezia,1,0,1
streptostaphylodermia,1,0,1
minocycline-prednisone,1,0,1
minocycline-prednison,1,0,1
prednisone-minocycline,1,0,1
mmyrtus,1,0,1
glutamax-1,1,0,1
ascalonicum,1,0,1
mabendazole/albendazole,1,0,1
mabendazole,1,0,1
caseidn-114,1,0,1
5-antihistamines,1,0,1
1-adrenaline,1,0,1
hydrochrolide,1,0,1
mometazon,1,0,1
apapari,1,0,1
meptin,1,0,1
gorica,1,0,1
acetyl-cysteinum,1,0,1
diprospan,1,0,1
acetylsalicycicacid,1,0,1
cetirinax,1,0,1
mojgan,1,0,1
cockroach,1,0,1
christosgrigoreas,1,0,1
lowantioxide,1,0,1
chlorpheneramine,1,0,1
kidon,1,0,1
variabilis,1,0,1
octopus,1,0,1
andciprofloxacin,1,0,1
leukoterine,1,0,1
hottuyniacordatathunb,1,0,1
lin-shien,1,0,1
ophtalmoherpes,1,0,1
cazacu,1,0,1
artemisifolia,1,0,1
pakistan,1,0,1
-casomorphine,1,0,1
hymenopera,1,0,1
vinit,1,0,1
isosorbidedinitrate,1,0,1
drugarin,1,0,1
high-dose-methylprednisolone,1,0,1
deriphylline,1,0,1
ulrik,1,0,1
hoersholm,1,0,1
bettina,1,0,1
formoterolbudesonide,1,0,1
nepellus,1,0,1
tolols,1,0,1
pregal,1,0,1
credisol,1,0,1
â-agonist,1,0,1
salbuterol,1,0,1
immanuelstaivans,1,0,1
cassiasiamea,1,0,1
s.hesamedinnabavizadeh,1,0,1
mashad,1,0,1
clorfenamine,1,0,1
eny,1,0,1
wahidin,1,0,1
diphtheriapertussis-tetanus,1,0,1
sedac,1,0,1
hydrochlothiazide-induced,1,0,1
.-cn,1,0,1
wheatgluten,1,0,1
kiwifruits,1,0,1
chalerat,1,0,1
fei,1,0,1
n-hexosaminidase,1,0,1
acrydine,1,0,1
fruitoas,1,0,1
mariaalul,1,0,1
coryllusavellana,1,0,1
ukraineviktoriia,1,0,1
bogomil,1,0,1
sesamumindicum,1,0,1
zataria,1,0,1
multiflora,1,0,1
glucan-s3,1,0,1
à-glucan,1,0,1
sung-wan,1,0,1
oxicam,1,0,1
diomiramagliacane,1,0,1
zoric,1,0,1
budesonide/e-formoterol,1,0,1
acepromacine,1,0,1
saba95,1,0,1
aluminium-an,1,0,1
persicariae,1,0,1
androceras/crinitum,1,0,1
lathyrocarpum,1,0,1
.androceras/crinitum,1,0,1
s.sisymbriifolium,1,0,1
lasiocarpa,1,0,1
aculeatum,1,0,1
gardneri,1,0,1
crotonoides,1,0,1
zerebrale,1,0,1
konservativ,1,0,1
task-2,1,0,1
scutellarein7-glucoside,1,0,1
mepitac,1,0,1
psycones,1,0,1
pastinen,1,0,1
sjlgren,1,0,1
uiritin,1,0,1
scharicum,1,0,1
phenylbutanoids,1,0,1
cinnac,1,0,1
aging,1,0,1
r56,1,0,1
olum,1,0,1
.norwogonin-7-o-glucuronide,1,0,1
carbapenems-imipenem,1,0,1
isopropyl-β-d-thio,1,0,1
methenolon-enanthat,1,0,1
thorakale,1,0,1
pftµ,1,0,1
-dihydrotestosterone,1,0,1
shiina,1,0,1
peramivir-sodium,1,0,1
6β-hydroxytestosterone,1,0,1
aep,1,0,1
δ-secretase-derived,1,0,1
-butanol,1,0,1
2'-deoxyguanosine,1,0,1
durum,1,0,1
phosphorothionates,1,0,1
anti-da,1,0,1
pirimiphos-methyl,1,0,1
methaldehyde,1,0,1
gazoline,1,0,1
-organochlorines,1,0,1
-bromethalin,1,0,1
-penitrem,1,0,1
acethylcholinesterase,1,0,1
-furosemide,1,0,1
dichlormethan,1,0,1
sitosterolen,1,0,1
carpesterol,1,0,1
cyclamins,1,0,1
saure,1,0,1
glycyrrhizin/gz,1,0,1
hydrocotyle,1,0,1
ginsengwurzel,1,0,1
antimontrichlorid,1,0,1
parillin,1,0,1
elastasehemmer,1,0,1
pyridin,1,0,1
pentaoside,1,0,1
bioside,1,0,1
gitaloxin,1,0,1
atheroedge,1,0,1
cavallaro,1,0,1
kshv-evs,1,0,1
ci-closporin,1,0,1
arisa,1,0,1
sinapis,1,0,1
met69,1,0,1
rabex-5,1,0,1
phe-gly,1,0,1
chaotrope,1,0,1
β-thujaplicinol,1,0,1
euprosthenops,1,0,1
daxx-sim,1,0,1
allophanate,1,0,1
malonamidase,1,0,1
asparaginyl-glycine,1,0,1
fgly,1,0,1
dreiklang,1,0,1
dewa,1,0,1
imdea,1,0,1
jyotica,1,0,1
pinup,1,0,1
metal-histidine,1,0,1
yscd,1,0,1
lecithincholesterol,1,0,1
equinatoxin,1,0,1
elonginb,1,0,1
calponin,1,0,1
lb18,1,0,1
cuernavaca,1,0,1
lb31,1,0,1
lb32,1,0,1
pyridoxamine5'-phosphate,1,0,1
stradin,1,0,1
fi~,1,0,1
freniat,1,0,1
enterovirus-d68,1,0,1
trihalometanes,1,0,1
sebutylazine,1,0,1
terbutylazine,1,0,1
rpsp-d,1,0,1
m71,1,0,1
mr17,1,0,1
fariborz,1,0,1
rststrand,1,0,1
palcebo,1,0,1
ad21,1,0,1
ad4vaccine,1,0,1
ad7vaccine,1,0,1
stokka,1,0,1
224nafamostat,1,0,1
samanthabesson,1,0,1
tendayiachiume,1,0,1
judithshklar,1,0,1
gecici,1,0,1
koruma,1,0,1
erdogangovernment,1,0,1
lopinavir-ritonavir-ribavirin-interferon,1,0,1
aristolochicacids,1,0,1
agomirs,1,0,1
verumontanum,1,0,1
bl-cys,1,0,1
floseal,1,0,1
anti-paclitaxel,1,0,1
hexaminolevulinate,1,0,1
a1-blockers,1,0,1
tilepro,1,0,1
urografin,1,0,1
urethrotomy,1,0,1
lipegfilgrastim,1,0,1
pyeloplasty,1,0,1
kulkarni,1,0,1
sandimune,1,0,1
tacrolimuse,1,0,1
alpha1d-adrenoceptor,1,0,1
nomoxia,1,0,1
antimuscarinics,1,0,1
uterus,1,0,1
clitoroplasty,1,0,1
mp-04.13,1,0,1
aldosterone-to-renin,1,0,1
urethro,1,0,1
rf-01.08,1,0,1
sonourethrography,1,0,1
rf-01.15,1,0,1
rf-02.14,1,0,1
mavuduru,1,0,1
up-003,1,0,1
calciumoxalate,1,0,1
up-014,1,0,1
up-016,1,0,1
up-017,1,0,1
up-018,1,0,1
up-024,1,0,1
up-027,1,0,1
up-038,1,0,1
up-074,1,0,1
up-083,1,0,1
up-110,1,0,1
up-112,1,0,1
up-125,1,0,1
up-131,1,0,1
up-140,1,0,1
up-148,1,0,1
btx-a,1,0,1
up-153,1,0,1
up-164,1,0,1
up-167,1,0,1
up-169,1,0,1
up-170,1,0,1
up-173,1,0,1
hoesin,1,0,1
up-177,1,0,1
up-178,1,0,1
up-180,1,0,1
up-184,1,0,1
da'vinci,1,0,1
up-193,1,0,1
up-199,1,0,1
up-213,1,0,1
up-214,1,0,1
up-215,1,0,1
up-219,1,0,1
up-230,1,0,1
up-242,1,0,1
up-246,1,0,1
grams,1,0,1
up-291,1,0,1
up-295,1,0,1
up-335,1,0,1
up-342,1,0,1
up-354,1,0,1
up-420,1,0,1
up-459,1,0,1
up-470,1,0,1
up-471,1,0,1
up-474,1,0,1
schifferle,1,0,1
a.rubens,1,0,1
regimen.2c-s01,1,0,1
rebulla,1,0,1
normothermia,1,0,1
uv-a/riboflavin,1,0,1
cdaii,1,0,1
mir-10,1,0,1
glutamine-a,1,0,1
prejan,1,0,1
ca-hydroxylated,1,0,1
phenol-sulfuricacid,1,0,1
arthrospira,1,0,1
amoxicillinclavulinate,1,0,1
bourletidis,1,0,1
syndecan-4,1,0,1
tracheopathiaosteochondroplastica,1,0,1
ntm-ld,1,0,1
ps167,1,0,1
budesonide/formoterol-induced,1,0,1
amrubicinhydrochloride,1,0,1
aminophylline/theophylline,1,0,1
warsteiner,1,0,1
gemm,1,0,1
dgemm-tc,1,0,1
xanthine-oxidase,1,0,1
xtx,1,0,1
sulfited,1,0,1
sulfitedwine,1,0,1
c/adosporium,1,0,1
becloforte,1,0,1
bronchodilator(bd,1,0,1
mefar,1,0,1
cardiprin,1,0,1
theophylllne,1,0,1
aerolizer,1,0,1
acart,1,0,1
3:z-agonists,1,0,1
cyc\ophosphamide,1,0,1
cunnin,1,0,1
margarines,1,0,1
ampq,1,0,1
roni,1,0,1
pro-oxidant,1,0,1
dermafitidis,1,0,1
mycophm,1,0,1
.glycyrrhizinicacid,1,0,1
roverato,1,0,1
tachyarrhythmias,1,0,1
ipk,1,0,1
epinephrine-can,1,0,1
1961,1,0,1
57azithromycin,1,0,1
theophyllineethylenediamine,1,0,1
"plas-,ma-theophylline",1,0,1
cx5461,1,0,1
shanker,1,0,1
lapatinib-capecitabine,1,0,1
leguminb4,1,0,1
cizhong,1,0,1
liver-to-duct,1,0,1
equi-iodine,1,0,1
dark-lumen,1,0,1
in111-octreoscan,1,0,1
methycellulose,1,0,1
tus,1,0,1
hungary,1,0,1
doxorubicinlipiodol,1,0,1
bromazepan,1,0,1
.emicizumab,1,0,1
favipiravir-a,1,0,1
polydedrin,1,0,1
tf-idf,1,0,1
kaletra,1,0,1
3drug,1,0,1
jabrane,1,0,1
na-cholate,1,0,1
bms-354825,1,0,1
aminobisphosphonates,1,0,1
pparg-agonist,1,0,1
tnf-a-blockers,1,0,1
rgs-1,1,0,1
eda-ns3,1,0,1
pa14/12,1,0,1
ifng,1,0,1
dihydroxyvitamined,1,0,1
5-aza-2-deoxycytodine,1,0,1
alfa-sm,1,0,1
trilobolide,1,0,1
anti-mir-203,1,0,1
vegf-a.,1,0,1
chop10,1,0,1
jab1,1,0,1
noxa/mcl-1,1,0,1
carbamylation,1,0,1
la1,1,0,1
flujograma,1,0,1
nsp13,1,0,1
25-hydroxyvitamine,1,0,1
25-dihydroxyvitamined,1,0,1
eev,1,0,1
3octanol,1,0,1
3-octanol,1,0,1
stratton,1,0,1
arenacept,1,0,1
cmpt,1,0,1
dracula,1,0,1
bendazoles,1,0,1
anti-lice,1,0,1
fadc,1,0,1
panalog,1,0,1
be~150,1,0,1
4′-methylthymidine,1,0,1
4′azide,1,0,1
urfactan,1,0,1
vegetableoil,1,0,1
lysinuric,1,0,1
rosc,1,0,1
verticimonosporium,1,0,1
t-2triol,1,0,1
t-2mycotoxin,1,0,1
roridina,1,0,1
zoldag,1,0,1
33a,1,0,1
etsid,1,0,1
hepevirus,1,0,1
200antithrombin,1,0,1
sftpb,1,0,1
jalisco,1,0,1
berazategui,1,0,1
n/r,1,0,1
inditex,1,0,1
resnet56,1,0,1
wideresnet-28,1,0,1
alkyd,1,0,1
bopp,1,0,1
polyethylenimine-based,1,0,1
cys-13,1,0,1
aztreonamavibactam,1,0,1
liberero,1,0,1
-orlistat,1,0,1
192valinomycin,1,0,1
9nitrocamptothecin,1,0,1
ceminty,1,0,1
mineco,1,0,1
grantscgl2017-,1,0,1
lopinavir/ritonavir¹,1,0,1
osteraas,1,0,1
sochi,1,0,1
hispaglabridina,1,0,1
.carbenoxolone,1,0,1
glycyrrhizaphenols,1,0,1
clindamycin.•,1,0,1
-trimethoprim-sulfamethoxazole,1,0,1
amoxicillin-clavulanate•,1,0,1
gto,1,0,1
vldvr,1,0,1
winkler,1,0,1
caws,1,0,1
tirana,1,0,1
chipframework,1,0,1
viramin,1,0,1
kamoga,1,0,1
barrio,1,0,1
chrispuskiliko,1,0,1
meenpoudyalchhetri,1,0,1
raulta,1,0,1
farin,1,0,1
pomt,1,0,1
papillomavitus,1,0,1
nairobi,1,0,1
thiruvananthapuram,1,0,1
onr,1,0,1
prasutt,1,0,1
nsc93,1,0,1
nsc103,1,0,1
beclomethasonediproponate,1,0,1
sofosbuvirthe,1,0,1
mpumalanga,1,0,1
thrimethoprim-sulfamethoxazole,1,0,1
pziso166,1,0,1
rosmarinusofficinaliseos,1,0,1
macrolide-lincosamide-streptogramin.taken,1,0,1
dihydrofolate-reductase,1,0,1
ketoraloxifene,1,0,1
nbm,1,0,1
lelcholesterol,1,0,1
to-artemisinin-based,1,0,1
nanosponges,1,0,1
deonar,1,0,1
acetyl-coa,1,0,1
intelligenz,1,0,1
andsimvastatin,1,0,1
lespedeza,1,0,1
sham,1,0,1
srnc,1,0,1
ev71inactivatedvaccine,1,0,1
epiglottic,1,0,1
antibioticsamphotericin,1,0,1
azoles-miconazole,1,0,1
fluconazole-inhibit,1,0,1
dainis,1,0,1
her2-her4,1,0,1
γ-heregulin,1,0,1
neuregulin-2,1,0,1
neuregulin-3,1,0,1
microrna-103,1,0,1
igf2,1,0,1
nodal,1,0,1
cer1,1,0,1
plexin-a1,1,0,1
granulins,1,0,1
adiponectins,1,0,1
.apelin,1,0,1
tr14,1,0,1
multimerin,1,0,1
interleukin-9,1,0,1
osm,1,0,1
interleukin-10,1,0,1
impressa,1,0,1
rfeifnw,1,0,1
caburnay,1,0,1
dryvaxvaccine,1,0,1
cutter,1,0,1
malleicapsule,1,0,1
rib-avirin,1,0,1
candid1,1,0,1
that:(i,1,0,1
caryophylli(cf)cinnamtanninb1,1,0,1
polygonummultiflorumthunb,1,0,1
azdelta,1,0,1
tα,1,0,1
celastrus,1,0,1
poncirustrifoliata,1,0,1
ryde,1,0,1
ofpoliovirus,1,0,1
/potassium,1,0,1
tpf-01,1,0,1
hydroxychloroquinewhich,1,0,1
carboxylatepeaa,1,0,1
fenfluramines,1,0,1
0·37azithromycin,1,0,1
0·08azithromycin,1,0,1
0·05azithromycin,1,0,1
amox-clav-amoxicillin-clavulanate,1,0,1
baixada,1,0,1
nanoliposomes,1,0,1
mannino,1,0,1
dihydrostrychnine,1,0,1
mmt-dnn,1,0,1
prednew,1,0,1
tomalia,1,0,1
warthin-starrysilver,1,0,1
ccrt,1,0,1
metronidazolkuur,1,0,1
paromomycine-of,1,0,1
ace77977,1,0,1
adu53085adu53087bai48888,1,0,1
qeq,1,0,1
bijelic,1,0,1
chemoperfusate,1,0,1
ethylnitrosourea-induced,1,0,1
weiran,1,0,1
indraganesan,1,0,1
sophy,1,0,1
aza/pred,1,0,1
nativ,1,0,1
withtacrolimus,1,0,1
sameh,1,0,1
calsitriol,1,0,1
comfeel,1,0,1
aulino,1,0,1
mcn,1,0,1
2more,1,0,1
anti-idiotypic,1,0,1
cytosine/guanine,1,0,1
cuticulin-1,1,0,1
nonoxygen,1,0,1
gy)/ccclophosphamide,1,0,1
bu-fludarabine,1,0,1
treo/flu,1,0,1
short-methotrexate,1,0,1
z50,1,0,1
tnfr2agonist,1,0,1
ebmt-,1,0,1
paclitaxel-ct,1,0,1
prior-paclitaxel,1,0,1
paclitaxel-based,1,0,1
glu-v8,1,0,1
lipid-peptide,1,0,1
diabetologe,1,0,1
ekzem,1,0,1
hypnodil@,1,0,1
qurbiprofen,1,0,1
glycine-91,1,0,1
215glycine-95,1,0,1
comedor,1,0,1
gazola,1,0,1
tanker,1,0,1
laurio,1,0,1
sparse-linucb,1,0,1
sparse-suplinucb,1,0,1
methadone-drugs,1,0,1
andiman,1,0,1
gm-csfadjuvant,1,0,1
rubinstein-taybi,1,0,1
flaa10,1,0,1
ganga-brahmaputra,1,0,1
p-dioxane,1,0,1
9%.kanamycin,1,0,1
7nitroindazole,1,0,1
indomethacin-as,1,0,1
acarapis,1,0,1
hempel,1,0,1
sylh3,1,0,1
cu-chelating,1,0,1
fumarate-emtricitabine,1,0,1
bcgtuberculosisvaccine,1,0,1
o.flavescens,1,0,1
.zanubrutinib,1,0,1
galgeun-tang,1,0,1
calcineurin-inhibitoren,1,0,1
sulfamethoxasole/trimethoprim,1,0,1
wq,1,0,1
albuminebovine,1,0,1
formoterol/budenosid,1,0,1
monopräparaten,1,0,1
cembrene,1,0,1
terracinolides,1,0,1
paclitaxel/docetaxel,1,0,1
eupha/b,1,0,1
pedilanthus,1,0,1
x-aminoalkylphosphonates,1,0,1
neuralink,1,0,1
stinear,1,0,1
mencv,1,0,1
2-mercaptopropionicacid,1,0,1
dopfer,1,0,1
kompakt,1,0,1
.netilmicin,1,0,1
.imipenem/cilastatin,1,0,1
.amoxicillin/clavulanate,1,0,1
4-fluoroquinolones,1,0,1
.cefmetazole,1,0,1
foavonoidglycosides,1,0,1
pikkemaat,1,0,1
samil,1,0,1
hydrophylax,1,0,1
gpt-2,1,0,1
dad,1,0,1
anti-meningococcal,1,0,1
fuzeonh,1,0,1
atropos,1,0,1
trimenopon,1,0,1
ivermectin.l,1,0,1
giw,1,0,1
w-lstm,1,0,1
-nitrile,1,0,1
nupen,1,0,1
virocide,1,0,1
potassiun,1,0,1
muschelkalk,1,0,1
voltziaceaesporites,1,0,1
freudenthal,1,0,1
triadisporafalcata,1,0,1
calamaspora,1,0,1
apiculatisporites,1,0,1
spinososporites,1,0,1
apiculatasporites-planisporites,1,0,1
scrabratisporites,1,0,1
cyclinasporites,1,0,1
mariattisporites,1,0,1
verrucati,1,0,1
potonie,1,0,1
kremp1954,1,0,1
oerrucosus,1,0,1
echina,1,0,1
ricciisporites,1,0,1
echinateexine,1,0,1
pseudogravisporites,1,0,1
echinac,1,0,1
limitisporites,1,0,1
taeniae-sporites,1,0,1
taeniaepollenitesn.gen.,1,0,1
striatoabietites,1,0,1
tubantiapollenites,1,0,1
taeniaesporitesleschik1956a,1,0,1
t.schulrii,1,0,1
monosulcites,1,0,1
turma,1,0,1
leschik1956a-saturnisporitesklaus,1,0,1
satumisporites,1,0,1
alisporitesgrauvogeliklaus,1,0,1
schismatosporites,1,0,1
sulcatisporites,1,0,1
sacci,1,0,1
leschik,1,0,1
f.zapfei,1,0,1
jansonius1962,1,0,1
falcata,1,0,1
triadisporaepigona,1,0,1
jugasporitesleschik1956bemend,1,0,1
kosankei,1,0,1
kosankeemend,1,0,1
klausii,1,0,1
taeniaesporitesnoviaulensis,1,0,1
hengeloensis,1,0,1
haploxylonoid,1,0,1
tubantia,1,0,1
.fenretinide,1,0,1
usp48,1,0,1
pgf-007,1,0,1
(il-6).tocilizumab,1,0,1
oseltamivir-orbaloxavirmarboxil,1,0,1
jnb,1,0,1
hemerdon,1,0,1
12lifitegrast,1,0,1
hiv-2,1,0,1
williamrutherfurd,1,0,1
acrifl,1,0,1
lousicide,1,0,1
ssireum,1,0,1
ulva,1,0,1
rosellina,1,0,1
assim,1,0,1
antiflotillin-1,1,0,1
sulfasalazine?the,1,0,1
inhalatieanalgesie,1,0,1
lmw-heparine,1,0,1
molagraviditeit,1,0,1
abortusarte,1,0,1
provocatus,1,0,1
ranitinide,1,0,1
(poly)hydramnion,1,0,1
amniocentese,1,0,1
echo-doppleronderzoek,1,0,1
lactisb1,1,0,1
d.avpr,1,0,1
e.avpr,1,0,1
sirimaneetham,1,0,1
hiv-encoded,1,0,1
cysteineproteinase,1,0,1
cpg/gpc,1,0,1
bokil,1,0,1
rhizomu,1,0,1
matan,1,0,1
taejo,1,0,1
5bromo-2-deoxyuridine,1,0,1
loohtca,1,0,1
remdesivir/thioguanosine,1,0,1
remdesivir/raloxifene,1,0,1
remdesivir/anisomycin,1,0,1
nelfinavir/raloxifene,1,0,1
nm)metronidazole,1,0,1
antioxidant-iron,1,0,1
olenina,1,0,1
tenidis,1,0,1
flemingovo,1,0,1
hyperhydroxylated,1,0,1
γ-hydroxyconophans,1,0,1
tricine-page,1,0,1
stylostatin,1,0,1
pna-octreotate,1,0,1
i-3-tyr-octreotide,1,0,1
sgap,1,0,1
hcvmap,1,0,1
aminoglycine,1,0,1
base-495,1,0,1
-vanilla,1,0,1
poliovirus3ab,1,0,1
-halamines,1,0,1
markusstoss,1,0,1
1a25-dihydroxyvitamind3,1,0,1
layal,1,0,1
phosphodiester,1,0,1
ampcpp,1,0,1
euk14,1,0,1
soletra,1,0,1
co-trimoxazolprofylaxe,1,0,1
karsan,1,0,1
-nitrosalicylanilide,1,0,1
deoxynucloside,1,0,1
-asympathikotone,1,0,1
vertebralis-basilaris-system,1,0,1
doppler-stiftsonde,1,0,1
farbduplex,1,0,1
systolische,1,0,1
vorhöfe,1,0,1
β-blockerdosis,1,0,1
bucindolol,1,0,1
erregbarkeit,1,0,1
ranolazin,1,0,1
abdulhamid,1,0,1
cchsa,1,0,1
toa,1,0,1
pirinen,1,0,1
hydrogenperoxideplasma,1,0,1
watsond,1,0,1
ngal,1,0,1
balloonangioplasty,1,0,1
q12/gentamicin,1,0,1
brillator,1,0,1
atazanavir/,1,0,1
bioavailablenanocapsule,1,0,1
mir-152-,1,0,1
mir-185-,1,0,1
tannicacid-fe,1,0,1
weldone,1,0,1
chloroquine/hyroxychloroquine,1,0,1
actynomicin,1,0,1
dose-457,1,0,1
cfa-mir-218,1,0,1
cfa-mir-29,1,0,1
allod,1,0,1
leventa,1,0,1
hydro-cortisone,1,0,1
pv/pa,1,0,1
suppoprt,1,0,1
oncept,1,0,1
puy,1,0,1
d'hydroxychloroquine,1,0,1
mitre,1,0,1
trial.vancomycin,1,0,1
cladophialophorabantiana,1,0,1
tsalis,1,0,1
warfarinin,1,0,1
werin,1,0,1
spasmolysis,1,0,1
persyst,1,0,1
kcentra,1,0,1
lorena,1,0,1
rhinonycterina,1,0,1
kirlic,1,0,1
metamisol,1,0,1
ofparacetamol,1,0,1
eudotoxin,1,0,1
cepohlosporim,1,0,1
iovastatin,1,0,1
loprost,1,0,1
8urfactant,1,0,1
ceatrifagalion,1,0,1
referrin,1,0,1
iazepam,1,0,1
surfactanl,1,0,1
inhaledno,1,0,1
apaea,1,0,1
aaibutamol,1,0,1
marcain,1,0,1
potassium-k,1,0,1
magnesium-mgand,1,0,1
acetylhydrolase,1,0,1
ipmtropium,1,0,1
proatacyclin,1,0,1
rianim,1,0,1
hmnosol,1,0,1
er}lhromycin,1,0,1
edthromycin,1,0,1
e.rythromycin,1,0,1
no-aprotinin,1,0,1
earbapenems,1,0,1
carbapanems,1,0,1
tcg+vancomycin,1,0,1
"pneamoniae68,4",1,0,1
aasor,1,0,1
fluuroquinolones,1,0,1
hyperamilasemia,1,0,1
inotropir,1,0,1
5sod,1,0,1
oxymetfir,1,0,1
puffs-ipratropium,1,0,1
subclavia,1,0,1
tecopherolacetate,1,0,1
htoran,1,0,1
fluorocarb,1,0,1
etl,1,0,1
irv,1,0,1
benzo-diazepine,1,0,1
midazolen,1,0,1
twistair,1,0,1
rrnax,1,0,1
clophelinum,1,0,1
lactatemia,1,0,1
glutaminacid,1,0,1
ringerslactat,1,0,1
1-inhibitor,1,0,1
uredipil,1,0,1
indomethadne,1,0,1
indornethacine,1,0,1
cyclopyrrolones,1,0,1
t30,1,0,1
iramna,1,0,1
dimedrol,1,0,1
hemodyrtamics,1,0,1
haloperidor,1,0,1
breg~,1,0,1
massone,1,0,1
baprenorphine,1,0,1
tramsl,1,0,1
phin,1,0,1
fentanyi,1,0,1
alunan,1,0,1
carbomide,1,0,1
antihypoxanthine,1,0,1
praesens,1,0,1
-midazolam,1,0,1
lsofluorane,1,0,1
pdms,1,0,1
haemat,1,0,1
bi]irubin,1,0,1
tca-dose,1,0,1
amphetaminederivatives,1,0,1
adenil,1,0,1
antifibrinalitic,1,0,1
topril,1,0,1
isoptin,1,0,1
dopanime,1,0,1
tzelepis,1,0,1
anti-hdv,1,0,1
t-afm,1,0,1
b-ub-vme,1,0,1
seleno-l-methionine,1,0,1
jazaeri,1,0,1
schizolaw,1,0,1
another-gerhard,1,0,1
zakesmda,1,0,1
dylan,1,0,1
pegylatedaspraginase,1,0,1
derryberry,1,0,1
sunthi,1,0,1
-virin,1,0,1
(à)-pseudoephedrine,1,0,1
flubenol,1,0,1
prolosan,1,0,1
alamycin,1,0,1
sharia,1,0,1
ubch5a,1,0,1
hsp27leads,1,0,1
clec12a,1,0,1
acetyl-pgp,1,0,1
placebo.-esomeprazole,1,0,1
sucampo,1,0,1
-albuterol,1,0,1
-+ipratropium,1,0,1
anti-pa,1,0,1
p2y11,1,0,1
oe-mri,1,0,1
rp73,1,0,1
cftdc,1,0,1
ncrr,1,0,1
rankl/opg,1,0,1
"ivm""s",1,0,1
metronomische,1,0,1
cineolecineole,1,0,1
haca,1,0,1
truve,1,0,1
-2015,1,0,1
dsec,1,0,1
alaalamandine,1,0,1
ala-met,1,0,1
hypomethylated,1,0,1
ceb1,1,0,1
hvap-33,1,0,1
mir-ul23-5p,1,0,1
mir-ul23-3p,1,0,1
narayanapaṇḍita,1,0,1
siddhantanid,1,0,1
urvar,1,0,1
drugsamantadine,1,0,1
los.acetaminophen,1,0,1
heparin/lovenox,1,0,1
sah.melatonin,1,0,1
subfentanyl,1,0,1
vpx,1,0,1
ifn-f3,1,0,1
amoxicillin-metronidazole-bismuth,1,0,1
rc-cnn,1,0,1
cytomegalovirushepatitis,1,0,1
calciumfluoride,1,0,1
immunoglo'bulin,1,0,1
hydroxychloroquinedto,1,0,1
rombovax,1,0,1
.aluminium,1,0,1
drug-by-drug,1,0,1
eechinacea,1,0,1
llicorice,1,0,1
aandrographolides,1,0,1
aaminoglycosides,1,0,1
acj,1,0,1
.conivaptan,1,0,1
thelypterislimbosperma,1,0,1
hypericummacularum,1,0,1
lactiflorum,1,0,1
t.limbosperma,1,0,1
hieracium,1,0,1
bessarubicum,1,0,1
serolinum,1,0,1
hladp2plexin,1,0,1
hypophosphorylated,1,0,1
hemospermia,1,0,1
denvprm,1,0,1
crooks,1,0,1
tff/,1,0,1
(2015,1,0,1
w-plasty,1,0,1
osteogenesis,1,0,1
arecacatechu,1,0,1
0.75%ropivacaine,1,0,1
genioplasty,1,0,1
orthoprint,1,0,1
rhytidectomy,1,0,1
supratemporalis,1,0,1
meloblastoma,1,0,1
coronectomy,1,0,1
2%lignocaine,1,0,1
dermal,1,0,1
articainehydrochloride,1,0,1
lignocainehydrochloride,1,0,1
b-ropivacaine,1,0,1
zmc,1,0,1
balagir,1,0,1
ligaplants,1,0,1
piezosurgery,1,0,1
altemir,1,0,1
osteogenisis,1,0,1
chin-a,1,0,1
sweta,1,0,1
davangere,1,0,1
bumb,1,0,1
tiruvalla,1,0,1
melmaruvathur,1,0,1
shifa,1,0,1
pbdmpbdm,1,0,1
pbdm,1,0,1
pogrel,1,0,1
aspirin-alone,1,0,1
moxifloxacin(400,1,0,1
pantoprazole(80,1,0,1
skalakepuasaninteraksiperubatan,1,0,1
debq-m,1,0,1
mgso,1,0,1
erythromycinp7,1,0,1
v-penicillin,1,0,1
"sabinvaccinepv1,2",1,0,1
v/propidine,1,0,1
eif1a,1,0,1
(55).it,1,0,1
purmalis,1,0,1
chlorinelime,1,0,1
f]-fludarabine,1,0,1
op415,1,0,1
collagelin,1,0,1
89zr-rituximab-pet/ct,1,0,1
90y-rituximab,1,0,1
tc-gd-dtpa-dimeglumine,1,0,1
l-buthionine-sulfoximine,1,0,1
c-methionine-pet,1,0,1
op452,1,0,1
polyetilene,1,0,1
radiosynoviortesis,1,0,1
lu-dota-rituximab,1,0,1
radiofolates,1,0,1
11c-acetate,1,0,1
-bevacizumab,1,0,1
fn-bevacizumab,1,0,1
op477,1,0,1
histaminesuccinyl-glycine,1,0,1
dota-linked,1,0,1
op482,1,0,1
na-i,1,0,1
acetyl-cholinesterase,1,0,1
pentaneurini,1,0,1
orthocladiinae,1,0,1
.bafilomycin,1,0,1
crofab,1,0,1
fab-digoxin,1,0,1
rimabotulinumtoxinb/myobloc,1,0,1
rimabotulinumtoxinb,1,0,1
nan.,1,0,1
fenton,1,0,1
hydroxy-fatty,1,0,1
lopinavir-rhonavir,1,0,1
seller,1,0,1
75-selenomethionine,1,0,1
ionine,1,0,1
ducor,1,0,1
12-rapamycin,1,0,1
prime-oglucosylcimifugin,1,0,1
hcv.chloroquine,1,0,1
arb-irbesartan-as,1,0,1
inotropen,1,0,1
-digluconato,1,0,1
as01badjuvanted,1,0,1
parkinsonnet,1,0,1
heparin/edta,1,0,1
hb-ribavirin,1,0,1
shenghongju,1,0,1
dongdan,1,0,1
famciclovi,1,0,1
1-zidovudin,1,0,1
74.zalcitabine,1,0,1
4-stavudin,1,0,1
5-lamivudin,1,0,1
3-saquinavi,1,0,1
3-ribaviri,1,0,1
(-f)-calanolide,1,0,1
opium;morphine,1,0,1
phenylpropanold,1,0,1
thiophenes,1,0,1
thiarubine,1,0,1
phenylheptatriyne,1,0,1
tritin,1,0,1
meliacin,1,0,1
rifamycinb,1,0,1
rifampici,1,0,1
streptovaricins,1,0,1
distamycins,1,0,1
.toyocamycin,1,0,1
.sinefungin,1,0,1
aphidicolln,1,0,1
chymotrypsin/,1,0,1
senticosuspolysaccharide,1,0,1
chennai.,1,0,1
.streptococcus,1,0,1
iroh,1,0,1
szynol,1,0,1
a2antiplasmin,1,0,1
vampire,1,0,1
alkylated~,1,0,1
reodyne,1,0,1
licoricepowder,1,0,1
desmotubule,1,0,1
tmp-sulfa,1,0,1
.phthalazine,1,0,1
3deazatrimethoprim,1,0,1
prissilla,1,0,1
racelis,1,0,1
reimund,1,0,1
frenkel,1,0,1
oxygen-carrier,1,0,1
glda,1,0,1
/pol/.,1,0,1
fuck,1,0,1
chinaflu,1,0,1
drouin,1,0,1
chloéxilinas,1,0,1
pa-ncprof,1,0,1
zakaria,1,0,1
guangxizhuang,1,0,1
cephalothin/gentamicin/carbenicillin,1,0,1
amikacin/piperacillin,1,0,1
cefuroxime/gentamicin,1,0,1
cephalothin/gentamicin,1,0,1
(aq-artesunate).aq,1,0,1
aq-sulfadoxine-pyrimethamine,1,0,1
7-chloro-4aminoquinolone,1,0,1
hiv-1/,1,0,1
prolylhydroxilases,1,0,1
gibot,1,0,1
antieotaxin,1,0,1
shendan,1,0,1
dextrometorfano,1,0,1
levodropropizina,1,0,1
guaifenesina,1,0,1
miel,1,0,1
ajo,1,0,1
equinácea,1,0,1
homeopatía,1,0,1
diasys,1,0,1
apremilast-phosphodiesterase,1,0,1
d-tocopherols,1,0,1
d-tocotrienols,1,0,1
mk-7deficiency,1,0,1
sitafloxa-,1,0,1
hromelain,1,0,1
itraconazole-cyclodextrin,1,0,1
-caspofungin,1,0,1
primsulfamethoxazole,1,0,1
abdullah,1,0,1
1949,1,0,1
vif/,1,0,1
rivolli,1,0,1
paclitaxelinduced,1,0,1
ganciclovir);no,1,0,1
naveen,1,0,1
sb#15,1,0,1
polyetoxylatesurfactants,1,0,1
ngr-drug,1,0,1
obiechina,1,0,1
mucolytika,1,0,1
kopfschmerz,1,0,1
analgetika-abusus,1,0,1
lactose-/fructosemalabsorption,1,0,1
anti-ea,1,0,1
cefuroxima/metronidazol,1,0,1
lpomovirus,1,0,1
fibravirus,1,0,1
phosphwylated,1,0,1
71-kda,1,0,1
rom,1,0,1
scyther,1,0,1
epstein-barr-virus,1,0,1
hierinminderbelangrijk,1,0,1
fgham,1,0,1
atelocollagen-vegf-sirna,1,0,1
hsa-mir-572,1,0,1
teich,1,0,1
polycarbonate,1,0,1
tat(48,1,0,1
tat(44-,1,0,1
azocoll,1,0,1
falciapin,1,0,1
staphylopain,1,0,1
peptin,1,0,1
nain,1,0,1
-2.aminoglycosides,1,0,1
juraj,1,0,1
peg-peptide,1,0,1
alpha-chymotrypsin,1,0,1
pb-046,1,0,1
feglymicin,1,0,1
labyrinthopeptina2,1,0,1
clps,1,0,1
pb-071,1,0,1
pc-003,1,0,1
pc-011,1,0,1
pc-012,1,0,1
pc-016,1,0,1
alpha-thrombin,1,0,1
pc-026,1,0,1
pd-008,1,0,1
pd-013,1,0,1
pd-014,1,0,1
pd-015,1,0,1
pd-027,1,0,1
pd-030,1,0,1
pd-033,1,0,1
pd-038,1,0,1
neurometals,1,0,1
messina,1,0,1
pd-052,1,0,1
papiit,1,0,1
b-conglutin,1,0,1
tetb,1,0,1
pf-002,1,0,1
testosterone1,1,0,1
pf-003,1,0,1
pf-005,1,0,1
pf-006,1,0,1
as69,1,0,1
pf-009,1,0,1
pf-012,1,0,1
pf-014,1,0,1
pf-015,1,0,1
pf-016,1,0,1
pf-017,1,0,1
pf-018,1,0,1
pf-019,1,0,1
pf-020,1,0,1
pf-022,1,0,1
pf-023,1,0,1
ured,1,0,1
pf-025,1,0,1
pf-027,1,0,1
pf-030,1,0,1
pg-004,1,0,1
ph-008,1,0,1
ph-012,1,0,1
ph-015,1,0,1
tadeo,1,0,1
9-cis-retinal,1,0,1
ph-043,1,0,1
mind.,1,0,1
pi-003,1,0,1
pi-004,1,0,1
pi-005,1,0,1
pi-006,1,0,1
pi-007,1,0,1
pi-008,1,0,1
pi-009,1,0,1
pi-010,1,0,1
pi-012,1,0,1
pi-014,1,0,1
pi-018de,1,0,1
pi-020,1,0,1
pi-022,1,0,1
pi-023,1,0,1
pi-025,1,0,1
pi-030,1,0,1
pi-035,1,0,1
pi-036,1,0,1
pi-037,1,0,1
pi-038,1,0,1
pi-040,1,0,1
hcysortase,1,0,1
pi-044,1,0,1
pi-047,1,0,1
pi-050,1,0,1
pi-051,1,0,1
pi-052,1,0,1
pi-054,1,0,1
pi-058,1,0,1
bltrea,1,0,1
pi-059,1,0,1
pi-060,1,0,1
pi-063,1,0,1
pi-066,1,0,1
pi-070,1,0,1
pi-073,1,0,1
pi-074,1,0,1
pi-075,1,0,1
pi-078,1,0,1
pi-080,1,0,1
pi-081,1,0,1
pi-085,1,0,1
pi-088,1,0,1
pi-089,1,0,1
pi-093,1,0,1
pi-094,1,0,1
pi-096,1,0,1
pi-098,1,0,1
pi-106,1,0,1
pj-001,1,0,1
pj-002,1,0,1
pj-004,1,0,1
pj-007,1,0,1
rap80,1,0,1
pj-008,1,0,1
pj-011,1,0,1
pj-017,1,0,1
pj-020,1,0,1
nup82,1,0,1
pj-021,1,0,1
pj-028,1,0,1
pj-030,1,0,1
pj-032,1,0,1
pj-034,1,0,1
pj-035,1,0,1
pj-038,1,0,1
pj-040,1,0,1
pj-042,1,0,1
pk-007,1,0,1
pl-001,1,0,1
pl-002,1,0,1
pl-012,1,0,1
pl-013,1,0,1
pl-015,1,0,1
pl-024,1,0,1
pl-027,1,0,1
pl-034,1,0,1
pl-035,1,0,1
pl-040,1,0,1
pl-042,1,0,1
pl-052,1,0,1
spiricoil,1,0,1
pl-080,1,0,1
pl-081,1,0,1
adk,1,0,1
pl-082,1,0,1
pl-083,1,0,1
cfxiii,1,0,1
pl-084,1,0,1
pl-086,1,0,1
velimogene,1,0,1
theory(pmt),1,0,1
-mizolastine,1,0,1
parvari,1,0,1
visib,1,0,1
gezon,1,0,1
saranac,1,0,1
ventrex,1,0,1
methionine/cysteinefree,1,0,1
dtap),1,0,1
trichloroaceticacid-soluble,1,0,1
iav.β-sitosterol,1,0,1
ofcopegus,1,0,1
aldesleukin,1,0,1
upu,1,0,1
dideoxychain,1,0,1
ctosely,1,0,1
sbmv,1,0,1
cholinecholine,1,0,1
trimethyl-urea,1,0,1
cholecystojejunostomy,1,0,1
cholelith,1,0,1
tenofovir-and,1,0,1
kronig,1,0,1
arsenicals,1,0,1
dextran-70,1,0,1
glycopyrrolateallow,1,0,1
isoproterenoladminister,1,0,1
alvarius,1,0,1
coma,1,0,1
latanaprost,1,0,1
gunadotrophin,1,0,1
carboxyesterasesec,1,0,1
sia-a2-,1,0,1
sia-a2,1,0,1
lucidin-ω-isopropyl,1,0,1
hedargenin,1,0,1
ku,1,0,1
rvb,1,0,1
omega-site,1,0,1
schützenberger,1,0,1
hartmanis,1,0,1
tinkercad,1,0,1
selenocysteyl-trna.it,1,0,1
hydroxycholquine,1,0,1
trilk,1,0,1
mkj,1,0,1
eflorithine,1,0,1
artpdgan,1,0,1
sp4,1,0,1
fenoterol/,1,0,1
cni-steroids,1,0,1
"palmatum,",1,0,1
hr-1b,1,0,1
licorices,1,0,1
llt,1,0,1
morril,1,0,1
verruciformis,1,0,1
cinnamomumcassiapresl,1,0,1
.ifn,1,0,1
sm14,1,0,1
sm-p80/gla-se,1,0,1
sj-97,1,0,1
athat,1,0,1
mu-rine,1,0,1
20612-propanol,1,0,1
af-g,1,0,1
baraba´si,1,0,1
mycinb,1,0,1
osce,1,0,1
lucetina,1,0,1
1929b,1,0,1
v.japonica,1,0,1
nukerbaeva,1,0,1
warta,1,0,1
1963b,1,0,1
densnet201,1,0,1
scc-isth,1,0,1
permethrin-based,1,0,1
glutaminerhielten,1,0,1
valaciclo,1,0,1
imitat,1,0,1
frontalpol,1,0,1
nsc101-2320-b-039-,1,0,1
chuangchuang,1,0,1
rp-p.,1,0,1
rizzoli,1,0,1
trimethop-rim±sulfamethoxazole,1,0,1
montanideadjuvant,1,0,1
hd-pam,1,0,1
busulfan-etoposide-cyclophosphamide,1,0,1
5/dasatinib,1,0,1
1/cystatin,1,0,1
blaricum,1,0,1
plerixafor/g-csf,1,0,1
velcade/dexamethasone,1,0,1
ahct,1,0,1
bortezomib-based,1,0,1
edap,1,0,1
bortezomibe,1,0,1
-dexa,1,0,1
g-dose,1,0,1
cyclosporinea.,1,0,1
busulphan/endoxan,1,0,1
dexamethasone/velcade,1,0,1
bpdc,1,0,1
rituximab/cytoxan,1,0,1
(r)-tec,1,0,1
(r)-dhap,1,0,1
clofarabinebased,1,0,1
clofarabine-melphalan-alemtuzumab,1,0,1
melphalan-alemtuzumab,1,0,1
g-csp,1,0,1
uc-mscprostaglandin,1,0,1
trytophan,1,0,1
hemaglobin,1,0,1
anticoagulant-citrate,1,0,1
oxycodone-acetaminophen,1,0,1
vasoconstrictoreca/ang/at1r,1,0,1
vasodilatoreca2/ang-(1-7)/mas,1,0,1
penicillin-streptomycin-ciprofloxacin,1,0,1
miquimod,1,0,1
marike,1,0,1
cyclospirine,1,0,1
heptavalentpneumococcal,1,0,1
treosulfan-(9,1,0,1
spas,1,0,1
hamro,1,0,1
blok,1,0,1
nitulamine,1,0,1
adamantanesamantadine,1,0,1
tfypsin,1,0,1
(daa)boceprevir,1,0,1
peg-ifn/,1,0,1
peterferenciis,1,0,1
immidazole,1,0,1
mrfp1,1,0,1
eps7630(umcka,1,0,1
penicillineresistent,1,0,1
chloorhexidinezeep,1,0,1
amoxicillinekrijgen,1,0,1
nocardiose,1,0,1
paratyfus,1,0,1
parasympathicolytica,1,0,1
ovariumcyste,1,0,1
arua,1,0,1
vsita,1,0,1
formoline,1,0,1
amphotheracin,1,0,1
sulfachlorpyrazin,1,0,1
sulphachlorpyrazin,1,0,1
.salicyl-carnosine,1,0,1
xychloroquine,1,0,1
democracia,1,0,1
heim,1,0,1
kynapcin-9,1,0,1
isodeoxyhelicobasidin,1,0,1
lisinopril-tace,1,0,1
phe-ala-pro,1,0,1
.captopril,1,0,1
ace-lisinopril,1,0,1
9-aminoacids,1,0,1
mefloquine-praziquantel,1,0,1
mefloquine-artesunate-praziquantel,1,0,1
ifn-alb,1,0,1
antirenalase,1,0,1
withteicoplanin,1,0,1
teicoplanin-3cl,1,0,1
ofzidovudine,1,0,1
angelicaradix,1,0,1
zelman,1,0,1
hyn,1,0,1
rofin,1,0,1
juvinall,1,0,1
scd19,1,0,1
becotide,1,0,1
glucocoticosteroid,1,0,1
engeland,1,0,1
ecologischperspectief,1,0,1
aiaa,1,0,1
2xyt-carbenicillin,1,0,1
4xyt-carbenicillin,1,0,1
2m-pgen,1,0,1
orf2-encoded,1,0,1
fv-72,1,0,1
fv-3,1,0,1
fv-49,1,0,1
ceramid,1,0,1
surfactantfilm,1,0,1
indomethacin-therapie,1,0,1
po-46,1,0,1
casp2-inhibitor,1,0,1
po-93,1,0,1
brp-39,1,0,1
fluticasona,1,0,1
reinounido,1,0,1
isohr,1,0,1
iridovirus,1,0,1
memorandum,1,0,1
6-fluoroamine,1,0,1
/-chloroquine,1,0,1
amra,1,0,1
otalgia,1,0,1
ciprofloxacin/dexamethasone,1,0,1
coly-mycin,1,0,1
ciprodex,1,0,1
otosclerosis,1,0,1
dimetane,1,0,1
pulmo-,1,0,1
nazeem,1,0,1
shao-jia,1,0,1
methylxantinen,1,0,1
vormen,1,0,1
aminofylline,1,0,1
natrium-nitroprusside,1,0,1
decubitus,1,0,1
infusiebeleid,1,0,1
paradoxus,1,0,1
abralyt,1,0,1
id2.it,1,0,1
dex.6-oap,1,0,1
uchitosan,1,0,1
sodiumevoked,1,0,1
primorskiikrai,1,0,1
alin,1,0,1
chlomy,1,0,1
carotenoids.''vitamin,1,0,1
prednisolongabe,1,0,1
pentamidine-aerosol,1,0,1
honli,1,0,1
philin,1,0,1
ardf,1,0,1
pilsen,1,0,1
femoflor,1,0,1
androflor,1,0,1
ppp-medicine,1,0,1
prakriti-vikritiayurveda,1,0,1
ac-psma-617,1,0,1
zilov,1,0,1
shurygina,1,0,1
sus,1,0,1
iso-vitamin,1,0,1
mk-7supplementation,1,0,1
zinc-ion,1,0,1
polymerized,1,0,1
kaf,1,0,1
aceticanhydride/triethanolamine,1,0,1
quercetinperacetate,1,0,1
imagin,1,0,1
antroquinonol,1,0,1
camphoratafruit,1,0,1
treze,1,0,1
os-9-xtp3-b,1,0,1
tansania,1,0,1
neurobrucellose,1,0,1
rhinoliquorrhöe,1,0,1
fsme,1,0,1
pregabali,1,0,1
zerr,1,0,1
rvsv-zebovvaccine,1,0,1
orf1apolyproteinpp1a,1,0,1
fipse-olt-hiv05-gesida45-,1,0,1
meofetil,1,0,1
maarten,1,0,1
cycolsporine,1,0,1
narindar,1,0,1
afford,1,0,1
zdcyd,1,0,1
iv-streptozocin,1,0,1
ta/,1,0,1
anti-carbohydrate,1,0,1
interleukin-21,1,0,1
tac/mmf,1,0,1
tacrolimuspharmacokinetics,1,0,1
lebricon,1,0,1
tacrolimus(fk,1,0,1
methylprednisolone(mp,1,0,1
fk/mmf,1,0,1
fiat,1,0,1
urea-lici,1,0,1
ginis,1,0,1
ginil,1,0,1
a-mdp,1,0,1
(6).amantadine,1,0,1
(7).amantadine,1,0,1
steptomycin,1,0,1
cinaserin,1,0,1
.zanoli,1,0,1
asb,1,0,1
simonagranata,1,0,1
prominocycline,1,0,1
wells,1,0,1
bachir,1,0,1
obuiin,1,0,1
regrafting,1,0,1
α-heterochromatin,1,0,1
sarathy,1,0,1
falomir,1,0,1
shapef,1,0,1
[3h]thyramine,1,0,1
aportamos,1,0,1
corucosteroids,1,0,1
erythoropoietin,1,0,1
acetylcholinerase,1,0,1
c-grifin,1,0,1
cg-,1,0,1
pre-mir-615,1,0,1
linc00657,1,0,1
moutelukast,1,0,1
se-met,1,0,1
-rifampin,1,0,1
fissios,1,0,1
idr-a.,1,0,1
oxy-heparins,1,0,1
bafilomycinb,1,0,1
fr9,1,0,1
ur10,1,0,1
mouli,1,0,1
bundoora,1,0,1
zorin,1,0,1
epom,1,0,1
tarquinio,1,0,1
feldstein,1,0,1
chelvanayagam,1,0,1
cruciani,1,0,1
ychloroquine,1,0,1
nz-il-1ra,1,0,1
mil-1ra,1,0,1
-corticosteroides,1,0,1
furusho,1,0,1
baier,1,0,1
trumpto,1,0,1
kongin,1,0,1
-vitamin-d,1,0,1
is200,1,0,1
по,1,0,1
shorack,1,0,1
15-to,1,0,1
erg,1,0,1
ar-27,1,0,1
ar-33,1,0,1
ar-36,1,0,1
ghsp,1,0,1
actichlorô,1,0,1
phenpt,1,0,1
otein,1,0,1
flavobacterium,1,0,1
angii/at1,1,0,1
replicase,1,0,1
dtreeviz,1,0,1
17beta-oeastradiol,1,0,1
qing-bin,1,0,1
alphina,1,0,1
tomozolomid,1,0,1
sam-6,1,0,1
potassiumit,1,0,1
sqn,1,0,1
aptamer-drug,1,0,1
-ampicillinconjugate,1,0,1
lla,1,0,1
mid-chain,1,0,1
nail-patella,1,0,1
adriamycinnephropathy,1,0,1
cisplatin-or,1,0,1
isidro,1,0,1
zimmerhackl,1,0,1
scigalla,1,0,1
dexamthasone,1,0,1
ureterocystoneostomy,1,0,1
bfr,1,0,1
calcimimetics,1,0,1
heparinaseiii,1,0,1
mmf/aza,1,0,1
ibu,1,0,1
sodium-proton,1,0,1
steroid-dose,1,0,1
se-selectin,1,0,1
nutrineal,1,0,1
mmf/azathioprin,1,0,1
r-tx,1,0,1
methacin,1,0,1
fosinoprilto,1,0,1
fosipril,1,0,1
nphs1,1,0,1
captoprilrenography,1,0,1
struvit,1,0,1
s-cortisone,1,0,1
onealphacalciferol,1,0,1
l-carnitinine,1,0,1
cyclophosphamide/azathioprine,1,0,1
desmopressin(,1,0,1
curtibia,1,0,1
midazolamand,1,0,1
erectil,1,0,1
didone,1,0,1
dex-pan,1,0,1
iga/c3,1,0,1
sulf2,1,0,1
sle-dai,1,0,1
onprednisone,1,0,1
monkayo,1,0,1
grosulariaceae,1,0,1
maqui,1,0,1
mir-187,1,0,1
horobin,1,0,1
holten,1,0,1
boltyanskiy,1,0,1
altervista,1,0,1
acqua,1,0,1
matrixdb,1,0,1
ignac,1,0,1
noctalis,1,0,1
hatizcengiz,1,0,1
coef22,1,0,1
fogel,1,0,1
alfani,1,0,1
c-sirna,1,0,1
i-carrageenan,1,0,1
naamine,1,0,1
sigmosceptrellin,1,0,1
bismuthide,1,0,1
zincpnictide,1,0,1
kimet,1,0,1
guóqìng,1,0,1
deltoid,1,0,1
hpv16e6/e7vaccine,1,0,1
nyrup,1,0,1
oseltamivir-an,1,0,1
na-acetate,1,0,1
alkylatedg1,1,0,1
herbamycin,1,0,1
hdis,1,0,1
entrepreneurial,1,0,1
lorella,1,0,1
alexr.background,1,0,1
cogua,1,0,1
enfuvirtide-enf,1,0,1
efavirenz-efv,1,0,1
pnpr,1,0,1
everolimus/temsirolimus,1,0,1
n-acetylethylenimine,1,0,1
rank1,1,0,1
twitteryujiao,1,0,1
promethazinehydrochloride,1,0,1
gln-vinylsulfone,1,0,1
apo-hydroxyquine,1,0,1
apotex,1,0,1
custa,1,0,1
av-mesotheliom,1,0,1
umifenovir/arbidol,1,0,1
haarr,1,0,1
herbier,1,0,1
blastomycose,1,0,1
vod/sos,1,0,1
protamine-based,1,0,1
dietaryherbs,1,0,1
platin/5-fluorouracil,1,0,1
philosophervico,1,0,1
adlnazolam,1,0,1
diazem,1,0,1
rychetnik,1,0,1
leucopeniaribavirin,1,0,1
syzigium,1,0,1
ansatz,1,0,1
clap,1,0,1
itc33,1,0,1
itf32,1,0,1
itf33,1,0,1
itf34,1,0,1
itf11,1,0,1
itf12,1,0,1
itf13,1,0,1
itf52,1,0,1
hmgb1-antagonist,1,0,1
oacetylated,1,0,1
phytolectin,1,0,1
curumin,1,0,1
betlol,1,0,1
isodax,1,0,1
b-d.,1,0,1
dcir-2,1,0,1
mgl-1,1,0,1
mmy,1,0,1
1.25(oh)2d,1,0,1
perfluorane,1,0,1
piperacilin/tazobactan,1,0,1
pore-blocker,1,0,1
oxycodoneas,1,0,1
2dichloroethane,1,0,1
angelina,1,0,1
3-dose,1,0,1
groharlembrundtland,1,0,1
sullom,1,0,1
unimib,1,0,1
zabaikalskykrai,1,0,1
terni,1,0,1
chloroquineazithromycin,1,0,1
ndesmethyl-loperamide,1,0,1
.haemophilusinfluenzae,1,0,1
papillomavirus-6,1,0,1
gustin/,1,0,1
artemisinin/,1,0,1
orf1abencodedpolyprotein,1,0,1
seven(idarubicin,1,0,1
bromodeoxyuridine/,1,0,1
fludarabine-or,1,0,1
cya+prednisone,1,0,1
paclitaxel/gemcitabine,1,0,1
thiotepa-cyclophosphamide,1,0,1
leicladin,1,0,1
csa/campath,1,0,1
tacrolimus/mpa,1,0,1
bim-58001,1,0,1
methotrexate+/-prednisolone,1,0,1
tbi-etoposide,1,0,1
cytarabinebased,1,0,1
apitoxin,1,0,1
hdetoposide/cisplatin,1,0,1
hd-mitoxantrone,1,0,1
etoposide/cisplatin,1,0,1
hd-zevalin,1,0,1
arac/thiotepa,1,0,1
platinum-cytarabine,1,0,1
treosulphan/fld,1,0,1
pneumococcalconjugatevaccineprevenar,1,0,1
conjugatevaccineprevenar,1,0,1
caspofunin,1,0,1
cytotherm,1,0,1
thymoglogulin,1,0,1
methotrexate/cyclosporin,1,0,1
csa/pred,1,0,1
fludarabine/cyclophosphamide/atg,1,0,1
tacrolimus/mtx,1,0,1
ifosphamid,1,0,1
meropeneme,1,0,1
p.emblica,1,0,1
remifentanilzufuhr,1,0,1
gate-16,1,0,1
.temozolomide,1,0,1
.ouabain,1,0,1
.esi-09,1,0,1
.mycophenolic,1,0,1
ceriello,1,0,1
minocycline-rifampicin-impregnated,1,0,1
chlorhexidine/silver-sulfadiazineimpregnated,1,0,1
5-furane,1,0,1
g4p,1,0,1
camostat/nafamostat,1,0,1
radiofluorography,1,0,1
θ).it,1,0,1
β3adrenoceptor,1,0,1
мpro,1,0,1
boxamide,1,0,1
lopinavir/ritona,1,0,1
feron,1,0,1
thabo,1,0,1
neomycin/g418,1,0,1
isopropanol)as,1,0,1
22%.alcohol,1,0,1
penicillinstreptavidin,1,0,1
berta-,1,0,1
andrij,1,0,1
o-acetylation,1,0,1
optin,1,0,1
pesigan,1,0,1
gautrin,1,0,1
ag/,1,0,1
ru3,1,0,1
sodiumacetate-isopropanol,1,0,1
erisialis,1,0,1
epilobiumangustijolium,1,0,1
baccha,1,0,1
secado,1,0,1
recomiendan,1,0,1
dimetil,1,0,1
gelosin,1,0,1
andrade,1,0,1
neuroprosthetic,1,0,1
montes-chinea,1,0,1
neuromyotonia,1,0,1
phenylhydantoin,1,0,1
pre-rituximab,1,0,1
tubstatin,1,0,1
adjuvantibus,1,0,1
oleate/palmitate,1,0,1
ivigprivigen,1,0,1
thienoquinolines,1,0,1
omae,1,0,1
endolive,1,0,1
threonine-arginineleucine,1,0,1
lamini,1,0,1
sitatunga,1,0,1
hemitragus,1,0,1
torvik,1,0,1
ilt,1,0,1
androgen-ar,1,0,1
d-fmau,1,0,1
priscillayang,1,0,1
wis,1,0,1
andoxibendazole,1,0,1
golga2,1,0,1
deoxyuridylate+deoxyuridine,1,0,1
heller,1,0,1
metink,1,0,1
pentetrazol,1,0,1
bulbectomy,1,0,1
rummler,1,0,1
glutaminyl,1,0,1
phenylsulfonyl,1,0,1
oxadiazol-imidazole,1,0,1
pctq,1,0,1
echo11-inf,1,0,1
antidigoxingenin-ap,1,0,1
mqh,1,0,1
9).it,1,0,1
barnaba,1,0,1
salinomycinena,1,0,1
diadiazin,1,0,1
osf,1,0,1
postexpositieprofylaxe,1,0,1
oseltamivirgroep,1,0,1
rufocanus,1,0,1
n-dodecyl-β-dmaltoside,1,0,1
futebol,1,0,1
brzezinski,1,0,1
cypa-csa,1,0,1
xetine,1,0,1
gunit,1,0,1
ifn-α2b-ribavirin,1,0,1
hpv-vlps,1,0,1
ms2-mir-146a,1,0,1
e.d.c.,1,0,1
ribavirine-corticoides,1,0,1
ptree,1,0,1
transplastomy,1,0,1
jenin,1,0,1
aprotinin-rimantadineantiinfluenza,1,0,1
ms.svetlana,1,0,1
blutspender,1,0,1
vollblutspender,1,0,1
thrombozytapheresespender,1,0,1
erythrozytapheresespender,1,0,1
cpd-stabilisator,1,0,1
granulozytapherese,1,0,1
shifrine,1,0,1
ticide,1,0,1
tdmac-heparin,1,0,1
ltcysteinyl,1,0,1
scumonilines,1,0,1
glucotetrazole,1,0,1
l-xylaric,1,0,1
anti-79,1,0,1
rsvc,1,0,1
conv1d,1,0,1
proline-tyrosine,1,0,1
vishvanath,1,0,1
20062,1,0,1
her2-g1,1,0,1
ca150,1,0,1
arginine-aminoglycoside,1,0,1
joost,1,0,1
1actamase,1,0,1
ghj,1,0,1
t~-globin,1,0,1
propeptide,1,0,1
pro-glo,1,0,1
ganf,1,0,1
jubiflorum,1,0,1
elatine,1,0,1
goodeniaglauca,1,0,1
psr-1,1,0,1
seeman,1,0,1
espinosa-uribeag,1,0,1
op04,1,0,1
op14,1,0,1
op24,1,0,1
kröner-fresenius-foundation,1,0,1
op34,1,0,1
pp002,1,0,1
pp004,1,0,1
pp016,1,0,1
pp018,1,0,1
chemoradiation,1,0,1
pp030,1,0,1
alqat,1,0,1
pp060,1,0,1
pp061,1,0,1
pp063,1,0,1
pp064,1,0,1
pp065,1,0,1
pp066,1,0,1
pp067,1,0,1
antigoni,1,0,1
pp080,1,0,1
bardanis,1,0,1
stout,1,0,1
pp094,1,0,1
tselkas,1,0,1
protidectomy,1,0,1
pp114,1,0,1
warthins,1,0,1
parotidacc,1,0,1
hpv56,1,0,1
pp146,1,0,1
pp147,1,0,1
theagenio,1,0,1
pp148,1,0,1
zila,1,0,1
antica,1,0,1
carboplatintaxol,1,0,1
docetaxel/platinum/fluorouracil,1,0,1
cetuximab/,1,0,1
trolamine,1,0,1
trolaminecream,1,0,1
pp214,1,0,1
pp215,1,0,1
pp237,1,0,1
pp242,1,0,1
pp245,1,0,1
gp96,1,0,1
brixadi,1,0,1
hydroxychloroquine-hcq,1,0,1
7b-hydroxycholesterol,1,0,1
gogarty,1,0,1
stranorlar,1,0,1
allendronate,1,0,1
ethanolamines,1,0,1
fluphone,1,0,1
3hluridine,1,0,1
ziola,1,0,1
rickard,1,0,1
topicone,1,0,1
ileohypogastricus,1,0,1
quere,1,0,1
sicherheitschirurgie,1,0,1
radio-/chemotherapie,1,0,1
präparatenvon,1,0,1
penicillin-g/tag,1,0,1
vinblastine/etoposide/teniposide/antithymocyte,1,0,1
farrugia,1,0,1
capnometer,1,0,1
olaria,1,0,1
.silymarin,1,0,1
haywar,1,0,1
ryl,1,0,1
pr-a,1,0,1
7cpa,1,0,1
ptp-arc,1,0,1
betanzos,1,0,1
fethullah,1,0,1
taş,1,0,1
erolönderoglu,1,0,1
chromomer,1,0,1
polyvalentkv,1,0,1
wovenendobridge,1,0,1
voraphani,1,0,1
co-founder,1,0,1
meliora,1,0,1
sonlicromanol,1,0,1
parietene,1,0,1
cisplatin=5-fu,1,0,1
catecho-lamine,1,0,1
schmerz,1,0,1
kaiserin,1,0,1
medartis,1,0,1
smz-süd,1,0,1
rektum,1,0,1
pelvicol,1,0,1
talcum,1,0,1
acethylcholinereceptor,1,0,1
bethametason,1,0,1
hernienchirurgie,1,0,1
esb3,1,0,1
fgf18,1,0,1
aprotininb,1,0,1
alcoholtax,1,0,1
leoni,1,0,1
geen,1,0,1
dexsil,1,0,1
unicamycin,1,0,1
2-deoxy-glucose,1,0,1
hexamethylenbiguanide,1,0,1
alcoholdenat,1,0,1
tolerotech,1,0,1
mariposa,1,0,1
lorenzana,1,0,1
smugmug,1,0,1
u-formula,1,0,1
ξa.,1,0,1
copperoxide-impregnated,1,0,1
hydroxygenperoxide,1,0,1
mraeplerenone,1,0,1
mra-spironolactone,1,0,1
teleictus,1,0,1
mmrvaccinemmrvaccine,1,0,1
cocoaflavanols,1,0,1
catechins-up,1,0,1
.luteolin,1,0,1
microneme,1,0,1
sulfadimethoxin,1,0,1
rubin,1,0,1
aplicomplexa,1,0,1
arprinocid,1,0,1
clopidogrel-group,1,0,1
roy,1,0,1
doxycycline.β-lactam,1,0,1
17βglycoside,1,0,1
vote^,1,0,1
googleflu,1,0,1
sphenicin-2,1,0,1
hedén,1,0,1
neuraminldase,1,0,1
.edaravone,1,0,1
halofantrinep-5,1,0,1
antiprotoloal,1,0,1
metronidazole.l,1,0,1
ronai,1,0,1
compound13c,1,0,1
sulfurmustard,1,0,1
rapinovet,1,0,1
porac,1,0,1
mr100,1,0,1
nmedyn,1,0,1
dorsalis,1,0,1
ionamides,1,0,1
catumaxomabtherapy,1,0,1
anti-histamine-succinyl-glycine,1,0,1
chica,1,0,1
tklschleyer,1,0,1
jutiapa,1,0,1
kalyx,1,0,1
sincolistin,1,0,1
pneumatische,1,0,1
ernährungspumpen,1,0,1
-thiamin,1,0,1
-magnesium,1,0,1
remdesivir-nsp12,1,0,1
gemhap,1,0,1
aframax,1,0,1
cruzi,1,0,1
nefrólogo,1,0,1
mosquiteros,1,0,1
dulce,1,0,1
atovacuona-proguanil,1,0,1
arteméter-lumefantrina,1,0,1
perb,1,0,1
eglinton,1,0,1
ermelinda,1,0,1
tc-hexamethylpropyleneamine,1,0,1
inoxine,1,0,1
tc-vancomycin,1,0,1
tc-fluconazole,1,0,1
tc-ethambutol,1,0,1
cu-nota-ramucirumab,1,0,1
inoctreotide,1,0,1
barabá,1,0,1
mercaptopethanol,1,0,1
alimov,1,0,1
fasttext,1,0,1
flavonoid-metal,1,0,1
flavonoid-dna-eb,1,0,1
baicalein-al(iii,1,0,1
baicalin-al(iii,1,0,1
tarzan,1,0,1
aes,1,0,1
asiacrypt,1,0,1
hayley,1,0,1
ec-cnbi-202,1,0,1
g4thrombin,1,0,1
-thiamine,1,0,1
gorgonio,1,0,1
rifampicinbased,1,0,1
bariciak,1,0,1
5-bromo-29-deoxyuridine,1,0,1
agency,1,0,1
50}.,1,0,1
pr0c,1,0,1
cerbb-2,1,0,1
omogerw,1,0,1
methanobrevibacter,1,0,1
lumey,1,0,1
doa10,1,0,1
ltcons-00030223,1,0,1
frink,1,0,1
7-toxin,1,0,1
ß-toxoids,1,0,1
ß-toxoid,1,0,1
endoxotins,1,0,1
swissprot,1,0,1
raluca,1,0,1
b-hematin,1,0,1
-quinidine,1,0,1
-sulfonylurea,1,0,1
bert-twitter,1,0,1
gallium-could,1,0,1
hli,1,0,1
bai-kui,1,0,1
hydroxil,1,0,1
sulfhydril,1,0,1
difficidin,1,0,1
pri-mir-142,1,0,1
mir-497,1,0,1
myzostoma,1,0,1
mirna*s,1,0,1
betancur,1,0,1
simtrons,1,0,1
na/phosphate,1,0,1
inosine-cytidine,1,0,1
mytillus,1,0,1
mir-430,1,0,1
trilobita,1,0,1
endo-rnai,1,0,1
dcl1,1,0,1
dcl2,1,0,1
dcl3,1,0,1
ago6,1,0,1
mir159,1,0,1
tafer,1,0,1
miranda-mirsvr,1,0,1
vatolin,1,0,1
androsavich,1,0,1
inail,1,0,1
fath,1,0,1
pfa-1,1,0,1
gadoterate,1,0,1
meglumine(dotarem,1,0,1
gadavist,1,0,1
mibrofenin,1,0,1
rt-cine,1,0,1
immunoglobulin4,1,0,1
sci-022,1,0,1
sci-033,1,0,1
"[""s]cysteine",1,0,1
q-mercaptoethanol,1,0,1
rmercaptoethanol,1,0,1
[sss]cysteine,1,0,1
mitscherlich,1,0,1
henobarbital,1,0,1
infulenza,1,0,1
nc-iuphar,1,0,1
trimethoprim-sulfamethoxazole.-lactobacilli,1,0,1
tassone,1,0,1
watelet,1,0,1
lactisbb-12,1,0,1
lafti,1,0,1
shene,1,0,1
teesta,1,0,1
vandita,1,0,1
englemerry,1,0,1
hbq,1,0,1
smt-s,1,0,1
johncalvin,1,0,1
vistaô,1,0,1
cobe,1,0,1
stonogin,1,0,1
deglycerolised,1,0,1
orbisac,1,0,1
peg-iat,1,0,1
hit-ig,1,0,1
indraprastha,1,0,1
"[""ss]methionine",1,0,1
isavuconazolewhen,1,0,1
voriconazoleshowed,1,0,1
wntcalcium,1,0,1
htra1,1,0,1
.obexelimab,1,0,1
halamid,1,0,1
patranobis,1,0,1
azelastine-hcl,1,0,1
heracleifolinosides,1,0,1
cimigenol,1,0,1
cimifetidanoside,1,0,1
heracleifolinoside,1,0,1
24-hydroshengmanol,1,0,1
cimiacerogenin,1,0,1
xyl,1,0,1
foetidinosides,1,0,1
isopropanolic,1,0,1
shr,1,0,1
podile,1,0,1
datazone,1,0,1
@100,1,0,1
fsdm+esim,1,0,1
69tocilizumab,1,0,1
fncas9,1,0,1
vitamind/melatonin,1,0,1
ophir,1,0,1
naprapthy,1,0,1
meggan,1,0,1
astranis,1,0,1
strioga,1,0,1
testosterone-cyclodextrin,1,0,1
nanofilt,1,0,1
pro-gastrin,1,0,1
riems,1,0,1
amoxicil,1,0,1
hidron,1,0,1
fprg,1,0,1
ambisome/flucytosine,1,0,1
azathioprine/mycophenolate,1,0,1
phenitoin,1,0,1
azythomycin,1,0,1
scig,1,0,1
hcv-0c43,1,0,1
/linezolid,1,0,1
cephalosporin/,1,0,1
artemisianilagirica,1,0,1
boerhaavia,1,0,1
fagifolia,1,0,1
fes-i,1,0,1
qtd,1,0,1
o-43,1,0,1
o-79,1,0,1
o-84,1,0,1
p-9,1,0,1
p-40,1,0,1
p-45,1,0,1
vka,1,0,1
dabigatran-clarithromycin,1,0,1
p-61,1,0,1
paracetamol/opium,1,0,1
sarc-f.,1,0,1
muscle-strength,1,0,1
andrius,1,0,1
meama,1,0,1
vaud,1,0,1
darulaceze,1,0,1
linagliptina,1,0,1
calcium-antagonist,1,0,1
chocolateflavanols,1,0,1
nalcaci,1,0,1
p-503,1,0,1
p-600,1,0,1
p-603,1,0,1
p-604,1,0,1
roodkapje,1,0,1
p-625,1,0,1
p-626,1,0,1
p-631,1,0,1
p-639,1,0,1
p-641,1,0,1
vitb9,1,0,1
p-645,1,0,1
p-649,1,0,1
p-653,1,0,1
neuroad,1,0,1
p-675,1,0,1
p-684,1,0,1
linezolid/metronidazol,1,0,1
p-742,1,0,1
psychotropes,1,0,1
p-743,1,0,1
p-745,1,0,1
goedele,1,0,1
crista-programme,1,0,1
p-771,1,0,1
p-830,1,0,1
fella,1,0,1
p-867,1,0,1
butylbromure-scopolamine,1,0,1
p-897,1,0,1
p-901,1,0,1
aphp-corentin,1,0,1
fonnamide,1,0,1
netilmicina,1,0,1
miconazolo,1,0,1
.orangutan,1,0,1
lopinavir/kaletra,1,0,1
tracoe,1,0,1
p-urea,1,0,1
enozaparin,1,0,1
peep0,1,0,1
taper-guard,1,0,1
oxycyte,1,0,1
amphotericinb(,1,0,1
bicavale,1,0,1
tazobactam/pipacillin,1,0,1
β-cystathionine,1,0,1
desulfitobacterium,1,0,1
grasper,1,0,1
icg,1,0,1
hemopytsis,1,0,1
succesul,1,0,1
lemmel,1,0,1
totalis,1,0,1
ripstein,1,0,1
epinephrinesaline,1,0,1
trainer,1,0,1
achalasia,1,0,1
parahiatal,1,0,1
linx,1,0,1
iodine-ipa,1,0,1
pylorus,1,0,1
hem-o-lock,1,0,1
baulamycins,1,0,1
ammosamides,1,0,1
lucentamycine,1,0,1
microsporins,1,0,1
dragomabin,1,0,1
jamaicamides,1,0,1
antillatoxin,1,0,1
molassamide,1,0,1
epq,1,0,1
lanoxin,1,0,1
österreich-ungarngeboreneamerikanerarbeiteteetwa,1,0,1
stiftes,1,0,1
cyrill,1,0,1
finra,1,0,1
l-depronyl,1,0,1
atropine).•,1,0,1
cholecalciferol/,1,0,1
1.vitamind,1,0,1
.neostigmine,1,0,1
cylcone,1,0,1
amivir,1,0,1
7-ଷ,1,0,1
ipropriolactone,1,0,1
securityinitiative,1,0,1
iniciativa,1,0,1
stavudine-tp,1,0,1
luteolin7galactoside,1,0,1
cimino,1,0,1
prevot,1,0,1
fluvaccine,1,0,1
lipemic,1,0,1
resnext50,1,0,1
hvni,1,0,1
myr-gag-pol,1,0,1
p1pyrrolidone,1,0,1
mrtd,1,0,1
dtrip-22,1,0,1
betasecretase,1,0,1
antiallergen,1,0,1
b-alanine,1,0,1
-iodine,1,0,1
(±)-bupropion,1,0,1
palmipeds,1,0,1
homocysteine-disulfide,1,0,1
l-glycyl-lglutamine,1,0,1
s-carboxymethyl-cysteine,1,0,1
p53-dna,1,0,1
pox,1,0,1
carboxin,1,0,1
glycine-proline-hydroxyproline,1,0,1
cysteinyl-glycine,1,0,1
taurine-conjugation,1,0,1
fetalbat,1,0,1
nethyl-l-glutamine,1,0,1
n-ethyl-lglutamine,1,0,1
melanocortin-1,1,0,1
l-glutamicacid,1,0,1
daptomycins,1,0,1
praeruptorinb,1,0,1
chlo-roquine,1,0,1
disulfate,1,0,1
l.).it,1,0,1
daletskii,1,0,1
vinon,1,0,1
pirone,1,0,1
anti-mumps,1,0,1
ag-,1,0,1
mir-367,1,0,1
mir-372-3p,1,0,1
mir367-3p,1,0,1
cpg85,1,0,1
p-cancg-033,1,0,1
p-cancg-038,1,0,1
hypertelorism,1,0,1
dopamine-serotonin,1,0,1
lumi-aggregometry,1,0,1
p-cling-107,1,0,1
kleefstra,1,0,1
erythrokeratodermia,1,0,1
p-cytog-133,1,0,1
fur-polyglutamine,1,0,1
kulagina,1,0,1
anti-sulfonamide,1,0,1
a.auriculajudae,1,0,1
11ruxolitinib,1,0,1
tica,1,0,1
ylene,1,0,1
23-valentcapsularpolysaccharide,1,0,1
tr50,1,0,1
shaoquin,1,0,1
gom,1,0,1
is7,1,0,1
wyeth/elanan-1792,1,0,1
is22,1,0,1
is25,1,0,1
is27,1,0,1
is29,1,0,1
is31,1,0,1
is35,1,0,1
is36,1,0,1
is38,1,0,1
is41,1,0,1
is42,1,0,1
is45,1,0,1
is46,1,0,1
is47,1,0,1
is48,1,0,1
is49,1,0,1
is50,1,0,1
is51,1,0,1
is52,1,0,1
is54,1,0,1
is55,1,0,1
ifn-alpha/beta,1,0,1
ena-78,1,0,1
17h-estradiol,1,0,1
propranololchloride,1,0,1
alpha-inx,1,0,1
serpa,1,0,1
vad.,1,0,1
anti-acetylcholinereceptor,1,0,1
osteoclats,1,0,1
h]iodomelatonin,1,0,1
beta2-adrenoceptor,1,0,1
phallacidin,1,0,1
nembutalsodium,1,0,1
mir-lps,1,0,1
cofin,1,0,1
thymoma,1,0,1
l.aloe,1,0,1
ifnbeta,1,0,1
vip,1,0,1
pinn,1,0,1
pvp-jod-,1,0,1
bogdan-radu,1,0,1
costustoot,1,0,1
3hjuridine,1,0,1
fmamide,1,0,1
terna,1,0,1
of~64,1,0,1
dayhofi,1,0,1
clobins,1,0,1
marthaler,1,0,1
sad,1,0,1
mmchloramophenicol,1,0,1
acetylchloramphenicol,1,0,1
millan,1,0,1
christmanian,1,0,1
ravven,1,0,1
ƍ,1,0,1
prrsvpl97-,1,0,1
"remdesivir1,30",1,0,1
naficillin,1,0,1
bromides3a-e,1,0,1
salsa,1,0,1
proximo,1,0,1
pulmonalarterienkatheter,1,0,1
ballonleer,1,0,1
herzlichstihr,1,0,1
vizepräsidenten,1,0,1
uro-tube,1,0,1
urologenmöchteich,1,0,1
piperfruits,1,0,1
trekkie,1,0,1
tg+sildenafil,1,0,1
sildenafil-suppressed,1,0,1
gammagard,1,0,1
cathepsinb/,1,0,1
framycetingramycidin-dexamethasone,1,0,1
virusone,1,0,1
p-nitrophenylhydrazone,1,0,1
gop,1,0,1
sweetfruits,1,0,1
-ethanol,1,0,1
ofenzyme,1,0,1
ofalcohol,1,0,1
scaptomyza,1,0,1
quinaria,1,0,1
babri,1,0,1
mahua,1,0,1
mr.modi,1,0,1
naroda,1,0,1
erkkola,1,0,1
doctorand,1,0,1
exin,1,0,1
metavir2,1,0,1
kan-amycin,1,0,1
siang,1,0,1
posaconazol-not,1,0,1
sprin,1,0,1
e73,1,0,1
radfordia,1,0,1
ammoniumbicarbonate/methanol,1,0,1
20renin,1,0,1
gcgtg,1,0,1
cucurbita,1,0,1
duchesne,1,0,1
pepsin-trypsin,1,0,1
mishustin-2,1,0,1
ulyanovsk,1,0,1
aciclovir-salbe,1,0,1
cymeven,1,0,1
ertussis,1,0,1
mitnorfloxacin,1,0,1
bartenschlager,1,0,1
ns5a-ns5b,1,0,1
4=nimodipine,1,0,1
5=procaine,1,0,1
racecadotrilhave,1,0,1
sulfanyl-aminobenzene,1,0,1
philosopherplutarch,1,0,1
cecchignola,1,0,1
facpi-1,1,0,1
krasnosel'skii,1,0,1
42adefovir,1,0,1
rimantadineflumadine,1,0,1
oseltamivirtamiflu,1,0,1
phosphatidylchol,1,0,1
dylcholine,1,0,1
bkeagtsg,1,0,1
-ampicillin/penicillin,1,0,1
gentamicin/aminoglycoside,1,0,1
erythromycin/clarithromycin/azithromycin,1,0,1
oversulfatedpolysaccharides,1,0,1
waterglycerol,1,0,1
synergen,1,0,1
thenl,1,0,1
tetanusantitoxin,1,0,1
dvp16,1,0,1
dvv09,1,0,1
pyrimethamine/sulfadoxin,1,0,1
gluthation,1,0,1
gram-neg,1,0,1
erp11,1,0,1
5-nitro-8-hydroxyquinoline,1,0,1
monolactams,1,0,1
gip09,1,0,1
hyv03,1,0,1
cheesecake,1,0,1
baceriocin,1,0,1
lmv03,1,0,1
salivaricin,1,0,1
mpp25,1,0,1
mpp30,1,0,1
dermicidine,1,0,1
1-d-mt,1,0,1
1-l-mt,1,0,1
mpp80,1,0,1
fpr2antagonist,1,0,1
msp07,1,0,1
msp08,1,0,1
st-198,1,0,1
nethmap,1,0,1
probioticlactocepin,1,0,1
qsp01,1,0,1
zop01,1,0,1
spirometraerinaceieuropaei,1,0,1
tudose,1,0,1
mpp90,1,0,1
orthopharmaceutical,1,0,1
capih,1,0,1
calativa,1,0,1
maza,1,0,1
cwwe,1,0,1
dc-peptide,1,0,1
nev,1,0,1
zotin,1,0,1
cerulin,1,0,1
qingreliangxuedecoction,1,0,1
konopaske,1,0,1
decieri,1,0,1
cerebroventricular,1,0,1
.,1,0,1
precisionvaccine,1,0,1
bicillin(900/300,1,0,1
pudil,1,0,1
uninail,1,0,1
agentmeglumine,1,0,1
aesculap,1,0,1
pfna,1,0,1
rijeka,1,0,1
lienalis,1,0,1
izola,1,0,1
strusskiy,1,0,1
gracanica,1,0,1
mikecin,1,0,1
crotia,1,0,1
hemivulvectomy,1,0,1
hrvatska,1,0,1
cenić,1,0,1
cizmić,1,0,1
krpan,1,0,1
mesić,1,0,1
jurić,1,0,1
charnely,1,0,1
situm,1,0,1
sato,1,0,1
valproatesodium,1,0,1
jopromide,1,0,1
noreadrenalin,1,0,1
serebriysky,1,0,1
imfweo,1,0,1
myotoxin,1,0,1
bpi,1,0,1
ceftolozane-tazobactambased,1,0,1
-gamithromycin,1,0,1
hyland,1,0,1
beltran,1,0,1
pza3,1,0,1
zalata,1,0,1
epispadia,1,0,1
chetoconazolo,1,0,1
spironolattone,1,0,1
ciproterone,1,0,1
trifluoperazina,1,0,1
adriamicina,1,0,1
ognifarmaco,1,0,1
alcolismo,1,0,1
chinoloni,1,0,1
ofloxacina,1,0,1
perfloxacina,1,0,1
b-interferon,1,0,1
ciszewski,1,0,1
ofprocine,1,0,1
abdassamad,1,0,1
coriolanus,1,0,1
us-epu,1,0,1
ann-kristin,1,0,1
1-isoproterenol,1,0,1
aminohylline,1,0,1
b-group.dipropionate,1,0,1
phenyldiguanide,1,0,1
ketotifene,1,0,1
tcol,1,0,1
februaryapril,1,0,1
antianti-id,1,0,1
hirsh,1,0,1
assmethionine,1,0,1
hrd3p,1,0,1
p-prl,1,0,1
p-gp160,1,0,1
oniae,1,0,1
.ultrasonic,1,0,1
citruseos,1,0,1
exd,1,0,1
l-leucinep-nitroanilide,1,0,1
vetrogen,1,0,1
memento,1,0,1
nwala,1,0,1
skalpell,1,0,1
stenosen,1,0,1
flavonoidsluteolin,1,0,1
hifld,1,0,1
mathebula,1,0,1
tverdal,1,0,1
reinganum,1,0,1
citibank,1,0,1
hmo,1,0,1
tut4,1,0,1
e2~ubiquitin,1,0,1
.cephalosporin,1,0,1
cpg-stat3sirna-and,1,0,1
chervin,1,0,1
metformintherapie,1,0,1
cholezystektomie,1,0,1
benzodiazepinabhängigkeit,1,0,1
kaliumarme,1,0,1
sayda,1,0,1
ubcm,1,0,1
usc-hs-13,1,0,1
.methylnaltrexone,1,0,1
by,1,0,1
feeds,1,0,1
spirosolane,1,0,1
tetravalentacwy,1,0,1
heliumeoxygen,1,0,1
bridgewater,1,0,1
hi.stamine,1,0,1
fetor,1,0,1
gstglutathione,1,0,1
joyo,1,0,1
amazon.cn,1,0,1
coprix,1,0,1
atin,1,0,1
rggt,1,0,1
"melatonin""",1,0,1
andticarcillin-clavulanate,1,0,1
glutathione-glutathione,1,0,1
tucaresol,1,0,1
morita-san,1,0,1
antimonomer,1,0,1
necklaces,1,0,1
h025,1,0,1
chlorplast,1,0,1
trwicalis,1,0,1
l%odonapthalene,1,0,1
chloroquine/nh,1,0,1
chondrocyres,1,0,1
eryn,1,0,1
glycine-tyrosine,1,0,1
ws16,1,0,1
cysteine-62,1,0,1
palmityhtlon,1,0,1
cysteinezo,1,0,1
ceremide,1,0,1
virva,1,0,1
atpsk4,1,0,1
tyrosine-sulfated,1,0,1
sfve1,1,0,1
alkylhydroperoxides,1,0,1
iodosobenzene,1,0,1
dimethyldioxirane,1,0,1
epigrass,1,0,1
hariri,1,0,1
ribavirinlkg,1,0,1
ribavirinikg,1,0,1
ribavirin/kg/,1,0,1
geta,1,0,1
cadoni,1,0,1
aluminum-adjuvanted,1,0,1
tetanusvaccines,1,0,1
heplisav,1,0,1
ifn/kaletra/hydroxychloroquine,1,0,1
baidu,1,0,1
ogilby,1,0,1
n34,1,0,1
sodium-barbital,1,0,1
saila,1,0,1
bacillecalmette--guérinvaccine,1,0,1
acemoglu,1,0,1
sanguinarine(sg,1,0,1
benzoyl-l-arginine,1,0,1
busulfan/melphalan,1,0,1
cisplatin/paclitaxel,1,0,1
tolvaptankam,1,0,1
s45,1,0,1
filiae,1,0,1
anticosti,1,0,1
g.schwarz,1,0,1
gy/2,1,0,1
tcga,1,0,1
tetracain,1,0,1
carboplatin/paclitaxel-based,1,0,1
cisplatin-group,1,0,1
carbotaxol,1,0,1
cordglioma,1,0,1
mikrostrahltherapie,1,0,1
msc,1,0,1
tseb,1,0,1
cy-berknife,1,0,1
cisplatin/navelbine,1,0,1
vincentius,1,0,1
mozolomide,1,0,1
sbo,1,0,1
ir-192,1,0,1
bostel,1,0,1
tselis,1,0,1
tubin,1,0,1
honorem,1,0,1
gatm,1,0,1
[3h]cocaine,1,0,1
ecklonia,1,0,1
trichomya,1,0,1
heterosiphonia,1,0,1
zarzio®,1,0,1
cyclophosphamidebased,1,0,1
haplo-1,1,0,1
haplo-bmt,1,0,1
diphteria,1,0,1
(bu)/cyclophosphamide,1,0,1
flu/bu,1,0,1
tnfrsf14,1,0,1
7-aminoactinomycine,1,0,1
penicillin-streptomycin-nystatin,1,0,1
udarabine-cy,1,0,1
sulfur-exafl,1,0,1
thalidomide-bortezomib,1,0,1
ciclosporinee,1,0,1
eurochimerism,1,0,1
cmv-genotype,1,0,1
busulfan(bu)/fludarabine,1,0,1
melphalen,1,0,1
permacath,1,0,1
bulsulfan/cyclophosphamide,1,0,1
udarabinebased,1,0,1
nilotimib,1,0,1
nano-pcr,1,0,1
voriconaxole,1,0,1
cyklophosphamide(cy)+g-csf,1,0,1
ld-azacitidine,1,0,1
mefotil,1,0,1
izoleedilmesi,1,0,1
rodrigoduterte,1,0,1
35s)sulfate,1,0,1
70allopregnanolone,1,0,1
"alibaba.""in",1,0,1
mielina,1,0,1
^cysteine,1,0,1
pirmin,1,0,1
ala-p-nitroalanine,1,0,1
bivalvia,1,0,1
n6docromil,1,0,1
sudan,1,0,1
betty,1,0,1
paminobenzamidine,1,0,1
endogene,1,0,1
scd95l,1,0,1
brimozidetimolol-brimodinine,1,0,1
caticut,1,0,1
day30,1,0,1
campath-10,1,0,1
em+alemtuzumab,1,0,1
tricromy,1,0,1
hydroxyethyl-starch,1,0,1
lgrastim+plerixafor,1,0,1
udarabin/cyclophosphamide,1,0,1
fludbu,1,0,1
busulfan-thiotepa,1,0,1
cyclosporine/mmf,1,0,1
wylezol,1,0,1
erciyes,1,0,1
deferasiroks,1,0,1
retinic,1,0,1
incb018424,1,0,1
jak2-inhibitor,1,0,1
trimethoprim-sufmethoxazole,1,0,1
ciprophloxacine,1,0,1
cy/fludarabine/tbi,1,0,1
treosulfan-fludarabine-thiotepa,1,0,1
dexamethasone+ice,1,0,1
r-dhaox,1,0,1
lenalinomide,1,0,1
dexamethasone-based,1,0,1
udarabina-melphalan-atg,1,0,1
dexamethosone+c,1,0,1
thalidomaid,1,0,1
thalidomide/dexametasona,1,0,1
92%.cyclosporine,1,0,1
bcnu/melphalan/fludarabine,1,0,1
busulfan/atg,1,0,1
5-azacidine,1,0,1
p960,1,0,1
tacrolimus+mmf,1,0,1
cyclosporine-short,1,0,1
cb-sc,1,0,1
subcutaneosly,1,0,1
apocell,1,0,1
sulfamidase,1,0,1
idarubicin+hd-ara-c.,1,0,1
idarubicine+ara-c,1,0,1
-plerixafor,1,0,1
lgrastimin,1,0,1
"lgrastim,%",1,0,1
lenalidomide-rituximab-dli,1,0,1
rituximab-lenalidomide-dli,1,0,1
mofenil,1,0,1
udarabine+melphalane,1,0,1
fludarabine/thiotepa/melphalan/okt3,1,0,1
agreementaid-oaa-a-15,1,0,1
mihkaila,1,0,1
kouretas,1,0,1
lopinavir-m,1,0,1
gemo,1,0,1
farnesylcysteine,1,0,1
ns2-ns5b,1,0,1
vallarta,1,0,1
~ndolaprilat,1,0,1
captoprii,1,0,1
streptocillin/,1,0,1
dexamethasoneikg,1,0,1
hlthymidine,1,0,1
cyclophosphamideikg,1,0,1
13hluridine,1,0,1
sovereign,1,0,1
naucalpan,1,0,1
manifesto,1,0,1
huifnω,1,0,1
phaser21,1,0,1
2'-oxygen,1,0,1
psc833,1,0,1
scaptochirusmoschatus,1,0,1
chrysochloridae,1,0,1
parascaptorleucura,1,0,1
eremitalpa,1,0,1
p.leucura,1,0,1
exerciseminotaur,1,0,1
ddx25,1,0,1
fkbp-52,1,0,1
peglipid,1,0,1
phosphonomethylsulfonylflorone,1,0,1
lmet,1,0,1
anethum,1,0,1
falcarindiol,1,0,1
sarothamnus,1,0,1
rosmarinifoliumethanolic,1,0,1
rosmarinifolium,1,0,1
hypericum-calendula,1,0,1
lavandulaofficinalislavandula,1,0,1
lavandulastoechas,1,0,1
matricin,1,0,1
menthapulegiumpulegium,1,0,1
polystichum,1,0,1
salviafruticosa,1,0,1
laevigatus,1,0,1
taraxacumofficinaledandelion,1,0,1
taraxacumplatycarpum,1,0,1
tetradecanoylphorbol-13-acetate,1,0,1
ovatum,1,0,1
valerenicacid,1,0,1
cytochalasinblocked,1,0,1
kowalski,1,0,1
flaviolin-3clpro,1,0,1
interferonen,1,0,1
berlex,1,0,1
sclerotiniaceae,1,0,1
trichoscyphelloideae,1,0,1
trichoscyphellal^^nni,1,0,1
cyphella,1,0,1
cytosporaehrenb,1,0,1
potassium-nitrate,1,0,1
d-clucose,1,0,1
lachnellularesinaria,1,0,1
lachnellulagallica,1,0,1
peziza,1,0,1
paraphyses,1,0,1
jii,1,0,1
leniter,1,0,1
obtusis,1,0,1
papillomavirushpv,1,0,1
moloney,1,0,1
molonev,1,0,1
prkcd,1,0,1
benzodiazipines,1,0,1
nacetylcysteine.-its,1,0,1
ozogamycine,1,0,1
formalin-ethylacetate,1,0,1
penicillin-aminoglycoside,1,0,1
morningstar,1,0,1
famci-clovir,1,0,1
.mantoux,1,0,1
wls,1,0,1
predicta,1,0,1
upar,1,0,1
ala-gln,1,0,1
pik,1,0,1
janssen-ortho-mcneil,1,0,1
vladimirputin,1,0,1
totenstarre,1,0,1
diaphragm-spermicide,1,0,1
nanocantilever,1,0,1
radixjinyinhua,1,0,1
ghisetin,1,0,1
collagene,1,0,1
anti-acetyl-lysine,1,0,1
ampifen,1,0,1
mercuricchloride-formalin,1,0,1
thatv,1,0,1
josephnye,1,0,1
kevinyeung,1,0,1
marmota,1,0,1
.tylophorine,1,0,1
joplin,1,0,1
service-oriented,1,0,1
clio,1,0,1
friedlander,1,0,1
medroxy-progesteron-acetat,1,0,1
ose-modified,1,0,1
areosol,1,0,1
h.imantadine,1,0,1
antimoniotungstate,1,0,1
hybridons,1,0,1
tiazofuror,1,0,1
win51711,1,0,1
vedaldi,1,0,1
grünwald-letnikov,1,0,1
aminoactinomycind,1,0,1
pyroglutamyl-lys-trp-ala-pro,1,0,1
ns3-telaprevir,1,0,1
hcvvlp,1,0,1
engerix-br,1,0,1
darmflora,1,0,1
natriumkanäle,1,0,1
atg16l1(1,1,0,1
kudinoside,1,0,1
guito,1,0,1
filorab,1,0,1
hsa-mir-1246,1,0,1
aquacillin,1,0,1
"methacholine,34",1,0,1
.vorinostat,1,0,1
tkie,1,0,1
letrozole+ribociclib,1,0,1
sica,1,0,1
bellato,1,0,1
reiziger,1,0,1
dikkedarmdiarree,1,0,1
antrax,1,0,1
reizine,1,0,1
amphetaminc,1,0,1
estrogen-testosterone,1,0,1
lingli,1,0,1
energizer,1,0,1
auriculoacupuncture,1,0,1
e1ectroacupuncture,1,0,1
dermocorticosteroids,1,0,1
jueyin,1,0,1
"nifedipine,497",1,0,1
jit,1,0,1
nitratelaced,1,0,1
hsase,1,0,1
curtain,1,0,1
gtb,1,0,1
amox-icillin,1,0,1
6e22,1,0,1
fluconazote,1,0,1
fresno,1,0,1
auopurinol,1,0,1
cu(ii)-allopurinol,1,0,1
lalotra,1,0,1
palavras,1,0,1
a-alcohol,1,0,1
isopropanol-cleaned,1,0,1
beenin,1,0,1
subtilisc-3102,1,0,1
huanggepo,1,0,1
zigong,1,0,1
longmaxi,1,0,1
chemokinine,1,0,1
milkreplacers,1,0,1
pentachrome,1,0,1
pan-demrix,1,0,1
post-oxygen,1,0,1
erginoz,1,0,1
grü,1,0,1
pri-mir-122,1,0,1
urea-15,1,0,1
ifna,1,0,1
cobertura,1,0,1
khalidmehmood,1,0,1
eoma,1,0,1
tpeoma,1,0,1
incb,1,0,1
sulfadoxinee,1,0,1
elkins,1,0,1
orhydroxychloroquine,1,0,1
tetravalentleptospirosisvaccine,1,0,1
sulphamethoxazolethrimetoprim,1,0,1
hyperxanthinuria,1,0,1
bicarotid,1,0,1
smod,1,0,1
raai,1,0,1
ureterolithiasis,1,0,1
bsava,1,0,1
rvsystolic,1,0,1
clinicaveterinariagransasso,1,0,1
cardiopetò,1,0,1
murthy,1,0,1
hydrocortisonesodiumsuccinate,1,0,1
annahillstr€om,1,0,1
cellceptò,1,0,1
fundacßão,1,0,1
bricyte,1,0,1
metprolol,1,0,1
caffeine/ergotaminetartrate,1,0,1
chloride-106,1,0,1
potassium-4.1,1,0,1
lisinopril/hctz,1,0,1
ptu-sulfonate,1,0,1
methylenedioxymeth-amphetamine,1,0,1
dihydroxyvitamind.,1,0,1
bisoprolol/hctz,1,0,1
sgim,1,0,1
augustifolia,1,0,1
torvastatin,1,0,1
propafenone(75,1,0,1
acp-asim,1,0,1
.chuanhua,1,0,1
cefh,1,0,1
elasnaoui,1,0,1
sulfanilamides,1,0,1
gentamicinsulphate,1,0,1
llantrisant,1,0,1
eukiefferiella,1,0,1
semivirens,1,0,1
lumbricillus,1,0,1
ancylus,1,0,1
limnius,1,0,1
dinornis,1,0,1
securityscheme,1,0,1
zibra,1,0,1
minjianshehui,1,0,1
1-remdesivir,1,0,1
2-lopinavir/ritonavir,1,0,1
3-umifenovir,1,0,1
1-baricitinib,1,0,1
3-camostat,1,0,1
1-chloroquine,1,0,1
2-ribavirin,1,0,1
4-nitazoxanide,1,0,1
2-pentaglobin,1,0,1
1-tocilizumab,1,0,1
3-bevacizumab,1,0,1
1-anakinra,1,0,1
lida,1,0,1
pilosal.,1,0,1
luteoside,1,0,1
dicaffeoylquinicacids,1,0,1
.zonulin,1,0,1
ravalet,1,0,1
tricore,1,0,1
collagenglycosaminoglycan,1,0,1
g-glutamyl-p-nitroanilide,1,0,1
leukotrienase,1,0,1
smethyl-l-cysteine,1,0,1
"1,2-dichloroethylenethiolate",1,0,1
thioacylated,1,0,1
b-chloroalanine,1,0,1
a-methyl,1,0,1
slic3r,1,0,1
drugsalbendazole,1,0,1
mper-cholesterol,1,0,1
.sp-d,1,0,1
skillcell,1,0,1
manorhamilton,1,0,1
nri,1,0,1
treisman,1,0,1
irvinyalom,1,0,1
brugar,1,0,1
visel,1,0,1
syngamosis,1,0,1
gorakhpur,1,0,1
nslpcd,1,0,1
tipo,1,0,1
periodo,1,0,1
ceim,1,0,1
fl-agonist,1,0,1
fl2-agonist,1,0,1
~l-agonist,1,0,1
boobis,1,0,1
lysine-vasopressin,1,0,1
nitrogen-saturated,1,0,1
allopurinoi,1,0,1
ailopurinol,1,0,1
f]flutemetamol,1,0,1
c]ketoprofen,1,0,1
aminoacids412,1,0,1
3-(s)-tetrahydrofuranylcarbamate,1,0,1
ezekiel,1,0,1
epoprostin,1,0,1
apyrene,1,0,1
cerithiacea,1,0,1
rhinoclauis,1,0,1
jaquinot,1,0,1
cyclophoracea,1,0,1
telescopium,1,0,1
potamidid,1,0,1
4-methylumbeiliferone,1,0,1
jader,1,0,1
4-hydroxyzuclomiphene,1,0,1
.clomiphene,1,0,1
válvula,1,0,1
hiperuricemia,1,0,1
sugarcholesterol,1,0,1
188alcian,1,0,1
latide,1,0,1
spiegelmers,1,0,1
milan-malpensa,1,0,1
tyramine-biotin,1,0,1
triax,1,0,1
elson,1,0,1
calciumphosphonate,1,0,1
lincei,1,0,1
fucoidan-selectin,1,0,1
3clprotease,1,0,1
porokeratosis,1,0,1
mibelli,1,0,1
photochemotherapy,1,0,1
losartan-an,1,0,1
ang-(1-7)-mas,1,0,1
cosenza,1,0,1
sumtriptan,1,0,1
nasulin,1,0,1
preservatives,1,0,1
f-sodiumfluoride,1,0,1
obinutuzumab/venetoclax,1,0,1
wanshen,1,0,1
trimethoprimlmethotrexate,1,0,1
pheophtin,1,0,1
t-butylbenzene,1,0,1
1990/241,1,0,1
1990/250,1,0,1
isothiouronium,1,0,1
isothiuronium,1,0,1
ala-,1,0,1
cycbsporin,1,0,1
19901275,1,0,1
19901278,1,0,1
19901279,1,0,1
isosorbideesters,1,0,1
organo-chlorine,1,0,1
i-octanoll,1,0,1
1990/301,1,0,1
b2-adrenergic,1,0,1
mk-329,1,0,1
1990/321,1,0,1
siliculosus,1,0,1
crambin,1,0,1
taenicides,1,0,1
janso,1,0,1
noorani,1,0,1
macrolide/azalide,1,0,1
deka,1,0,1
bundesverband,1,0,1
hsa_circ_000,1,0,1
almir,1,0,1
pinewood,1,0,1
npc1cholesterol,1,0,1
prolinerich,1,0,1
cyd,1,0,1
deoxyribonucleotide,1,0,1
ftc-tp,1,0,1
5hydroxyuridine,1,0,1
mmf/mpa,1,0,1
duprasi,1,0,1
sao-m,1,0,1
thymosinα1,1,0,1
ofi,1,0,1
isopropyl-thiogalacto-pyranoside,1,0,1
3-mercaptoethanol,1,0,1
rigor,1,0,1
co-chaperone,1,0,1
sporicidin,1,0,1
coe-col-dcpep,1,0,1
ds6,1,0,1
p1=thrombopoietin,1,0,1
atine,1,0,1
puralichthys,1,0,1
etropius,1,0,1
m.mycetmatis,1,0,1
metrotexate,1,0,1
sodiumacetate-aceticacid-formalin,1,0,1
afrikatoon,1,0,1
2014.conclusionsolidarity,1,0,1
itw,1,0,1
antipneumococcalvaccine,1,0,1
ttm,1,0,1
bengo,1,0,1
pcv13vaccine,1,0,1
comfortis,1,0,1
1p26,1,0,1
2dl5,1,0,1
1p50,1,0,1
2-paracetamol,1,0,1
2p37,1,0,1
2p44,1,0,1
ofcholera,1,0,1
quinine-loaded,1,0,1
dfid-funded,1,0,1
gadarif,1,0,1
taenia,1,0,1
3p74,1,0,1
dha-piperaquin,1,0,1
artemeter-lumefantrin,1,0,1
4p4,1,0,1
4p16,1,0,1
4p23,1,0,1
4p45,1,0,1
4p59,1,0,1
ipt-sp,1,0,1
4p65,1,0,1
anti-triatomine,1,0,1
4p78,1,0,1
4p87,1,0,1
4p88,1,0,1
4p91,1,0,1
5p1,1,0,1
5p18,1,0,1
5p20,1,0,1
5p30,1,0,1
jazia,1,0,1
5p63,1,0,1
5p72,1,0,1
5p77,1,0,1
zaria-nigeria,1,0,1
6p3,1,0,1
6p11,1,0,1
post-doctoral,1,0,1
ci-95,1,0,1
zambiaazambian-german-swiss,1,0,1
mammograf,1,0,1
tellico,1,0,1
h-thymidine,1,0,1
aml-03,1,0,1
flamsa-melphalan,1,0,1
atg-dose,1,0,1
ciclosporin/methotrexate,1,0,1
ganciclovir/foscavir,1,0,1
cyklophosphamide,1,0,1
vidaza,1,0,1
azacitidin,1,0,1
cytorabine,1,0,1
bu/cy/atg,1,0,1
bendaeam,1,0,1
atl-pi,1,0,1
irradiation/cyclophosphamide,1,0,1
5-azazytidine,1,0,1
u+treo,1,0,1
radiation-cyclophosphamide,1,0,1
pa-mscs,1,0,1
adriamycin-based,1,0,1
myelostim,1,0,1
carbopec,1,0,1
fludarabine/cytarabine,1,0,1
pt-hdcy,1,0,1
upn#2,1,0,1
4-hydroxycyclophosphamide,1,0,1
bu-4,1,0,1
csa+metho,1,0,1
cbmtu,1,0,1
rapamicine-bortezomib,1,0,1
imipenem+amikacin,1,0,1
aureginosa,1,0,1
lenalidomidebased,1,0,1
qiu,1,0,1
hsa-mir-501-3p,1,0,1
hsa-mir-501,1,0,1
biflorans,1,0,1
vasopressin-analog,1,0,1
anakinraan,1,0,1
amyloid-β,1,0,1
"alpha-1,2mannosidase",1,0,1
anxiolyticand,1,0,1
eselectin,1,0,1
gemeinnützige,1,0,1
pulsarion,1,0,1
pulsartec,1,0,1
"1a,25dihydroxyvitamind3",1,0,1
pcr.dexamethasone,1,0,1
ramosmejia,1,0,1
cfa,1,0,1
4-hne,1,0,1
mythoxantrone,1,0,1
cyclospoline,1,0,1
aggrecanases,1,0,1
bapineuzimab,1,0,1
anti-glutamate,1,0,1
trimethoprim/sulfamethoxide,1,0,1
metronidazole-spiramycin,1,0,1
am-photericin,1,0,1
ampicillin/tetracycline,1,0,1
penicillin/aminoglycoside,1,0,1
anti-cystein,1,0,1
lantmaanenab,1,0,1
umbellatus,1,0,1
gp43,1,0,1
n99&ffp3,1,0,1
qantas,1,0,1
thou,1,0,1
certus,1,0,1
tpjk,1,0,1
rumoi,1,0,1
bisbenzimidazole-pyridine,1,0,1
imidazole-isoquinoline,1,0,1
fa10,1,0,1
esc-50,1,0,1
puskar,1,0,1
bhavin,1,0,1
antonii,1,0,1
navya,1,0,1
antiripening,1,0,1
a2-agonists,1,0,1
viviparae,1,0,1
rhopalosiphum,1,0,1
elatobium,1,0,1
metopolophium,1,0,1
drepanosiphumplatanoidis,1,0,1
elatobiumabietinum,1,0,1
phorodon,1,0,1
drepanosiphum,1,0,1
linarismedizinischeprodukte,1,0,1
peds-ce,1,0,1
oceana,1,0,1
revenge,1,0,1
diphenylfuranscompound2ab,1,0,1
okavango,1,0,1
mopane,1,0,1
selenium).nitrate,1,0,1
gr78,1,0,1
111chloroquine,1,0,1
thromboseprophylaxetherapie,1,0,1
degol,1,0,1
298hydrogenperoxide,1,0,1
riach,1,0,1
machismo,1,0,1
nsp15/tipiracil,1,0,1
guelin,1,0,1
tarangire,1,0,1
hlproline,1,0,1
denamarin,1,0,1
"aflatoxinb18,9epoxide",1,0,1
ir3535,1,0,1
theramex,1,0,1
maric,1,0,1
b-mercaptoethanal,1,0,1
selm,1,0,1
cromoglycates,1,0,1
minirotavirus,1,0,1
anni-frid,1,0,1
l-6,1,0,1
sulfur/selenium,1,0,1
kantrex,1,0,1
c.echo,1,0,1
damiot,1,0,1
4_3,1,0,1
preamantadine,1,0,1
pfi,1,0,1
gimet,1,0,1
shefrin,1,0,1
suto,1,0,1
hydroxychloroquinebest,1,0,1
icealcohol,1,0,1
mundaca-shah,1,0,1
baku,1,0,1
amined.~,1,0,1
nanosyn,1,0,1
ketamineàxylazine,1,0,1
5iododeoxyuridine,1,0,1
.gastrocnemius,1,0,1
zevallos,1,0,1
ccin,1,0,1
granulysinvaccine,1,0,1
chvirinov,1,0,1
netfabb,1,0,1
am1,1,0,1
lncr-,1,0,1
eggplant,1,0,1
kijimicin,1,0,1
phleomycins,1,0,1
r.bidens,1,0,1
sedeen,1,0,1
geske,1,0,1
usa).heparin,1,0,1
da142/2,1,0,1
-alpha-amanitin,1,0,1
adenosyl-l-methionin,1,0,1
cyp3a4).metoclopramide,1,0,1
catinat,1,0,1
antimimicyp,1,0,1
ebrt,1,0,1
keycyclophosphamide,1,0,1
7)/candesartan,1,0,1
g2m,1,0,1
(−)epigallocatechin-3-gallate,1,0,1
n-lysine,1,0,1
urea-tocreatinine,1,0,1
sodium-topotassium,1,0,1
fuerza,1,0,1
acs-nsqip,1,0,1
mg/day)/ritonavir,1,0,1
cotropin,1,0,1
pinephrine,1,0,1
kremp,1,0,1
pulin,1,0,1
roveti,1,0,1
konidari,1,0,1
cr=,1,0,1
prerna,1,0,1
[14c]dalbavancin,1,0,1
penicillin[pen^s,1,0,1
tetracyclineresistant,1,0,1
rifamycinlinezolid,1,0,1
vancomycina/teicoplanin,1,0,1
hippurate,1,0,1
bact/,1,0,1
meropenem-,1,0,1
p1787,1,0,1
citrofreshò,1,0,1
c.meloxicam,1,0,1
anthacycline,1,0,1
monochemotherapy,1,0,1
.caspofungin,1,0,1
caspofngin,1,0,1
idarubicin-cytarabine-etoposide,1,0,1
cytarabine/etoposide,1,0,1
/-fludarabine,1,0,1
mitoxatrone/etoposide/ara-c,1,0,1
aml11,1,0,1
daunorubicin/cytoside,1,0,1
aml16,1,0,1
idarubicin/,1,0,1
-flucytosine,1,0,1
erytromycine/ciprofloxacine,1,0,1
.georgia,1,0,1
rb007,1,0,1
winclove,1,0,1
antipneumococcus-igg,1,0,1
propofol/alfentanil/isoflurane/pancuronium,1,0,1
4)sildenafil,1,0,1
he-oxygen,1,0,1
systolodiastolic,1,0,1
remifentanilacid,1,0,1
mydazolam,1,0,1
-aprotinin,1,0,1
smithies,1,0,1
u).it,1,0,1
triglycerides,1,0,1
win-mdi,1,0,1
macklon,1,0,1
iiib-radiotherapy,1,0,1
doxorubicin-a,1,0,1
cefuroxima-axetil,1,0,1
cefpodoxima-proxetil,1,0,1
cefotiam-hexetil,1,0,1
.epimedium,1,0,1
biotin-eia,1,0,1
quisimos,1,0,1
ncr.it,1,0,1
ehn,1,0,1
pterophyllum,1,0,1
ranid,1,0,1
gly-pro-hyp,1,0,1
bioavailablevitamin,1,0,1
resistra,1,0,1
nimasa,1,0,1
s-nitrosoacetylpenicillamine,1,0,1
diazeniumdiolates,1,0,1
remdesivir-a,1,0,1
postpenicillin,1,0,1
esgaben,1,0,1
198sotrastaurin,1,0,1
125bortezomib,1,0,1
"89cp-690,550",1,0,1
dodek,1,0,1
africaoil,1,0,1
mineralocorticosteroid,1,0,1
kenia,1,0,1
autore,1,0,1
adrenoleucodistrofia,1,0,1
collegata,1,0,1
digitalispurpurea,1,0,1
aspirin/acetaminophen,1,0,1
bryostatins,1,0,1
pseudopterosins,1,0,1
hanson,1,0,1
cocozza,1,0,1
lacl,1,0,1
fkbp12-rapalog-frb,1,0,1
rapalog-frb,1,0,1
antiger,1,0,1
glycopolypeptide,1,0,1
galactal,1,0,1
levulinoate,1,0,1
glucosamines,1,0,1
phelamei,1,0,1
dazord,1,0,1
fkv,1,0,1
gudex,1,0,1
osoba,1,0,1
intagliata,1,0,1
pythia,1,0,1
safarnameh,1,0,1
pegivirusa-k,1,0,1
flumistr,1,0,1
oseltamivi,1,0,1
52-kda,1,0,1
dream,1,0,1
wipore,1,0,1
l.acetonitrile,1,0,1
abicam,1,0,1
glycinerich,1,0,1
petcm,1,0,1
ifn--2,1,0,1
isopropyl1-thio-b-d-galactopyranoside,1,0,1
matsen,1,0,1
β-mannanase,1,0,1
mannanase,1,0,1
ar.vitamind,1,0,1
allyl,1,0,1
corn-by,1,0,1
avizyme,1,0,1
rosalba,1,0,1
hpll,1,0,1
imani,1,0,1
adlina,1,0,1
simponi,1,0,1
velloso,1,0,1
vellum,1,0,1
kirsh,1,0,1
lba,1,0,1
topic?hydroxychloroquine,1,0,1
nf-inhibitor,1,0,1
catechol-amines,1,0,1
.gastrin,1,0,1
adrenocorticosteroids,1,0,1
n-mononitrosopiperazine,1,0,1
α2-antagonist,1,0,1
panthothenicacid,1,0,1
u26,1,0,1
seresnext50,1,0,1
nithi,1,0,1
streptokokkenangina,1,0,1
cefmenoxim,1,0,1
tetanus-antitoxin,1,0,1
cardioviren,1,0,1
gasbrand-gruppe,1,0,1
enterokokken-infektion,1,0,1
panblok-h1,1,0,1
panblok-h1/advax,1,0,1
-hydroxyprolinol,1,0,1
2͒,1,0,1
crack-cocaine,1,0,1
alpps,1,0,1
autorinnen/autoren,1,0,1
[3h]leucine,1,0,1
hydroxyamino,1,0,1
cisor,1,0,1
butyrophilin,1,0,1
butternut,1,0,1
ce1,1,0,1
oxacinhydrochloride,1,0,1
neuroretinitis,1,0,1
valatinib,1,0,1
isoptop,1,0,1
gvax-vakzinetherapie,1,0,1
onyvax-p-vakzinetherapie,1,0,1
provenge-vakzinetherapie,1,0,1
intravesikal,1,0,1
huland,1,0,1
thalidomidarm,1,0,1
ona,1,0,1
puncrens,1,0,1
obrv,1,0,1
glaucum,1,0,1
erythromycin-h,1,0,1
philipr.dormitzer,1,0,1
juniati,1,0,1
.pidotimod,1,0,1
tjc,1,0,1
lactophoricin,1,0,1
feliway,1,0,1
dacelo,1,0,1
juanita,1,0,1
epoeboa,1,0,1
ctsa,1,0,1
shennib,1,0,1
polysaccharide-proteinconjugate,1,0,1
interferon-b-1a,1,0,1
erkuş,1,0,1
normotest,1,0,1
sofosbuvirvelpatasvir-voxilaprevir,1,0,1
stefan,1,0,1
andon,1,0,1
atopaxar,1,0,1
z.it,1,0,1
20008,1,0,1
mmf/dexamethasone,1,0,1
iganephropathy,1,0,1
achra,1,0,1
podocins,1,0,1
cephalosporin(cephalothin,1,0,1
ganciclovir/acyclovir,1,0,1
metapher,1,0,1
pädagogischebiografie-,1,0,1
pädagogik,1,0,1
sozialpolitik,1,0,1
hypnotherapie,1,0,1
grudin,1,0,1
sinupretseem,1,0,1
tela-zol,1,0,1
eef1bc,1,0,1
rasirna,1,0,1
liposomes/lipoplexes,1,0,1
l'aspirine,1,0,1
acébutolol,1,0,1
énalapril,1,0,1
fafurazole,1,0,1
éthambutol,1,0,1
nadotrope,1,0,1
krippner,1,0,1
podophyllin-lösung,1,0,1
condylomatalata,1,0,1
verrucaevulgares,1,0,1
rodeo,1,0,1
vicerrector,1,0,1
demitri,1,0,1
suryatapa,1,0,1
ambidensovirus,1,0,1
inscv2-nsp12:vitaminb12,1,0,1
2016.oseltamivir,1,0,1
anti-cd18,1,0,1
dollardiplomacy,1,0,1
sogavare,1,0,1
femtocell,1,0,1
naxalites,1,0,1
naxal,1,0,1
binayaksen.,1,0,1
gatin,1,0,1
ramachandraguha,1,0,1
hari,1,0,1
khoj,1,0,1
prin-ciple,1,0,1
glutamatecysteine,1,0,1
alkhurma,1,0,1
betadineantiseptic,1,0,1
cholesterol-confrom,1,0,1
xank,1,0,1
cyp3a431,1,0,1
maryam,1,0,1
icsth,1,0,1
maskerine,1,0,1
bioi,1,0,1
bacitracyn,1,0,1
-eflornithine,1,0,1
praziquantel-based,1,0,1
amoxycillin/ampicillin,1,0,1
h-testosterone,1,0,1
h-17b-estradiol,1,0,1
htestosterone,1,0,1
hinojosa,1,0,1
sanatorium,1,0,1
leishmaniasis4.11,1,0,1
leishman,1,0,1
amhotericinb,1,0,1
amfotericinb,1,0,1
nicotinamidase,1,0,1
schistosomiasis4.12,1,0,1
praziquentel,1,0,1
pam3,1,0,1
ivermectinmda,1,0,1
aldendazol,1,0,1
vulcan,1,0,1
ciprofloxacin-doxycycline(c-d,1,0,1
d-eritadenine,1,0,1
katanga,1,0,1
anti-fasiola,1,0,1
hepaticaigg,1,0,1
loxioides,1,0,1
montmorency,1,0,1
baraboo,1,0,1
peduto,1,0,1
dayton,1,0,1
methy,1,0,1
elavl1,1,0,1
racil,1,0,1
ridine,1,0,1
luteolinoncotarget,1,0,1
ziziphusoxyphylla,1,0,1
nordwestand,1,0,1
ethylchloro-,1,0,1
apase,1,0,1
aceticacid/isopropanol,1,0,1
platinum-taxane,1,0,1
gem/cis,1,0,1
scheri,1,0,1
gluaminase,1,0,1
vegfr-inhibitor,1,0,1
octreoscans,1,0,1
sb,1,0,1
gemcap,1,0,1
gem-cap,1,0,1
braf-i/mek-inhibitor,1,0,1
mir-493,1,0,1
mir-199,1,0,1
/-n-acetylcysteine,1,0,1
mir-1185-5p,1,0,1
carboplatin/paclitaxel/41.4gy,1,0,1
d2-lymphadenectomy,1,0,1
lucifermids,1,0,1
camostat85,1,0,1
rampp,1,0,1
bovineiga,1,0,1
n48,1,0,1
levofloxacin(2,1,0,1
piperacillin+,1,0,1
lopinavir+,1,0,1
(2).hydroxychloroquine,1,0,1
~rypsin,1,0,1
indometha,1,0,1
t-interferon,1,0,1
finlay,1,0,1
.,1,0,1
ang1à7,1,0,1
pharmazeutisches,1,0,1
toxoid-pertussis,1,0,1
diphtheria-tetanustoxoid-pertussis,1,0,1
---remdesivir,1,0,1
strophen,1,0,1
kräf,1,0,1
term``vitamin,1,0,1
itamin,1,0,1
echinaceaangustifola,1,0,1
glycoconjugate,1,0,1
p-methylumbelliferyl,1,0,1
gm3,1,0,1
~4daptornycin,1,0,1
daptomydn,1,0,1
daptorn,1,0,1
daptorny.cin,1,0,1
nifedipine-rtv,1,0,1
telepráctica,1,0,1
dextromethorphan-guaifenesin,1,0,1
vp2ibdv,1,0,1
krdipeptide,1,0,1
cmv-dna,1,0,1
byin,1,0,1
adenogen,1,0,1
o-060,1,0,1
o-063,1,0,1
o-075,1,0,1
phosphayidylcholine,1,0,1
levo-throxine,1,0,1
protamine-sulfate,1,0,1
papionin,1,0,1
sagrada,1,0,1
lumigraph,1,0,1
cp-101,1,0,1
vol.31,1,0,1
[1]it,1,0,1
succinylcholineinduced,1,0,1
hexafluorine,1,0,1
magnesium-containing,1,0,1
glutethimide,1,0,1
nortripty-(3,1,0,1
"1,21-dihydroxyvitamind",1,0,1
liposome-based,1,0,1
dietaryndf,1,0,1
amilopectin,1,0,1
stachybroty,1,0,1
claw,1,0,1
telezhenko,1,0,1
ingvar,1,0,1
cheli,1,0,1
.methimazole,1,0,1
isserlis,1,0,1
menk,1,0,1
ifn-ls,1,0,1
cashmere,1,0,1
ndl-pcbs,1,0,1
17βoestradiol,1,0,1
chloramphenicolchloramphenicol,1,0,1
dl-pcbs,1,0,1
chlorpromazinechlorpromazine,1,0,1
zearalanol,1,0,1
dapsonedapsone,1,0,1
bisdorff,1,0,1
.liquorice,1,0,1
glycyrrhetinicacid3-o-glucuronide,1,0,1
willem,1,0,1
immunology,1,0,1
woorenogenin,1,0,1
antidiabetes,1,0,1
dec-albendazole,1,0,1
arsobal,1,0,1
mg/kg)-clarythromycine,1,0,1
azythromycine-chloroquine,1,0,1
riamet,1,0,1
monoaminealkaloid,1,0,1
maob,1,0,1
visimederi,1,0,1
.methotrexat,1,0,1
.mycophenolatmofetil,1,0,1
dimethylfumarat,1,0,1
4-aminochinoline,1,0,1
karanjicacid,1,0,1
5-acetyl,1,0,1
gluconate-impregnated,1,0,1
tymvpro/dub,1,0,1
asteroides,1,0,1
neostigmineglycopyrrolate,1,0,1
ace-2agonist,1,0,1
h]lysine,1,0,1
.diazepam,1,0,1
benzodiazepine/opioid,1,0,1
lithostatine,1,0,1
madhya,1,0,1
med4,1,0,1
ifosfamide/,1,0,1
bromedeoxyuridine,1,0,1
dietaryfat,1,0,1
weber-cockayne,1,0,1
gestatien,1,0,1
marviol,1,0,1
rifator,1,0,1
rifampioin,1,0,1
lzoniazid,1,0,1
izoniazid,1,0,1
atinine,1,0,1
enoxime,1,0,1
dnpamine,1,0,1
enoxamine,1,0,1
pulsat,1,0,1
antidextransucrase,1,0,1
raz,1,0,1
i-~cb.,1,0,1
lifeis,1,0,1
.ampicillin,1,0,1
hr2.it,1,0,1
prosigna/pam50,1,0,1
ihc4,1,0,1
glutaminebinding,1,0,1
2mt,1,0,1
lma®gastro,1,0,1
salicylated,1,0,1
o.25,1,0,1
mlv,1,0,1
imipenam-cilastatin,1,0,1
plp-ubiquitin-aldehyde,1,0,1
heptagon,1,0,1
pandemischevakzine,1,0,1
impfstrategie,1,0,1
oseltamivirkapseln,1,0,1
taobao2017,1,0,1
hr@10,1,0,1
ndcg@10hr@20,1,0,1
cirt,1,0,1
javanina,1,0,1
etanerceptthe,1,0,1
kolderup,1,0,1
omastrand,1,0,1
semme,1,0,1
brelin,1,0,1
gymnadenia,1,0,1
antiotensin1,1,0,1
rwfcm-cog,1,0,1
acacetin-7-o-[6,1,0,1
lydall,1,0,1
h]estradiol,1,0,1
h]verapamil,1,0,1
h]pyrilamine,1,0,1
h]biotin,1,0,1
h]-zidovudine,1,0,1
trail-r2,1,0,1
γsecretase,1,0,1
βsecretase,1,0,1
esrd-hd,1,0,1
p57,1,0,1
-fingolimod,1,0,1
dextromethorpha,1,0,1
dextrometorfane,1,0,1
benzodiazepinligand,1,0,1
paracetamolund,1,0,1
legalon,1,0,1
antiacethylcholinesterase,1,0,1
testosterone-tooestrogen,1,0,1
.gliflozins,1,0,1
calciumchannel,1,0,1
glanzel,1,0,1
rhizomaɵc,1,0,1
pbov1,1,0,1
apeglm,1,0,1
allerdingslagen,1,0,1
"4-aza-7,9dideazaadenosine",1,0,1
lowerin,1,0,1
quercetinderivatives4a-4o,1,0,1
florentino,1,0,1
levodopa-carbidopa,1,0,1
roget,1,0,1
pavarala,1,0,1
antibactericidal,1,0,1
atia,1,0,1
surfactantlavage,1,0,1
genauso,1,0,1
politikum,1,0,1
flogen,1,0,1
roro-type,1,0,1
zn-chelating,1,0,1
ceftirome,1,0,1
alphavax,1,0,1
.herbacetin,1,0,1
.helichrysetin,1,0,1
tetrahydrofolate,1,0,1
ceftriazona,1,0,1
trovafloxacino,1,0,1
grepafloxacino,1,0,1
lcanavanine,1,0,1
heo,1,0,1
thatm,1,0,1
karma-as,1,0,1
swain,1,0,1
nacarbonate,1,0,1
putrajaya,1,0,1
.apilimod,1,0,1
anti-adrenergics,1,0,1
cefozopran,1,0,1
pvi/,1,0,1
lrlrgg,1,0,1
dimar,1,0,1
65a,1,0,1
dicumyl,1,0,1
obelia,1,0,1
limoges,1,0,1
proplatelet,1,0,1
hmk,1,0,1
doxin,1,0,1
onzin,1,0,1
prolamines,1,0,1
r-residue,1,0,1
topoi,1,0,1
strim1,1,0,1
hplc.cellulase,1,0,1
hipericum,1,0,1
diabody,1,0,1
-cysteines,1,0,1
microcinb17,1,0,1
microcinb,1,0,1
baxinhibitor,1,0,1
bax-inhibitor,1,0,1
lactisl5,1,0,1
lactobacillusplantarumb-495-d,1,0,1
g.vaginalis,1,0,1
bifidobacteriumbrevea28,1,0,1
salviaofficinalistea,1,0,1
3-nitrotyrosine,1,0,1
erg7p,1,0,1
cyclamens,1,0,1
parp-6,1,0,1
apamine,1,0,1
nibrin,1,0,1
acetyl-lcarnitine,1,0,1
palmitoylthiosterase,1,0,1
pnu-120596,1,0,1
beta-amyloid1,1,0,1
dahk,1,0,1
protein-thiol,1,0,1
niehs,1,0,1
warfarin/vitamin,1,0,1
epac-1,1,0,1
aceticacids,1,0,1
tatinterferon-c,1,0,1
interferon-c,1,0,1
acrp30,1,0,1
oxoacids,1,0,1
cyp74a,1,0,1
pectinesterase,1,0,1
apricotpectinesterase,1,0,1
6-azathiothymine,1,0,1
hemeperoxidases,1,0,1
chicoricacid,1,0,1
abt-a,1,0,1
artanorin,1,0,1
sugarlectin,1,0,1
poly-myxinb.,1,0,1
douglanin,1,0,1
thioreodoxin,1,0,1
betaferonò,1,0,1
anti-imidazolone,1,0,1
b2-adrenoceptor,1,0,1
zinterol,1,0,1
5-fluorouracyl,1,0,1
porin1,1,0,1
tora,1,0,1
ptp-da,1,0,1
glutamyl-cysteine,1,0,1
salviadesoleana,1,0,1
protamine-heme,1,0,1
protamine-hemin,1,0,1
rhda/glutathione,1,0,1
grantpnii,1,0,1
semaphorin,1,0,1
.alfaxalone,1,0,1
phaxan,1,0,1
col-19,1,0,1
bertholet,1,0,1
.halothane,1,0,1
syringeb,1,0,1
infanticide,1,0,1
ifcyanide,1,0,1
bcma,1,0,1
proseva,1,0,1
dexmedetomidine-based,1,0,1
lipovenoes,1,0,1
emodule,1,0,1
znpp,1,0,1
fastrach,1,0,1
mers-hr2p.more,1,0,1
6-hb,1,0,1
trachoma-be,1,0,1
յ1,1,0,1
disoproxil-emtricitabine-lopinavir/ritonavir,1,0,1
josd,1,0,1
quitin,1,0,1
barkeri,1,0,1
didymostilbe,1,0,1
aphid.•,1,0,1
glaucostegus,1,0,1
boreophyllum,1,0,1
securidaca,1,0,1
vzfnm,1,0,1
pegfilgastrim,1,0,1
peg-filgastrim,1,0,1
rifabutin/metronidazole/clarithromycin,1,0,1
bendamustine/rituximab,1,0,1
cisplatin/cytarabine/dexamethasone,1,0,1
ifosfamide/etoposide/epirubicin,1,0,1
aminopenicillin-spiramycin,1,0,1
thearvac®vaccine,1,0,1
cy-clophosphamide,1,0,1
11deoxycorticosterone,1,0,1
plasticine,1,0,1
3:13,1,0,1
doped,1,0,1
quanidine-hcl,1,0,1
diezolivan,1,0,1
citrinot,1,0,1
umifenovir:(3,1,0,1
giuseppede,1,0,1
calvinschwabe,1,0,1
"vitamin1,25(oh)2d-calcitriol",1,0,1
kragerøtablettproduksjon,1,0,1
cefalosporiner,1,0,1
diaminobentizine,1,0,1
hsp26,1,0,1
hegedus,1,0,1
phenylglycine-01,1,0,1
sucharitha,1,0,1
baflomycin,1,0,1
prolineglycine-proline,1,0,1
nagluconate,1,0,1
α1-anti-trypsin,1,0,1
4-phenylbutyrate,1,0,1
hepes/bumetanide,1,0,1
gluconate-,1,0,1
[s]methionine,1,0,1
camp-agonists,1,0,1
calomel,1,0,1
peglite,1,0,1
xbp-1u,1,0,1
insulin/oral,1,0,1
slc26,1,0,1
-biotin,1,0,1
camp/forskoline,1,0,1
parivibrent,1,0,1
krgas,1,0,1
cpg-dinucleotide,1,0,1
thioureas,1,0,1
ciprofloxacin.2,1,0,1
palivizumab(synagis,1,0,1
basilea,1,0,1
devilbiss,1,0,1
vitnutr,1,0,1
varrin,1,0,1
ciclosporin±basiliximab,1,0,1
ekt,1,0,1
eur-1008,1,0,1
prandially,1,0,1
igo,1,0,1
enschede,1,0,1
bard1,1,0,1
tip60,1,0,1
doe/ber,1,0,1
abs075,1,0,1
pioglitazone-cisd2,1,0,1
aflatoxin-oxidase,1,0,1
abs109,1,0,1
alpha-galactosidase,1,0,1
carbonylated,1,0,1
n-ace,1,0,1
abs190,1,0,1
abs195,1,0,1
protabank,1,0,1
methyllysine,1,0,1
deoxyuridines,1,0,1
ecumicin,1,0,1
rufomycin,1,0,1
kizilboga,1,0,1
ar1-progesterone,1,0,1
clofarabine-tp,1,0,1
vidarabine-tp,1,0,1
cytarabine-tp,1,0,1
gemcitabine-tp,1,0,1
isethionate-sulfite,1,0,1
egcg-tryconjugate,1,0,1
m53,1,0,1
hepb.hpv,1,0,1
adip,1,0,1
coxsackie-virusa16,1,0,1
igv,1,0,1
z-toxin,1,0,1
8-toxin,1,0,1
xuetin,1,0,1
hydroxychloroquine-levels,1,0,1
hydroxychloroquine.,1,0,1
80remdesivir,1,0,1
82remdesivir,1,0,1
n-nitrosonornicotine,1,0,1
metha-nol,1,0,1
dichlorides,1,0,1
gc3gc,1,0,1
yutong,1,0,1
ivig/aspirin,1,0,1
rhinolipus,1,0,1
mi-ba,1,0,1
3-nitropropionic,1,0,1
3nitropropionicacid,1,0,1
aristolochene,1,0,1
asperparalines,1,0,1
culmorin,1,0,1
isotrichodermin/isotricodermol,1,0,1
naphtho-γ-pyrones,1,0,1
nigragillin,1,0,1
orlandin,1,0,1
pr-toxin,1,0,1
sambucinol,1,0,1
trichordermin,1,0,1
xanthomegnin,1,0,1
fusarin,1,0,1
zinedine,1,0,1
phenazines,1,0,1
okaramines,1,0,1
asperenone,1,0,1
orthosporin,1,0,1
salamii,1,0,1
albofungin,1,0,1
kendomycin,1,0,1
emersonii,1,0,1
lypolitica,1,0,1
betalin,1,0,1
angiocatheter,1,0,1
barcelo,1,0,1
r&d.,1,0,1
mars,1,0,1
nup2,1,0,1
basta,1,0,1
croston,1,0,1
hemalog,1,0,1
melitaea,1,0,1
/lcysteine,1,0,1
trimethoprirrr/sulfamethoxazole,1,0,1
tetamman,1,0,1
fentanylmidazolam,1,0,1
pularin,1,0,1
rfcn,1,0,1
.thioridazine,1,0,1
zinc-bacitracin,1,0,1
lupamin,1,0,1
trifluoracetates,1,0,1
syrene,1,0,1
ce-uv,1,0,1
uno,1,0,1
lidose-isotretinoin,1,0,1
minecorref,1,0,1
.sacituzumab,1,0,1
m102.4,1,0,1
non-dexmedetomidine,1,0,1
pololu,1,0,1
benem,1,0,1
atica,1,0,1
densenet-169,1,0,1
pre-vitamind3,1,0,1
[52].vitamind3,1,0,1
guang,1,0,1
gatesone,1,0,1
triaxial,1,0,1
convs,1,0,1
anatolii,1,0,1
siliconeoils,1,0,1
cyclomethicone,1,0,1
fructusschisandrae-containingcream,1,0,1
.nitrite,1,0,1
lovinavir-ritanavir,1,0,1
fp¢,1,0,1
rotavirusavaccine,1,0,1
commission,1,0,1
argininecga,1,0,1
grenada.•,1,0,1
amedica,1,0,1
pordata,1,0,1
huggin,1,0,1
anakinra/,1,0,1
lepidineb,1,0,1
2.43å.curcumin,1,0,1
keflavãŋk,1,0,1
conacyt,1,0,1
vincent,1,0,1
d.costanzo,1,0,1
ld-iii,1,0,1
antihistaminikaempfohlen,1,0,1
bayanaty,1,0,1
18it,1,0,1
.ibuprofen,1,0,1
daratumumab-dexamethasone,1,0,1
daratumumab-dexamethasone-venetoclax,1,0,1
carfilzomibpomalidomide-dexamethasone,1,0,1
pomalidomide-dexamethasone,1,0,1
hartz,1,0,1
peg-lipid,1,0,1
trypstatin,1,0,1
theravada,1,0,1
bezoektoer,1,0,1
tweede,1,0,1
4h/silver,1,0,1
sapros,1,0,1
bites,1,0,1
gitr,1,0,1
sharpea,1,0,1
naltrexone-glucuronide,1,0,1
β-naltrexol,1,0,1
methadone/fluconazole,1,0,1
kaurna,1,0,1
josephwu,1,0,1
4-methylumbelliferyla-mannoside,1,0,1
kostas,1,0,1
antonis,1,0,1
samarasantonis,1,0,1
-mercaptoethanol,1,0,1
≥90,1,0,1
ucloxacilline,1,0,1
milbémycinepraziquantel,1,0,1
pegorie,1,0,1
lipin1,1,0,1
vit.,1,0,1
25(oh)2vit,1,0,1
na-nitroprussid,1,0,1
rt.remifentanil,1,0,1
icg-dt,1,0,1
rituximab-methotrexate,1,0,1
(pegifn)/ribavirin,1,0,1
gprt,1,0,1
trimethoprim(tmp)/sulfamethoxazol(smx,1,0,1
bac+,1,0,1
-disulfiram,1,0,1
moti,1,0,1
vestfold,1,0,1
liver-the,1,0,1
"isomerα-1,2",1,0,1
ascension,1,0,1
politecnico,1,0,1
martichonok,1,0,1
miraziridine,1,0,1
symploca,1,0,1
schinol,1,0,1
myrcialingua,1,0,1
lichostatinal,1,0,1
mefuparib,1,0,1
repur,1,0,1
ethene,1,0,1
gbv-d,1,0,1
choanaalpoliep,1,0,1
neuspiramide,1,0,1
gunstig,1,0,1
laryngoscopie,1,0,1
aneurysma,1,0,1
rinoscleroom,1,0,1
septumcrista,1,0,1
septumdeviatie,1,0,1
snurken,1,0,1
breedspectrumantibioticum,1,0,1
audiometer,1,0,1
klap,1,0,1
cerumenprop,1,0,1
cholesteatoom,1,0,1
elektro-audiometrie,1,0,1
facialisplastiek,1,0,1
cosmetische,1,0,1
facialisspasme,1,0,1
impedantiemetrie,1,0,1
myringosclerose,1,0,1
auricularis,1,0,1
othematoom,1,0,1
sigmoideus,1,0,1
.patisiran,1,0,1
fuerzas,1,0,1
.ceftolozane/tazobactam,1,0,1
dildine,1,0,1
adscs&,1,0,1
tacro/mtx,1,0,1
cyclosporinemia,1,0,1
atorvastatin-based,1,0,1
c.parapsilosis,1,0,1
doputamine,1,0,1
vzv/,1,0,1
us22-1/us25-1/us25-,1,0,1
anthracicline,1,0,1
cmv-hc,1,0,1
tbi/etoposide/cyclophosphamide,1,0,1
fotoemustine,1,0,1
decitabinecan,1,0,1
fenale,1,0,1
atg/fludarabine/busilvex,1,0,1
dli/rituximab,1,0,1
mha,1,0,1
astragals,1,0,1
γlactams,1,0,1
cd10,1,0,1
ecto-pk,1,0,1
fluconazole)in,1,0,1
carbolicacid,1,0,1
-alcohols,1,0,1
-halogens,1,0,1
-hydrogenperoxide,1,0,1
g.it,1,0,1
5-fluorouracil-13b,1,0,1
cilastatinsodium,1,0,1
pericarpiumtrichosanthis,1,0,1
kaletra/ribavirin,1,0,1
rinses,1,0,1
cepha-losporins,1,0,1
ahpa-val,1,0,1
benzo[c]phenantridines,1,0,1
a-aminomethylketones,1,0,1
pemphigus,1,0,1
sl-covzxc21,1,0,1
gračanica,1,0,1
kupres,1,0,1
radixkorlevici,1,0,1
prososthe-,1,0,1
novasome,1,0,1
tenofovir-loading,1,0,1
γ-radiation,1,0,1
doxorubicin-conjugated,1,0,1
haybittle-peto,1,0,1
post-atenolol,1,0,1
c47,1,0,1
rrrα-tocopherol,1,0,1
usamacrolides,1,0,1
0.05.dapagliflozin,1,0,1
bayerdiastix,1,0,1
dexmedetomidine(10,1,0,1
citramalate,1,0,1
urolithasis,1,0,1
nu18,1,0,1
nu41,1,0,1
ot04,1,0,1
lpsg,1,0,1
shaina,1,0,1
cassiaauriculata,1,0,1
etoposide-and,1,0,1
rapa/csa,1,0,1
ganciclovir/cytovene,1,0,1
tacrolimus/mmf/pred,1,0,1
anti-galab,1,0,1
daclizumab+tacrolimus,1,0,1
edip,1,0,1
ciclospoline,1,0,1
endostatin/fc,1,0,1
gwenola,1,0,1
rapamycin/steroid,1,0,1
tenofovir/adefovir,1,0,1
velorum,1,0,1
kereta,1,0,1
perusahaanlistrik,1,0,1
karakasidis,1,0,1
pu39,1,0,1
oligodeoxyri,1,0,1
potassi,1,0,1
dostatin,1,0,1
rebuttals,1,0,1
dehydrobenzperidol,1,0,1
succinylproline,1,0,1
arthrogen-cia,1,0,1
isopropyl-b-d-thiogalacto-pyranoside,1,0,1
propranolol~.hntieh,1,0,1
propranololeffekt,1,0,1
beta-adrene,1,0,1
verrucaevulgaresidentisch,1,0,1
verrucaevu]garesidentisch,1,0,1
trichlorosilane,1,0,1
psoralin,1,0,1
ciclosporintherapie,1,0,1
bulic,1,0,1
-aristolochicacid,1,0,1
6sofosbuvir,1,0,1
7umifenovir,1,0,1
csdmards,1,0,1
antitnfα,1,0,1
delcare,1,0,1
andrha,1,0,1
roflumilastat,1,0,1
k.k.)romosozumab,1,0,1
atg6/beclin-1,1,0,1
3h-glueosamine,1,0,1
ah-glucosamine,1,0,1
mrsa-linezolid,1,0,1
poheparin,1,0,1
cluviat,1,0,1
pri-mir165a,1,0,1
winum,1,0,1
prokai-tatrai,1,0,1
mariarosaria,1,0,1
miloso,1,0,1
iodinepovacrylex-alcohol,1,0,1
surface-modified,1,0,1
thiolcapped,1,0,1
ns2b/ns3,1,0,1
ugandanns3,1,0,1
centrosomal,1,0,1
cep63,1,0,1
dtx4,1,0,1
bis-tris,1,0,1
mir-17-3p,1,0,1
ezrin-radixin-moesin,1,0,1
chinidin-das,1,0,1
agent,1,0,1
shame,1,0,1
aziz,1,0,1
legasthenia,1,0,1
e-grasp,1,0,1
glutamine-725,1,0,1
gt-4,1,0,1
dlimonene,1,0,1
40a,1,0,1
cyr-coats,1,0,1
chloride/iodide,1,0,1
chloride-ion,1,0,1
vertexpharmaceuticals,1,0,1
cf.cysteamine,1,0,1
vx-445,1,0,1
pol6014,1,0,1
lumacaftor/,1,0,1
sri-41315,1,0,1
galliumnitrate,1,0,1
metapneumo-,1,0,1
dipropyltriamine,1,0,1
tixcarcillin-clavulanic,1,0,1
r.mucilaginosa,1,0,1
-omalizumab,1,0,1
zolin,1,0,1
monestrol,1,0,1
nemastil,1,0,1
psoter,1,0,1
(2):263,1,0,1
omega-regular,1,0,1
bachillerato,1,0,1
aba-n-acetyltyrosine,1,0,1
busulfan/fludarabine-based,1,0,1
interferon-alpha-präparaten,1,0,1
antracyclins,1,0,1
amphotericinb/,1,0,1
dihydropyrimidin,1,0,1
carboplatin/docetaxel,1,0,1
calmette-guerin,1,0,1
lhqwclhqwc,1,0,1
jhqggjhqgg,1,0,1
sfjdcsfjdc,1,0,1
trqitrqi,1,0,1
xypixypi,1,0,1
sfisfi,1,0,1
laclau,1,0,1
ppsofosbuvir,1,0,1
amlodipine-indapamide,1,0,1
telmisartan/amlodipine+,1,0,1
caniano,1,0,1
βlactam,1,0,1
hpvadl185,1,0,1
granick,1,0,1
iodosorb,1,0,1
mitchi,1,0,1
l.maceachernii,1,0,1
m.mucogenicum,1,0,1
htm04,1,0,1
bexsero®vaccine,1,0,1
bexsero®,1,0,1
cephalosprin,1,0,1
carapenems,1,0,1
xylazine-alfentanylmidazolam,1,0,1
sufentanilmedetomidine,1,0,1
trimethoprim-sulfamethasaxole,1,0,1
vancomycin-use,1,0,1
aplisol,1,0,1
pyrazinamide/rifampin,1,0,1
100imipenem,1,0,1
100sulfamethoxazole,1,0,1
100roxithromycin,1,0,1
85clarithromycin,1,0,1
55clindamycin,1,0,1
100levofloxacin,1,0,1
tamiflu-prodrug,1,0,1
100amantadine100rimantadine,1,0,1
sprayroq,1,0,1
dibutyl-pi4p,1,0,1
valdivia,1,0,1
yakov,1,0,1
ringert,1,0,1
erythromycinoder,1,0,1
privatkleidung,1,0,1
pediküre,1,0,1
spinale,1,0,1
lagerfrist,1,0,1
kornea,1,0,1
ophthalmika,1,0,1
schutzhandschuhe,1,0,1
radiopharmakaanwendung,1,0,1
mundhöhlenantiseptik,1,0,1
hydroxynaphthol,1,0,1
armigeres,1,0,1
eomenocanthus,1,0,1
troglotrema,1,0,1
recombinantimmunoglobulin,1,0,1
fusaricidin,1,0,1
thioacid,1,0,1
allocholesterol,1,0,1
hpt-110,1,0,1
josan,1,0,1
errata-vol,1,0,1
omim,1,0,1
när,1,0,1
hepariu,1,0,1
evg,1,0,1
medischethische,1,0,1
b.fluconazole,1,0,1
sirna-r-fi,1,0,1
il-6/il-12,1,0,1
scd.l-glutamine,1,0,1
fingertip,1,0,1
azz,1,0,1
cyte,1,0,1
sitosterole,1,0,1
-sitosterol,1,0,1
formomonetin,1,0,1
herzwirksame,1,0,1
condurangin,1,0,1
carboxyls,1,0,1
panax-ginseng-pfl,1,0,1
aescine,1,0,1
smilax-saponine,1,0,1
digitoxinmenge,1,0,1
prodrug-,1,0,1
adoniskraut,1,0,1
adonidis,1,0,1
maiglöckchenkraut,1,0,1
convallariae,1,0,1
drimiaebulbus,1,0,1
a2a,1,0,1
sodium-iodine,1,0,1
business,1,0,1
ceren,1,0,1
nv-f.,1,0,1
nv-,1,0,1
mimidine,1,0,1
satcher,1,0,1
kardaş,1,0,1
kalipeni,1,0,1
447bifidobacterium,1,0,1
paliurus,1,0,1
amphibine,1,0,1
zaojiu,1,0,1
rifins,1,0,1
clag9,1,0,1
pfsarlp,1,0,1
barabino,1,0,1
mitoseltamivir,1,0,1
arb/silva,1,0,1
smithella,1,0,1
piphillin,1,0,1
gatsonis,1,0,1
pregunta,1,0,1
youngprapakorn,1,0,1
oxymetholon,1,0,1
elastasegen,1,0,1
lassavirus,1,0,1
teleproctoring,1,0,1
who-unicef-lancet,1,0,1
i#$,1,0,1
amsacrinhydrochlorid,1,0,1
7-hydroxymethotrexat,1,0,1
carbamat,1,0,1
rouracil,1,0,1
pemetrexedvitaminb,1,0,1
diabetogene,1,0,1
aminoglutethimid,1,0,1
steroidaler,1,0,1
bleomycinsulfat,1,0,1
procarbazin-hcl,1,0,1
metozolomid,1,0,1
topoisomerase-i-inhibitor,1,0,1
hydroxyflutamid,1,0,1
dihydrotestosteron,1,0,1
gestonoroncaproat,1,0,1
reinius,1,0,1
e2aa,1,0,1
hcvpp,1,0,1
vx-950/telaprevir/tvr,1,0,1
ul80,1,0,1
trypsin/chymotrypsin,1,0,1
gergen,1,0,1
paclitaxel-and,1,0,1
carboplatininduced,1,0,1
d-galactopyranoside,1,0,1
devilpapillomavirus,1,0,1
metzler,1,0,1
brd2,1,0,1
tle5,1,0,1
ipatasertib,1,0,1
rhodaminephalloidin,1,0,1
.99).prednisolone,1,0,1
doxorubicinloaded,1,0,1
107azithromycin,1,0,1
(88).colchicine,1,0,1
kotanus,1,0,1
fametoxazol,1,0,1
palmarplantar,1,0,1
anti-il4/il13,1,0,1
(24).mepolizumab,1,0,1
/3-glucanase,1,0,1
anti-αΐ-trypsin,1,0,1
a-invertase,1,0,1
selenium-saturatedbovinelf,1,0,1
hemovigilance,1,0,1
ethylchloride,1,0,1
mims,1,0,1
vijayasekeran,1,0,1
chlorampheni-co1,1,0,1
vannevar,1,0,1
advax-adjuvanted,1,0,1
.donepezil,1,0,1
c-methoxy]donepezil,1,0,1
c-protein,1,0,1
onchoeerciasis,1,0,1
bron-,1,0,1
top5,1,0,1
top7,1,0,1
cyclic-imide,1,0,1
md2,1,0,1
hsa-mir-4661-3p,1,0,1
hsa-mir-939,1,0,1
mirnahsa-mir-4661-3p,1,0,1
act‖,1,0,1
murad,1,0,1
hcqs+oseltamivir-5,1,0,1
ritonavir-1,1,0,1
oseltamivir-1,1,0,1
aminoacids[aa])-p(446aa)-m(366aa)-f(619,1,0,1
estergroup,1,0,1
terrene,1,0,1
bazluhrmann,1,0,1
cicilline,1,0,1
.heamophilus,1,0,1
remdesivir).it,1,0,1
miit,1,0,1
-asparaginase,1,0,1
paclitaxel/etoposide,1,0,1
plecanatide,1,0,1
interferon-v,1,0,1
tssmn,1,0,1
candersartan_cilexetil,1,0,1
operatherm,1,0,1
toplum,1,0,1
arg103cys,1,0,1
acid/alcohol,1,0,1
luciferin/methylumbelliferone,1,0,1
iodophenol,1,0,1
tilleman,1,0,1
streptomycin/nil,1,0,1
echo-adenovirus,1,0,1
orasure,1,0,1
2-methyl-6nitroquinoline,1,0,1
vancomycin•,1,0,1
tb.isoniazid,1,0,1
itraconazole•,1,0,1
b.-caspofungin,1,0,1
g-aotin,1,0,1
seifried,1,0,1
epinephrine-and,1,0,1
ptatelet,1,0,1
hexabrix,1,0,1
dermatans,1,0,1
iioprost,1,0,1
bra~,1,0,1
ketaminehydrochlorid,1,0,1
eicaprost,1,0,1
flourography,1,0,1
anticoagalated,1,0,1
dihydreergotamine,1,0,1
vincristine/prednisolone,1,0,1
plstelet,1,0,1
antimissile,1,0,1
clitoridectomy,1,0,1
narcotraf,1,0,1
plutocracy,1,0,1
trust/thet,1,0,1
virucidechemical,1,0,1
(+)-calanolide,1,0,1
thia-calanolide,1,0,1
hexane-isopropanol,1,0,1
chaucer,1,0,1
carpobrotus,1,0,1
heterophylla,1,0,1
tricarb,1,0,1
da-bundesgesundheitsbl-gesundheitsforsch,1,0,1
b-globulin,1,0,1
sine1aa,1,0,1
(d2).it,1,0,1
tb-drug,1,0,1
dalam,1,0,1
achmad,1,0,1
operasi,1,0,1
bukalapak,1,0,1
no-regret,1,0,1
nbace,1,0,1
uat,1,0,1
ubl.,1,0,1
sulfa-drugs,1,0,1
boerhavia,1,0,1
rheumtanguticummaxim,1,0,1
taraxacumformosanum,1,0,1
indax,1,0,1
deutschlands,1,0,1
aktienindex,1,0,1
bulbula,1,0,1
sirna-tat,1,0,1
sulfame,1,0,1
dapsone-trimetho-633,1,0,1
clindarnycin/primaquine,1,0,1
dapsone-pyrarnethamine,1,0,1
scalia,1,0,1
nudeosides,1,0,1
isoprinisone,1,0,1
sichuan,1,0,1
laurine,1,0,1
e126,1,0,1
glycyrrhiza-derivedanti-hcv,1,0,1
mercurio,1,0,1
kaa-iya,1,0,1
idrossicloroquine,1,0,1
aérea,1,0,1
muhm,1,0,1
hlervtgfnqidsdkvyddgapp,1,0,1
marcelina,1,0,1
lofreq,1,0,1
bromocr,1,0,1
sc2vaccine,1,0,1
prednefrin,1,0,1
sterofrin,1,0,1
cooximeter,1,0,1
fluoroura~.il,1,0,1
13-aetin,1,0,1
gig,1,0,1
compound22a,1,0,1
montana,1,0,1
jalinoos,1,0,1
caliph,1,0,1
sandile,1,0,1
anti-cd13,1,0,1
rd-dextran,1,0,1
mannopyranoside,1,0,1
rotavir,1,0,1
venezuela-in,1,0,1
ribavirin-5′,1,0,1
15-kda,1,0,1
toroviruspol1b,1,0,1
biolyte,1,0,1
mariaabreu,1,0,1
ofodile,1,0,1
uexans,1,0,1
(-)-gossypol,1,0,1
pinanamine,1,0,1
azaindole,1,0,1
cefotaxime-and,1,0,1
piperacillin/tazobactamresistant,1,0,1
afp-gc,1,0,1
jianpijiedudecoction,1,0,1
d-meld,1,0,1
enpd,1,0,1
microrna-98,1,0,1
diosminhesperidin,1,0,1
cbde,1,0,1
alveococcus,1,0,1
hemihepataectomy,1,0,1
sdd-gsr,1,0,1
rh-endostatin,1,0,1
lauromacrogol,1,0,1
endovascualr,1,0,1
tel/,1,0,1
pentachloride,1,0,1
lichtenstein,1,0,1
t.gvenetadze,1,0,1
kryshen,1,0,1
rouxan-y,1,0,1
yılmaz,1,0,1
fengqi,1,0,1
hemorrhoidopexy,1,0,1
aug1,1,0,1
thetc07,1,0,1
f]atorvastatin-pet,1,0,1
artemisine,1,0,1
ribavirinedanminder,1,0,1
antracosilicose,1,0,1
apnoe,1,0,1
byssinose,1,0,1
cardiotonica,1,0,1
rookstop,1,0,1
hoest,1,0,1
neomacroliden,1,0,1
amoxyclavulaanzuur,1,0,1
tracheatumoren,1,0,1
lucha,1,0,1
solbakk,1,0,1
7-aminomethylcoumarin,1,0,1
albidus,1,0,1
lysozyme-dextran,1,0,1
ns2b(48,1,0,1
property,1,0,1
sting-sorafenib,1,0,1
hc-cs,1,0,1
isotherm,1,0,1
haplotypegg,1,0,1
vadar,1,0,1
halobium,1,0,1
monovalency,1,0,1
oligovalency,1,0,1
δ-peptide,1,0,1
pyronaridineartesunate,1,0,1
loeffl,1,0,1
arcton,1,0,1
flg,1,0,1
n-octylglucoside,1,0,1
−/chloroquine,1,0,1
hydroxychloroquineit,1,0,1
rihavirin,1,0,1
.plasminogen,1,0,1
nitrosamineketone,1,0,1
calcaemia,1,0,1
nimodipinee,1,0,1
primaquine-polymer,1,0,1
10b-allyldeoxoartemisinin,1,0,1
primaquine-quinoxaline,1,0,1
primaquine-squaramides,1,0,1
primaquine-amino,1,0,1
sublyfe,1,0,1
conyza,1,0,1
obvallata,1,0,1
kurzii,1,0,1
miniplasmin,1,0,1
apoe-l-mouse,1,0,1
hint2,1,0,1
antibodylactinomycin,1,0,1
2-hydroxyestrone,1,0,1
(peg-)ifn+/-ribavirin,1,0,1
lubrol,1,0,1
ifn-dblribavirin,1,0,1
ifnlribavirin,1,0,1
omega-ifn,1,0,1
rebetron,1,0,1
peginterferonl,1,0,1
silviataffetani,1,0,1
0tin,1,0,1
syl,1,0,1
9r,1,0,1
ametohepazone,1,0,1
nel,1,0,1
.everolimus,1,0,1
ginp,1,0,1
tricycles,1,0,1
eroferon,1,0,1
gliben-clamide,1,0,1
1/shamir,1,0,1
hprazosin,1,0,1
h]idazoxan,1,0,1
hadenosine,1,0,1
hnitrendipine,1,0,1
h-clonidine,1,0,1
hdihydroalprenolol,1,0,1
veratrum,1,0,1
1947).vasodilator,1,0,1
clonidine-hcl,1,0,1
-adrenoreceptor,1,0,1
ωagatoxiniiia,1,0,1
ampa-antagonist,1,0,1
phentolaminethe,1,0,1
ketamine/diazepam/isoflurane,1,0,1
morphine-chloralose,1,0,1
tolu-idine,1,0,1
ahlborn,1,0,1
h]p-aminoclonidine,1,0,1
resinferatoxin,1,0,1
h-epinephrine,1,0,1
h-dihydroalprenolol,1,0,1
geneclamp,1,0,1
amrinon,1,0,1
smirk,1,0,1
poscv3,1,0,1
orf4tp13l74l134l5orf5tp13l74l13,1,0,1
l-path,1,0,1
tongin,1,0,1
6methylprednisolone,1,0,1
.h1-antihistamines,1,0,1
32ciluprevir,1,0,1
chlormezanone,1,0,1
ciclosporincyclophilin,1,0,1
citinium,1,0,1
thonzonium,1,0,1
.inil,1,0,1
preoxygen,1,0,1
pgf-2,1,0,1
bunsen,1,0,1
ranta,1,0,1
ace-2/ang1,1,0,1
rillig,1,0,1
chlorinated,1,0,1
cylce,1,0,1
toxorhynchites,1,0,1
amboinensis,1,0,1
zosel,1,0,1
.il-17a,1,0,1
peramivirhave,1,0,1
socket,1,0,1
harlemites,1,0,1
karnuta,1,0,1
elastase-inhibitors,1,0,1
reinhold,1,0,1
al-agonist,1,0,1
pblockers,1,0,1
oxygen.6,1,0,1
drostep,1,0,1
ethacridin,1,0,1
gerolamocardano,1,0,1
euroglyphus,1,0,1
smartphone-bilder,1,0,1
damstra,1,0,1
chondroosteoplastica,1,0,1
andtipranavir,1,0,1
heximide,1,0,1
.o3,1,0,1
hsa-mir-143,1,0,1
glucose-water,1,0,1
741-kda,1,0,1
nucle-otide,1,0,1
anti-24,1,0,1
741-kda1a/1b,1,0,1
candesartan's,1,0,1
sin-st,1,0,1
enet,1,0,1
sin-ts,1,0,1
resveratrolcopper,1,0,1
rebagliati,1,0,1
trosa,1,0,1
stove,1,0,1
-posaconazol,1,0,1
castagnolo,1,0,1
dmannitol,1,0,1
hesperetin-the,1,0,1
cuuricil,1,0,1
-pyrimethamin,1,0,1
micalis,1,0,1
g)-tocopherol,1,0,1
turin/,1,0,1
tmv-rb19e,1,0,1
pteridophyte,1,0,1
28-homobrassinolide,1,0,1
uniconazole,1,0,1
24epibrassinolide,1,0,1
brassinosteroid-derived,1,0,1
periplanata,1,0,1
24-epi-brassinolide,1,0,1
icus,1,0,1
j3h]cytidine,1,0,1
[jh]deoxycytidine,1,0,1
[3h]deoxycytidine,1,0,1
benzyiidine,1,0,1
medetomidine-cause,1,0,1
γ-tree,1,0,1
g.o.,1,0,1
sinaweibo,1,0,1
res.dalazatide,1,0,1
i-bet151,1,0,1
projectsaf2013,1,0,1
ß-agonists,1,0,1
125i-cyanopindolol,1,0,1
ß-agonist,1,0,1
arry-502,1,0,1
bothropoides,1,0,1
göksal,1,0,1
plethymometer,1,0,1
schb,1,0,1
stemodiamaritimalinn,1,0,1
nintenadib,1,0,1
aspirin-triggered,1,0,1
b126,1,0,1
imunofarmacologia,1,0,1
csf-1,1,0,1
clopirac,1,0,1
lqfm-102,1,0,1
arginase1,1,0,1
shantel,1,0,1
korthalsellajaponica,1,0,1
agonistindirubin,1,0,1
pentraxin-2,1,0,1
ifn-e,1,0,1
ternata,1,0,1
mcp-1/ed-siglec-9,1,0,1
immiquimod,1,0,1
etarfolatide,1,0,1
fa-amt,1,0,1
sharp/van,1,0,1
tetomilast,1,0,1
oglemilast,1,0,1
ketamine/,1,0,1
ipatropiumbromid,1,0,1
grl-,1,0,1
monotheraphy,1,0,1
(sdx)-pyrimethamine,1,0,1
loquinehydrochloride,1,0,1
lene,1,0,1
guanil,1,0,1
alofantrine,1,0,1
kistin,1,0,1
asppr,1,0,1
na-asp-2amino,1,0,1
antiflagellin,1,0,1
bifentrina,1,0,1
triflumizolo,1,0,1
clothianidin,1,0,1
germacrolides,1,0,1
spirosulfonamide,1,0,1
aldosereductase,1,0,1
cerius,1,0,1
lariae,1,0,1
mosiderin,1,0,1
"zagreb,03/2011-",1,0,1
glycyrrham,1,0,1
hepatoprotector,1,0,1
anti-interferon-α,1,0,1
milv,1,0,1
zuidoost-noord-brabant,1,0,1
maxon,1,0,1
chromatin,1,0,1
14-air,1,0,1
soxazoletrimethoprim,1,0,1
intelectin,1,0,1
synbiotics01902b1bc,1,0,1
ramky,1,0,1
trim26,1,0,1
de-conjugate,1,0,1
accius,1,0,1
haraldzurhausen,1,0,1
aflatoxinb-dihydrodiol,1,0,1
gelardi,1,0,1
assay_11_n-2,1,0,1
laryngospasmus,1,0,1
licoriceflavonoidoil,1,0,1
moozhipurath,1,0,1
kalippurayilmoozhipurath,1,0,1
leucovorin-dosen,1,0,1
gd-dtpa-bma,1,0,1
iodinatedcontras!.,1,0,1
stenost,1,0,1
peristais,1,0,1
levovist(schering,1,0,1
ecg-gated,1,0,1
dimegluminegadopentetate,1,0,1
seleniumfpd,1,0,1
benath,1,0,1
phalanges,1,0,1
ubis,1,0,1
iumdtpa,1,0,1
aorlic,1,0,1
veltri,1,0,1
spiral,1,0,1
film-sereen,1,0,1
bicor,1,0,1
arthroct,1,0,1
arthro,1,0,1
echogen®,1,0,1
nc1001,1,0,1
gadoloinium,1,0,1
anisotropie,1,0,1
power-doppler,1,0,1
butylscopolaminebromide,1,0,1
gahottya,1,0,1
sauropusandrogynus,1,0,1
dosimax,1,0,1
minicoils,1,0,1
belween,1,0,1
dotarem®,1,0,1
gd-dtpa-albumin,1,0,1
nonioniciodate,1,0,1
dcbct,1,0,1
gadolinium/water,1,0,1
gelig,1,0,1
non-ionic,1,0,1
toulauself,1,0,1
stent-grafts,1,0,1
palermoll,1,0,1
la.dsa,1,0,1
gyroscan,1,0,1
parolid,1,0,1
endovaseular,1,0,1
auc-dose,1,0,1
spio,1,0,1
curone,1,0,1
spiral-cf,1,0,1
saschmitz,1,0,1
3d-epi,1,0,1
t2-ralaxat,1,0,1
dilatin,1,0,1
romeil,1,0,1
mrurography,1,0,1
etha-nolic,1,0,1
17-aageldanamycin,1,0,1
.rolipram,1,0,1
robison,1,0,1
antibioticcortisone,1,0,1
jonassalk'spolio,1,0,1
sedaris,1,0,1
exgratia,1,0,1
tenofoviralafemanide,1,0,1
sofosbuvir-sofosbuvir,1,0,1
hexolantiseptic,1,0,1
.albuterol,1,0,1
jeremyyuen-chunteoh,1,0,1
.linagliptin,1,0,1
lfr,1,0,1
shale-oil,1,0,1
α-amine,1,0,1
angelin,1,0,1
danser,1,0,1
hydroquinolone,1,0,1
guti,1,0,1
groovenet,1,0,1
afp17,1,0,1
lineprednisone,1,0,1
-dasitinib,1,0,1
rantakokko,1,0,1
karsa,1,0,1
isothiazolones,1,0,1
does.•,1,0,1
amaek,1,0,1
jbg,1,0,1
citizenin,1,0,1
heparin-bonded,1,0,1
arb/acei/statin,1,0,1
β-proline,1,0,1
pro-amp,1,0,1
saiga-antilope,1,0,1
strengere,1,0,1
zuchtfarmen,1,0,1
eravacyclinea,1,0,1
mp.it,1,0,1
voriconazole-echinocandin,1,0,1
polyene-echinocandin,1,0,1
tasp,1,0,1
revan,1,0,1
atracnrium,1,0,1
anaflaroides,1,0,1
camps,1,0,1
lactulase,1,0,1
bicarbon,1,0,1
lactul,1,0,1
rtan,1,0,1
catin,1,0,1
respirin,1,0,1
fluoronolones,1,0,1
re-grepafloxacin,1,0,1
8ciprofloxacin,1,0,1
levofloxism,1,0,1
1999levofloxacin,1,0,1
counfluoroquinolone,1,0,1
con-gemifloxacin,1,0,1
resisfluoroquinolone,1,0,1
cef-was,1,0,1
cefuroxcal,1,0,1
amoxicillin/clavuanate,1,0,1
moxifloxnolones,1,0,1
cainamide,1,0,1
costeroids,1,0,1
cefuroxime.f,1,0,1
nolone,1,0,1
-2-agonist,1,0,1
daro,1,0,1
pullorum,1,0,1
vaquone,1,0,1
vaquo,1,0,1
hiv-ne,1,0,1
b-defensin,1,0,1
darrat,1,0,1
дwf,1,0,1
addavax,1,0,1
ui,1,0,1
dolquine,1,0,1
progettounificato,1,0,1
boarin,1,0,1
jurilj,1,0,1
t~-cysteine,1,0,1
.adamantane,1,0,1
vegitans,1,0,1
/3-adrenoceptor,1,0,1
presti,1,0,1
tem-,1,0,1
baetjer,1,0,1
vasotrac,1,0,1
cyclosporine(neoral,1,0,1
ribaviryn,1,0,1
cavo-cavoplasty,1,0,1
doxorubine,1,0,1
macrosteatosis,1,0,1
apolt,1,0,1
heptofugal,1,0,1
hydroxycarbamid,1,0,1
fpsa-prometheus,1,0,1
farmorubicine-lipiodol,1,0,1
twelve-tacrolimus,1,0,1
ribavarin/interferon,1,0,1
cherax,1,0,1
china-russia,1,0,1
entente,1,0,1
russia-china,1,0,1
gemfi,1,0,1
ranolazina,1,0,1
arginamide,1,0,1
neomycin-acridine,1,0,1
-uronium,1,0,1
338hydroxychloroquine,1,0,1
394azithromycin,1,0,1
alcitriol,1,0,1
fang,1,0,1
ecogenics,1,0,1
dextran-malemide,1,0,1
c.fucoidin,1,0,1
-norepinephrine,1,0,1
sars-cov-1rep1ab,1,0,1
ritonavir-lopinavir/darunavir,1,0,1
bootsma,1,0,1
cldn7,1,0,1
cldn8,1,0,1
raph,1,0,1
febrilis,1,0,1
valmari,1,0,1
doric,1,0,1
cop24,1,0,1
hyaluronicacidcapsule,1,0,1
predator,1,0,1
autoi,1,0,1
isg15/,1,0,1
odio,1,0,1
nida,1,0,1
z∪,1,0,1
melarsoprolol,1,0,1
hypothiocyanite,1,0,1
dunnill,1,0,1
hdma,1,0,1
them-001vaccine,1,0,1
pulseoximetry,1,0,1
mae,1,0,1
supradip,1,0,1
mirna29a3p,1,0,1
kai-fulee,1,0,1
ol-038,1,0,1
cyclophoshpamide,1,0,1
ol-040,1,0,1
ol-042,1,0,1
rdc1,1,0,1
zileri,1,0,1
glycochenodeoxycholateacid,1,0,1
ol-079,1,0,1
zbp-89,1,0,1
ol-080,1,0,1
osbpl7,1,0,1
ol-086,1,0,1
ol-103,1,0,1
ol-104,1,0,1
telbivudine-or,1,0,1
ol-108,1,0,1
ol-109,1,0,1
ol-112,1,0,1
ol-114,1,0,1
ol-119,1,0,1
ol-120,1,0,1
ol-121,1,0,1
ol-124,1,0,1
ol-125,1,0,1
pp-003,1,0,1
pp-008,1,0,1
pentofylline,1,0,1
pp-015,1,0,1
pp-017,1,0,1
pp-018,1,0,1
pp-021,1,0,1
cichoriumindibus,1,0,1
angitensin,1,0,1
2-acetamidoflurene,1,0,1
cholyglycineacid,1,0,1
pp-031,1,0,1
pp-032,1,0,1
pp-034cgx,1,0,1
pp-035,1,0,1
pp-037,1,0,1
phosphalated,1,0,1
pp-051,1,0,1
pp-055,1,0,1
pp-058,1,0,1
dangguibuxue,1,0,1
pp-071,1,0,1
pp-079,1,0,1
pp-080,1,0,1
pp-084,1,0,1
pp-090,1,0,1
pp-092,1,0,1
pp-102,1,0,1
eprina2,1,0,1
pp-109,1,0,1
pp-110,1,0,1
pp-116,1,0,1
pp-119,1,0,1
pp-121,1,0,1
pp-126,1,0,1
pp-128,1,0,1
pp-132,1,0,1
capn4,1,0,1
pp-135,1,0,1
pp-137,1,0,1
pp-151,1,0,1
pp-153,1,0,1
pp-155,1,0,1
pp-157,1,0,1
pp-158,1,0,1
pp-162,1,0,1
pp-163,1,0,1
pp-164,1,0,1
pp-165,1,0,1
pp-167,1,0,1
pp-171,1,0,1
pp-175,1,0,1
xiaoaiping,1,0,1
octretideacetate,1,0,1
anti-kinectin,1,0,1
5-fu(fluorouracil,1,0,1
adm(adriamycin,1,0,1
pp-195,1,0,1
pp-199,1,0,1
pp-215,1,0,1
pp-223,1,0,1
baveno111,1,0,1
pp-231,1,0,1
pp-235,1,0,1
pp-236,1,0,1
pp-244,1,0,1
pp-246,1,0,1
pp-247,1,0,1
pp-249,1,0,1
pp-250,1,0,1
pp-256,1,0,1
elazig,1,0,1
13c-methacetin,1,0,1
pp-271,1,0,1
pp-274,1,0,1
pp-276,1,0,1
pp-278,1,0,1
pp-288fup1,1,0,1
epicathechin,1,0,1
pp-303,1,0,1
pp-327,1,0,1
pp-335,1,0,1
pp-349,1,0,1
core-tc,1,0,1
pp-363,1,0,1
pp-371,1,0,1
pp-372,1,0,1
pp-376,1,0,1
pp-378,1,0,1
pp-379,1,0,1
pp-383,1,0,1
pp-384,1,0,1
pp-420,1,0,1
rhb,1,0,1
pp-427,1,0,1
pp-431,1,0,1
pp-432,1,0,1
pp-435,1,0,1
pp-444,1,0,1
pp-445,1,0,1
pegylatedinterferon-alfa2a,1,0,1
pp-457,1,0,1
pp-459,1,0,1
pp-470,1,0,1
peginterferonalfa-2,1,0,1
pp-471,1,0,1
pp-485,1,0,1
pp-494,1,0,1
pp-501,1,0,1
cystodytinsd-i,1,0,1
kuanoniaminesa,1,0,1
shermilamines,1,0,1
.arnoamine,1,0,1
iplamine,1,0,1
derriennic,1,0,1
daraio,1,0,1
godinho,1,0,1
kalmia,1,0,1
grayanotoxin,1,0,1
isrp,1,0,1
protaminsulfat,1,0,1
solafs,1,0,1
nobita,1,0,1
n-linkedglycans,1,0,1
picolog,1,0,1
ventilation,1,0,1
yakandaz,1,0,1
malvaceae,1,0,1
pastawony,1,0,1
interferon-beta/ribavirin,1,0,1
rapamycin-remdesivir-chloroquine,1,0,1
emeritus,1,0,1
metricin,1,0,1
sbn,1,0,1
mphil,1,0,1
morumbi,1,0,1
mmrvaccines,1,0,1
.estradiol,1,0,1
qibin,1,0,1
hpv-opscc,1,0,1
msulfamethoxazole,1,0,1
pondimin,1,0,1
dexfenfiuramine,1,0,1
puerperium,1,0,1
placentallactogen,1,0,1
"carmustine,339",1,0,1
o-protease,1,0,1
lsopropanol,1,0,1
lapadula,1,0,1
nisoldipine).nifedipine,1,0,1
.lacidipine,1,0,1
.cilnidipine,1,0,1
saquinavir/,1,0,1
.thiazide,1,0,1
.eplerenone,1,0,1
.minoxidil,1,0,1
l/r.colchicine,1,0,1
marinobacter,1,0,1
chcc,1,0,1
hulusi,1,0,1
ma-,1,0,1
.elastase,1,0,1
xiaoqi,1,0,1
.hcv,1,0,1
pegylated-interferon-a,1,0,1
calcium-warfarin,1,0,1
isinin-piperaquine,1,0,1
artesunate-sulfadoxi,1,0,1
ne-pyrimethamine,1,0,1
cardioaspirin,1,0,1
dinner,1,0,1
igfbp-1,1,0,1
igfs,1,0,1
huipeng,1,0,1
n-decyl-β-d-maltopyranoside,1,0,1
musculus,1,0,1
a2ar.pentoxifylline,1,0,1
mitomycin/irinotecan/cisplatin,1,0,1
mitomycin/gemzar/cisplatin,1,0,1
b-07915:03,1,0,1
b-10414:27,1,0,1
b-106,1,0,1
b-112,1,0,1
b-11815:03,1,0,1
bayerschering,1,0,1
b-120,1,0,1
creatin,1,0,1
b-124,1,0,1
b-12514:27,1,0,1
radi,1,0,1
nitrate-induced,1,0,1
h-spectroscopy,1,0,1
fpu,1,0,1
pavr,1,0,1
b-12714:36,1,0,1
sirt-sorafenib,1,0,1
meniscal,1,0,1
mfx,1,0,1
b-128,1,0,1
b-133,1,0,1
b-134,1,0,1
gemstone,1,0,1
cisplatin/lipiodol,1,0,1
b-166,1,0,1
b-176,1,0,1
b-190,1,0,1
b-216,1,0,1
b-21711:24,1,0,1
b-214,1,0,1
b-225,1,0,1
b-223,1,0,1
b-233,1,0,1
b-239,1,0,1
mb-mca,1,0,1
b-240,1,0,1
b-237,1,0,1
mldex,1,0,1
metafratzi,1,0,1
ethanolsclerotheraphy,1,0,1
b-30514:36,1,0,1
b-310,1,0,1
b-33214:09,1,0,1
b-33514:36,1,0,1
b-33414:27,1,0,1
b-34414:27,1,0,1
b-350,1,0,1
b-34714:54,1,0,1
b-35414:27,1,0,1
b-357,1,0,1
b-365,1,0,1
b-37711:24,1,0,1
b-388,1,0,1
zilverptx,1,0,1
b-414,1,0,1
b-42711:24,1,0,1
b-428,1,0,1
b-433,1,0,1
b-434,1,0,1
b-438,1,0,1
b-44711:24,1,0,1
b-45711:24,1,0,1
b-46610:57,1,0,1
f-18-sodium,1,0,1
b-468,1,0,1
b-496,1,0,1
b-506,1,0,1
b-520,1,0,1
b-518,1,0,1
b-527,1,0,1
adrenal-toliver,1,0,1
b-536,1,0,1
b-544,1,0,1
b-549,1,0,1
brevis,1,0,1
b-566,1,0,1
b-564,1,0,1
t.cta,1,0,1
b-575,1,0,1
b-577,1,0,1
verio,1,0,1
b-605,1,0,1
b-606,1,0,1
ecam,1,0,1
mp-gr,1,0,1
b-620,1,0,1
b-625,1,0,1
b-630,1,0,1
b-63711:24,1,0,1
b-638,1,0,1
b-647,1,0,1
b-645,1,0,1
b-656,1,0,1
sigmoidocele,1,0,1
b-660,1,0,1
b-666,1,0,1
b-66711:24,1,0,1
b-664,1,0,1
telesca,1,0,1
b-707,1,0,1
b-712,1,0,1
b-716,1,0,1
b-717,1,0,1
b-713,1,0,1
ga:80kv,1,0,1
b-719,1,0,1
b-726,1,0,1
b-723,1,0,1
b-735,1,0,1
b-737,1,0,1
b-746,1,0,1
b-742,1,0,1
b-74815:03,1,0,1
mrpp,1,0,1
b-76414:27,1,0,1
b-765,1,0,1
zr-dfo-trastuzumab,1,0,1
b-776,1,0,1
b-77814:54,1,0,1
b-790,1,0,1
b-796,1,0,1
bazot,1,0,1
b-815,1,0,1
iodine-basis,1,0,1
b-822,1,0,1
b-825,1,0,1
b-826,1,0,1
b-83714:54,1,0,1
b-842,1,0,1
gadoxeticacid-enhanced,1,0,1
b-843,1,0,1
b-86814:54,1,0,1
rif2,1,0,1
b-87015:03,1,0,1
alt)valganciclovir,1,0,1
metil-prednisolone,1,0,1
-homoabacavir,1,0,1
compound(à)-7,1,0,1
magen-darm-trakt,1,0,1
relu6,1,0,1
chollet,1,0,1
wholevirus,1,0,1
rocuronium/sugammadex,1,0,1
cid-,1,0,1
q1).it,1,0,1
basec,1,0,1
2.5-diphenyloxazole,1,0,1
isonorm,1,0,1
phenanthroquinuolizidinealkaloids,1,0,1
tetracyclic,1,0,1
cystodytin-a,1,0,1
neocalliactineacetate,1,0,1
corticum,1,0,1
shermilamine-a,1,0,1
pohnepei,1,0,1
segoline-a,1,0,1
isosegoline,1,0,1
pyrroloacridine,1,0,1
plakinidine-a,1,0,1
2-bromoleptoclinidinone,1,0,1
cystodytin,1,0,1
carboline,1,0,1
eudistomin-a,1,0,1
eudistomidins-b,1,0,1
eudistomidin-b,1,0,1
eudistomidin-d,1,0,1
isoquinolinealkaloid,1,0,1
rigidin,1,0,1
tercalate,1,0,1
veitamine,1,0,1
mairne,1,0,1
18b-glycyrrhetinicacid,1,0,1
tavonga,1,0,1
antiscra,1,0,1
protaminecouperen,1,0,1
erytropoëtine,1,0,1
hemovigilantie,1,0,1
agent-penicillin,1,0,1
bag3/,1,0,1
2016victrelis,1,0,1
pegifna/,1,0,1
-voxilaprevir,1,0,1
vedroprevir-vedroprevir,1,0,1
-danoprevir,1,0,1
-glecaprevir,1,0,1
-faldaprevir,1,0,1
-narlaprevir,1,0,1
phenylepyrrolidine,1,0,1
edp-239-edp-239,1,0,1
-mericitabine,1,0,1
-tegobuvir,1,0,1
-flunarizine,1,0,1
.adamantane/rimantadine,1,0,1
.soraphen,1,0,1
hiv-2ires,1,0,1
hyungjinkim,1,0,1
hd-cy,1,0,1
ld-cy,1,0,1
niemeyer,1,0,1
biserna,1,0,1
beeam,1,0,1
mtx-csa,1,0,1
cmv-mir-us4,1,0,1
5-azactidine,1,0,1
5azacitidine,1,0,1
o165,1,0,1
lps-biotin,1,0,1
relation-erythromycin,1,0,1
trisha,1,0,1
barugahare,1,0,1
testosterone-it,1,0,1
phenobarbitone'6,1,0,1
.antimycin,1,0,1
2'-fluoro-2'-deoxycytidine,1,0,1
liaw,1,0,1
urobilin,1,0,1
oligoarginines,1,0,1
wc3rotavirusvaccine,1,0,1
wc3vaccine,1,0,1
osteoid-osteoma,1,0,1
a-130,1,0,1
a-131,1,0,1
a-14816:05,1,0,1
a-198,1,0,1
m.sirol,1,0,1
a-21108:58,1,0,1
phlebography,1,0,1
a-21909:21,1,0,1
syabilizer,1,0,1
tricupid,1,0,1
f.frühwald,1,0,1
tdr,1,0,1
iaza,1,0,1
calciumpentagastrin,1,0,1
nedosa,1,0,1
radioiodinetherapy,1,0,1
99~tc-mercaptoalbumin,1,0,1
stenosls,1,0,1
zenil,1,0,1
dopa,1,0,1
raelopride,1,0,1
cyanocobalaminum,1,0,1
dexamethasonephosphate,1,0,1
cellogel,1,0,1
iower,1,0,1
111in-oxine,1,0,1
x-tanninals,1,0,1
1so-butanol,1,0,1
o-butanol,1,0,1
jodogen,1,0,1
lunatum,1,0,1
bromine-iodine,1,0,1
azydothymidine,1,0,1
tc-sestamibi,1,0,1
ambinon,1,0,1
membrofenin,1,0,1
-thymidine,1,0,1
[nsi]anp,1,0,1
cathcpsind,1,0,1
oncoscint,1,0,1
mdp,1,0,1
cisplatisum,1,0,1
ongophillic,1,0,1
c-d-glucose,1,0,1
solconuclear,1,0,1
bpi-io,1,0,1
cpi-10,1,0,1
ketaminepentobarbitone,1,0,1
thiopentona,1,0,1
somatostatinanalogue,1,0,1
1/somatostatin,1,0,1
iodobenzamide,1,0,1
somatostatin-analogues,1,0,1
epi-10,1,0,1
osemide,1,0,1
metastma,1,0,1
fowlks,1,0,1
aner,1,0,1
piperacillin/combactam,1,0,1
hydroxychloroquine).this,1,0,1
ch-c.it,1,0,1
cys184,1,0,1
anzhi,1,0,1
androguard,1,0,1
arsene,1,0,1
granta,1,0,1
asialofetuin,1,0,1
elodiun,1,0,1
mosca,1,0,1
l1/e6/e7-archaeosome,1,0,1
tulasiram,1,0,1
10-gingerol,1,0,1
3-hp-␤-lactoglobulin,1,0,1
bronack,1,0,1
p]deoxycytidine,1,0,1
p]adenosine,1,0,1
n-decyl-b-dmaltopyranoside,1,0,1
r-carvone,1,0,1
1butanol,1,0,1
chlorhexidine-and,1,0,1
dasil®,1,0,1
remitir,1,0,1
kcrc-19-,1,0,1
salanthe,1,0,1
8pioglitazone,1,0,1
conclusionagr,1,0,1
microrna-483,1,0,1
gsi,1,0,1
pf-03084014,1,0,1
saridegib,1,0,1
ipafricept,1,0,1
alexandrium,1,0,1
efavirenz-lopinavir,1,0,1
psychiatrist,1,0,1
alliancegavi,1,0,1
.spironolactone,1,0,1
protein3ab,1,0,1
lopinaviri/ritonavir,1,0,1
sulbenicillin,1,0,1
132chloroquine,1,0,1
deli,1,0,1
tsalas,1,0,1
perron,1,0,1
coreshell,1,0,1
fct,1,0,1
9-oacetylatedα2,1,0,1
unmodifiedα2,1,0,1
tripalmetin,1,0,1
nanobubbles,1,0,1
vp1-sir-na517,1,0,1
inter-mirr,1,0,1
p2-adrenergic,1,0,1
bolgatanga,1,0,1
spiritreligion,1,0,1
rosemarinus,1,0,1
tamifluh.,1,0,1
xintonius,1,0,1
biskra,1,0,1
rondani--,1,0,1
teminalia,1,0,1
adleri,1,0,1
dubius,1,0,1
znol,1,0,1
africanus,1,0,1
zeraf,1,0,1
peg-rhcat,1,0,1
thanks,1,0,1
antobidy,1,0,1
sv23,1,0,1
khanna,1,0,1
t6tracycline,1,0,1
m6tronidazole,1,0,1
sumf~,1,0,1
oseltamavir/remdesivir,1,0,1
anticholingergika,1,0,1
acma,1,0,1
favipiravir/t-705,1,0,1
raphan,1,0,1
haeser,1,0,1
risha,1,0,1
elp,1,0,1
vgg-cam,1,0,1
darunavir/cobicistatin,1,0,1
vitamind3.vitamind,1,0,1
pep16,1,0,1
cyp19,1,0,1
placentapercreta,1,0,1
gsg,1,0,1
epirubicin-fluorouracil-cyclophosphamide,1,0,1
docetaxel-cyclophosphamide,1,0,1
antiangiogenic,1,0,1
n-tsp2-fc,1,0,1
hsdd,1,0,1
percreta,1,0,1
acetylsalicylacid,1,0,1
ovarica,1,0,1
didimoticho,1,0,1
carboplatinum/paclitaxel,1,0,1
epirubicin-fluorouracil-cyclophosphamide-chemotherapy,1,0,1
peg-doxorubicine,1,0,1
bendatreotid,1,0,1
gnrh-antagonists,1,0,1
caspase-inhibitor,1,0,1
po-geb/repro,1,0,1
vitamin-k-antagonist,1,0,1
lutea,1,0,1
inhibina,1,0,1
c60fullerenes,1,0,1
placenta,1,0,1
misoprotol,1,0,1
curettage,1,0,1
tf1-antibody,1,0,1
menarche,1,0,1
02.12,1,0,1
ophira,1,0,1
po-gyn02.15,1,0,1
pubocervicalis,1,0,1
epirubicin-docetaxel,1,0,1
anthracyclinedocetaxel,1,0,1
clodronat,1,0,1
zoledronat,1,0,1
valsartantherapy,1,0,1
po-gyn03.14,1,0,1
progestins-medroxyprogesterone,1,0,1
cisplatinum/adriamycin,1,0,1
era-agonist,1,0,1
erb-agonist,1,0,1
dailyamantadine,1,0,1
amantadinewas,1,0,1
utilityofamantadinechemoprophylaxis,1,0,1
hansen,1,0,1
hypophenylalaninemia,1,0,1
csf-glycine,1,0,1
methylaminesbetaine,1,0,1
α-aasa,1,0,1
glutaminic,1,0,1
copper-histidine,1,0,1
o-026,1,0,1
methylcitrate,1,0,1
propionyl-carnitine,1,0,1
gatype1,1,0,1
2-methylcitrate,1,0,1
phenylpropionicacid,1,0,1
lipin-2,1,0,1
c8-carnitine,1,0,1
sbcad,1,0,1
meadacid,1,0,1
isocalorichfd,1,0,1
glutamine-,1,0,1
succinylcholine-4,1,0,1
levetiracetam/topiramate,1,0,1
hibch,1,0,1
galactokinase,1,0,1
c1inhibitor,1,0,1
24-s-hydroxycholesterol,1,0,1
sterol27-hydroxilase,1,0,1
a-galactosidase,1,0,1
glicogen,1,0,1
chitotriosidase,1,0,1
4-metilumbeferil,1,0,1
wolman,1,0,1
mps-i,1,0,1
ert-galsulfase,1,0,1
sulphatase,1,0,1
αgalactosidase,1,0,1
tartrate-resistantacid,1,0,1
velaglucerase-alpha,1,0,1
at2220,1,0,1
5'-aza-2'-deoxycytidine(dac,1,0,1
mmavitaminb12,1,0,1
nonpyridoxine,1,0,1
sulfocysteine,1,0,1
canitine,1,0,1
boheringer,1,0,1
.nitazoxanida,1,0,1
eudaimonic,1,0,1
aminea,1,0,1
3.6'-dithiothalidomide,1,0,1
lower-dose,1,0,1
alprazolam/xanax,1,0,1
.potassium,1,0,1
iu/dvitamind,1,0,1
1gol,1,0,1
-atorvastatin,1,0,1
cs-dosage,1,0,1
acetylocholine,1,0,1
acetylcholinereceptor,1,0,1
shank1,1,0,1
-lipopolysaccharide,1,0,1
aureuspg,1,0,1
raragonist,1,0,1
-17b-estradiol,1,0,1
il-23,1,0,1
tocopherolacetate,1,0,1
immunoglobulin-supplements,1,0,1
qrat,1,0,1
probe-dopamine,1,0,1
methyl-a-mannoside,1,0,1
biotin-derivatized,1,0,1
aminosilane,1,0,1
.4.penicillin,1,0,1
β-trefoil,1,0,1
disulfides,1,0,1
ob-fold,1,0,1
aedes-,1,0,1
[s]-leucovorin,1,0,1
5-fluomuridine,1,0,1
ilmofosine,1,0,1
cyclosporin-h,1,0,1
l-fa,1,0,1
bleomycine/eldesine,1,0,1
fluconazole/d,1,0,1
pei-chemotherapy,1,0,1
ara-c/idarubicin,1,0,1
amphoteriein,1,0,1
adriamycj~,1,0,1
aersol,1,0,1
cefotaj6me/piperacillin,1,0,1
pip/cef,1,0,1
amphotedein,1,0,1
b/5-flucytosine,1,0,1
imipenem/cilastatin/itraconazole,1,0,1
morgensteue,1,0,1
4-keto-ifosfamide,1,0,1
4-ketoifosfamide,1,0,1
r-verapamii,1,0,1
chocopherol,1,0,1
8carotene,1,0,1
etherlipidet-18-och,1,0,1
r-837,1,0,1
dexorubicine,1,0,1
ibf-1,1,0,1
atra/g-csf,1,0,1
4-epirubicin/,1,0,1
chlorambueil,1,0,1
oposide,1,0,1
alpha-l-antichymotrypsin,1,0,1
dfdctp,1,0,1
interfcron-alpha-2b,1,0,1
indiumoxine,1,0,1
s-laminin,1,0,1
fiudarabine,1,0,1
aspargillus,1,0,1
[3h]-vinblastine,1,0,1
[~h]-vinblastine,1,0,1
acylaminopenicillin,1,0,1
pen/-ceph/vancomycin,1,0,1
amphotericin-b/5-flucytosin-/rifampitin,1,0,1
imipenern/cilastatin,1,0,1
etoposid/vincristin,1,0,1
carboplatin/vepesid,1,0,1
4-bydroperoxycyclophosphamide,1,0,1
chlorambucils,1,0,1
prednisolonester,1,0,1
chlorambuci1,1,0,1
predniso-ion,1,0,1
cda-dose,1,0,1
melanotransferrin,1,0,1
alg+androgens,1,0,1
csa+androgens,1,0,1
ericinb,1,0,1
amphotericiu,1,0,1
itosfamide,1,0,1
high-dose-mtx,1,0,1
raf-1,1,0,1
5-flucrouracil,1,0,1
oyolophosphamidss,1,0,1
lcucovorin,1,0,1
eamined,1,0,1
pred-gr,1,0,1
earboplatin,1,0,1
m-vac,1,0,1
gangciclovir-therapy,1,0,1
ciprofloxacin-therapy,1,0,1
imipenem/vancomycin,1,0,1
clindamyein,1,0,1
ifosfamlde,1,0,1
bananas,1,0,1
raúlcañas,1,0,1
phenolichloroform,1,0,1
td'a,1,0,1
kiniksa,1,0,1
strepto-mycin,1,0,1
vincens,1,0,1
30s-paromomycin,1,0,1
rna/aminoglycoside,1,0,1
bik-tarvy,1,0,1
s]methoinine,1,0,1
smec,1,0,1
s·15,1,0,1
e-cad,1,0,1
igfbp-2,1,0,1
cisplatin-tolerance,1,0,1
tfpi,1,0,1
wendel,1,0,1
c.basiantha,1,0,1
ddac,1,0,1
neuropilin-1,1,0,1
gas-oxygen,1,0,1
valdecilla,1,0,1
sousa,1,0,1
darth,1,0,1
mchugh,1,0,1
olmec,1,0,1
hata,1,0,1
trollcommunity,1,0,1
kek,1,0,1
lupa,1,0,1
beem,1,0,1
7938,1,0,1
waterwet,1,0,1
mgin,1,0,1
methylester,1,0,1
tsls,1,0,1
gnp/cap,1,0,1
chem-bionet,1,0,1
proparacainehydrochloride,1,0,1
tonometry-tonopen,1,0,1
fachtierarzt,1,0,1
fibrae,1,0,1
alger,1,0,1
antiadamantane,1,0,1
luminogenic,1,0,1
nitroglycerin-a,1,0,1
kalemia,1,0,1
tc-disofenin,1,0,1
pamidronatedisodium,1,0,1
same-pred,1,0,1
paromomycin(25,1,0,1
erythromycin(2,1,0,1
mccr.theophylline,1,0,1
pepsinogena,1,0,1
bioequivalent,1,0,1
orf-encoded,1,0,1
pechora,1,0,1
quaranjavirus,1,0,1
bknv,1,0,1
secretaria,1,0,1
cucullus,1,0,1
creighton,1,0,1
1888,1,0,1
anti-tnf-sirna,1,0,1
amilasi,1,0,1
glucosio,1,0,1
toracoscopica,1,0,1
denv(1,1,0,1
flavivirusns1),1,0,1
microfilaricides,1,0,1
b-bacitracin,1,0,1
mabl,1,0,1
crfb5,1,0,1
"g(r),1",1,0,1
surgeongeneral,1,0,1
lunina,1,0,1
amoxicillin/clavulonate,1,0,1
co-trimazole,1,0,1
backx,1,0,1
psychother,1,0,1
psychosom,1,0,1
ng/ml.everolimus,1,0,1
.fludrocortisone,1,0,1
lopinavir/ritonavirt,1,0,1
polyomavirusnucleotide,1,0,1
polyomavirus[,1,0,1
kauidin,1,0,1
artemether-lumefrantina,1,0,1
sq109,1,0,1
olpc,1,0,1
benzidazole,1,0,1
eflornitine,1,0,1
14c-pyronaridine,1,0,1
arthemether-lumefantrine,1,0,1
f-75,1,0,1
millennium,1,0,1
aid-oaa-a-11,1,0,1
-kamothe,1,0,1
12ribavirin,1,0,1
forslerana,1,0,1
antithrombin-,1,0,1
hcparin,1,0,1
thlrudin,1,0,1
rhimdin,1,0,1
thueh,1,0,1
annoxin,1,0,1
fibrinol,1,0,1
gpiib/llla-inhibitor,1,0,1
anticollagen,1,0,1
desogestrel,1,0,1
thrombln,1,0,1
ghitamin,1,0,1
neothromfin,1,0,1
platetin,1,0,1
i-aspirin,1,0,1
2-dipyridamole,1,0,1
antifhrombin,1,0,1
methergin,1,0,1
ofdefibrotide,1,0,1
catepsing,1,0,1
htkcardioplegia,1,0,1
-antiplasmin,1,0,1
ft+2,1,0,1
fibrinolytjc,1,0,1
azofibrin,1,0,1
haemoctin,1,0,1
protamine-dynabeads,1,0,1
17fi-estradiol,1,0,1
17fl-estradiol,1,0,1
j824,1,0,1
ipiodol-epirubicin,1,0,1
fradafiban,1,0,1
marcumar,1,0,1
piperazide,1,0,1
cefite,1,0,1
atiii/beparin,1,0,1
eoarin,1,0,1
pfimidone,1,0,1
l-nitro-arginin,1,0,1
boparin,1,0,1
romsnis,1,0,1
romenia,1,0,1
mnoglobin,1,0,1
alkylants,1,0,1
thrombin-amithrombin,1,0,1
~aclor,1,0,1
aprotinirt,1,0,1
thrombin/antithrombin,1,0,1
ofprethrombin,1,0,1
spiii,1,0,1
prohnp1b,1,0,1
prohnp1,1,0,1
glycoeylated,1,0,1
pdhl-lycat,1,0,1
tuvo,1,0,1
hat-,1,0,1
"36.""cortisone",1,0,1
"37.""dexamethasone",1,0,1
"40.""beclomethasone",1,0,1
sdznim811,1,0,1
etorphine/ketamine,1,0,1
nernatodirus,1,0,1
skrjabinagia,1,0,1
cylicocyclus,1,0,1
jlavus,1,0,1
ap-,1,0,1
bert-small,1,0,1
lascis,1,0,1
qa11,1,0,1
bd18,1,0,1
bd10,1,0,1
maxi-k,1,0,1
sacrocolpopexy,1,0,1
β3-ar,1,0,1
intravesical,1,0,1
alfa-agonist,1,0,1
uriclak,1,0,1
α-blockers,1,0,1
du.concludingmessage,1,0,1
pros-it,1,0,1
snm.concluding,1,0,1
schäfer,1,0,1
uro,1,0,1
bulbospongiosus,1,0,1
amytriptyline,1,0,1
cytori,1,0,1
β3-adrenoagonists,1,0,1
ick,1,0,1
ieupeptin,1,0,1
zanobetti,1,0,1
h-residues,1,0,1
coibamide,1,0,1
dimethylamino,1,0,1
broxaterol,1,0,1
petroleumoils,1,0,1
nitrosopyrrolidine,1,0,1
antiminerals,1,0,1
methlyxanthine,1,0,1
-ziconotide,1,0,1
-dalazatide,1,0,1
2bromoethylaminehydrobromide,1,0,1
ulster2c,1,0,1
yashabushidiol,1,0,1
5α-dihydroteststerone,1,0,1
tu-a-210,1,0,1
butanol-1,1,0,1
caillol,1,0,1
a2a2-adrenoceptor,1,0,1
mk-912,1,0,1
a2h-adrenoceptor,1,0,1
azn2-adrenoceptor,1,0,1
a2a-adrenoceptors,1,0,1
rg20-adrenoceptot,1,0,1
20-adrenoceptor,1,0,1
a2aadrenoceptors,1,0,1
aza-adrenoce,1,0,1
rg20,1,0,1
(-)-noradrenaline,1,0,1
rg20-adrenoceptor,1,0,1
az-adrenoceptors,1,0,1
rilpl1,1,0,1
rab10,1,0,1
braf-sorafenib,1,0,1
taraxacumvulgare,1,0,1
rumpold,1,0,1
17αestradiol,1,0,1
anti-dv,1,0,1
cells-lovastatin,1,0,1
p.acetylcholine,1,0,1
v-e.,1,0,1
wetrace,1,0,1
irin,1,0,1
adamos,1,0,1
azulene,1,0,1
medicine,1,0,1
c-uridine,1,0,1
isoflurane.6,1,0,1
lactoferricins,1,0,1
elford,1,0,1
yabrov,1,0,1
stinski,1,0,1
solovay,1,0,1
amoxicillin-clavulunate,1,0,1
methyl-linderone,1,0,1
zlb,1,0,1
hpvi0,1,0,1
mir-587,1,0,1
drugs-chloroquine,1,0,1
silica.^^^'^^^,1,0,1
bleomycin.^^^,1,0,1
carcinogens.^^^,1,0,1
carcinogen.^^^,1,0,1
more.^^^,1,0,1
test.^^^,1,0,1
exogen,1,0,1
glp-1/gip,1,0,1
jemaal,1,0,1
babak,1,0,1
detine,1,0,1
"4""so",1,0,1
methacholineif,1,0,1
faeni,1,0,1
zidovudine-infuus,1,0,1
zidovudinelamivudine-abacavir,1,0,1
didanosinetenofovir-lopinavir,1,0,1
ddsglycyrrhizicacid,1,0,1
hutto,1,0,1
brancusi,1,0,1
cis-epicatechins,1,0,1
hermoaceticum,1,0,1
-)-epicatechin-3gallate,1,0,1
prodelphinidinb-239-gallate,1,0,1
theaflavin-containing,1,0,1
stelazine,1,0,1
genitale,1,0,1
kopera,1,0,1
val-vuloplasty,1,0,1
49%.remdesivir,1,0,1
onin,1,0,1
infnet,1,0,1
fluphenazinedecanoate,1,0,1
iginal,1,0,1
iisinopril,1,0,1
penicillins-b-lactamase-inhibitor,1,0,1
trimethoprim-sulfamethoxazole.a,1,0,1
hydrocortisonesuccinate,1,0,1
-galactic,1,0,1
4coumermycin,1,0,1
5cryptotanshinone,1,0,1
8hydrastine,1,0,1
9ouabain,1,0,1
popay,1,0,1
regime,1,0,1
milidonis,1,0,1
(plasma).hydroxychloroquine,1,0,1
cladinose,1,0,1
karampelas,1,0,1
rauchfreitelefon,1,0,1
niederösterreichische,1,0,1
braf-v600,1,0,1
toracoscopy,1,0,1
cec/ca,1,0,1
.enoxaparin,1,0,1
enoxaparinwe,1,0,1
adjuvantiertesubunit-totimpfstoff,1,0,1
pembrolizumab-gabe,1,0,1
diphtherie-impfstoffgeimpft,1,0,1
ppsv23geimpft,1,0,1
pcv13ein,1,0,1
neuralgie,1,0,1
typhusabdominalis,1,0,1
dex/,1,0,1
andra,1,0,1
streptoviridin,1,0,1
domycin,1,0,1
.castanospermine,1,0,1
cholestyramineis,1,0,1
ethanolamine-p,1,0,1
pyridinedicarboxamide,1,0,1
irnidazopyridine,1,0,1
@dine,1,0,1
medi-517,1,0,1
cldb,1,0,1
eug,1,0,1
glutathioneconjugated,1,0,1
salwi@sanjanasalwi,1,0,1
jugendarzt,1,0,1
l-ascorbate,1,0,1
noradrenochrome,1,0,1
rc1-,1,0,1
5-nitromidazole,1,0,1
hydrocorti-sone,1,0,1
loginsulin,1,0,1
humilin,1,0,1
cyclophosphamide/chlorambucil,1,0,1
s-1,1,0,1
atrial,1,0,1
post-medetomidine,1,0,1
.trilostane,1,0,1
morphine/acepromazine,1,0,1
d-a-tocopherol,1,0,1
popu,1,0,1
sandip,1,0,1
karan,1,0,1
pancholi,1,0,1
cyclophilin-csa,1,0,1
bka,1,0,1
dexamethasone/,1,0,1
artd5,1,0,1
yurika,1,0,1
ctv,1,0,1
chloroquine-hc1,1,0,1
chloroquine-blocked,1,0,1
c21,1,0,1
genistein-a,1,0,1
rinnibhansali,1,0,1
.rimonabant,1,0,1
prontosil/sulfonamides,1,0,1
sung-won,1,0,1
aferese,1,0,1
asthenopia,1,0,1
restando,1,0,1
varato,1,0,1
jiaozhen,1,0,1
azatinavir/ritonavir,1,0,1
1.chloroquine,1,0,1
sahar,1,0,1
cholinesupplements,1,0,1
measlesemumpserubella,1,0,1
deepmf,1,0,1
regspec,1,0,1
thermischletsel,1,0,1
beeldscherm,1,0,1
oilsmineraloils,1,0,1
d-penicillin,1,0,1
48diphenhydramine,1,0,1
na-d,1,0,1
nglycosidase,1,0,1
~4c-glucosamine,1,0,1
racer,1,0,1
(cp)ruthenium,1,0,1
elodea,1,0,1
hydrogen-ion,1,0,1
eontinalis,1,0,1
paraleptophebia,1,0,1
sulphurea,1,0,1
caenis,1,0,1
zstat,1,0,1
rsvirusvaccine,1,0,1
phenol-aldehyde,1,0,1
tetrafluoroethylene,1,0,1
sodiumhydrosulfite,1,0,1
anti-paxillin,1,0,1
ndesmethyleletriptan,1,0,1
slcs,1,0,1
belle-ii,1,0,1
nayatel,1,0,1
adwin,1,0,1
pharmgkb,1,0,1
graphsage,1,0,1
dexamethasone-cyclophosphamideetoposide-cisplatin-gemcitabine,1,0,1
dexamethasone-paclitaxelcisplatin,1,0,1
dexamethasonepaclitaxel-cisplatin,1,0,1
dexamethasonecyclophosphamide-etoposide-cisplatin,1,0,1
churchwell,1,0,1
toxoidpentavalent,1,0,1
foshayvaccine,1,0,1
forsteronia,1,0,1
anticandida,1,0,1
3-hydroxypropionic,1,0,1
d-lysine,1,0,1
mastoparan-c,1,0,1
ranatuerin-2plx,1,0,1
chrysophsins,1,0,1
ss-arasin,1,0,1
sp94,1,0,1
cecropinxj,1,0,1
bombinin,1,0,1
rifampicineprofylaxe,1,0,1
ilis,1,0,1
difterie,1,0,1
mir2911-tcm,1,0,1
"24r,25-dihydroxyvitamind",1,0,1
cotin,1,0,1
zahn,1,0,1
andasibe,1,0,1
darryn,1,0,1
lovisa,1,0,1
suzanatkalcic,1,0,1
bagnol,1,0,1
meat,1,0,1
ingun,1,0,1
gallacher,1,0,1
kaempferolrich,1,0,1
swach,1,0,1
moralis,1,0,1
madhurima,1,0,1
coolsaver,1,0,1
.pericarp,1,0,1
at-lx,1,0,1
rvts,1,0,1
petal,1,0,1
mir164,1,0,1
plurilateral,1,0,1
steganga,1,0,1
tetrahydrosteroids,1,0,1
5βsteroid,1,0,1
potassium[bk,1,0,1
map3k5,1,0,1
acetylgalactosaminidase,1,0,1
β2-microglobulin,1,0,1
isopropylthiogalacto-pyranoside,1,0,1
rowley,1,0,1
dexnet,1,0,1
cladosporia,1,0,1
o-dichlorobenzene,1,0,1
feinstein,1,0,1
fthe,1,0,1
arthritidis,1,0,1
saldaeva,1,0,1
oxy-mini,1,0,1
remeta,1,0,1
oximertry,1,0,1
apl-13,1,0,1
hexafluoroisopropanolol,1,0,1
flouroscein,1,0,1
nanopar,1,0,1
foldrec-c2c,1,0,1
pkh26,1,0,1
tmre,1,0,1
as24,1,0,1
as-enol-1,1,0,1
sunpreet,1,0,1
bertus,1,0,1
triviraten,1,0,1
96-98,1,0,1
ambirix,1,0,1
"3-dosetwinrix,ambirix",1,0,1
rotavirusvaccine89,1,0,1
hpv-6l1,1,0,1
naphtazoline,1,0,1
crato,1,0,1
morfine/fentanyl,1,0,1
etirizine,1,0,1
tavegil,1,0,1
waterstofperoxide,1,0,1
isopropanolol,1,0,1
voel,1,0,1
.clemastine,1,0,1
sedatie,1,0,1
diureticum,1,0,1
compressietherapie,1,0,1
infuusvloeistof,1,0,1
elektriciteitsongevallen,1,0,1
waakinfuus,1,0,1
fenothiazineantipsychoticum,1,0,1
/ciprofloxacine,1,0,1
protaminesulfaat,1,0,1
ijzer,1,0,1
tricyclische,1,0,1
artemotil,1,0,1
venodilatator,1,0,1
ampul,1,0,1
hoofd,1,0,1
myxoedeemcoma,1,0,1
anxiolytica,1,0,1
narcotica,1,0,1
tetanusprofylaxe,1,0,1
tijd,1,0,1
kia,1,0,1
genprobeprodessepro-fluþdmay,1,0,1
paracetomol/acetaminophen,1,0,1
rsv604,1,0,1
tamivircarboxylate,1,0,1
bijvoet,1,0,1
shoichet,1,0,1
nitazoxanide-(d,1,0,1
nemethy,1,0,1
5111,1,0,1
piruvate,1,0,1
crispum,1,0,1
atpal1,1,0,1
viminalis,1,0,1
prosimian,1,0,1
marie-jean-pierreflourens,1,0,1
david,1,0,1
selemon,1,0,1
amygdalar,1,0,1
phineas,1,0,1
10,1,0,1
cbn,1,0,1
pprag6,1,0,1
εlj,1,0,1
j.l.m-f.,1,0,1
prevoltella,1,0,1
sunscope,1,0,1
alcohol-fi,1,0,1
oxenius,1,0,1
pnca,1,0,1
duramide,1,0,1
mić,1,0,1
hemiglobincyanide,1,0,1
services,1,0,1
tarba,1,0,1
dopamin/dobutamin,1,0,1
rugosicacid,1,0,1
il-6/,1,0,1
acy-clovir,1,0,1
quinidine-quinidine,1,0,1
-metoprolol,1,0,1
-esmolol,1,0,1
-diltiazem,1,0,1
-phentolamine,1,0,1
-phenoxybenzamine,1,0,1
-tolazoline,1,0,1
-clonidine,1,0,1
-dexmedetomidine,1,0,1
-captopril,1,0,1
-lisinopril,1,0,1
-fosinopril,1,0,1
-perindopril,1,0,1
valsartan-valsartan,1,0,1
-irbesartan,1,0,1
-olmesartan,1,0,1
cardioselectivity,1,0,1
-nicardipine,1,0,1
-amlodipine,1,0,1
-felodipine,1,0,1
-isradipine,1,0,1
-hydralazine,1,0,1
-nitroglycerine,1,0,1
-iloprost,1,0,1
-treprostinil,1,0,1
-tadalafil,1,0,1
sirb1,1,0,1
syringomycine,1,0,1
dihydroxyuracil,1,0,1
bhexosaminidase,1,0,1
foundationno.16-04,1,0,1
fenofibrate-induced,1,0,1
epc-platelet,1,0,1
emeth,1,0,1
anti-adrenodoxin,1,0,1
radioprotector,1,0,1
glibencamid,1,0,1
gonadotropes,1,0,1
mir-133,1,0,1
p.2.2-,1,0,1
monoubiquitins,1,0,1
alpha-actinin,1,0,1
p.2.4,1,0,1
c-tubulin,1,0,1
zinc-and,1,0,1
cep55,1,0,1
voltage-gatedna,1,0,1
pell-amarcosmetics,1,0,1
procaspase-2,1,0,1
b-chain,1,0,1
mv+dibromothymoquinone,1,0,1
cysteine-for-glycine,1,0,1
ni-resin,1,0,1
5-hydroxymethyluracil,1,0,1
pniiru-te-2014,1,0,1
gonadotrope,1,0,1
2-hg,1,0,1
symfonia,1,0,1
no.15,1,0,1
lynx1,1,0,1
glutamine-methionine,1,0,1
fibulin-2,1,0,1
syndecan-4-fc,1,0,1
pirh2,1,0,1
usneaflorida,1,0,1
-mir-124,1,0,1
neuropeptidey,1,0,1
somopro,1,0,1
-azacytidine,1,0,1
barstar,1,0,1
j82,1,0,1
oxepins,1,0,1
alkbhs,1,0,1
glutathione-sh,1,0,1
p.4.2-,1,0,1
nci-h929,1,0,1
riboadenosine,1,0,1
p.4.4.a-014,1,0,1
1-octanol,1,0,1
wwox,1,0,1
polygonifolium,1,0,1
bpinene,1,0,1
mgl-peg,1,0,1
ribosides,1,0,1
6-cystine,1,0,1
drugspenicillamine,1,0,1
pyran,1,0,1
ages-hsa,1,0,1
fungicin,1,0,1
nitrosoamine,1,0,1
cys250,1,0,1
no.16-08-,1,0,1
chrysobactin,1,0,1
suvirval,1,0,1
xdf,1,0,1
imaa,1,0,1
petrozavodsk,1,0,1
balnase,1,0,1
patellavulgata,1,0,1
ratg13-guided,1,0,1
c.herbarum,1,0,1
warr,1,0,1
wimanornis,1,0,1
shenzhen,1,0,1
koln,1,0,1
nowa-haarkosmetik,1,0,1
postfach1808,1,0,1
trimethoprimsulfametaxazole,1,0,1
ciprofloxacinresistance,1,0,1
-enterocin,1,0,1
(bl)-aminoglycoside,1,0,1
dap-tomycin,1,0,1
tigecyt,1,0,1
oritavan,1,0,1
orita,1,0,1
quinu/dalfo,1,0,1
imipen,1,0,1
meropen,1,0,1
azithro,1,0,1
clarithro,1,0,1
10-deazaaminopterin,1,0,1
isoflurane-oxygen,1,0,1
khler,1,0,1
amgalan,1,0,1
cml.hydroxyurea,1,0,1
mon-tanide,1,0,1
glee,1,0,1
danesi,1,0,1
bactericidin,1,0,1
viviparus,1,0,1
fbx,1,0,1
pegloticase,1,0,1
jalinus,1,0,1
.finerenone,1,0,1
nordafrikabeheimatet,1,0,1
zestoden,1,0,1
papilloma-viren,1,0,1
candelabras,1,0,1
sodium-can,1,0,1
glucose-increased,1,0,1
tfast,1,0,1
hemil€,1,0,1
smartwatch,1,0,1
57tofacitinib,1,0,1
acetylcarnosine,1,0,1
annulata,1,0,1
pegylatedifn-2a,1,0,1
bitmasks,1,0,1
keccak-f,1,0,1
xmss,1,0,1
töit,1,0,1
lgscheme,1,0,1
oligoglucose,1,0,1
ofaminopherase,1,0,1
kshvcapsid,1,0,1
catc-triplex,1,0,1
cefradin,1,0,1
emolisine,1,0,1
rivistaanno,1,0,1
vasopressina,1,0,1
5-alfafludrocortisone,1,0,1
rigoroso,1,0,1
slavica,1,0,1
hrl,1,0,1
cbz-ggraminomethylcoumarin,1,0,1
äquus,1,0,1
nitidula,1,0,1
ergotropica,1,0,1
antiberiberi-vitamin,1,0,1
antilopinae,1,0,1
helicacea,1,0,1
widder,1,0,1
methymna,1,0,1
arolium,1,0,1
gynäkologe,1,0,1
spargel,1,0,1
aterrimus,1,0,1
athecata,1,0,1
pyrosoma,1,0,1
coronata,1,0,1
-arius,1,0,1
-artig,1,0,1
österreichisch,1,0,1
autogen,1,0,1
autol,1,0,1
aciculata,1,0,1
leptus,1,0,1
v.avellana,1,0,1
genitiv,1,0,1
azurjungfern,1,0,1
eucyte,1,0,1
lemmus,1,0,1
ringelgans,1,0,1
bicalcarátus,1,0,1
bicaudátus,1,0,1
biene,1,0,1
-venöser,1,0,1
bifasciatus,1,0,1
córneus,1,0,1
cornuta,1,0,1
hippuris,1,0,1
fatalis,1,0,1
jatro-,1,0,1
jocosus,1,0,1
teleostii,1,0,1
kolloid,1,0,1
neocribellatae,1,0,1
felsenbeinpyramide,1,0,1
lactoflavin,1,0,1
lache,1,0,1
phoxinus,1,0,1
láganum,1,0,1
lagena,1,0,1
incisivi,1,0,1
ablativ,1,0,1
acrodonta,1,0,1
roterblumenbock,1,0,1
letum,1,0,1
levatórius,1,0,1
podophrya,1,0,1
oralpapillen,1,0,1
óviger,1,0,1
ostracacoda,1,0,1
blinddarm,1,0,1
tricladida,1,0,1
pardalis,1,0,1
phenylanalin,1,0,1
pholid,1,0,1
tentaculata,1,0,1
phytophagen,1,0,1
corticosteroids/anti-tnf-α,1,0,1
chita,1,0,1
.almitrine,1,0,1
curreot,1,0,1
wonis,1,0,1
pentecost,1,0,1
cefuroxim(axetil,1,0,1
il20,1,0,1
yclosporine(csa)l,1,0,1
vari-vax,1,0,1
.pradofloxacin,1,0,1
penicillin-vk,1,0,1
persulfurated,1,0,1
l-mer,1,0,1
glycodendrimer,1,0,1
anti-hivvaccine,1,0,1
triand,1,0,1
interferon-b1a,1,0,1
amantadine-oseltamivir,1,0,1
pleconaril-the,1,0,1
telescopio,1,0,1
hedeker,1,0,1
1-naphthalenesulfonyl-ile-trp-cho,1,0,1
dress/dihs,1,0,1
docetaxel/,1,0,1
.nitrofurantoin,1,0,1
oxdase,1,0,1
pilas,1,0,1
amplidag,1,0,1
smarandache,1,0,1
baculiferins,1,0,1
polytheonamide,1,0,1
.axinastatin,1,0,1
theopederinsa-l,1,0,1
icadamide,1,0,1
dihalenaquinolides,1,0,1
jaspisamides,1,0,1
thiomycalolides,1,0,1
crellastatin,1,0,1
.renieramycin,1,0,1
.ageladine,1,0,1
isoniazid(rif,1,0,1
stoechospermum,1,0,1
peg-ifn+ribavirin,1,0,1
kumaracoil,1,0,1
tcpm,1,0,1
n.gonorrhoeae,1,0,1
b.malayi,1,0,1
andrographoside,1,0,1
tetrozolium,1,0,1
hemavathi,1,0,1
diaporthe,1,0,1
probioticcurd,1,0,1
adenylated-streptomycin,1,0,1
lacto-phenol,1,0,1
neisseriapolysaccharea,1,0,1
vitamina-metabolite,1,0,1
agr2,1,0,1
aplp1,1,0,1
phedra,1,0,1
cpdg2,1,0,1
heparin-aspirin,1,0,1
tegadermchg,1,0,1
pellegrin,1,0,1
avastinò,1,0,1
sm153lexidronam,1,0,1
temozolomidewe,1,0,1
lidocaïneointment,1,0,1
fraxiforte,1,0,1
druid,1,0,1
rivaroxavan,1,0,1
metronidazolenational,1,0,1
profenid,1,0,1
tarceva,1,0,1
ciprofoloxacin,1,0,1
ccr-27,1,0,1
pharmacologists,1,0,1
cet-12,1,0,1
cet-20,1,0,1
cet-24,1,0,1
cet-27,1,0,1
cet-28,1,0,1
cet-33,1,0,1
cet-35,1,0,1
cet-37,1,0,1
cet-40,1,0,1
cet-41,1,0,1
nebivolol-paroxetine,1,0,1
cet-46,1,0,1
cet-53,1,0,1
cet-54,1,0,1
tridon,1,0,1
cpg-1,1,0,1
mi-5,1,0,1
mi-10,1,0,1
donepezil-memantine,1,0,1
mi-13,1,0,1
thalliumchloride,1,0,1
mi-20,1,0,1
mi-21,1,0,1
mi-23,1,0,1
mi-33,1,0,1
ms-13,1,0,1
ms-21,1,0,1
ms-35,1,0,1
ms-53,1,0,1
ms-54,1,0,1
ms-59,1,0,1
ms-71,1,0,1
ms-75,1,0,1
ms-77,1,0,1
ms-83,1,0,1
ms-95,1,0,1
ms-106,1,0,1
colimycin-gentamicin,1,0,1
colimycin-tobramicin,1,0,1
nuv-13,1,0,1
pph-17,1,0,1
pph-21,1,0,1
pph-23,1,0,1
pph-24,1,0,1
pph-28,1,0,1
prs-3,1,0,1
prs-5,1,0,1
prs-9,1,0,1
prs-10,1,0,1
prs-19,1,0,1
prs-21,1,0,1
prs-24,1,0,1
prs-33,1,0,1
prs-35,1,0,1
prs-36,1,0,1
prs-47,1,0,1
sandimmum,1,0,1
profylaxis,1,0,1
ertapeneme,1,0,1
tdm-14,1,0,1
lbr,1,0,1
butat,1,0,1
iloilo,1,0,1
rayprasad,1,0,1
recaída,1,0,1
brolizumab,1,0,1
6-mercaptopurine/azathioprine,1,0,1
monatlich,1,0,1
(gfr).pioglitazone,1,0,1
buzina,1,0,1
fuconazol,1,0,1
uretero-neocystostomy,1,0,1
sirolimusmonotherapy,1,0,1
azithromycin(55.17,1,0,1
amara,1,0,1
cfa-mir-208a,1,0,1
syngo,1,0,1
hedgehog,1,0,1
viviani,1,0,1
en18,1,0,1
gi25,1,0,1
gi34,1,0,1
pfa-epinephrine,1,0,1
27%).procarbazine,1,0,1
na≥,1,0,1
nu14,1,0,1
tolfenamic,1,0,1
fur,1,0,1
mflash,1,0,1
e55,1,0,1
antiequine,1,0,1
thymosinalpha，vitamin,1,0,1
ĩ!i,1,0,1
sssh,1,0,1
slco,1,0,1
zangrillo,1,0,1
injury.acetaminophen,1,0,1
alternariabrassicae,1,0,1
zolendronic,1,0,1
.povidone,1,0,1
4-aminoquonolone,1,0,1
lqs,1,0,1
aleix,1,0,1
ammoniaammonia,1,0,1
ethyl-pyridazine,1,0,1
nitella,1,0,1
thusit,1,0,1
rtide,1,0,1
fuz,1,0,1
almitrinebismesylate,1,0,1
cinnamoneus,1,0,1
chondodendrontomentosum,1,0,1
tooele,1,0,1
ken,1,0,1
−aldosterone,1,0,1
siamycins,1,0,1
chloropeptin-kistamicin,1,0,1
acetaminophen•,1,0,1
glycyrrhizicacids,1,0,1
18glycyrrhetinicacid,1,0,1
creatinine-cystatin,1,0,1
ceapin,1,0,1
9warfarin,1,0,1
α'-bmpisomer,1,0,1
6-galactosidase,1,0,1
rbd-tcdb,1,0,1
trimethoprimt,1,0,1
sulfadiozine,1,0,1
ceftiofurt,1,0,1
aquisita,1,0,1
.dacetuzumab,1,0,1
.anti-infliximab,1,0,1
.inotuzumab,1,0,1
.panitumumab,1,0,1
galera,1,0,1
puranam,1,0,1
smad2,1,0,1
kaum,1,0,1
mentale,1,0,1
betain-homocysteine-methyltransferase,1,0,1
betain-homocystein-methyltransferase,1,0,1
isovalerianazidämie,1,0,1
propionazidämie,1,0,1
morgenurin,1,0,1
ornithin,1,0,1
pharmakoresistente,1,0,1
l-carnitin,1,0,1
benzafibraten,1,0,1
chop-chemotherapie,1,0,1
mir-1423p,1,0,1
opb,1,0,1
mir-202,1,0,1
ra-oc,1,0,1
trim28,1,0,1
micrornamir-29b,1,0,1
zu-,1,0,1
nonpolymyxin-base,1,0,1
.10).metronidazole,1,0,1
angii-(1,1,0,1
huiimeda,1,0,1
nina,1,0,1
lykke,1,0,1
donnaharaway,1,0,1
phenyl-pyrrolidine,1,0,1
quadrivalentpolysaccharidevaccine-hajj,1,0,1
collyrium,1,0,1
bzfluenzae,1,0,1
shantiniketan,1,0,1
polygalacturonase,1,0,1
polioboostrix,1,0,1
mtor-hemmer,1,0,1
amoxiclavulansäure,1,0,1
antidopaminerge,1,0,1
.metoclopramid,1,0,1
domus,1,0,1
doxycycline/,1,0,1
roscini,1,0,1
jurisprudence,1,0,1
methanex,1,0,1
abuse02/07-,1,0,1
sentaurus,1,0,1
genopolis,1,0,1
automatische,1,0,1
senile,1,0,1
camire,1,0,1
3huridine,1,0,1
roxithromy-cin,1,0,1
01/2014,1,0,1
etanercept/glucocorticoid,1,0,1
alinker,1,0,1
isophthalaldehyde,1,0,1
iaminopyridine,1,0,1
thef,1,0,1
theb,1,0,1
4-aminomethylbenzamidine,1,0,1
insulet,1,0,1
γglutamylcysteine,1,0,1
ramamoorthy,1,0,1
that:2,1,0,1
buchler,1,0,1
digoxigenin-2037,1,0,1
davidov,1,0,1
ceh/o,1,0,1
17ahydroxyprogesterone,1,0,1
liubov,1,0,1
betasitosterol,1,0,1
hxzqformula,1,0,1
antibacterium,1,0,1
bhagvatgita,1,0,1
javan,1,0,1
molehydroxychloroquine,1,0,1
massi,1,0,1
docusate,1,0,1
.peficitinib,1,0,1
enantiomer146-(s,1,0,1
flavonequercetin,1,0,1
atg5-atg12-atg16l1,1,0,1
rhugm,1,0,1
gm-csf/sargramostim,1,0,1
ozoli,1,0,1
rigans,1,0,1
baryshnikov,1,0,1
tradotto,1,0,1
antipv,1,0,1
phe-phe-gly,1,0,1
kneel,1,0,1
temi,1,0,1
sulbutiamine,1,0,1
"azathioprine49,89",1,0,1
l'azathioprine,1,0,1
citarella,1,0,1
tripeptideacid,1,0,1
3-methylcystathionine,1,0,1
@larazon,1,0,1
-azanaphthalene,1,0,1
chilet-rosell,1,0,1
glycyrrhyza,1,0,1
zydovudin,1,0,1
bayezid,1,0,1
itm3,1,0,1
warmus,1,0,1
betamax,1,0,1
vampyr,1,0,1
aspasia,1,0,1
cleo,1,0,1
lestat,1,0,1
twin,1,0,1
profundo,1,0,1
ll-ha1/,1,0,1
grotius,1,0,1
altunbas,1,0,1
.amoxicillin-clavulanate,1,0,1
osine,1,0,1
tateda,1,0,1
lopinavir/ritonavir/recombinant,1,0,1
"1,25(oh)2vitamind",1,0,1
aterpinene,1,0,1
retinoscope,1,0,1
lisamine,1,0,1
mec-u,1,0,1
zna,1,0,1
zapraszabadaczy,1,0,1
veronicaschiariti,1,0,1
leiomyosarcoma-gemcitabine+dacarbazine,1,0,1
sarcoma-ifosfamide,1,0,1
sarcoma-gemcitabine+docetaxel,1,0,1
ai-doxorubicin,1,0,1
ei-epirubicin,1,0,1
anthracycline-ifosfamide,1,0,1
ivermectin-chloroquine,1,0,1
ivermectin-hydroxychloroquine,1,0,1
hydroxychloroquine-remdesivir,1,0,1
txas,1,0,1
cpla2α,1,0,1
perlis,1,0,1
lipinavir-ritonavir,1,0,1
asampicillin,1,0,1
tin-silver,1,0,1
trombosis,1,0,1
76-amino-acid,1,0,1
plp1α,1,0,1
ros.,1,0,1
mildronat,1,0,1
faustus,1,0,1
levodopa-benserazide,1,0,1
anti-pnma,1,0,1
erythtromelalgia,1,0,1
vitamindeficiency,1,0,1
b9vitamins,1,0,1
trolard,1,0,1
123i-iodoamphetamine,1,0,1
dopaminetransporter,1,0,1
gastaut,1,0,1
neurovespina,1,0,1
ep1074,1,0,1
ep1078,1,0,1
guadalajara,1,0,1
alpharix,1,0,1
ep1117,1,0,1
4mg/day,1,0,1
ep1148,1,0,1
caa-ri,1,0,1
projectapvv-14-,1,0,1
antihypoxant,1,0,1
alpha-glucosidase,1,0,1
ep2029,1,0,1
anti-amphiphisin,1,0,1
hirayama,1,0,1
piramidal,1,0,1
opionions,1,0,1
belarus,1,0,1
areflexia,1,0,1
gdansk,1,0,1
migraine-buddy©,1,0,1
migraine-buddy,1,0,1
fms,1,0,1
2012.south,1,0,1
protoporphyrinrich,1,0,1
sodiumhypochlorite.l,1,0,1
.aviptadil,1,0,1
allatostatines,1,0,1
sars-covp7a,1,0,1
filiberto,1,0,1
zattoni,1,0,1
gagpolypeptide,1,0,1
ampho-,1,0,1
lopinavir-nelfinavir,1,0,1
v-linkadj,1,0,1
p.coronatus,1,0,1
ratu,1,0,1
caff,1,0,1
trishitta,1,0,1
walkowiak,1,0,1
"also:""chloroquine",1,0,1
of~59,1,0,1
ritonga,1,0,1
isoamyl-alcohol,1,0,1
hammondia,1,0,1
isopropylmagnesiumchloride,1,0,1
122hydroxychloroquine,1,0,1
malcolmgladwell,1,0,1
selenof,1,0,1
gingerjuice,1,0,1
adda-vaxadjuvant,1,0,1
catechol-o-mtase,1,0,1
weiguan,1,0,1
afa,1,0,1
yampolskiy,1,0,1
cytovale,1,0,1
bufalini,1,0,1
c/s,1,0,1
digistat,1,0,1
pomegranatefruit,1,0,1
ivin,1,0,1
apa-fis#9385-,1,0,1
paw-mps,1,0,1
gcsin,1,0,1
glykgly,1,0,1
noop,1,0,1
cimetidina,1,0,1
.l'irbesartan,1,0,1
idroclorotiazide,1,0,1
l'olmesartan,1,0,1
concludere,1,0,1
β2-agonista,1,0,1
anticolinergici,1,0,1
riguardo,1,0,1
:/,1,0,1
anti-phb,1,0,1
gliptins.2,1,0,1
mf59microemulsion,1,0,1
cooperationhttp://dx.doi.org/10.1016/j.ijinfomgt.2014.07.0040268-,1,0,1
gardasilò,1,0,1
bipa,1,0,1
chloroeremophilanesesquiterpenes,1,0,1
gregormendel,1,0,1
gliem,1,0,1
-above,1,0,1
benthin,1,0,1
pedvch/,1,0,1
galactosidase,1,0,1
lopinavir(a)/ritonavir,1,0,1
met4,1,0,1
dino,1,0,1
beschouwing,1,0,1
teletherapy,1,0,1
siglec,1,0,1
lactobacillusrhamnosusgg,1,0,1
argetinean,1,0,1
macri,1,0,1
≈60,1,0,1
tpt-,1,0,1
gvodv,1,0,1
nima,1,0,1
cuninpvorf31,1,0,1
odv-e18,1,0,1
cyle,1,0,1
odv-e25,1,0,1
pif-0,1,0,1
p74-pif-0,1,0,1
napnap,1,0,1
artemisinin-and,1,0,1
astragaloside-and,1,0,1
manabu,1,0,1
streptogrisin,1,0,1
lysyl,1,0,1
alanyl,1,0,1
cipp,1,0,1
~0~,1,0,1
tonyromo,1,0,1
andhydrochlorothiazide,1,0,1
urea-6,1,0,1
pompeo,1,0,1
atractylodus,1,0,1
b.measlesvaccine,1,0,1
nonribavirin,1,0,1
3-galactosidase,1,0,1
20.2)paracetamol,1,0,1
e-modulus,1,0,1
yak,1,0,1
sace,1,0,1
lisinoprilin,1,0,1
anoace9,1,0,1
j!lol,1,0,1
cdk1-cyclinb1,1,0,1
quiró,1,0,1
n]-bisamide,1,0,1
kanamycina,1,0,1
clarithromycinand,1,0,1
-oacazithromycin,1,0,1
oligomycina,1,0,1
olivomycina,1,0,1
-n-l-lysyldoxorubicin,1,0,1
auramineo,1,0,1
jacod,1,0,1
sosi,1,0,1
bismi,1,0,1
uk.palivizumab,1,0,1
cerastium,1,0,1
daurica,1,0,1
c.groenlandica,1,0,1
pedicularis,1,0,1
rofloxacin.4,1,0,1
multivitaminprepara,1,0,1
amoxycil,1,0,1
atoxo,1,0,1
roquine,1,0,1
acantho,1,0,1
h]-uridine,1,0,1
ciprofloxacin/hydrocortisone,1,0,1
herbsanguisorbaofficinalis,1,0,1
soe,1,0,1
interleukin-5,1,0,1
nucala,1,0,1
whiz,1,0,1
pagerank,1,0,1
.anisomycin,1,0,1
metal−halogen,1,0,1
37a,1,0,1
2-aminopyrazine,1,0,1
esbriet,1,0,1
sodiumborohydride−tfa,1,0,1
ts3,1,0,1
villum,1,0,1
cobalt-zinccadmium,1,0,1
dar-901,1,0,1
mip/immuvac,1,0,1
huifn-al,1,0,1
huifn-~,1,0,1
condylomaaccuminatum,1,0,1
heparin-calcium,1,0,1
modi®,1,0,1
intesa,1,0,1
neuropathy,1,0,1
vladan,1,0,1
nicotinevia,1,0,1
ombitasvir-paritaprevir/ritionavir-dasabuvir,1,0,1
colentina,1,0,1
nlrc,1,0,1
interferonα/ribavirin,1,0,1
dr-tb,1,0,1
ombitasvir-paritaprevir/ritonavirdasabuvir,1,0,1
oprdribavirin,1,0,1
thiabendazolecream,1,0,1
imadacloprid,1,0,1
antihelminthic,1,0,1
permethrinimpregnated,1,0,1
odofin,1,0,1
lostat,1,0,1
hbv-1,1,0,1
portola,1,0,1
kortijk,1,0,1
furd,1,0,1
youjin,1,0,1
weyl,1,0,1
calcipressin-3,1,0,1
ureatrypsin,1,0,1
urea-trypsin,1,0,1
carbenoxolonedisodium,1,0,1
calycina-helicteres,1,0,1
calycina,1,0,1
kirk,1,0,1
beta-pleated,1,0,1
betapleated,1,0,1
svm).it,1,0,1
willow,1,0,1
hrace2,1,0,1
theasinensin-d.,1,0,1
9vhpv,1,0,1
somos,1,0,1
rilancio,1,0,1
dezocine,1,0,1
isoflavonoid,1,0,1
iodinecontrast,1,0,1
.valproate,1,0,1
carboxyl-terminal,1,0,1
antonius1933:13,1,0,1
braecatus,1,0,1
oncifelis,1,0,1
l.braeeatus,1,0,1
po).metronidazole,1,0,1
rosca,1,0,1
dikos,1,0,1
triva-,1,0,1
sjmethionine,1,0,1
e3glycoproteins,1,0,1
oxygen-saturation,1,0,1
b-0100,1,0,1
b-0105,1,0,1
exelis,1,0,1
tvvt,1,0,1
low-iodine,1,0,1
wa-80,1,0,1
sonotumor,1,0,1
3d-dose,1,0,1
b-0129,1,0,1
b-015314:27,1,0,1
b-0165,1,0,1
b-018614:54,1,0,1
b-018414:36,1,0,1
b-019715:03,1,0,1
vda,1,0,1
br14,1,0,1
b-027715:03,1,0,1
b-0444,1,0,1
h.choi,1,0,1
b-0604,1,0,1
b-0637,1,0,1
sellaturcica,1,0,1
flashir,1,0,1
g.a.zamboni,1,0,1
guerbet,1,0,1
b-0713,1,0,1
b-071711:42,1,0,1
ringl,1,0,1
b-074711:42,1,0,1
employee,1,0,1
bayerpharma,1,0,1
b-077711:42,1,0,1
b-0795,1,0,1
gadofosvesetenhanced,1,0,1
b-0833,1,0,1
b-0873,1,0,1
b-0874,1,0,1
b-092214:27,1,0,1
m.lee,1,0,1
b-0930,1,0,1
l.di,1,0,1
insall-salvati-index,1,0,1
b-0937,1,0,1
b-0950,1,0,1
b-1007,1,0,1
b-1008,1,0,1
b-100615:03,1,0,1
b-101314:27,1,0,1
b-1021,1,0,1
sulphamonomethoxine/ormetoprim,1,0,1
fluvastatine.2,1,0,1
videolaryngoscopy.,1,0,1
f-flutemetamol,1,0,1
β-core,1,0,1
novonordisk,1,0,1
stink,1,0,1
d-biotinamide,1,0,1
hydrazidohexyl-d-biotinamide,1,0,1
dbiotinamide,1,0,1
piauí,1,0,1
d).crizotinib,1,0,1
mmf-tacrolimus-corticosteroid,1,0,1
birk,1,0,1
berinato,1,0,1
smartinhaler,1,0,1
academicianchang-xiao,1,0,1
hydroxychloroquine);•,1,0,1
fanolyte,1,0,1
.pyrithione,1,0,1
dorothy,1,0,1
zawichemishanidar,1,0,1
neocortix,1,0,1
.chloramphenicol,1,0,1
clindamycin-doxycycline-azithromycin,1,0,1
sulfamethoxazole-trimethoprimpentamidine,1,0,1
xlm-roberta,1,0,1
josé,1,0,1
arbidol50arbidol,1,0,1
anti-dcc,1,0,1
.r-chop,1,0,1
bioxiv,1,0,1
psychodynamik,1,0,1
psychologischeansätze,1,0,1
despipramin,1,0,1
antihistaminergen,1,0,1
.venlafaxin,1,0,1
.duloxetin,1,0,1
demethyl-mirtazapin,1,0,1
.clonidin,1,0,1
r-/s-acenocoumarol,1,0,1
medroxyprogesteronazetat,1,0,1
livevirusvaccine,1,0,1
reidar,1,0,1
s*.,1,0,1
peptideang-(1,1,0,1
elcin,1,0,1
marilones,1,0,1
hungariae,1,0,1
caesium-137,1,0,1
[12si]iododeoxyuridine,1,0,1
d-nitrogen,1,0,1
diisothiocyanatostilbens,1,0,1
anti-malarial-drugs,1,0,1
hala,1,0,1
pyramidobacter,1,0,1
mukurukwarueben,1,0,1
kwa,1,0,1
smethionine/cysteine,1,0,1
hrpcholera,1,0,1
masker,1,0,1
cixin,1,0,1
biodiversity,1,0,1
laminea/c-sirna,1,0,1
lipidoids,1,0,1
htt-sirna,1,0,1
b-gelatin,1,0,1
hatamifar,1,0,1
trevino,1,0,1
furner,1,0,1
wyche,1,0,1
biex}.,1,0,1
ev2,1,0,1
visuele,1,0,1
ondermeer,1,0,1
erinzit,1,0,1
corica,1,0,1
vasudharani,1,0,1
radiokonjugate,1,0,1
gvax,1,0,1
onyvax-p,1,0,1
multikinase-inhibitoren,1,0,1
alsobaiei,1,0,1
persona,1,0,1
sangar,1,0,1
safety,1,0,1
asean−japanactionplan,1,0,1
china-asean,1,0,1
begomoviruses,1,0,1
phe-lys,1,0,1
yin-yang,1,0,1
medetomidine/ketamine,1,0,1
octodontidae,1,0,1
ironol,1,0,1
euthansol,1,0,1
ofpolyiclc,1,0,1
melisaratos,1,0,1
rimba,1,0,1
genetic,1,0,1
p)-deoxycitidine,1,0,1
sp-bpro-protein,1,0,1
3hcholine,1,0,1
surfactan,,1,0
sodium-fluoride,1,0,1
fluoride-oxalate,1,0,1
andoseltamivir,1,0,1
afmk,1,0,1
(66).melatonin,1,0,1
replicasepolyproteins1a,1,0,1
gallocatechingallate,1,0,1
antip-stat3,1,0,1
antihaemophilus,1,0,1
rebreathed,1,0,1
cex,1,0,1
27hydroxycholesterol,1,0,1
vps39,1,0,1
party,1,0,1
cyds,1,0,1
penicillamine-associated,1,0,1
para-nitrophenylphosphate,1,0,1
psram,1,0,1
go-lzd,1,0,1
dextran-methylprednisolone,1,0,1
gailer,1,0,1
per-o-sulfonated,1,0,1
2-cyanoacetamide,1,0,1
ermer,1,0,1
netopilik,1,0,1
verzola,1,0,1
tragas,1,0,1
jongenotter,1,0,1
athabasca,1,0,1
panobinostat/dasatinib,1,0,1
fludarabine/cytarabine/idarubicin/g-csf,1,0,1
daunorubicin/cytarabin,1,0,1
busca:honoraria,1,0,1
anti-meningococcusb-serotype,1,0,1
cylosporina,1,0,1
ciclosporin.46,1,0,1
bu/fludarabine,1,0,1
fludarabine/amsacrine/cytarabine,1,0,1
/idarubicin,1,0,1
pomalidomid,1,0,1
2018).plerixafor,1,0,1
mir-103a,1,0,1
tacrolimus+sirolimus,1,0,1
at-tma,1,0,1
gutiérrez-garcía,1,0,1
/-cetuximab,1,0,1
mycophenyalate,1,0,1
ruxolitinib/ecp,1,0,1
thiotepa-fludarabinecyclophosphamide,1,0,1
cambium,1,0,1
fk506/everolimus,1,0,1
ciclosporin/sirolimus,1,0,1
t-haplo-hsct,1,0,1
dosier,1,0,1
autosct,1,0,1
6-mecaptopurine,1,0,1
flu-treosulfan-thiotepa-atg-rituximab,1,0,1
thierry,1,0,1
trimethoprimsufmethoxazole,1,0,1
antithymoglobin,1,0,1
antitubulinmomomethylauristatin,1,0,1
brentuximaband,1,0,1
cytarabine+melphalan,1,0,1
chop(cyclophosphamide,1,0,1
"1,vinorelbine",1,0,1
"1,dexamethasone",1,0,1
dac/dli/sorafenib,1,0,1
etoposide/cyclophosphamide-based,1,0,1
bortezomib/lenalidomide/dexamethasone,1,0,1
lenalidomide(r,1,0,1
il2/hsp70,1,0,1
penicilum,1,0,1
grafalon,1,0,1
mel/,1,0,1
mps,1,0,1
ptcm,1,0,1
methoteraxate,1,0,1
brotizomib,1,0,1
plerixafor+g-csf,1,0,1
notenone,1,0,1
totimpfstoffe,1,0,1
lebendimpfstoffe,1,0,1
deradjuvantierteinfluenzaimpfstoff,1,0,1
caviae,1,0,1
amantadine/modafinil,1,0,1
amantadinemodafinil,1,0,1
rfelfn,1,0,1
rhuifn-a,1,0,1
mg/l.hydroxychloroquine,1,0,1
18βglycyrrhetinicacid,1,0,1
ospina,1,0,1
konstas,1,0,1
sodiumiodate,1,0,1
prophyrin,1,0,1
lactobacillusparacasei,1,0,1
amethylbenzidine,1,0,1
rumpf,1,0,1
dox-ycycline,1,0,1
tigrinus,1,0,1
/31,1,0,1
anti-a6,1,0,1
dimla,1,0,1
schivo,1,0,1
cad3-mva,1,0,1
liger,1,0,1
rufipennis,1,0,1
dreimaligem,1,0,1
mifepristone.,1,0,1
varón,1,0,1
hamwi,1,0,1
en;metoclopramide,1,0,1
ligocyte,1,0,1
mir-295-,1,0,1
enterovirus71mir-296-5p,1,0,1
plink2,1,0,1
hdl/apoa,1,0,1
cation-oxygen,1,0,1
bzatp,1,0,1
foscarnetbased,1,0,1
bohonak,1,0,1
cervixcarcinoom,1,0,1
morfinomimetica,1,0,1
bookseller,1,0,1
communist,1,0,1
olne,1,0,1
wizz,1,0,1
selenomet,1,0,1
oprm1,1,0,1
c]-amprenavir,1,0,1
despina,1,0,1
ortalo,1,0,1
anthela,1,0,1
harrap,1,0,1
tineota,1,0,1
vivol,1,0,1
salmeterol-and,1,0,1
interferon-y,1,0,1
biu,1,0,1
kofinas,1,0,1
amoxicillin-about,1,0,1
clavulanate-at,1,0,1
r-pci,1,0,1
pinol,1,0,1
siler,1,0,1
iga.it,1,0,1
bag-133,1,0,1
chao,1,0,1
inland,1,0,1
avicennia,1,0,1
cretaceous,1,0,1
hormosira,1,0,1
mactan,1,0,1
nastanu,1,0,1
amalendu,1,0,1
mahasweta,1,0,1
cwe,1,0,1
glisin,1,0,1
mchitosan,1,0,1
tetanus-impfstatus,1,0,1
telefon,1,0,1
henin,1,0,1
xin-hua,1,0,1
syn,1,0,1
syns,1,0,1
o-57,1,0,1
p-63,1,0,1
magainin-h2,1,0,1
kyotorphin,1,0,1
ktp-rc-lipogen,1,0,1
melatoninsupplementation,1,0,1
hydf,1,0,1
hydg,1,0,1
chlaa2,1,0,1
n-amide,1,0,1
cholesteric,1,0,1
zinc-azurin,1,0,1
wt-azurin,1,0,1
polymerizable,1,0,1
valinomycins,1,0,1
kcvkcv,1,0,1
d.carota,1,0,1
interferonα2,1,0,1
donostia-san,1,0,1
ecβ,1,0,1
pafp,1,0,1
trichoginga,1,0,1
pcer,1,0,1
hgv-c,1,0,1
polylysines,1,0,1
p-583,1,0,1
laurdan,1,0,1
p-617,1,0,1
p-619,1,0,1
me-beta-cyclodextrin,1,0,1
o-630,1,0,1
zinc-clasp,1,0,1
p-659,1,0,1
radioisotopes,1,0,1
bailer,1,0,1
mitrofi,1,0,1
tvtabbrevo,1,0,1
tele-lap,1,0,1
vanilvandelico,1,0,1
nitroprusiate,1,0,1
byzantine,1,0,1
5-aminoquinolone,1,0,1
vasovasostomy,1,0,1
da-vinci,1,0,1
hormonotherapy,1,0,1
mp-01.03,1,0,1
satava,1,0,1
flavonoidsemencuscutaeextract,1,0,1
bajorin,1,0,1
androgen-defi,1,0,1
meditoxin,1,0,1
mirabegron=,1,0,1
aristolactam,1,0,1
aristolochiaherbs,1,0,1
kaprin,1,0,1
up.222,1,0,1
aryl,1,0,1
androgen/androgen,1,0,1
mirofenof,1,0,1
mitrofenof,1,0,1
immunodrugs,1,0,1
(47).abatacept,1,0,1
glustat,1,0,1
dgalactose,1,0,1
(ca).amantadine,1,0,1
orexina/b,1,0,1
calcinosis,1,0,1
hemovister,1,0,1
vecuronium/rocuronium,1,0,1
mcnett,1,0,1
ttm.amantadine,1,0,1
baharudin,1,0,1
dunantist,1,0,1
cytapheresis,1,0,1
kae,1,0,1
arslan,1,0,1
ifna/ribavirin,1,0,1
oxanad,1,0,1
dafl,1,0,1
.sars-cov,1,0,1
tetanustetanus,1,0,1
onac,1,0,1
onac-d,1,0,1
terone.~,1,0,1
act,1,0,1
2013/eu,1,0,1
beta-plus,1,0,1
chamomilecream,1,0,1
bizjak,1,0,1
hsa-mir-3162-3p3hsa-mir-4699-3p2hsa-mir-6826-3p3hsa-mir-299-5p3hsa-mir-5195-5p3hsa-mir-121321hsa-mir-24-,1,0,1
sillarine,1,0,1
germicidal,1,0,1
un-alpha,1,0,1
net-heart,1,0,1
guanidinedenatured,1,0,1
8-hydroxylated,1,0,1
isopropyl-alcohol,1,0,1
remdesivir/diltiazem,1,0,1
cvlp.it,1,0,1
a1-adrenoceptor,1,0,1
.valaciclovir,1,0,1
6-deoxyganciclovir,1,0,1
β-l-2′-deoxycytidine,1,0,1
ref1acc,1,0,1
μm).it,1,0,1
hidrastis,1,0,1
vahos,1,0,1
clofeniramina,1,0,1
antitusivos,1,0,1
noctanol,1,0,1
n9588,1,0,1
sirolimus-dactinomycin,1,0,1
mercaptopurine-melatonin,1,0,1
toremifeneemodin,1,0,1
ammonia-ethanol,1,0,1
pcil,1,0,1
sulbactam-cefoperazon,1,0,1
sulbactamcefoperazon,1,0,1
u-net,1,0,1
iv-d.,1,0,1
fluorocillin,1,0,1
sepallfrnircnyvfb,1,0,1
21702180,1,0,1
ngvtlstklkdgvnfnvddiwfspvlgclgsdcnkvssrssei,1,0,1
(-)epigallocatechin-3-gallate,1,0,1
ketoconazole.^,1,0,1
minocycline.^^,1,0,1
cyclophosphamide.^^^,1,0,1
atropliy,1,0,1
propranolol.^^^,1,0,1
alcohol.^^^,1,0,1
butylatedhydroxyanisole.^^^,1,0,1
ethylacrylate.^^^,1,0,1
5-hydroxytyptamine,1,0,1
catecholamines.^^^,1,0,1
ioxtidine.^^^,1,0,1
cyproteroneacetate.^^^,1,0,1
omeprazole.^^^'^^^,1,0,1
mucosubstances.^^^,1,0,1
ethionine.^^'^'^^^,1,0,1
glucagons,1,0,1
2.^^^,1,0,1
sulfafurazole,1,0,1
ibuprofène,1,0,1
g-gold,1,0,1
proto-bcl-2,1,0,1
lê,1,0,1
leidsche,1,0,1
doxorubicinactivated,1,0,1
potassiumarsenite,1,0,1
arsenene,1,0,1
crataegifructus,1,0,1
phenethylamine-increased,1,0,1
ctocopherol,1,0,1
-metformin,1,0,1
medco,1,0,1
4adefovir,1,0,1
usfs,1,0,1
2).ribavirin,1,0,1
60mer,1,0,1
(aq)+sulfadoxinepyrimethamine,1,0,1
aq+artesunate,1,0,1
mg-lumefantrine,1,0,1
artemisinin-praziquantel,1,0,1
hbv-plasmid,1,0,1
laparostomy,1,0,1
24-hydroxyvitamind,1,0,1
257hydroxychloroquine,1,0,1
busto,1,0,1
praeventis,1,0,1
logicando,1,0,1
rotavirusc3,1,0,1
pentobarbitonesodium,1,0,1
haslinger,1,0,1
sheela,1,0,1
pneumokokkenpneumonie,1,0,1
hl-sap,1,0,1
tak-954,1,0,1
ulimorelin,1,0,1
asaiv,1,0,1
d3-cr,1,0,1
hgr,1,0,1
25ohvitamind,1,0,1
midazolamum,1,0,1
interferon-α1b,1,0,1
bcg-tokyo,1,0,1
179-aminoacid,1,0,1
mechanism,1,0,1
albuminglr,1,0,1
penicillin⁄streptomycin,1,0,1
nitrofurantoin-lunge,1,0,1
cyclohexylbutanoyl-n-hydroxyethyl-d-glucamide,1,0,1
acetyl-bmethylcholine,1,0,1
everolimus).10,1,0,1
antiaerosoles,1,0,1
mambalgin-1,1,0,1
trehalasemangel,1,0,1
rmamu-il-12,1,0,1
lupinus,1,0,1
carcinogennitrosamine,1,0,1
lanthamine,1,0,1
colcemide,1,0,1
dicoumarols,1,0,1
coniferae,1,0,1
lupinealkaloids,1,0,1
proton-alkaloid,1,0,1
laburnum,1,0,1
impregnate,1,0,1
m59,1,0,1
ampicillin.11,1,0,1
ethanol/iodine,1,0,1
dermato-,1,0,1
sia-lectin,1,0,1
milosevski,1,0,1
bi-partisan,1,0,1
natasha,1,0,1
ritonavir/,1,0,1
sadikin,1,0,1
reyes-mugica,1,0,1
lbn,1,0,1
ac-camargo-cancer-center,1,0,1
mir-206,1,0,1
mir-765,1,0,1
ofp-10-007,1,0,1
galcetin-3,1,0,1
mir-222-3p,1,0,1
ofp-13,1,0,1
brafv600,1,0,1
aegiceras,1,0,1
melanoacanthoma,1,0,1
pividon,1,0,1
idylla,1,0,1
hg-sc,1,0,1
hirsch,1,0,1
igcnu,1,0,1
chop-r-14,1,0,1
sarcina,1,0,1
entrogene,1,0,1
fli-1,1,0,1
dss/azoxymethane,1,0,1
cacchi,1,0,1
shebin,1,0,1
ntegra-aura,1,0,1
ps-10-025,1,0,1
cerb-b2,1,0,1
gnet,1,0,1
snscc,1,0,1
ps-25-,1,0,1
on14th,1,0,1
nephrogenicadenoma,1,0,1
trabecula,1,0,1
spiridon,1,0,1
bleomycinetoposide-cisplatin,1,0,1
lymphangioleiomyomatosis,1,0,1
odontoma,1,0,1
chondrolipoma,1,0,1
pnet,1,0,1
orban,1,0,1
deroot,1,0,1
haell,1,0,1
tota,1,0,1
oh-proline,1,0,1
4'-methylepigallocatechin,1,0,1
linkedit,1,0,1
cire/mdc-sign,1,0,1
fetalepi-d3,1,0,1
coumassie,1,0,1
assister,1,0,1
insulindetemir,1,0,1
podocyturia,1,0,1
rbp4,1,0,1
o-161,1,0,1
plin,1,0,1
t-002,1,0,1
t-004,1,0,1
t-007,1,0,1
t-011,1,0,1
t-014,1,0,1
t-015,1,0,1
t-016,1,0,1
t-018,1,0,1
t-021,1,0,1
t-027,1,0,1
t-031,1,0,1
α-hydroxyprogesterone,1,0,1
t-050,1,0,1
t-051,1,0,1
"incretas,10",1,0,1
t-073,1,0,1
t-074,1,0,1
hfcs,1,0,1
t-078,1,0,1
t-082,1,0,1
t-091,1,0,1
t-100,1,0,1
t-111,1,0,1
t-113,1,0,1
t-117,1,0,1
t-121,1,0,1
t-124,1,0,1
t-126,1,0,1
25-ohvitamin,1,0,1
t-132,1,0,1
t-139,1,0,1
t-141,1,0,1
t-148,1,0,1
t-167,1,0,1
t-170,1,0,1
t-189,1,0,1
bazeodoxifene,1,0,1
indo-1,1,0,1
t-198,1,0,1
t-205,1,0,1
sumo-pathway,1,0,1
t-208,1,0,1
t-213,1,0,1
t-222,1,0,1
t-235,1,0,1
f-004,1,0,1
f-012,1,0,1
cysteine-blocked,1,0,1
f-015,1,0,1
f-024,1,0,1
f-033,1,0,1
f-036,1,0,1
loi,1,0,1
f-039,1,0,1
f-047,1,0,1
f-050,1,0,1
f-051,1,0,1
/-vitaminc,1,0,1
f-094,1,0,1
f-130,1,0,1
f-138,1,0,1
f-162,1,0,1
f-166,1,0,1
f-214,1,0,1
f-215,1,0,1
s25(oh)d,1,0,1
rosiglitazoneinduced,1,0,1
vacciniumangustifolium,1,0,1
laevifolium,1,0,1
v.angustifolium,1,0,1
s-002,1,0,1
s-008,1,0,1
s-012,1,0,1
s-030,1,0,1
s-033,1,0,1
s-039,1,0,1
s-059,1,0,1
s-062,1,0,1
ertapenum,1,0,1
s-079,1,0,1
alpha-hydroxyprogestreone,1,0,1
hyal,1,0,1
epi-lipoxin,1,0,1
sulfoconjugated,1,0,1
γ-hexachlorocyclohexane,1,0,1
cervidil,1,0,1
ornitho,1,0,1
"acetazolamide0,125",1,0,1
midzolam,1,0,1
teicholtz,1,0,1
midazolam/propofol,1,0,1
lps-sevoflurane,1,0,1
levosimendán,1,0,1
patient-ventilator,1,0,1
nicaraven,1,0,1
ketamine(k,1,0,1
nadoparin,1,0,1
aav-ec,1,0,1
juzentaihoto,1,0,1
cinnamomicortex-containingkampomedicines,1,0,1
anti-hcv-agent,1,0,1
ninjinyoeito/gomisin,1,0,1
pennicillin-streptomycin,1,0,1
herberon,1,0,1
salis,1,0,1
antiinfluenzaa,1,0,1
palmitineacid,1,0,1
delns1,1,0,1
chunliu,1,0,1
tgf-in,1,0,1
veenavijayan,1,0,1
coxackievirus,1,0,1
(lopinavir/ritonavir).lopinavir,1,0,1
morphintropfen,1,0,1
hse,1,0,1
jerusalemite,1,0,1
tintin,1,0,1
lynteris,1,0,1
hymenin,1,0,1
nagelamidese-g,1,0,1
dibromoageliferin,1,0,1
l-tyrosinyltyramine,1,0,1
iricina,1,0,1
geodiamolideg,1,0,1
.arenastatin,1,0,1
cyclotheonamides,1,0,1
theopapuamides,1,0,1
koshikamides,1,0,1
homophyminea1-e1,1,0,1
sarasinosidea,1,0,1
wondosterols,1,0,1
isofistularin-3,1,0,1
azumamides,1,0,1
b-galactosamine,1,0,1
spike,1,0,1
aminoacid268,1,0,1
trimethoprime-sulphametoxazole,1,0,1
cnbg/,1,0,1
svsteni,1,0,1
amanet,1,0,1
antiflag,1,0,1
tx77,1,0,1
zavirus,1,0,1
alt,1,0,1
lopata,1,0,1
ophraella,1,0,1
dexametazon,1,0,1
graminess,1,0,1
scit,1,0,1
googletrendsisa,1,0,1
piñera,1,0,1
ci-inhibitor,1,0,1
ifna2-viferon,1,0,1
bethamethason,1,0,1
hydrolysate,1,0,1
lowlactose,1,0,1
dimetidine,1,0,1
omega-6fatty,1,0,1
fenoximethilpenicilin,1,0,1
trimethoprim/40,1,0,1
tnfa-blockers,1,0,1
clobetasone,1,0,1
mircera,1,0,1
syringe,1,0,1
ilin,1,0,1
rigidum,1,0,1
saikosaponinsb1,1,0,1
smithii,1,0,1
pept-p27-n,1,0,1
quercetin-quercetin,1,0,1
6-glutathionyl-quercetin,1,0,1
hbv-c,1,0,1
hbv-c.,1,0,1
drm,1,0,1
ezer,1,0,1
hsa-mir-125,1,0,1
ciap1,1,0,1
nec-1s,1,0,1
objective,1,0,1
mkmk,1,0,1
"ntds:""by",1,0,1
isopropylthio-b-galactoside,1,0,1
pirnpinellifoliue,1,0,1
pirnpinellifoliae,1,0,1
hugonis,1,0,1
xanthina,1,0,1
ccae,1,0,1
r.koreana,1,0,1
rapinii,1,0,1
i'impinellifoliae,1,0,1
yimpirzetlifoliat,1,0,1
vavilov,1,0,1
egos,1,0,1
phetamine,1,0,1
erecta,1,0,1
iarthella,1,0,1
naamidines,1,0,1
leucetia,1,0,1
macrolidelatrunculin,1,0,1
aerothionin,1,0,1
pyridines,1,0,1
latrunculia,1,0,1
cortera,1,0,1
aspa9,1,0,1
25à27,1,0,1
mspl,1,0,1
colobines,1,0,1
opius,1,0,1
h4thymosin,1,0,1
brassicae,1,0,1
.z9,1,0,1
m.w-latinum,1,0,1
egira,1,0,1
0.stabilis,1,0,1
tetradecenes,1,0,1
renou,1,0,1
mamestrabrassicae,1,0,1
tricholita,1,0,1
eriopyga,1,0,1
single-dosehpv,1,0,1
gstcyclophilin,1,0,1
aminoethyl,1,0,1
aminoacids121,1,0,1
f).ravulizumab,1,0,1
hashai,1,0,1
kenacid,1,0,1
burnout,1,0,1
yanga,1,0,1
odn-685,1,0,1
doxygen,1,0,1
14-core,1,0,1
csb,1,0,1
ilongo,1,0,1
academe,1,0,1
palepu,1,0,1
pyrimethamine).this,1,0,1
quinidine-fe(iii)heme,1,0,1
chloroquine-like,1,0,1
dibemequines,1,0,1
chloroquine'.n,1,0,1
crossfit,1,0,1
indomethacin-montmorillonite,1,0,1
urazone,1,0,1
ebastina,1,0,1
amantadine-or,1,0,1
1-α-cholecalciferol,1,0,1
sprouty1,1,0,1
vicorder,1,0,1
schwartzegfr,1,0,1
eryhtropoietin,1,0,1
gorup,1,0,1
epicantus,1,0,1
endothelin-1(uet-1,1,0,1
et-1/creatinine,1,0,1
azathioprine/mizoribine,1,0,1
and.rituximab,1,0,1
calciumcitrate,1,0,1
nutcracker,1,0,1
potassium(k,1,0,1
drnasin,1,0,1
melamine-fed,1,0,1
glomerular,1,0,1
robiniophila,1,0,1
sigmund,1,0,1
greek/galenic,1,0,1
togni,1,0,1
girth,1,0,1
antibodydrug,1,0,1
kapeliushnikov,1,0,1
astodrimer,1,0,1
midazolam/diazepam/chloral,1,0,1
[65].flecainide,1,0,1
tupaias,1,0,1
m-st2,1,0,1
lopinivar/ritonavir,1,0,1
villach,1,0,1
tayfur,1,0,1
helicobactor,1,0,1
gisa,1,0,1
lolita,1,0,1
nabokov,1,0,1
reconet,1,0,1
aquaglyceroporin,1,0,1
m.alterniflorum,1,0,1
rhuifn-~,1,0,1
pernazza,1,0,1
taosim,1,0,1
-malaria,1,0,1
sgtaacts,1,0,1
teperekidis,1,0,1
antileucotrieni,1,0,1
polivizumab,1,0,1
salbutamolo,1,0,1
creve,1,0,1
sugarenergy,1,0,1
2023,1,0,1
2025,1,0,1
2027,1,0,1
ristine,1,0,1
clifford,1,0,1
dostoevsky,1,0,1
da/da,1,0,1
8.furosemide,1,0,1
lonardi,1,0,1
vio,1,0,1
.hepta-adenosine,1,0,1
1879-1884,1,0,1
forsythiaefructus-loniceraejaponicae,1,0,1
ftz,1,0,1
17gestradiol,1,0,1
@-d-xyloside,1,0,1
loyalty,1,0,1
.follistatin,1,0,1
cefls,1,0,1
eymard,1,0,1
camalexin,1,0,1
epoxycytochalasin,1,0,1
vitrine,1,0,1
mycofumigants,1,0,1
mathios,1,0,1
combretastatina1phosphate,1,0,1
cyclopurines,1,0,1
pyrimidopurinone,1,0,1
g-gly,1,0,1
sulfamoylated,1,0,1
sulfamoylation,1,0,1
"1α,25dihydroxyvitamin",1,0,1
gemcitabine-paclitaxel,1,0,1
gemcitabine/paclitaxel/radiotherapy,1,0,1
ptp-pi,1,0,1
mas70,1,0,1
fgf-1/heparin,1,0,1
malonyldialdehyde,1,0,1
lmf,1,0,1
vfl,1,0,1
gemcitabine/adp16,1,0,1
epipodophyllotoxin,1,0,1
2018).lopinavir/ritonavir,1,0,1
at-001,1,0,1
-colchicine,1,0,1
loudi,1,0,1
mencevaxacwy,1,0,1
proglottiden,1,0,1
imidazol-präparat,1,0,1
repellentien,1,0,1
trim5cyclophilin,1,0,1
inhibitorscyclosporine,1,0,1
inhibitorscyclosporin,1,0,1
rwt,1,0,1
carotenoidscarotenes,1,0,1
cancarb,1,0,1
panzhihua,1,0,1
leuprolide-docusate,1,0,1
geeraerts,1,0,1
fluminense,1,0,1
antisecretagogues,1,0,1
23-valentpneumococcal,1,0,1
clavulinic,1,0,1
cefaxolin,1,0,1
trimethoprimsulfame-thoxazole,1,0,1
rifampin-ethambutol,1,0,1
inhrifampin,1,0,1
ifom,1,0,1
pirogoff,1,0,1
fentanyl/ketamine/rocuronium,1,0,1
•mannitol,1,0,1
hemconò,1,0,1
celox,1,0,1
hangman,1,0,1
zidovudine,,1,0
cardiovirusencephalomyocarditis,1,0,1
malein,1,0,1
erinacei,1,0,1
aracaceae,1,0,1
-spiramycin,1,0,1
entrevista,1,0,1
opbwarenmir-28,1,0,1
lixisenatid,1,0,1
sitagliptin-therapie,1,0,1
vitamind-spiegeln,1,0,1
pliazon,1,0,1
esomeprazole/rabeprazole,1,0,1
/-erlotinib,1,0,1
smyd2,1,0,1
perindopril/,1,0,1
1%simvastatin,1,0,1
arginine-cysteine,1,0,1
52interferon-α,1,0,1
sharpsat,1,0,1
po-saconazole,1,0,1
diphtheriatoxoidvaccine,1,0,1
lopinavir/ritonavir-ifn-,1,0,1
remde-sivir,1,0,1
ha-13-263-fdc,1,0,1
roseflavin,1,0,1
βbisabolene,1,0,1
kast,1,0,1
-kishoreganj,1,0,1
panchagarh,1,0,1
α-globulin,1,0,1
hydroxychloroquine).some,1,0,1
polyphenolecurcumin,1,0,1
salbutamol/ipratropiumnebulizing,1,0,1
adiposomes,1,0,1
elsekroener-fresenius-stiftung,1,0,1
norfloxacin/ampicillin,1,0,1
iss/nih,1,0,1
miur-cofin,1,0,1
estronesulphate,1,0,1
fructoserich,1,0,1
itrim,1,0,1
αlipoicacid,1,0,1
progetti,1,0,1
holtain,1,0,1
vitaminb-1,1,0,1
nutraflora,1,0,1
whr,1,0,1
sibutramin,1,0,1
bofutsushosan,1,0,1
palmitate-coa,1,0,1
furostanolsaponins,1,0,1
sucrose+caffeine,1,0,1
t3:ps.70,1,0,1
omega-3fatty-acids,1,0,1
nareingeninchalcone,1,0,1
repaglinide+metformin,1,0,1
metformin1000,1,0,1
zbmi,1,0,1
t5:ps.90,1,0,1
.-vanilla-vgcn-bert,1,0,1
oesophageus,1,0,1
darrencassidy,1,0,1
pencil,1,0,1
ce-it,1,0,1
potartechnics,1,0,1
ssrt,1,0,1
silicon/sodium,1,0,1
partnering,1,0,1
brachyfod,1,0,1
exradin,1,0,1
physicist,1,0,1
hydroxychlorquin,1,0,1
founda-,1,0,1
isorhamnetin-3-ob-d,1,0,1
-isorhamnetin-3,1,0,1
32azathioprine,1,0,1
ergotamines,1,0,1
lactmed,1,0,1
bvitamin,1,0,1
oseltamivirand,1,0,1
aspergilol,1,0,1
hetamine,1,0,1
gelatin/thrombin,1,0,1
chelin,1,0,1
gaba-agonist,1,0,1
neofelis,1,0,1
odoxa,1,0,1
cmt,1,0,1
mek4,1,0,1
tetanus-impfung,1,0,1
tetanol,1,0,1
empfohlenerimpfmodusbeigrundimmunisierung,1,0,1
hiv-angst,1,0,1
diabetiker,1,0,1
ademdum,1,0,1
esperaba,1,0,1
gemcitabine/platinum,1,0,1
gemcitabine/taxane,1,0,1
kjetil,1,0,1
irinnotecan,1,0,1
aristotelis,1,0,1
bamias,1,0,1
cisplatinum.via,1,0,1
samonis,1,0,1
cx180,1,0,1
ace2mir-186mir-93mir-200b,1,0,1
cloc/d,1,0,1
clozapined,1,0,1
ae.3,1,0,1
clomiphene/toremifene,1,0,1
β-1a,1,0,1
eletrobras,1,0,1
chloramineb,1,0,1
lactovac,1,0,1
eckdahl,1,0,1
resnet152v2,1,0,1
verapamii,1,0,1
uvb-sunlight,1,0,1
φ6montmorillonite,1,0,1
szczesna,1,0,1
isopropanolis,1,0,1
-antitussives,1,0,1
-tachycardia,1,0,1
docket,1,0,1
casey,1,0,1
ux,1,0,1
flaw,1,0,1
cristalia,1,0,1
cristaliaprodutos,1,0,1
shashank,1,0,1
hhvd,1,0,1
(fos)phenytoin,1,0,1
phosphenytoin,1,0,1
vaprisol,1,0,1
didem,1,0,1
neo6,1,0,1
solana,1,0,1
anthrarufin,1,0,1
glutaraldeyde,1,0,1
fluaid,1,0,1
guinolones,1,0,1
d'ivoire,1,0,1
ug,1,0,1
canthaxantin,1,0,1
anti-peptidylcitrulline,1,0,1
r-adrenergic,1,0,1
anti-mif,1,0,1
corm-2,1,0,1
hsa-mir-24,1,0,1
academisch,1,0,1
anticalin(prs-060,1,0,1
thalassophryne,1,0,1
anacardiaceae,1,0,1
aprot,1,0,1
lnk,1,0,1
il-8/rankl,1,0,1
ha/tcp,1,0,1
tammef,1,0,1
tryzol,1,0,1
acetaminophenoverdose,1,0,1
-nitrosoguanidine,1,0,1
hmox,1,0,1
terebinthifolius,1,0,1
bifidobacteriumbrevec,1,0,1
aspirin-ketoconazole,1,0,1
sodium-ketoconazole,1,0,1
saa1/2,1,0,1
tricostatin,1,0,1
prosopiscineraria,1,0,1
dieffenbachia,1,0,1
thiazoles,1,0,1
protonectin(1,1,0,1
22(r)-hydroxycholestrol,1,0,1
tabebuia,1,0,1
lqb,1,0,1
tnf-kinoid,1,0,1
(cai).vitamin,1,0,1
dha-procyanidin,1,0,1
s-propargyl-cysteine,1,0,1
farmacologia,1,0,1
gelatinic,1,0,1
atvf,1,0,1
kdcv,1,0,1
atar,1,0,1
hezbollah,1,0,1
writinginitial,1,0,1
felym,1,0,1
abarelix,1,0,1
resel,1,0,1
ronin,1,0,1
azithromycinrate,1,0,1
2.93.lopinavir/ritonavir,1,0,1
paradisi,1,0,1
azoles-fluconazole,1,0,1
voriconazole-in,1,0,1
rakela,1,0,1
cobolt,1,0,1
sulfonamids,1,0,1
miresco,1,0,1
l-lysineacetylsalicylate,1,0,1
pragmas,1,0,1
albanolb,1,0,1
.β-secretase,1,0,1
rvsv-ebo,1,0,1
cad3-ebo,1,0,1
marsplines-bpnn,1,0,1
hcv-a6,1,0,1
botany,1,0,1
quadrivalenthpv16/18/,1,0,1
hpvl1vlpvaccine,1,0,1
maceli,1,0,1
dodd,1,0,1
dauchet,1,0,1
creatinemonohydrate,1,0,1
hwa,1,0,1
cylic,1,0,1
rimanta-dine,1,0,1
csaids,1,0,1
pcp4,1,0,1
il-1a,1,0,1
t-ace,1,0,1
tacer-3,1,0,1
maxik,1,0,1
erbb4,1,0,1
bmp-4/dexamethasone,1,0,1
bmp-4/dexamethasone/progesterone,1,0,1
dex/progesterone,1,0,1
mir-646,1,0,1
day4,1,0,1
mir-510,1,0,1
mir-548a,1,0,1
eridan,1,0,1
smc1b,1,0,1
mir-210-inhibitor,1,0,1
papp-a,1,0,1
/-carbenoxolone,1,0,1
imiq,1,0,1
lipoectamine,1,0,1
amy-eunice,1,0,1
gnrh-a,1,0,1
t-024,1,0,1
t-060,1,0,1
t-070,1,0,1
t-095,1,0,1
resveratrol-a,1,0,1
fetalgenotype,1,0,1
t-103,1,0,1
t-134,1,0,1
abdulsid,1,0,1
plosone,1,0,1
t-169,1,0,1
ctad,1,0,1
follistatin-288,1,0,1
t-233,1,0,1
t-242,1,0,1
t-244,1,0,1
t-276,1,0,1
f-016,1,0,1
f-029,1,0,1
f-037,1,0,1
f-046,1,0,1
f-065,1,0,1
f-074,1,0,1
f-078,1,0,1
f-079,1,0,1
f-097,1,0,1
f-102,1,0,1
anti-mir-29c,1,0,1
lrrc26,1,0,1
f-134,1,0,1
f-148,1,0,1
f-167,1,0,1
prenylcysteine,1,0,1
f-186,1,0,1
f-210,1,0,1
f-217,1,0,1
hemalum,1,0,1
s-015,1,0,1
s-048,1,0,1
s-086,1,0,1
caffeinecoffee,1,0,1
ashlyn,1,0,1
azb,1,0,1
maize1,1,0,1
rhi-fitm3(2,1,0,1
oxytetracyclinelaced,1,0,1
p-propanol,1,0,1
sodiummolybdate,1,0,1
b-n-acetylhexosaminidase,1,0,1
delta-n,1,0,1
arepanrix,1,0,1
fis19,1,0,1
←θ,1,0,1
baixiaoyi,1,0,1
maqingyun,1,0,1
furstenthal,1,0,1
hydroxychroquine,1,0,1
betadefensins,1,0,1
enriquillo,1,0,1
nhifn-a,1,0,1
xenotourism,1,0,1
edta/gentamicin,1,0,1
thurot,1,0,1
⌉.,1,0,1
zombies,1,0,1
ethypharm,1,0,1
nvprochymostatin,1,0,1
ichthyotherapy,1,0,1
exostat,1,0,1
remifentanil/propofol,1,0,1
5.9%-clarithromycin,1,0,1
tiramide,1,0,1
antibiotics/amphotericin,1,0,1
sigf,1,0,1
cardioplegic-solutions,1,0,1
c.psittaci,1,0,1
azetines,1,0,1
aids-lopinavir-ritonavir,1,0,1
levosimendan´s,1,0,1
tacrolimus/azathioprine,1,0,1
2′deoxyuridine,1,0,1
yinan,1,0,1
stenone,1,0,1
aminoacids2193,1,0,1
fluomchromes,1,0,1
ccp06,1,0,1
teschovirus,1,0,1
menesini,1,0,1
clamidine,1,0,1
text-to-speech,1,0,1
sulfodioxide,1,0,1
nitrophenolic,1,0,1
methylprednisolon/kg,1,0,1
hydrokortisontherapie,1,0,1
hydrocortison/tag,1,0,1
clinda-,1,0,1
europe/usa,1,0,1
pro-oxidants,1,0,1
mers-gd27,1,0,1
patch-clamp)telithromycin,1,0,1
ipi00029012,1,0,1
omibus,1,0,1
b-glucose,1,0,1
b-galactose,1,0,1
idraparinux,1,0,1
quinceañeras,1,0,1
dimec,1,0,1
nanolasers,1,0,1
glyceroltartrate,1,0,1
5-iodo-2-deoxyuridine,1,0,1
glycyrrhyzaglabra,1,0,1
.phenibut,1,0,1
glycyrrhyzic,1,0,1
cloprostenol-one,1,0,1
sulproston-and,1,0,1
glycyrrhyzicacid-cloprostenolclathrate,1,0,1
steviarebaudianaglycosides,1,0,1
glycyrrhyzic-acid,1,0,1
achtsamkeit,1,0,1
mus-,1,0,1
ehprina,1,0,1
daynanada-sohn,1,0,1
crash,1,0,1
alpikizler,1,0,1
corixa'smpladjuvant,1,0,1
af10,1,0,1
ig/,1,0,1
mitoxantrone/,1,0,1
lenolidomide,1,0,1
citarabin,1,0,1
amlsg,1,0,1
agi-6780,1,0,1
leukemia,1,0,1
treosulfan/etoposide,1,0,1
anthraclycline,1,0,1
nanaomycin,1,0,1
compound-etoposide,1,0,1
doxorubicin-widely,1,0,1
compound-doxorubicin,1,0,1
compound-suberanilohydroxamicacid,1,0,1
compounds-metronidazole,1,0,1
fluconazole-used,1,0,1
anticonvulsantdrug,1,0,1
3chloropropanol,1,0,1
moustafa,1,0,1
ostry,1,0,1
inter-fv11,1,0,1
inter-fv14,1,0,1
polizei,1,0,1
methylprednisolonpuls,1,0,1
vitamind-25-oh,1,0,1
hierauf,1,0,1
hypercarotenemia,1,0,1
sinustachykardie,1,0,1
azathioprin-therapie,1,0,1
"1,2,3-triazoles",1,0,1
1-iodoadamantane,1,0,1
2-chloropyridine,1,0,1
2-chloroquinoline,1,0,1
2-bromoquinoline,1,0,1
4-chloroquinoline,1,0,1
potassiumphosphate,1,0,1
borane,1,0,1
aminides,1,0,1
aminotriazolines,1,0,1
selenophene,1,0,1
carbaldehydes,1,0,1
1-bromo-4-chlorobutane,1,0,1
sodiumphenoxides,1,0,1
monoethylated,1,0,1
"1,5-dibromopentane",1,0,1
a-alkylated,1,0,1
butylacrylate,1,0,1
enamines,1,0,1
hydroxyethylazide,1,0,1
triazole1117,1,0,1
salicylamides,1,0,1
sulfamethoxazole+trimetropin,1,0,1
minero,1,0,1
energetica,1,0,1
anticho,1,0,1
mectin,1,0,1
chenopodium,1,0,1
meperi,1,0,1
metoclo,1,0,1
pramide,1,0,1
oesophagodontus,1,0,1
ciprofloxacin-erythromycintetracycline,1,0,1
gingi,1,0,1
disinfec,1,0,1
tridazole,1,0,1
dila,1,0,1
linco,1,0,1
antimo,1,0,1
spi,1,0,1
nasogas,1,0,1
gum-tooth,1,0,1
molyb,1,0,1
avermectin/milbemycins,1,0,1
anthelmin,1,0,1
trimethoprimsulfon,1,0,1
cimeti,1,0,1
psyl,1,0,1
astarch,1,0,1
anisop,1,0,1
racyclines,1,0,1
ceftio,1,0,1
antibacte,1,0,1
chloram,1,0,1
ethoprim,1,0,1
lambrotavirus,1,0,1
methoprim,1,0,1
hfl,1,0,1
g.haemorrhoidalis,1,0,1
dimercaptosuccinate,1,0,1
colchi,1,0,1
simplexin,1,0,1
elderberry)bryonin,1,0,1
mcpa,1,0,1
piclorum,1,0,1
ato-i,1,0,1
(ga).it,1,0,1
allhydrogel,1,0,1
domahidi,1,0,1
multidetector,1,0,1
acetabuler,1,0,1
evanthia,1,0,1
ethanolsclerotherahy,1,0,1
aadil,1,0,1
sureyyabgorkem,1,0,1
conclusioneg,1,0,1
arastırma,1,0,1
adjs,1,0,1
zonolacus,1,0,1
havardii,1,0,1
pdc,1,0,1
kamphaengphet,1,0,1
ethanol.3,1,0,1
distaval,1,0,1
4methylaminoantipyrine,1,0,1
rifabutinrifabutin,1,0,1
phenytoinphenytoin,1,0,1
phenobarbitonephenobarbitone,1,0,1
dexamethasonedexamethasone,1,0,1
rotavirus-rotavirus,1,0,1
braza,1,0,1
cathepsin/,1,0,1
c-zanamavir,1,0,1
-ciprofloxacin,1,0,1
sevo-flurane,1,0,1
cap-031,1,0,1
pet-map,1,0,1
lantis,1,0,1
al.procainamide,1,0,1
uk.omeprazole,1,0,1
polocrosse,1,0,1
divamectin,1,0,1
cyclo-sporine,1,0,1
dna-egt,1,0,1
fotoditazin,1,0,1
u-norepi,1,0,1
adrenocorticol,1,0,1
en-14,1,0,1
sonazoidâ,1,0,1
anti-fxa,1,0,1
malaroneâ,1,0,1
ketamine/butorphanol,1,0,1
epiitalis,1,0,1
ponemah,1,0,1
ibuprofen/nsaids,1,0,1
il24,1,0,1
trim45,1,0,1
trim46,1,0,1
tsen15,1,0,1
il37,1,0,1
ccdc54,1,0,1
fancd2os,1,0,1
il17rb,1,0,1
lrrc58,1,0,1
prkci,1,0,1
rnf7,1,0,1
csgalnact2,1,0,1
dhx32,1,0,1
dydc2,1,0,1
ercc6,1,0,1
gpr26,1,0,1
hspa14,1,0,1
sgms1,1,0,1
ucma,1,0,1
abtb2,1,0,1
chka,1,0,1
ctsf,1,0,1
mettl15,1,0,1
mrgprg,1,0,1
mrgprx2,1,0,1
mrgprx4,1,0,1
naa40,1,0,1
odf3,1,0,1
or10d3,1,0,1
uchl3,1,0,1
acot6,1,0,1
tssk4,1,0,1
tnfaip8l3,1,0,1
baiap2,1,0,1
cd300c,1,0,1
clec10a,1,0,1
ssh2,1,0,1
usp32,1,0,1
bcas4,1,0,1
sun5,1,0,1
wfdc6,1,0,1
famulare,1,0,1
megoestrolacetate,1,0,1
neophilia,1,0,1
plurilaterale,1,0,1
soybeanoil,1,0,1
adefovir-and,1,0,1
viridis,1,0,1
xth,1,0,1
hyssopofficinalis,1,0,1
c4-sulphate,1,0,1
calciumspirulan,1,0,1
parviflorasieb,1,0,1
amylamines,1,0,1
mdosterone,1,0,1
cad,1,0,1
sinocare,1,0,1
e1e2e3e4e5a1a2a3a4a5,1,0,1
5371,1,0,1
eyelophosphamide,1,0,1
obg,1,0,1
ft,1,0,1
fronteiras,1,0,1
pascolo,1,0,1
diphyhyllin,1,0,1
ormer,1,0,1
e.granulosus,1,0,1
peginterferonalfa-2a,1,0,1
bacilluscalmette-guérin-the,1,0,1
azithromycin-did,1,0,1
ecorl,1,0,1
luzon,1,0,1
fpr∈i,1,0,1
cacuminata,1,0,1
sehis,1,0,1
francescamalacarne,1,0,1
sabrinalicata,1,0,1
corradopipan,1,0,1
daltaparin,1,0,1
corazon,1,0,1
busulphancyclophosphamide,1,0,1
treo-,1,0,1
mmf+csa+mtx,1,0,1
fludarabine-cytarabine,1,0,1
bhac,1,0,1
cyclosporine+steroids,1,0,1
r28,1,0,1
busulfan/cyclofosfamid,1,0,1
b-pld-d,1,0,1
no-palifermin,1,0,1
bortezomib-melphalan,1,0,1
thalidomide/dexamethasone,1,0,1
paclitaxel-rhg-csf,1,0,1
paclitaxel-cyclophosphamide-rhg-csf,1,0,1
paracetamol+tramadol,1,0,1
treosulfan/fludarabine,1,0,1
8-methoxypsoralene,1,0,1
arthrox,1,0,1
artrox,1,0,1
csa/mmf,1,0,1
norol,1,0,1
vad+chlorambucil,1,0,1
hd-ctx,1,0,1
hd-cisplatin,1,0,1
ranimustine/carboplatin/etoposide/cy,1,0,1
treo/cyclophosphamide,1,0,1
foscarvir,1,0,1
y90-ibritumomab,1,0,1
b)posaconazole,1,0,1
leno,1,0,1
-carboplatin,1,0,1
nc-dose,1,0,1
clofarabine(clo,1,0,1
terosulfan,1,0,1
c-idarubicin,1,0,1
etoposide-mitoxantrone-imatinib,1,0,1
ifosfamide/vincristine/epirubicin,1,0,1
carboplatin/cyclophosphamide/vepesid,1,0,1
calcium/,1,0,1
karen.sliwa-hahnle@uct.ac.za,1,0,1
wolber,1,0,1
peginterferonα,1,0,1
cyclosporindebio-025,1,0,1
methylmagnesiumchloride,1,0,1
penicillin/streptomycin/fungizone,1,0,1
carvana,1,0,1
roenius,1,0,1
tocqueville,1,0,1
grimage,1,0,1
alkylbromide,1,0,1
diclofenac-human,1,0,1
aceclofenac-and,1,0,1
fishoil,1,0,1
antó,1,0,1
triptorelinacetate,1,0,1
antihitamines,1,0,1
propionicderivate,1,0,1
metacresol,1,0,1
clarithromycin-induced,1,0,1
olmesartan/amlodipine,1,0,1
gjirokastra,1,0,1
leukotriente,1,0,1
serum-vitamind,1,0,1
vita-mind,1,0,1
peanutoils,1,0,1
milkcream,1,0,1
budesonid-formeterol,1,0,1
adult-onset,1,0,1
ovoalbumin,1,0,1
roe,1,0,1
parietaria,1,0,1
bronchialis,1,0,1
benzolkonium,1,0,1
carbamylated,1,0,1
depot,1,0,1
preomalizumab,1,0,1
igg5,1,0,1
alstromeria,1,0,1
alstroemeria,1,0,1
plantagoovata,1,0,1
bromelain-type,1,0,1
oktarina,1,0,1
tetracainhydrochloride,1,0,1
amcinonide,1,0,1
nickelsulphate,1,0,1
levocetirisine,1,0,1
fexophenadine,1,0,1
anti-h1-antihistamines,1,0,1
nesterenko,1,0,1
1792,1,0,1
1820,1,0,1
.azathioprine,1,0,1
azathioprine-induced,1,0,1
kca,1,0,1
karamchand,1,0,1
barodon,1,0,1
191611382,1,0,1
znmet,1,0,1
seleniumselenite,1,0,1
p.acidilactici,1,0,1
polydextrose,1,0,1
al41,1,0,1
1myrtus,1,0,1
pitamin,1,0,1
houttuynacordata,1,0,1
l-threonine,1,0,1
succiniclasticum,1,0,1
magnifera,1,0,1
1aconitum,1,0,1
mangosteen,1,0,1
prediococcusacidilactis,1,0,1
glucan,1,0,1
gly-gln,1,0,1
phenoloxydase,1,0,1
zingiberofficinalis,1,0,1
kalopanax,1,0,1
lactucaindica,1,0,1
dossia,1,0,1
tns,1,0,1
potassium-sparing,1,0,1
mirth,1,0,1
ennca,1,0,1
lce,1,0,1
tiotropiumhandihaler,1,0,1
sauerbrei,1,0,1
scandurra,1,0,1
startos-a2,1,0,1
v-cysteine,1,0,1
insulin-mimetic,1,0,1
~mcrcaptocthanol,1,0,1
po.fluconazole,1,0,1
imadazole,1,0,1
rbm-hftn,1,0,1
ebov.favipiravir,1,0,1
drugvirus,1,0,1
fncas12a,1,0,1
tetanustoxoid-the,1,0,1
dnc(con,1,0,1
leer,1,0,1
metáforas,1,0,1
kidong,1,0,1
esl1,1,0,1
methofane,1,0,1
ofp-07,1,0,1
cisplatin-5fu,1,0,1
ofp-17,1,0,1
ofp-09,1,0,1
veridex,1,0,1
ofp-13-002,1,0,1
ofp-13-,1,0,1
ofp-19-007,1,0,1
il14,1,0,1
cs-ish,1,0,1
phosphorilated,1,0,1
actinomyceisraeli,1,0,1
cephtriaxone/trimethoprim-sulfamethoxazole,1,0,1
ps-05,1,0,1
suberosal,1,0,1
mir-590-5p,1,0,1
ps-10,1,0,1
npm/,1,0,1
p-4e-bp1,1,0,1
vikingo,1,0,1
ps-14-015,1,0,1
ps-16-015,1,0,1
ps-16-023,1,0,1
praffin,1,0,1
ps-17,1,0,1
bcl2-too,1,0,1
siclosporin,1,0,1
kec,1,0,1
oxyphil,1,0,1
methorexate,1,0,1
fellbaum,1,0,1
brin,1,0,1
radev,1,0,1
lexicographer,1,0,1
eckerle4,1,0,1
53−55,1,0,1
horneff,1,0,1
einvirosomalerimpfstoff,1,0,1
25-oh,1,0,1
caritas,1,0,1
stahl-pehe,1,0,1
pcv7geimpft,1,0,1
praxismonat,1,0,1
chondrogener,1,0,1
hochdosierte,1,0,1
metoprolol-therapie,1,0,1
dextrometorphan,1,0,1
infliximabbehandelt,1,0,1
valproats,1,0,1
lisdexamfetamindimesilat,1,0,1
cpg-contents,1,0,1
selenium-onions,1,0,1
4-aminobenzamidine,1,0,1
betadyne,1,0,1
stachybotrysatra,1,0,1
kafta,1,0,1
oom,1,0,1
smt-solver,1,0,1
adfibre,1,0,1
wollina,1,0,1
meuzelaar,1,0,1
bioasq,1,0,1
clirans,1,0,1
gradisol,1,0,1
cq-pq,1,0,1
piperaquineresistant,1,0,1
artemisininrelated,1,0,1
piperaquine-dihydroartemisinin,1,0,1
clindamycin-fosmidomycin,1,0,1
ampicillin-clavulansäure,1,0,1
sat+cas,1,0,1
adaptgreedy,1,0,1
metoclopramide?a,1,0,1
h).stavudine,1,0,1
h).lamivudine,1,0,1
activitylamivudine,1,0,1
.clevudine,1,0,1
zidovudine/lamivudine/abacavir,1,0,1
emtricitabine/efavirenz,1,0,1
insulin-insulin,1,0,1
glycyrrhizinhcv,1,0,1
hum,1,0,1
in-sulin,1,0,1
tv,1,0,1
ivpg,1,0,1
infusion,1,0,1
lemus,1,0,1
brennin,1,0,1
laba-lama,1,0,1
lichorice,1,0,1
nielsbohr,1,0,1
rpump,1,0,1
snspd,1,0,1
isw,1,0,1
vodolazov,1,0,1
sts,1,0,1
13c6-glucose,1,0,1
mitralis,1,0,1
ci-picco,1,0,1
cw-amanitin,1,0,1
cyamanitin,1,0,1
mito-mycin,1,0,1
cr-amanitin,1,0,1
dodamc,1,0,1
anti-progestin,1,0,1
iniluenzae,1,0,1
televisioni,1,0,1
ombre,1,0,1
capela,1,0,1
santosa,1,0,1
all-transisomer,1,0,1
dye-peptide,1,0,1
esulphamethoxazole,1,0,1
ra15,1,0,1
culinaris,1,0,1
(68).tipranavir,1,0,1
sulfatrimethoprim,1,0,1
h.264,1,0,1
libaom,1,0,1
vp8.v.,1,0,1
pyrimethamine-resistant,1,0,1
antigenàmagnesium,1,0,1
chloroquine-hcq,1,0,1
azathioprinetreated,1,0,1
zeb18,1,0,1
sv3cp,1,0,1
dspl,1,0,1
sidik,1,0,1
magnesium-oxide,1,0,1
sulfamethox,1,0,1
aminglycosides,1,0,1
advaxtmadjuvant,1,0,1
lopinavir-umifenovir,1,0,1
β-escin,1,0,1
vinis,1,0,1
m.orale,1,0,1
gubareva,1,0,1
flavoxate,1,0,1
huoxue,1,0,1
gizeli,1,0,1
15it,1,0,1
bisamidiniumlinker,1,0,1
mir-96antagomir,1,0,1
pervanadate,1,0,1
simão,1,0,1
chipe3/hsp70,1,0,1
malvidin-3-glucoside,1,0,1
er/calcium,1,0,1
clsecretagogue,1,0,1
trachealis,1,0,1
152ଙ,1,0,1
idr-1018,1,0,1
xylocandin,1,0,1
ts-01,1,0,1
tobramycin/4,1,0,1
tobramycin/5,1,0,1
tiger-1,1,0,1
cpei,1,0,1
dimethylethanolamine,1,0,1
aminocholine,1,0,1
diethylcholine,1,0,1
azithromycin-azithromycin,1,0,1
dihydroxyvitamin-d3,1,0,1
h]gentamicin,1,0,1
echopac,1,0,1
lipromatase,1,0,1
-azythromycin,1,0,1
m-lstm,1,0,1
adenovirusfibre,1,0,1
ionescu-,1,0,1
anti-hylauronidase,1,0,1
necil,1,0,1
voriconazolum,1,0,1
podravina,1,0,1
c.laurentii,1,0,1
itraconazoleto,1,0,1
flucanazol,1,0,1
trimetoprimsulfametoxazol,1,0,1
carapungo,1,0,1
acetates,1,0,1
⎛,1,0,1
djulia,1,0,1
fleet,1,0,1
lubbers,1,0,1
highsodium,1,0,1
kalemli-ozcan,1,0,1
klitsch,1,0,1
tim-3-galectin-9,1,0,1
saturejaoils,1,0,1
schizofrenie,1,0,1
thuisloosheid,1,0,1
beroerte,1,0,1
omgevingstemperatuur,1,0,1
roken,1,0,1
isg15-protein,1,0,1
bisg15,1,0,1
o-anisidine,1,0,1
gsk-β,1,0,1
mir-4793,1,0,1
γglobulin,1,0,1
tomioogiso,1,0,1
junpeihayashi,1,0,1
flt3ladenovirus,1,0,1
pifithrinalpha,1,0,1
hcvϩ,1,0,1
idu,1,0,1
curcumin-fed,1,0,1
gp210,1,0,1
dihydro-alpha-ergocryptine,1,0,1
rico,1,0,1
at9283,1,0,1
clofazimine/,1,0,1
ecg/egcg/,1,0,1
egcg-mpro,1,0,1
scysteine,1,0,1
1-methyl-tryptophan,1,0,1
damedonnakinnair,1,0,1
c]viramidine,1,0,1
c]ribavirin,1,0,1
6-aminocarbovir,1,0,1
6-aminoaciclovir,1,0,1
broma,1,0,1
elbasha,1,0,1
sundin,1,0,1
mdispacer,1,0,1
schlª,1,0,1
f.rb~~.slcht,1,0,1
grabowsky,1,0,1
soproxil,1,0,1
3chymotrypsin-like,1,0,1
isabell,1,0,1
bromohexin,1,0,1
iidoxorubicin,1,0,1
ewekoro,1,0,1
7=it,1,0,1
jevin,1,0,1
quer-cetin,1,0,1
peruta,1,0,1
d€,1,0,1
lglutamate,1,0,1
megan4,1,0,1
beam-aco,1,0,1
amd64x2,1,0,1
pentachloroethane,1,0,1
brindar,1,0,1
simadibrata,1,0,1
.kampf,1,0,1
cisplatin-derivative,1,0,1
tetrachlorate,1,0,1
antiponemertes,1,0,1
ycar,1,0,1
hcvamine,1,0,1
ftinoids,1,0,1
a.communis,1,0,1
hdshe,1,0,1
pulmicorf,1,0,1
pdmicort,1,0,1
hudesonide,1,0,1
pcptide,1,0,1
glococorticoids,1,0,1
inhaler-steroid,1,0,1
corricosteroid,1,0,1
tixocortolpivalate,1,0,1
l-4,1,0,1
caldosporium,1,0,1
wcstem,1,0,1
atl16,1,0,1
legianella,1,0,1
l-tetherin,1,0,1
betaretroviral,1,0,1
mag5,1,0,1
lsa1839,1,0,1
heminic-iron,1,0,1
alpsa,1,0,1
bisquinolines,1,0,1
s)-fq,1,0,1
cartron,1,0,1
twitch,1,0,1
ampicillinesulbactam,1,0,1
hydroxychloroquine-with,1,0,1
squalamines,1,0,1
6-tg-ribavirin,1,0,1
pierrelasjaunias,1,0,1
merhemic,1,0,1
colosimo,1,0,1
glutamate/glutamine,1,0,1
achieva,1,0,1
99mtcciprofloxacin,1,0,1
111in-biotin,1,0,1
falcine,1,0,1
acandis,1,0,1
nonioniciodinated,1,0,1
high-flow,1,0,1
beery-buktenica,1,0,1
azathioprine+steroid,1,0,1
forexampic,1,0,1
other.^^,1,0,1
c-lactam,1,0,1
compound18e,1,0,1
3piperidone,1,0,1
~-galactosidase,1,0,1
hydrallantois,1,0,1
progoitrine,1,0,1
"glucan1,3-alpha-glucosidase",1,0,1
2-oxobutanoate,1,0,1
toroviren-404,1,0,1
at-g12-atg5-atg16,1,0,1
aureo,1,0,1
steroid/corticosteroid,1,0,1
prednisone/corticosteroid,1,0,1
acei/arb,1,0,1
mupirocinointment,1,0,1
space~,1,0,1
i-oxine,1,0,1
cystosarcomaphylloides,1,0,1
renato,1,0,1
intra-arterial-ct,1,0,1
ethiodized,1,0,1
beh,1,0,1
alomar,1,0,1
dorniermpl,1,0,1
pascalis,1,0,1
vassil,1,0,1
dorico,1,0,1
urin,1,0,1
gadopentetata-dlmeglumine,1,0,1
ellamined,1,0,1
lopromide,1,0,1
benzodiazepine-antagonistro,1,0,1
hexamethyl-popyleneamine,1,0,1
mllipiodol,1,0,1
cebocephaly,1,0,1
lambertus,1,0,1
bodilweng,1,0,1
iithotripter,1,0,1
astatine,1,0,1
etelcalcetide,1,0,1
alpha-blockade,1,0,1
≈11-kda,1,0,1
oncoproteine7,1,0,1
ransomware,1,0,1
ponzi,1,0,1
bitcoinabuse,1,0,1
can/csa-c22.2,1,0,1
biciclamos,1,0,1
arabinosa,1,0,1
brivudina,1,0,1
chorinea,1,0,1
ldoxuridine,1,0,1
intetferorm,1,0,1
znvrimantadine,1,0,1
ocrimantadine,1,0,1
znv-rimantadine,1,0,1
oc-rimantadine,1,0,1
pmv-rimantadine,1,0,1
op/ribavirin,1,0,1
amantadine(30,1,0,1
oseltamivir+maxingshigan/yinqiaosan,1,0,1
maxingshigan/yinqiaosan,1,0,1
methyl-pcoumarate,1,0,1
aitanalebrand,1,0,1
α-lysine,1,0,1
g-clamp,1,0,1
pp009,1,0,1
pp021,1,0,1
kbg,1,0,1
13c-caffeine,1,0,1
chb.eplerenone,1,0,1
hbvc18-,1,0,1
pp113,1,0,1
lamivudine(5ug/ml,1,0,1
halenia,1,0,1
peginerferon,1,0,1
clevudinehcc,1,0,1
pp256,1,0,1
etvlvd,1,0,1
hcv-3ans5a,1,0,1
peg-ifna2b,1,0,1
pegifn-ribavirin,1,0,1
pp352,1,0,1
bms-650032,1,0,1
peg-ifn-lambda,1,0,1
peg-ifnk,1,0,1
lieber-decarli,1,0,1
snphora,1,0,1
snphoraangustifolia,1,0,1
buteamonosperma,1,0,1
fzhyanti-liver,1,0,1
pp542,1,0,1
foliumraphani,1,0,1
xiaozhang,1,0,1
gvo,1,0,1
hbv+hdv,1,0,1
mir-224,1,0,1
cytonems,1,0,1
pp730,1,0,1
pp794,1,0,1
pp838,1,0,1
dashen,1,0,1
salvianolicacida,1,0,1
pp875,1,0,1
evin,1,0,1
pp878,1,0,1
hbvnephropathy,1,0,1
yenala,1,0,1
norouzi,1,0,1
bars,1,0,1
iodophores,1,0,1
fingernail,1,0,1
6).hydroxychloroquine,1,0,1
alv-env,1,0,1
"that:""prices",1,0,1
inleiding,1,0,1
injectietherapie,1,0,1
helmets,1,0,1
adventhealth,1,0,1
locarno,1,0,1
michaelkohlhaas,1,0,1
königin,1,0,1
latein,1,0,1
rubrik,1,0,1
théophraste,1,0,1
armanis,1,0,1
griechisch,1,0,1
poesie,1,0,1
deitiforin,1,0,1
adenovirusb,1,0,1
anti-emeticum,1,0,1
jifen,1,0,1
amiodarone/mdea,1,0,1
örjan,1,0,1
succination,1,0,1
hpv-test®,1,0,1
cdh6,1,0,1
amedee,1,0,1
kipi,1,0,1
anticollageniv,1,0,1
v600e,1,0,1
progesterone-pr,1,0,1
brcax,1,0,1
mir-138-5p,1,0,1
mir-39-3p,1,0,1
tricoephitelioma,1,0,1
mir-1273e,1,0,1
mir-508-,1,0,1
adenolipoma,1,0,1
xrcc3,1,0,1
gelatinoid,1,0,1
salah,1,0,1
hematoxillin,1,0,1
apostolandrei,1,0,1
diamnion,1,0,1
sirenomelic,1,0,1
christae,1,0,1
collagenous,1,0,1
arastirma,1,0,1
arid1a,1,0,1
hspa2,1,0,1
galactin-3,1,0,1
brenner,1,0,1
cea/ema,1,0,1
zaeri,1,0,1
sacrum,1,0,1
elastofibromadorsi,1,0,1
paliperidon,1,0,1
ir626,1,0,1
chorangioma,1,0,1
aray,1,0,1
farmacocinetica,1,0,1
l'idrocortisone,1,0,1
t1w,1,0,1
ammons,1,0,1
dipl,1,0,1
ink,1,0,1
grasteering,1,0,1
rheumatology,1,0,1
c-act,1,0,1
vilene,1,0,1
-hydrocortisone,1,0,1
.paroxetine,1,0,1
telefonisch,1,0,1
hürriyet,1,0,1
rg.3,1,0,1
gunrock,1,0,1
evi,1,0,1
treelet,1,0,1
mycetomas,1,0,1
imre,1,0,1
acyclovir-loaded,1,0,1
-zidovudine,1,0,1
penciclovir-loaded,1,0,1
amoxicillin-loaded,1,0,1
phenoxybenzyline,1,0,1
fendel,1,0,1
lomax,1,0,1
hbe7,1,0,1
ronita,1,0,1
dod.,1,0,1
glycyrrhizin/kg,1,0,1
glycyrrhizinsulphate,1,0,1
metasmt,1,0,1
roegella,1,0,1
chlorine.--,1,0,1
ganeshkasinathan,1,0,1
hydroxyethylrutosides,1,0,1
troxuretin,1,0,1
hydroxyethylrutoside,1,0,1
fermavir,1,0,1
avi-4065,1,0,1
isobutyl-acetamide,1,0,1
pyrrole-imidazole,1,0,1
arp-pmo,1,0,1
celgosivirinterferon,1,0,1
celgosivir-ribavirin,1,0,1
adonesine,1,0,1
stcugrant#,1,0,1
istc,1,0,1
disoxaril/oxoglaucin/guanidine-hydrochloride,1,0,1
s)-methionine,1,0,1
androne,1,0,1
"3,5-dihydrazine-carbonyl-2,6-dimethylpyridine",1,0,1
glaucinum,1,0,1
1meterin,1,0,1
dkplm,1,0,1
krl,1,0,1
span-bert,1,0,1
wklm,1,0,1
rulingin,1,0,1
alkylated-dna,1,0,1
xenogene,1,0,1
ixazomib/lenalidomide/dexamethasone,1,0,1
pegfilgrastim/,1,0,1
mamta,1,0,1
magnitsky,1,0,1
tritinolein,1,0,1
magnesimn,1,0,1
acetazolamideresistant,1,0,1
apelin-31-by,1,0,1
legal-ethical,1,0,1
none.hydroxychloroquine,1,0,1
post-oseltamivir,1,0,1
editordsince,1,0,1
jdr-l,1,0,1
cy3,1,0,1
jacquesruffié,1,0,1
alcaptonuria,1,0,1
-1963,1,0,1
ananda,1,0,1
dansylglycine,1,0,1
bifidobacferium,1,0,1
cd33,1,0,1
covis,1,0,1
giuseppefornarini,1,0,1
2020b).it,1,0,1
gartnergroup,1,0,1
messagingin,1,0,1
lrfn.eflapegrastim,1,0,1
radialis,1,0,1
mu-agonist,1,0,1
paxman,1,0,1
görsel,1,0,1
cellium-group,1,0,1
azd3342alone,1,0,1
dauorubicin/l-asparaginase/prednisolone/vincristine,1,0,1
cyclophosphamide/prednisolone/vincristine,1,0,1
electrochemotherapy,1,0,1
ocoxin-cream,1,0,1
malicacid,1,0,1
cytarabine/daunorubicin/,1,0,1
eppikajutsuto,1,0,1
orastem,1,0,1
chemo-radiotherapy,1,0,1
viscumalbumultradiluido,1,0,1
w003,1,0,1
steca,1,0,1
tafi,1,0,1
whirlpools,1,0,1
sylet,1,0,1
fluroescein,1,0,1
metronida,1,0,1
oskarzelderbasfaktiengesellschaft,1,0,1
gsb31,1,0,1
gsb33,1,0,1
gsb36,1,0,1
bronine,1,0,1
thioredoxins,1,0,1
dostat,1,0,1
corn-to-ethanol,1,0,1
cytochalasines,1,0,1
baeyer-villiger,1,0,1
sirena,1,0,1
ppe16,1,0,1
rosei,1,0,1
oxya,1,0,1
be5,1,0,1
be9,1,0,1
be15,1,0,1
be16,1,0,1
denina,1,0,1
be24,1,0,1
be25,1,0,1
be46,1,0,1
apvt-20-,1,0,1
be55,1,0,1
be61,1,0,1
be68,1,0,1
(s)-naproxenacid,1,0,1
be71,1,0,1
be81,1,0,1
be83,1,0,1
be85,1,0,1
be86,1,0,1
be87,1,0,1
ganzer,1,0,1
hfob,1,0,1
pb5,1,0,1
pb12,1,0,1
nephrolepiscordifolia,1,0,1
pb19,1,0,1
fucoidan-chitosan,1,0,1
pb36,1,0,1
pb39,1,0,1
1799,1,0,1
pb40,1,0,1
pb45,1,0,1
intein-thymosin,1,0,1
pb47,1,0,1
pb51,1,0,1
xyloseisomerase,1,0,1
ib7,1,0,1
ib11,1,0,1
nurkoçberber,1,0,1
isobutane,1,0,1
3-methylpentane,1,0,1
pectobacter,1,0,1
ib69,1,0,1
ib72,1,0,1
ib74,1,0,1
ib83,1,0,1
folin-lowry,1,0,1
ib100,1,0,1
ib101,1,0,1
ib103,1,0,1
ib105,1,0,1
ib108,1,0,1
ib110,1,0,1
ib112,1,0,1
ib114,1,0,1
ib116,1,0,1
ib117,1,0,1
ib123,1,0,1
ib124,1,0,1
ib135,1,0,1
exoglucanase,1,0,1
thiamine-cytosine,1,0,1
fb4,1,0,1
fb7,1,0,1
fb17,1,0,1
fb20,1,0,1
fb22,1,0,1
fb24,1,0,1
fb47,1,0,1
fb54,1,0,1
fb59,1,0,1
camaltı,1,0,1
eb14,1,0,1
bacterocin,1,0,1
eb18,1,0,1
eb31,1,0,1
l25,1,0,1
alitalo,1,0,1
angiogiostatin,1,0,1
rgd-peptide,1,0,1
ghawar,1,0,1
tobacoak,1,0,1
hepatitisbvaccine,1,0,1
hematoxycillin,1,0,1
n-acetyl-l-cysteine-3,1,0,1
karbapenems,1,0,1
amoxicillin-clavulante,1,0,1
edta/tetracycline,1,0,1
nitrofurantoin-54,1,0,1
ciprofloxacin-78,1,0,1
ticarcillin/clavulonic,1,0,1
cefobite,1,0,1
g-contol,1,0,1
vincristine-adriamycindexamethasone,1,0,1
vincristine-adriamycin-dexamethasone,1,0,1
cefle,1,0,1
trim-ethoprim-sulfamethoxazole,1,0,1
taxanomic,1,0,1
guilliermondii,1,0,1
fromilid,1,0,1
trimethoprimsulfamethoxazol/doxycycline,1,0,1
chlorus,1,0,1
bovinetoroviruses,1,0,1
filensin,1,0,1
ca-6,1,0,1
denguens1,1,0,1
sirna-l,1,0,1
saravanabava,1,0,1
mecheri,1,0,1
chrysanthimum,1,0,1
dasheen,1,0,1
tannia,1,0,1
darbhanga,1,0,1
melanaphis,1,0,1
bhatinda,1,0,1
picchu,1,0,1
dialdehydepolysaccharides,1,0,1
bactrocera,1,0,1
disulfite,1,0,1
nsabpb-51,1,0,1
rse.topiramate,1,0,1
bone3,1,0,1
wartenburg,1,0,1
clopidigrel,1,0,1
nabicarb,1,0,1
antipterin,1,0,1
verrata,1,0,1
aed/topiramate,1,0,1
lsw.magnesium,1,0,1
asah.ketamine,1,0,1
milirinone,1,0,1
sah.sugammadex,1,0,1
coleta,1,0,1
discussãofeita,1,0,1
ac-gr,1,0,1
ngr-doxorubicin,1,0,1
ngr-cisplatin,1,0,1
5-fdurd,1,0,1
saraceni,1,0,1
gyatso,1,0,1
turkish,1,0,1
emogasanalisi,1,0,1
-urea,1,0,1
milkamyloida-3,1,0,1
auo,1,0,1
propofol-isoflurane,1,0,1
fos-diet,1,0,1
8-isoprostaglandinf2a,1,0,1
retinoidanalogs,1,0,1
monochlorobimane,1,0,1
dextrophan,1,0,1
alfaxalone/kg,1,0,1
ϩpv,1,0,1
sd.spironolactone,1,0,1
0.05.diltiazem,1,0,1
virkon-sissuperior,1,0,1
antieodon,1,0,1
⊖,1,0,1
ciolkowski,1,0,1
atobis,1,0,1
plethysmo,1,0,1
betacarotenes,1,0,1
synergix,1,0,1
novactf,1,0,1
pd-1/pdl-1i,1,0,1
plegia,1,0,1
fluconazole).•,1,0,1
7hydroxymethotrexate,1,0,1
ag12,1,0,1
edlib,1,0,1
pi-anion,1,0,1
thymuspulegioides,1,0,1
hirtum,1,0,1
glycodin,1,0,1
patrizia,1,0,1
hemiptera,1,0,1
teusaquillo,1,0,1
oximetria,1,0,1
imprevisto,1,0,1
famciclovir/,1,0,1
bone-calcium,1,0,1
1-a-hydroxycholecalciferol,1,0,1
kamar,1,0,1
muirhead,1,0,1
flus,1,0,1
prrs-mlv,1,0,1
farp,1,0,1
interleukin-23,1,0,1
ca/afp/11,1,0,1
tf9,1,0,1
rcystatin,1,0,1
gramegna,1,0,1
genovase,1,0,1
praedico,1,0,1
3h]thymidine,1,0,1
pegrem,1,0,1
d1∪d2,1,0,1
vitamind329,1,0,1
vitamind3255,1,0,1
taurine/n-acetylcysteine,1,0,1
bua,1,0,1
ronchi,1,0,1
4-metoxychalcone,1,0,1
vlast,1,0,1
oxygen).oxygen,1,0,1
arminlaschet,1,0,1
γ-pyrone,1,0,1
willems,1,0,1
d-x,1,0,1
ub-zha,1,0,1
80%.curcumin,1,0,1
pennic,1,0,1
imidizaquinolines,1,0,1
ipcsk9,1,0,1
lovastatina,1,0,1
remdesivir.35,1,0,1
r-dopamine,1,0,1
dexmedetomidine(1,1,0,1
t.fatty,1,0,1
tsc,1,0,1
pt%,1,0,1
pa-135,1,0,1
bissler,1,0,1
amirsys,1,0,1
nbl,1,0,1
cr-015,1,0,1
hemihydranencephaly,1,0,1
citrillunemia,1,0,1
arterialtortuositysyndrome,1,0,1
mmih,1,0,1
nucharin,1,0,1
sci-003,1,0,1
sci-007,1,0,1
sci-010,1,0,1
sci-013,1,0,1
sci-018,1,0,1
sci-021,1,0,1
erythropoietinogen,1,0,1
gpid,1,0,1
disasterworkforce,1,0,1
anti-baculovirus,1,0,1
teretrurus,1,0,1
rhinophis,1,0,1
natricines,1,0,1
romeiras,1,0,1
luciferyellow,1,0,1
mr.kirk,1,0,1
5-methoxypsoralen,1,0,1
hepoxilin,1,0,1
isoproterenol/,1,0,1
cpp-cf-rxr,1,0,1
holter,1,0,1
fle-cainide,1,0,1
anti-amikacin,1,0,1
navratil,1,0,1
/-mycophenolate,1,0,1
wescor,1,0,1
/-montelukast,1,0,1
pre-megestrol,1,0,1
dl-alpha-tocopherol,1,0,1
tocopherolemia,1,0,1
eurand,1,0,1
cephalosporin-cefotaxime-(not,1,0,1
ªmetsovo,1,0,1
ªthat,1,0,1
betainc,1,0,1
wal-mart,1,0,1
rpst,1,0,1
zaliv,1,0,1
endogluquine,1,0,1
-nitrogen,1,0,1
caudine,1,0,1
lacanobia,1,0,1
sulf-2,1,0,1
hanimesulide,1,0,1
indatuximab,1,0,1
nobilisibh120,1,0,1
acmisbn,1,0,1
nitozoxanide,1,0,1
ricercafinalizzatagr-2011,1,0,1
aminoattenuated-type,1,0,1
ganciclovir-foscarnet,1,0,1
so.-galileo,1,0,1
camaroptera,1,0,1
malaronotus,1,0,1
lnniarius,1,0,1
uelensis,1,0,1
shrike,1,0,1
butf,1,0,1
angolapoliosantha,1,0,1
brachysregia,1,0,1
subcoronatus,1,0,1
eremomel0,1,0,1
sii,1,0,1
lrucogastrr,1,0,1
phyllastrephus,1,0,1
clk,1,0,1
tseliso,1,0,1
ezamined,1,0,1
nsc99-2628-b-039-,1,0,1
nsc98,1,0,1
osmundajaponica,1,0,1
cvpp,1,0,1
lovehagen,1,0,1
hovenia,1,0,1
devarbhavi,1,0,1
emodin-o-hex-sulfate,1,0,1
zand,1,0,1
.arylpropiolates,1,0,1
lbd,1,0,1
atraer,1,0,1
gana,1,0,1
indirubin-3,1,0,1
unfallchirurg,1,0,1
nukleosid-analoga,1,0,1
val-aciclovir,1,0,1
val-ganciclovir,1,0,1
4.ganciclovir,1,0,1
nukleotid-analoga,1,0,1
7.cidofovir,1,0,1
dihydropyron,1,0,1
antisense-oligonukleotide,1,0,1
.atovaquon,1,0,1
.miltefosine,1,0,1
phenoxymethyl-rest,1,0,1
.sulbactam,1,0,1
ephalosporine,1,0,1
wirkspektrum,1,0,1
streptograminen,1,0,1
43.fluconazol,1,0,1
45.voriconazol,1,0,1
.micafungin,1,0,1
.praziquantel,1,0,1
chemischhandelt,1,0,1
handelsnamen,1,0,1
/sulfamethoxazol,1,0,1
[3zp]orthophosphate,1,0,1
antithrombin/,1,0,1
ymek,1,0,1
ymkiek,1,0,1
mir34a-150,1,0,1
px-12,1,0,1
chennai,1,0,1
betainterferons,1,0,1
egcg-fatty,1,0,1
teaflavo-,1,0,1
α-block,1,0,1
mab11b1,1,0,1
kolostrum,1,0,1
milch,1,0,1
sigilosa,1,0,1
ag8,1,0,1
cepharanthine/,1,0,1
selamectin/mefloquinehydrochloride,1,0,1
crm-1,1,0,1
jc,1,0,1
flu/rituximab,1,0,1
ven-aza,1,0,1
fludarabine-idarubicin,1,0,1
nitrosoamines,1,0,1
cotinet,1,0,1
3'diaminobezidine,1,0,1
sama,1,0,1
ginkgo'scoo,1,0,1
ginkgo's,1,0,1
tadpole,1,0,1
0.004).favipiravir,1,0,1
er).arbidol,1,0,1
acth/prednisolone/vigabatrin,1,0,1
doxorubicin-etoposidemethylprednisolone,1,0,1
25-(oh)vitamin,1,0,1
vitamind-and,1,0,1
oestrone/oestradiol,1,0,1
bert-itpt-fit,1,0,1
dvp01,1,0,1
dvp19,1,0,1
gallicola,1,0,1
dvv12,1,0,1
hexandichlormethan,1,0,1
ifnȗ,1,0,1
fh1,1,0,1
lantibiotics,1,0,1
gip06,1,0,1
gip07,1,0,1
gip08,1,0,1
h.pylorib128,1,0,1
silver-thiosulfate,1,0,1
hyv02,1,0,1
hif-antagonist,1,0,1
mic8,1,0,1
kmv07,1,0,1
lmp02,1,0,1
lmv01,1,0,1
mpp09,1,0,1
menadionesodiumbisulfit,1,0,1
mpp24,1,0,1
mpp26,1,0,1
mpp28,1,0,1
mpp32,1,0,1
mpp35,1,0,1
mpp36,1,0,1
siie,1,0,1
penicillin-oxacillin-cotrimoxazole-rifampicin-tobramycin,1,0,1
msp09,1,0,1
cepahalosporins,1,0,1
2'-deoxyuridine,1,0,1
pwp01,1,0,1
lactobazilli,1,0,1
haemaphysalis,1,0,1
rrna-(clarithromycin,1,0,1
rpob-(rifampicin/rifabutin,1,0,1
zop13,1,0,1
a.alata,1,0,1
zop15,1,0,1
zop16,1,0,1
sci-bert,1,0,1
tandem,1,0,1
"2,3diaminobenazine",1,0,1
historiaanimolium,1,0,1
trimethoprim-sulfame,1,0,1
ketamine/esketamine,1,0,1
.ritonavir/lopinavir,1,0,1
imlah,1,0,1
hydrok,1,0,1
chloroquinekuur,1,0,1
kininebihydrochloride,1,0,1
di-ethyl-m-toluamide,1,0,1
difenoxylaat,1,0,1
navrátil,1,0,1
hspa9,1,0,1
sinds,1,0,1
realdo,1,0,1
clausen,1,0,1
bayat,1,0,1
bgc,1,0,1
amustaline/gsh,1,0,1
liposome-clodronate,1,0,1
magellan,1,0,1
thymosin-b4,1,0,1
anti-in,1,0,1
braga,1,0,1
lantieri,1,0,1
marpsh,1,0,1
vasama,1,0,1
hericeum,1,0,1
sivigila,1,0,1
alfavit,1,0,1
ultraviolet-a.,1,0,1
anti-rh26,1,0,1
fahd,1,0,1
anti-din,1,0,1
anti-dcin,1,0,1
anti-kin,1,0,1
bo1,1,0,1
d-blood,1,0,1
d-by,1,0,1
audit,1,0,1
hemophiliab,1,0,1
haematinic,1,0,1
nv18-,1,0,1
mycofenolaatmofetil,1,0,1
reservepenicillin,1,0,1
rifampizin,1,0,1
mittel,1,0,1
anti-dna-topoisomerase,1,0,1
isolierter,1,0,1
poterico,1,0,1
ricor,1,0,1
hyksos,1,0,1
medinet,1,0,1
tyrrhenus,1,0,1
arnott,1,0,1
akhenaten,1,0,1
amarna,1,0,1
trevisonato,1,0,1
zletan,1,0,1
tarhona,1,0,1
glind,1,0,1
alterações,1,0,1
may,1,0,1
om1,1,0,1
",om2",1,0,1
angioplasty(1,1,0,1
nasnet-mobile,1,0,1
mercedes,1,0,1
otomops,1,0,1
ornitho-,1,0,1
timofei,1,0,1
endre,1,0,1
pjn,1,0,1
anti-cbir1,1,0,1
fla-x,1,0,1
ainterferon,1,0,1
papillomavirinae,1,0,1
gowri,1,0,1
cidofovir/,1,0,1
baicalin-baicalein,1,0,1
β-lactoglobulinb,1,0,1
18-a-glycerrhitinic,1,0,1
glycyrrhizaechinata,1,0,1
.nicarbazin,1,0,1
zanamivi,1,0,1
rit,1,0,1
.aluminum,1,0,1
p21s7,1,0,1
calciummagnesium-ammonium,1,0,1
is4,1,0,1
mozan,1,0,1
wrin,1,0,1
alcohol-basedrubs.•,1,0,1
dna/dna,1,0,1
6l-2,1,0,1
vantulder,1,0,1
met-ala-met,1,0,1
vwt.l,1,0,1
pyridined,1,0,1
pedvda,1,0,1
telaprevirto,1,0,1
apenas,1,0,1
progesterone-brown,1,0,1
l.jensenii,1,0,1
hsa-mir-146b-3p,1,0,1
fetalhr,1,0,1
betacell,1,0,1
estroprogestins,1,0,1
adrenodoxin,1,0,1
robo1,1,0,1
progesterone/,1,0,1
trelis,1,0,1
-vasopressin,1,0,1
mir-512,1,0,1
d2-cysteine,1,0,1
evie,1,0,1
l.crispatus,1,0,1
obe001,1,0,1
pufadha,1,0,1
prostamides,1,0,1
hsa-mir-876-5p,1,0,1
dmpa,1,0,1
mir-let,1,0,1
rassirna,1,0,1
mrap,1,0,1
hit-agonist,1,0,1
mir-470-5p,1,0,1
mir-129-,1,0,1
t-035,1,0,1
t-042,1,0,1
t-054,1,0,1
t-093,1,0,1
t-101,1,0,1
t-105,1,0,1
t-110,1,0,1
t-119,1,0,1
t-130,1,0,1
t-144,1,0,1
t-153,1,0,1
t-206,1,0,1
t-224,1,0,1
t-230,1,0,1
t-263,1,0,1
f-009,1,0,1
f-040,1,0,1
methoxyestradiols,1,0,1
hydrogensulfidebiosynthesis,1,0,1
parvum,1,0,1
f-090,1,0,1
f-095,1,0,1
nfkb,1,0,1
alpha-hydroxyprogesteronecaproate,1,0,1
f-107,1,0,1
f-109,1,0,1
f-110,1,0,1
fetalvitamind,1,0,1
f-216,1,0,1
gr-1b,1,0,1
f-223,1,0,1
f-245,1,0,1
s-052,1,0,1
s-064,1,0,1
mir-218-,1,0,1
u46619,1,0,1
progesterone(p,1,0,1
ifn-a-2a,1,0,1
lavandulaangustafolia,1,0,1
quinopristin-dalfopristim,1,0,1
linezolidbehandelt,1,0,1
linezolid-zyklen,1,0,1
linezolid-dosis,1,0,1
sy-43,1,0,1
hd-rifaximine,1,0,1
po-13,1,0,1
po-28,1,0,1
po-32,1,0,1
po-33,1,0,1
po-39,1,0,1
antibiotikaverordnungen,1,0,1
po-40,1,0,1
po-47,1,0,1
po-48,1,0,1
po-50,1,0,1
po-57,1,0,1
po-58,1,0,1
po-66,1,0,1
po-87,1,0,1
arshanica,1,0,1
molmir,1,0,1
vibriostat,1,0,1
sulphamerazine,1,0,1
coturnixjaponica,1,0,1
heparin-manganese,1,0,1
nocanada,1,0,1
neskiy,1,0,1
penicillin-sulfa,1,0,1
sulfimethoxazole/trimethoprim,1,0,1
peginterferonalfa,1,0,1
betathiotrifluoromethyl,1,0,1
.darapladib,1,0,1
acidmucopolysaccharide,1,0,1
phosphorothioated,1,0,1
krasuski,1,0,1
.darunavir/cobicistat,1,0,1
quintela,1,0,1
pontesei,1,0,1
longarone,1,0,1
anatoly,1,0,1
jishin,1,0,1
raspadskaya,1,0,1
mozilo,1,0,1
sayano-shushenskaya,1,0,1
kuzbass,1,0,1
telegina,1,0,1
kantei,1,0,1
ljm,1,0,1
dimon,1,0,1
adagum,1,0,1
silopren,1,0,1
emamectinb1a,1,0,1
pedram,1,0,1
anvil,1,0,1
ricoca,1,0,1
somanetics,1,0,1
mednord,1,0,1
colistin-rifampicin,1,0,1
hydrozone,1,0,1
sublinguale,1,0,1
start,1,0,1
heparinic,1,0,1
zoomerang,1,0,1
pimozide-and,1,0,1
loperamideand,1,0,1
loperamide-and,1,0,1
2-(2-chloroquinolin,1,0,1
greseofulvin,1,0,1
chip.cohesin,1,0,1
muc5b,1,0,1
il8,1,0,1
vitd.,1,0,1
antagomir-155,1,0,1
anti-bactericidal,1,0,1
181ଙ,1,0,1
[2h]-hydroxyproline,1,0,1
taksta,1,0,1
triazoloquinolines,1,0,1
/-tobramycin,1,0,1
dolosa,1,0,1
novartispharmaceutical,1,0,1
drug-mucolytic,1,0,1
musclecholine,1,0,1
post-cisapride,1,0,1
siragusa,1,0,1
estrogen-glycan,1,0,1
s-equol,1,0,1
medaglini,1,0,1
tavolacci,1,0,1
audia,1,0,1
vitamin-d.nutr,1,0,1
vitamin-a.nutr,1,0,1
tetrahydro-p-carbolines,1,0,1
kioinogen,1,0,1
cl-lnhibitor,1,0,1
benzophenothiazines,1,0,1
monophosphorillipid,1,0,1
dup753,1,0,1
utinastatin,1,0,1
unnastatin,1,0,1
g-anitrypsin,1,0,1
e-sdectin,1,0,1
endoloxin,1,0,1
f-aetin,1,0,1
leukotrienb4,1,0,1
prosmcyclin,1,0,1
gammagardr,1,0,1
ddm,1,0,1
dihiazem,1,0,1
me[atonin,1,0,1
gramposilave,1,0,1
inpharzam,1,0,1
endoroxin,1,0,1
c~-msh,1,0,1
liposomalc~-tocopherol,1,0,1
g-carotene,1,0,1
oxygee,1,0,1
peutoxifylline,1,0,1
oil/lanthanum,1,0,1
og).it,1,0,1
oleo,1,0,1
ophil,1,0,1
supranorma,1,0,1
unoglobulin,1,0,1
buprofen,1,0,1
pentoxiphyllin,1,0,1
thymostimulin,1,0,1
tirilazad-mesylate,1,0,1
ba).it,1,0,1
rutan,1,0,1
aa-ginine,1,0,1
asgmine,1,0,1
magintamine,1,0,1
ghitamine,1,0,1
0mega-3pufa,1,0,1
safflower,1,0,1
3ssmethionine,1,0,1
glutamine-dipeptide,1,0,1
zesulis,1,0,1
u-14c-glutamine,1,0,1
nitrogene,1,0,1
offilgrastim,1,0,1
cephera,1,0,1
cefmetazol,1,0,1
liposomallipid,1,0,1
rhll-lra,1,0,1
h~-agonist,1,0,1
hg-agonist,1,0,1
fentanyl/dormicum,1,0,1
bu-e-75,1,0,1
amphntericin,1,0,1
amphoterlcinb,1,0,1
amphoteficin,1,0,1
amphotedcin,1,0,1
haraldsen,1,0,1
amphoteradn,1,0,1
flueonazole,1,0,1
cyp21a2,1,0,1
pregomin,1,0,1
trichothiodystrophy,1,0,1
cyclopentolat,1,0,1
plasmapherese,1,0,1
α7nach,1,0,1
clinoptilolitesõ,1,0,1
ub-votu,1,0,1
cleardexamethasone,1,0,1
.monocaprin,1,0,1
hanf,1,0,1
riazi,1,0,1
.piroxicam,1,0,1
flunixin-meglumine,1,0,1
2009).halofuginone,1,0,1
ur.12,1,0,1
folta,1,0,1
chu-konu,1,0,1
bitoin,1,0,1
momoxide,1,0,1
anti-cryptojacking,1,0,1
aug-10,1,0,1
9-propiolactone,1,0,1
tuberöse,1,0,1
alleinig,1,0,1
a.groupb1,1,0,1
bogua,1,0,1
a.taxoides,1,0,1
mir-tgfbr2,1,0,1
tcmcsp,1,0,1
zii,1,0,1
cyclophosphaniide,1,0,1
gennadi,1,0,1
jarin,1,0,1
kristiania,1,0,1
verumstiftung,1,0,1
-methacholine,1,0,1
barc,1,0,1
ciatus,1,0,1
chalcid,1,0,1
chrysocharis,1,0,1
fraxidin,1,0,1
vickers,1,0,1
clymenum,1,0,1
l.latifolius,1,0,1
/ɑ/.,1,0,1
calcium-nitrogen,1,0,1
galbicka,1,0,1
pseudostellariae,1,0,1
moniae,1,0,1
‡rifampin,1,0,1
inosine-adenosine,1,0,1
5(s)-hete,1,0,1
oxycodoneacetaminophen,1,0,1
korth,1,0,1
privacy/cybersecurity,1,0,1
lopinavir/ritonavir-a,1,0,1
al.penicillin,1,0,1
esofagitis,1,0,1
thiomycetin,1,0,1
wirksamere,1,0,1
zum,1,0,1
erythronychia,1,0,1
langehb,1,0,1
elit,1,0,1
hexachloraphene,1,0,1
1897).it,1,0,1
hydroxychloroquine;ct,1,0,1
tr-a.,1,0,1
btip,1,0,1
quercetin7rhamnoside,1,0,1
-hypericin,1,0,1
theacitrina,1,0,1
.glabrolide,1,0,1
liposomeencapsulation,1,0,1
3mercaptopropionate,1,0,1
(+)-plumericin,1,0,1
dexmedetomidine/atipamezole,1,0,1
matrilin-3,1,0,1
dna-demethylation,1,0,1
zovoilis,1,0,1
loxl1,1,0,1
faxtor,1,0,1
ptls,1,0,1
hemicephalia,1,0,1
merocranium,1,0,1
alalia,1,0,1
methallothionein,1,0,1
wildförster,1,0,1
ar-hsp,1,0,1
scyl1,1,0,1
fancd2/i,1,0,1
-steroid,1,0,1
dice1,1,0,1
haplotypeb,1,0,1
orang-utan,1,0,1
5-aza-2´-deoxycytidine,1,0,1
dandano,1,0,1
methimazole;(2,1,0,1
permethrins,1,0,1
bife,1,0,1
9-o-acetyl,1,0,1
xopenex,1,0,1
artemisiaindica,1,0,1
levofloxacino).2,1,0,1
cerca,1,0,1
potassiumformate,1,0,1
kamo,1,0,1
tmpda,1,0,1
macrolide-cephalosporin,1,0,1
betamethasonecream,1,0,1
pharmakoresistenz,1,0,1
juristische,1,0,1
walger,1,0,1
muschol,1,0,1
doxyclyclin,1,0,1
tocilizumabbegonnen,1,0,1
cyclophosphamid-pulstherapie,1,0,1
tobramycinbegonnen,1,0,1
kalkum,1,0,1
infloran,1,0,1
grampositve,1,0,1
gnpi,1,0,1
scapula,1,0,1
dgspj-po-004,1,0,1
polesine,1,0,1
difesa,1,0,1
aquila,1,0,1
b53,1,0,1
rmmunoglobulin,1,0,1
betaline,1,0,1
baike,1,0,1
gpt,1,0,1
bert-gpt,1,0,1
herbicidal,1,0,1
fii,1,0,1
val2/acyclovir,1,0,1
178tofacitinib,1,0,1
4-methyl-picoline,1,0,1
t-plastin,1,0,1
c-l-glutamine,1,0,1
rg4,1,0,1
botulinumneurotoxina,1,0,1
versamax,1,0,1
cyp3a4.lopinavir,1,0,1
rauc,1,0,1
tri-(sofosbuvir/velpatasvir/voxilaprevir,1,0,1
sofosbuvir/glecaprevir/pibrentasvir,1,0,1
anti-asthmatics,1,0,1
yushuang,1,0,1
malawi,1,0,1
.ifn-fl,1,0,1
lipoprotein,1,0,1
explicandum,1,0,1
ofprime-boostregimethat,1,0,1
ableto,1,0,1
coumarinic,1,0,1
peppermintoils,1,0,1
glucocortocoids,1,0,1
hydroxychloro-quine,1,0,1
protollin-adjuvantedh5n1vaccine,1,0,1
inloco,1,0,1
trimethoprim-sulfarnethoxazole,1,0,1
irachomatis,1,0,1
granulocytapheresis,1,0,1
ncsa,1,0,1
aluminum-hydroxide-adjuvant,1,0,1
-caffeine,1,0,1
tac+,1,0,1
psychos,1,0,1
nuclease,1,0,1
piflexilis,1,0,1
p.jlexilis,1,0,1
albicaulis,1,0,1
cembroides-pinus,1,0,1
edulis-pinus,1,0,1
monophylla,1,0,1
zedler,1,0,1
latifolia-,1,0,1
p.echinata,1,0,1
echinata-pinusechinata,1,0,1
cladophialophorabantianum,1,0,1
137amphotericin,1,0,1
amphotericinblipid-formulation,1,0,1
ascocarpic,1,0,1
pseudallescheriasis,1,0,1
63o,1,0,1
pdc-sign,1,0,1
clf,1,0,1
kallikreinogen,1,0,1
prokinin,1,0,1
taf-1,1,0,1
trail-1,1,0,1
trail-r2/dr5,1,0,1
dmri,1,0,1
vtkpoly,1,0,1
cmn,1,0,1
ixmab,1,0,1
iximab/etanercept,1,0,1
echonicandines,1,0,1
itraconazole:13.9,1,0,1
uconazole:13.5,1,0,1
ukonazol,1,0,1
ginoid,1,0,1
ucunazole,1,0,1
bu/cy/flu,1,0,1
udarabineand,1,0,1
busulphan-thiotepa-ciclofosfamide,1,0,1
etarnacept,1,0,1
amonium,1,0,1
antracyclin,1,0,1
bux-flu,1,0,1
ceftarolina,1,0,1
muricatum,1,0,1
bipartita,1,0,1
liyv,1,0,1
culcrv,1,0,1
11α-oh-ka,1,0,1
let-ifend,1,0,1
.mavrilimumab,1,0,1
ce12,1,0,1
mafa-b*4501,1,0,1
paradichlorobenzene,1,0,1
h.mucronata,1,0,1
h.crassifolia,1,0,1
hedyotideae,1,0,1
edrisia,1,0,1
prestw-385,1,0,1
prestw-456,1,0,1
pasquale,1,0,1
pisapia,1,0,1
"fp,mr,rs",1,0,1
bristol-meyers,1,0,1
astrazeneca-medimmune,1,0,1
dilogo,1,0,1
swiftace,1,0,1
penecillin,1,0,1
bcg-is,1,0,1
implant-adm,1,0,1
rashna,1,0,1
theraband,1,0,1
glyprot,1,0,1
genjo,1,0,1
rig.it,1,0,1
anti-heat,1,0,1
crosslinker,1,0,1
onychomykosen,1,0,1
tapa,1,0,1
meke,1,0,1
glover,1,0,1
peabc,1,0,1
m2.it,1,0,1
rfbi,1,0,1
phorphrin,1,0,1
tyr3-octreotate,1,0,1
n-lactams,1,0,1
intein/chitin,1,0,1
uronium-and,1,0,1
βaminoalcohols,1,0,1
weinrebamide,1,0,1
karelin,1,0,1
vice-b,1,0,1
scavidin,1,0,1
anoplin,1,0,1
diazomethylketones,1,0,1
d-lys,1,0,1
epoxides,1,0,1
carboxylatophosphoranes,1,0,1
dimethylthioproline,1,0,1
l-phenylanaline,1,0,1
stat3,1,0,1
supratek,1,0,1
cats,1,0,1
δ-agonists,1,0,1
borin,1,0,1
doxorubicin(dox,1,0,1
cystinyl,1,0,1
5ß-dihydroprogesterone,1,0,1
aspartam,1,0,1
phe3,1,0,1
argvasopressin(avp,1,0,1
[125i-tyr3]octreotide,1,0,1
[68ga]dota-napamide,1,0,1
dipeptideamides,1,0,1
"2',6'-dimethyl-l-tyrosine",1,0,1
superagonist,1,0,1
trombin,1,0,1
tyr-halogenated,1,0,1
6'dimethyltyrosine,1,0,1
neuromedin,1,0,1
aminophenylalanine,1,0,1
tetanustoxoid)(593,1,0,1
dq8-insulinb9,1,0,1
lexile,1,0,1
whoqolgroup,1,0,1
fais-sf,1,0,1
testgraf,1,0,1
bundang,1,0,1
rasp,1,0,1
poplitea,1,0,1
letrozole/placebo,1,0,1
hui,1,0,1
monolaurii,1,0,1
volchcl,1,0,1
garlic-g-glutamyl-s-cysteines,1,0,1
sallylcysteine,1,0,1
g-glutamylcysteines,1,0,1
g-glutamyl-s-allylcysteine,1,0,1
erythaema,1,0,1
tatklagen,1,0,1
deritis,1,0,1
clofibrat,1,0,1
1antichymotrypsin,1,0,1
argininosuccinate,1,0,1
galactonate,1,0,1
hypermagnesaemia,1,0,1
n-butyldeoxynojirimycin,1,0,1
haem,1,0,1
faruqi,1,0,1
guanadine,1,0,1
philippine,1,0,1
aristoteliaserrata,1,0,1
leptospermumscoparium,1,0,1
cupressinum,1,0,1
podocarp-beech,1,0,1
hummer,1,0,1
cotton-go,1,0,1
pymetrozine,1,0,1
chlorfenvinphos,1,0,1
caroticum,1,0,1
alp.,1,0,1
morfamquat,1,0,1
arsenical,1,0,1
mercury(ii)chloride,1,0,1
cymoxanil,1,0,1
fosetyl,1,0,1
phenylmercuryacetate,1,0,1
phosphide,1,0,1
cakes,1,0,1
s-methoprene,1,0,1
cpth,1,0,1
folidol,1,0,1
endosulphan,1,0,1
sodiumchlorate,1,0,1
picloram,1,0,1
baumol,1,0,1
artesunateelumefantrine,1,0,1
managua,1,0,1
keyvan,1,0,1
warren-averbach,1,0,1
gerardia,1,0,1
y-defensinretrocyclin,1,0,1
onchocercosis,1,0,1
wolverines,1,0,1
l19,1,0,1
preciado,1,0,1
octavia,1,0,1
silvan,1,0,1
us200,1,0,1
isopropanol-ethanol-water,1,0,1
isopropanol-212,1,0,1
curoxide,1,0,1
adamantane-amantadine,1,0,1
thath,1,0,1
dioctylphthalate,1,0,1
lemi,1,0,1
-praziquantel,1,0,1
usine,1,0,1
hiv-annexin,1,0,1
perla,1,0,1
omv,1,0,1
jd4,1,0,1
mrricin,1,0,1
pb10ricin,1,0,1
brolin,1,0,1
hepaplastin,1,0,1
thrombinogen,1,0,1
β-dopamine,1,0,1
ephedrinehydrochloride,1,0,1
anti-polymyxin,1,0,1
ppp-remdesivir,1,0,1
rubican,1,0,1
huttin,1,0,1
tiberi,1,0,1
delano€,1,0,1
hfref).it,1,0,1
txc,1,0,1
labiensynechie,1,0,1
ureterozele,1,0,1
zk12,1,0,1
maimon,1,0,1
mindan,1,0,1
10μmsunitinib,1,0,1
pēteris,1,0,1
lucotinib,1,0,1
gemcitabine-or,1,0,1
prerituximab,1,0,1
that~34,1,0,1
word-germs,1,0,1
edwin,1,0,1
williammcneill,1,0,1
ns3fl,1,0,1
-imipenem,1,0,1
ceftolazane-tazobactam,1,0,1
digimeter,1,0,1
preoxygenates,1,0,1
c34-biotin,1,0,1
kasb,1,0,1
fs-1,1,0,1
echinaceaherbal,1,0,1
nicotinecontaining,1,0,1
amoxycillinclavulanic,1,0,1
neuratoxin,1,0,1
ger,1,0,1
abuse,1,0,1
ore,1,0,1
selenocysteinyl,1,0,1
ghana,1,0,1
watercompany,1,0,1
chloroquinehydroxychloroquine,1,0,1
nividia,1,0,1
singletoxygen,1,0,1
oelenterazine,1,0,1
iodoactyl,1,0,1
d-aldosterone,1,0,1
psg1,1,0,1
mmwr,1,0,1
bactenal,1,0,1
chlorine/chloramine,1,0,1
"1,8cineole",1,0,1
hsa-microrna-9-5p,1,0,1
mir-9agomir,1,0,1
agomir-9,1,0,1
dcysteine,1,0,1
rimantadine-or,1,0,1
ang1-,1,0,1
kuchi,1,0,1
ethanol.5,1,0,1
bacillecalmette-gue-rin,1,0,1
tetravalentvaccinedengvaxia,1,0,1
f-sl,1,0,1
karsavuran,1,0,1
damycin,1,0,1
erythromy,1,0,1
psylliumhusk,1,0,1
durix,1,0,1
tas2r19nr,1,0,1
ecls-fluss,1,0,1
herzkatheter-manual,1,0,1
imipenem-ilastatin,1,0,1
hypoaldosteronism,1,0,1
low-dose-vitamin,1,0,1
pf-2334,1,0,1
anatoxinb-1,1,0,1
fv23,1,0,1
retinolpalmitate,1,0,1
butylhydroxytoluol,1,0,1
cancidas,1,0,1
kessler,1,0,1
.idelalisib,1,0,1
hilary,1,0,1
silicatosis,1,0,1
rfp-galectin,1,0,1
pentostatins,1,0,1
konstntinidis,1,0,1
dinulceotide,1,0,1
iclosamidec,1,0,1
bicalutamidel,1,0,1
niclosamidea,1,0,1
metaramine,1,0,1
antibiotici,1,0,1
intensiva,1,0,1
bronvirin,1,0,1
tartratc,1,0,1
al-badilla,1,0,1
unoxidized,1,0,1
b-lactam,1,0,1
ketenes,1,0,1
s-thioesters,1,0,1
b-lactams,1,0,1
penicillanate,1,0,1
.sodium,1,0,1
chromo-glycate,1,0,1
phenoxyethanolempfohlen,1,0,1
phenoxyethanols,1,0,1
arterienkathetern,1,0,1
katheterart,1,0,1
nabelarterienkatheters,1,0,1
pterygoplatine,1,0,1
cirb,1,0,1
swarnajayanti,1,0,1
seven-valent,1,0,1
influenzaecapsular,1,0,1
zeatinriboside,1,0,1
mazankowski,1,0,1
sucroseformamide,1,0,1
hardegger,1,0,1
crf04,1,0,1
swap,1,0,1
quininethealkaloid,1,0,1
l-isoascorbicacid,1,0,1
venovenöser,1,0,1
cavale,1,0,1
-mycophenolatmofetil,1,0,1
foscarnet-natrium,1,0,1
hausarzt,1,0,1
split-leber-transplantaten,1,0,1
akinesia,1,0,1
levovistr,1,0,1
dualecho,1,0,1
mfs,1,0,1
graziella,1,0,1
chrysamine,1,0,1
vilis,1,0,1
0h-dopamine,1,0,1
n-methylscopolamine,1,0,1
cdp-choline,1,0,1
immunoglbulin,1,0,1
beta-lb,1,0,1
mk-80l,1,0,1
2-cda,1,0,1
nolol,1,0,1
magnesi,1,0,1
no-501,1,0,1
scimed,1,0,1
carbamacepin,1,0,1
f1uocortolone,1,0,1
dexamethasone-crh-test,1,0,1
vitaminbi,1,0,1
toneedle,1,0,1
dilsufiram,1,0,1
telemarato,1,0,1
dopamine-agonist,1,0,1
neurologische,1,0,1
n-acetly,1,0,1
moebius,1,0,1
sandoglubulin,1,0,1
di/d2-agonist,1,0,1
lutotropine,1,0,1
trexiphenidile,1,0,1
botox-a,1,0,1
benserazid,1,0,1
riluzoie,1,0,1
phenytoeen,1,0,1
nitrosureas,1,0,1
folateacid,1,0,1
ps06,1,0,1
doxycycline.~-gal,1,0,1
ethylnitrosurea,1,0,1
camptocormia,1,0,1
metl19,1,0,1
chiveri,1,0,1
iv/s6,1,0,1
thrombolytic,1,0,1
marburger,1,0,1
proidl,1,0,1
"2,3,7,8,-tetrachlorodibenzo-p-dioxin",1,0,1
"3,3',4,4',5-pentachlorobiphenyl",1,0,1
.mycophenolate,1,0,1
chikungunia,1,0,1
gfcov/fr/,1,0,1
microcavia,1,0,1
steatornis,1,0,1
triméthoprime/sulfadiazine,1,0,1
-l'azathioprine,1,0,1
vitamineb1,1,0,1
methotretxate,1,0,1
piritrexim,1,0,1
.teniposide,1,0,1
ipomeanol,1,0,1
ritonavir.to,1,0,1
díaz,1,0,1
teofilina,1,0,1
cefotiam-proxetilo,1,0,1
cefotiamhexetilo,1,0,1
atorvaquone-proguanil,1,0,1
nonoxygenator,1,0,1
amphotericinfree,1,0,1
depol,1,0,1
repol,1,0,1
bac-p1-3cd,1,0,1
ev71vlp,1,0,1
tbev,1,0,1
darunavir/3cl,1,0,1
rapamicina,1,0,1
fluorochrome,1,0,1
cdpcholine,1,0,1
lps-surfactant,1,0,1
rigall-i-fluvià,1,0,1
rigall-i-torrent,1,0,1
rigall-i-,1,0,1
seam,1,0,1
glutamine/,1,0,1
eucalipto,1,0,1
hulan,1,0,1
sam-iv,1,0,1
gw2,1,0,1
gw7,1,0,1
dahurica,1,0,1
cimicifugasimplex,1,0,1
houpu,1,0,1
acharya,1,0,1
sno-gapdh,1,0,1
wirksameimpfstoffe,1,0,1
pcdna-ccol2a1,1,0,1
e.humilis,1,0,1
tallin,1,0,1
patrica,1,0,1
aragonite,1,0,1
deloris,1,0,1
novovax,1,0,1
tetrabothrius,1,0,1
halipeurus,1,0,1
aequinoctialis,1,0,1
kerguelensis,1,0,1
quadraceps,1,0,1
usp-heparin,1,0,1
arvacmlv,1,0,1
vastine,1,0,1
15b,1,0,1
catb,1,0,1
oxytocin-vasopressine,1,0,1
mirnahsa-mir-27b-3p,1,0,1
127hydroxychloroquine,1,0,1
suchi,1,0,1
longumspm1206,1,0,1
harzallah,1,0,1
fulldose,1,0,1
liraglutidine,1,0,1
canagliflozine,1,0,1
dapagliflozine,1,0,1
pitavastatina,1,0,1
artesunate-heparin,1,0,1
.artemether-lumefantrine,1,0,1
p]datp,1,0,1
isopropanol-dmf,1,0,1
esc1,1,0,1
interferon-g,1,0,1
z-64,1,0,1
maleimides,1,0,1
a-cisplatin,1,0,1
dgdp,1,0,1
tetra-o-galloyl-β-d-glucose,1,0,1
pneumotachograf,1,0,1
bronchodilatators,1,0,1
chloralhydratdosis,1,0,1
g-ketoenal,1,0,1
isothiocyanates,1,0,1
lollipops,1,0,1
aq1,1,0,1
txrx,1,0,1
gd-,1,0,1
gadopentate,1,0,1
supravist,1,0,1
linazolamide,1,0,1
diorrheo,1,0,1
corynebactedum,1,0,1
1onc,1,0,1
laskowski,1,0,1
tris-glycine,1,0,1
humeca,1,0,1
beverin,1,0,1
sldb,1,0,1
elkinton,1,0,1
edleres,1,0,1
spricht,1,0,1
mitleid,1,0,1
szeneentspringt,1,0,1
boisot,1,0,1
mdpt,1,0,1
bei-mu,1,0,1
pox/resiquimod,1,0,1
thrombus,1,0,1
saskatoonberry,1,0,1
mtx-hsa,1,0,1
pngase-f,1,0,1
4-methylcatechol,1,0,1
rosnauka,1,0,1
rfbr07-04-,1,0,1
boranocarbonates,1,0,1
monolignol,1,0,1
catharanthus,1,0,1
uefp6,1,0,1
teratocarcinoma,1,0,1
mentavakvaccine,1,0,1
arzneimittelrecht,1,0,1
gemäß,1,0,1
oralflora,1,0,1
haematocrit,1,0,1
macrolide-(18,1,0,1
oesterle,1,0,1
suhasni,1,0,1
handhabbarkeit,1,0,1
yingfei,1,0,1
aurubis,1,0,1
gametocytes,1,0,1
multiepitope-based,1,0,1
wilfried,1,0,1
cd-dithizone,1,0,1
kusumastuti,1,0,1
quenum,1,0,1
ganji,1,0,1
lucía,1,0,1
hemilea,1,0,1
penicilium,1,0,1
alternariajaponica,1,0,1
nyssopsoraechinata,1,0,1
curtobacterium,1,0,1
luis,1,0,1
manso@luigimanso,1,0,1
cardil,1,0,1
syntrophins,1,0,1
spiridonov,1,0,1
bcg-202,1,0,1
biazar,1,0,1
okoripere,1,0,1
puska,1,0,1
aceito,1,0,1
sugerimos,1,0,1
gelatin-β-cd,1,0,1
hiv-1/hbv,1,0,1
mucorice-ctb,1,0,1
maskin,1,0,1
lin-4,1,0,1
supriyo,1,0,1
pparγ-agonist,1,0,1
xoma-52,1,0,1
qnexa,1,0,1
canaglifl,1,0,1
uramine,1,0,1
frä,1,0,1
conocephahm,1,0,1
thallus,1,0,1
gilia,1,0,1
catechintannins,1,0,1
chloramphenicol-dexamethasone,1,0,1
d.repens,1,0,1
lopinavir/ritonavirthe,1,0,1
plasmachloroquine,1,0,1
nac-cho,1,0,1
b36,1,0,1
125i-iodinated,1,0,1
anti-ox40,1,0,1
discusslon,1,0,1
f¿-thrombin,1,0,1
proinsulin/,1,0,1
aggrega-,1,0,1
fepolen,1,0,1
junb.pge2,1,0,1
arry-797,1,0,1
il-20,1,0,1
5-aza-2deoxycytidine,1,0,1
arry-162,1,0,1
â-hexosaminidase,1,0,1
miaolin,1,0,1
gracilariaverrucosa,1,0,1
adiazole,1,0,1
oxsoralen,1,0,1
d-cysteate,1,0,1
s-sulfo-l-cysteine,1,0,1
diaminopropionate,1,0,1
aspartamides,1,0,1
radixbupleuriis,1,0,1
flagellae,0,1,1
f{t_{2,0,1,1
drotaverine,0,1,1
benzoperimidine,0,1,1
primatone,0,1,1
fachserien,0,1,1
analogen,0,1,1
c5-iodo-2′-deoxyuridine,0,1,1
"studied,13,14",0,1,1
registry.38,0,1,1
anilinedihydrotriazine,0,1,1
ventilation•define,0,1,1
gain.54,0,1,1
bacitratcin,0,1,1
tanδmax,0,1,1
system.76,0,1,1
http://www.chictr.org.cn/showproj.aspx?proj=48880).favipiravir,0,1,1
eltahir,0,1,1
aesculuside,0,1,1
terrestriamide,0,1,1
pyranoxanthone,0,1,1
desmethoxyreserpine,0,1,1
chrysanthediol,0,1,1
ligucyperonol,0,1,1
dogs)doxycycline,0,1,1
dogs)terbinafine,0,1,1
dogs)tetracycline,0,1,1
dogs)phenazopyridine,0,1,1
ɛ2t′,0,1,1
krezel,0,1,1
shielded.38,0,1,1
devices.76,0,1,1
patorno,0,1,1
virasole,0,1,1
carbodiimidehydrochloride,0,1,1
preferred.[11,0,1,1
lesourne,0,1,1
coronavide,0,1,1
trinkmenge,0,1,1
members•quarantine,0,1,1
\begin{document}$$-22$$\end{document}-22,0,1,1
smoke.9,0,1,1
"germany),tyramide",0,1,1
respectively.35,0,1,1
diethylphosphoryl)butyl]amine,0,1,1
erneuerungen,0,1,1
infection•role,0,1,1
nct04343729).tocilizumab,0,1,1
feine,0,1,1
wage.9,0,1,1
mandell47,0,1,1
r5)5,0,1,1
"functions122,125",0,1,1
bereitlegen,0,1,1
hypoglykämierisiko,0,1,1
gestationsdiabetikerin,0,1,1
therapiezurückgreifen,0,1,1
breitspektrumpenicilline,0,1,1
flourchinolone,0,1,1
favistan,0,1,1
kalziumphosphatsteine,0,1,1
uratsteine,0,1,1
wiederholungsrisiko,0,1,1
fettsäurekatabolismus,0,1,1
frühgeburtrisiko,0,1,1
eisentransportproteine,0,1,1
felbamat,0,1,1
panikattackeeine,0,1,1
nabelhöhe,0,1,1
mechanisch,0,1,1
trimeneon,0,1,1
thrombozytenglykoproteine,0,1,1
saktosalpingen,0,1,1
flankiert,0,1,1
gvhd.276,0,1,1
e-5-(2-iodovinyl)-2′-deoxyuridine,0,1,1
mannar,0,1,1
seatone,0,1,1
octahydroazulenopyrandione,0,1,1
crispatenine,0,1,1
expansinol,0,1,1
aplyronine,0,1,1
atromarginata,0,1,1
desjardine,0,1,1
d’croz,0,1,1
elysiapyrone,0,1,1
tridachiahydropyrone,0,1,1
aplykurodinone,0,1,1
norrisolide,0,1,1
trivellone,0,1,1
caespitenone,0,1,1
bisepoxide,0,1,1
oxa-1-one,0,1,1
pallescensin,0,1,1
chlorophyllone,0,1,1
orbicularisine,0,1,1
goudou,0,1,1
raola,0,1,1
edilis,0,1,1
chioccara,0,1,1
misuraca,0,1,1
phenanthrenone,0,1,1
pectenol,0,1,1
pectenolone,0,1,1
norsiphonarienone,0,1,1
isosiphonarienolone,0,1,1
muamvatin,0,1,1
sreejamole,0,1,1
saxidomus,0,1,1
tocilizumab.38,0,1,1
remark4.1,0,1,1
"n(n(x))=s(n(n(x)),n(/1/",0,1,1
a′×b′,0,1,1
madecassoside,0,1,1
bph651,0,1,1
κ)∂t=∑j=0ω−j/2f−j/2(π(ξ,0,1,1
"killing.12,13,17,21–23",0,1,1
ophthaine,0,1,1
meloxican,0,1,1
luzhou,0,1,1
m.u.m,0,1,1
months)streptomycin,0,1,1
foscarnetcidofovirleflunomidebrincidofovirmaribavirletermovir,0,1,1
only)rimantadine,0,1,1
pflanz,0,1,1
recommended.69,0,1,1
mollerussa,0,1,1
pitsik,0,1,1
amphotrericin,0,1,1
kolbin,0,1,1
fluconzaole,0,1,1
dst140,0,1,1
pharmindex,0,1,1
dumaine,0,1,1
chemikine,0,1,1
valade,0,1,1
cifoperazone,0,1,1
trimethorpim,0,1,1
linozelid,0,1,1
prasurthsin,0,1,1
ragione,0,1,1
bactiswabs,0,1,1
mereopenem,0,1,1
raghuvir,0,1,1
jouini,0,1,1
trimaxozole,0,1,1
cotrimaxazole,0,1,1
bileaesculin,0,1,1
plachot,0,1,1
missorini,0,1,1
boumedine,0,1,1
tye665,0,1,1
colone,0,1,1
hydrohychloroquine,0,1,1
ultram,0,1,1
ozkul,0,1,1
leuicine,0,1,1
age.9,0,1,1
subfemtomole,0,1,1
g6410,0,1,1
g6411,0,1,1
rhinoviruses.32,0,1,1
dcytokine,0,1,1
λchemokine,0,1,1
ρchemokine,0,1,1
dcyrokine,0,1,1
n‐butyldeoxynojirimycin,0,1,1
"5,6-dihydro-1-[(2e)-1-oxo-3-(3,4,5-trimethoxyphenyl)-2-propenyl]-2(1h)-pyridinone",0,1,1
psi‐7672,0,1,1
spongoadenosine,0,1,1
spongocytidine,0,1,1
nrc-2015,0,1,1
treatment•quarantine,0,1,1
albalawi,0,1,1
∑l=1qσl+∑r=1sμr=1,0,1,1
thesurgeon,0,1,1
γ‐tubulin,0,1,1
projizieren,0,1,1
aufzählungen,0,1,1
\end{document}psin,0,1,1
"benzo[d][1,2,3]triazole",0,1,1
acylbenzotriazole,0,1,1
pfu/5,0,1,1
folgeerkankungen,0,1,1
legionnairés,0,1,1
maalox,0,1,1
glu-1072,0,1,1
sulfalene,0,1,1
titration.76,0,1,1
t.we,0,1,1
pnu-151807.7-hydroxystaurosporine,0,1,1
intravenously.17-aminogeldanamycin,0,1,1
ada.cladribine,0,1,1
gns561,0,1,1
gharwan,0,1,1
thompson5,0,1,1
cusini,0,1,1
merinoporcine,0,1,1
rottweilerfeline,0,1,1
domesticequine,0,1,1
morganovine,0,1,1
sophorabioside,0,1,1
theasinensin,0,1,1
deacetylcentapicrin,0,1,1
chrysomus,0,1,1
methylguanine,0,1,1
tmprss2.9,0,1,1
workplaces•decline,0,1,1
variable.69,0,1,1
r)rifampicin,0,1,1
seniorline,0,1,1
tpck)—trypsin,0,1,1
"levels,48,50",0,1,1
hensilli,0,1,1
glode,0,1,1
spirohexahydropyrimidine,0,1,1
h2bnme2)3,0,1,1
signal.76,0,1,1
mierzwa,0,1,1
codierungen,0,1,1
berichtsroutine,0,1,1
g.s.c,0,1,1
il-1-blockade,0,1,1
comorbidities.4,0,1,1
"lymphadenopathy,12,14",0,1,1
zentrilobulär,0,1,1
homogen,0,1,1
toxischen,0,1,1
bürstenzytologien,0,1,1
"linezolid),fosfomycin",0,1,1
"colistin),fosfomycin",0,1,1
vcov,0,1,1
barbehenn,0,1,1
hefferon,0,1,1
yinzhou,0,1,1
tpc254,0,1,1
jk}e^{\left,0,1,1
gummosin,0,1,1
ortaxifolin,0,1,1
aklavine,0,1,1
getrade,0,1,1
dichloropropanone,0,1,1
trichloroacetone,0,1,1
chlorodiiodomethane,0,1,1
pyrrazine,0,1,1
phenantroindolizidine,0,1,1
balxavir,0,1,1
adenine‐thymine,0,1,1
hexadecyloxypropyl‐cidofovir,0,1,1
hemaglutinin,0,1,1
tanshinones.76,0,1,1
2).60remdesivir,0,1,1
lead)•strychnine,0,1,1
disease•hyperthyroidism•hypoadrenocorticism•exocrine,0,1,1
gap.8,0,1,1
roegen,0,1,1
cyclohexanol,0,1,1
study.(28).umifenovir,0,1,1
bichalcone,0,1,1
decylaminoethylvancomycin,0,1,1
3-trifluoromethylaniline,0,1,1
2-aminopyridine,0,1,1
transmission.-it,0,1,1
signal.69,0,1,1
pseudoaxinissa,0,1,1
hpurine,0,1,1
form)nadhnicotinamide,0,1,1
adrenaline‐,0,1,1
gerätespezifisch,0,1,1
keredusy,0,1,1
1×)(fc001).machine,0,1,1
schmalspektrumcephalosporine,0,1,1
breitbandcephalosporine,0,1,1
moliterno,0,1,1
beneficial.76,0,1,1
techniquescan,0,1,1
methoxyxanthone,0,1,1
triptexanthoside,0,1,1
benzdiol,0,1,1
zalinger,0,1,1
"n6,n6‐dimethyladenosine",0,1,1
epitranscriptome‐wide,0,1,1
systemically.76,0,1,1
deramaxx,0,1,1
punctionem,0,1,1
fetttropfen,0,1,1
czeplak,0,1,1
béjar,0,1,1
development.9−13remdesivir,0,1,1
thakkar,0,1,1
s)-n-((s)-1-(benzo[d]thiazol-2-yl)-1-oxo-3-((s)-2-oxopyrrolidin-3-yl)propan-2-yl)-2-(3-(4-methoxyphenyl)propanamido)-4-methylpentanamide,0,1,1
s)-n-((s)-1-(benzo[d]thiazol-2-yl)-1-oxo-3-((s)-2-oxopyrrolidin-3-yl)propan-2-yl)-2-(2-(4-hydroxyphenoxy)acetamido)-4-methylpentanamide,0,1,1
s)-n-((s)-1-(benzo[d]thiazol-2-yl)-1-oxo-3-((s)-2-oxopyrrolidin-3-yl)propan-2-yl)-2-(2-(3-(dimethylamino)phenoxy)acetamido)-4-methylpentanamide,0,1,1
isoindole,0,1,1
mole,0,1,1
f.j.n,0,1,1
kafferine,0,1,1
\begin{document}$s^{c_{65}}$\end{document}sc65,0,1,1
citisens,0,1,1
within‐wolf,0,1,1
cafepime,0,1,1
nonglycine,0,1,1
nonproline,0,1,1
tcof,0,1,1
temperatures.•in,0,1,1
robicquet,0,1,1
gugten,0,1,1
saletta,0,1,1
vandemeulebroucke,0,1,1
glocker,0,1,1
like?share,0,1,1
porphyrazine,0,1,1
infectionsin,0,1,1
phosphatidycholine,0,1,1
anti‐feline,0,1,1
bkn222,0,1,1
zerpex,0,1,1
dic331,0,1,1
micóticos,0,1,1
pietrokovski,0,1,1
phosphatidyinositol,0,1,1
onofrejov,0,1,1
unimod,0,1,1
vintestine,0,1,1
rank=262.76,0,1,1
pfropfen,0,1,1
virusstrukturproteine,0,1,1
überwundenem,0,1,1
triformylphloroglucinol,0,1,1
maurocalcin,0,1,1
hemicalcin,0,1,1
hadrucalcin,0,1,1
urocalcin,0,1,1
vejocalcin,0,1,1
bis(quinacridine,0,1,1
http://www.ncbi.nlm.nih.gov/refseq/targetedloci/,0,1,1
"octahydro[1,4]dioxino[2,3-i]phenanthridin-6(2h)-one",0,1,1
inhibitor.69,0,1,1
therapy.76,0,1,1
oo}&\equiv,0,1,1
shiyao,0,1,1
uitbraakprotocol,0,1,1
onset•affects,0,1,1
scv2-cpp309–310,0,1,1
scv2-cpp305–308,0,1,1
gas.1,0,1,1
grandone,0,1,1
g4.69,0,1,1
saline);bleomycin,0,1,1
mitteldarm,0,1,1
rhizosphärenbakterien,0,1,1
zuzutreffen,0,1,1
fraßinsekten,0,1,1
vegetationsperiode,0,1,1
versprühen,0,1,1
proteintoxine,0,1,1
baumwolleule,0,1,1
zuckerrübeneule,0,1,1
bioinsektizide,0,1,1
lamaline,0,1,1
celocurine,0,1,1
λtime,0,1,1
faversham,0,1,1
who.lopinavir,0,1,1
them.76,0,1,1
2012).due,0,1,1
symptoms[46].umifenovir,0,1,1
thialiomide,0,1,1
metenkefalin,0,1,1
tridecactide,0,1,1
āgantujvaras,0,1,1
jvaracikitsa,0,1,1
visphuraka,0,1,1
aṣtāṅgahṛdaya,0,1,1
augenfehlbildungen,0,1,1
augenerkrankungen,0,1,1
multi‐cytokine,0,1,1
erfahrenem,0,1,1
\underline,0,1,1
carbonylazetidine,0,1,1
"2′,3′-didehydro-2′,3′-dideoxythymidine",0,1,1
n‐formyl‐methionyl‐leucyl‐phenylalanine,0,1,1
\end{document}:deadline,0,1,1
pebody,0,1,1
pam3csk4‐biotin,0,1,1
kuljanin,0,1,1
flowshop,0,1,1
expected•telemedicine,0,1,1
thymine‐cytosine,0,1,1
glukoseprofil,0,1,1
fettmengen,0,1,1
allokationsalgorithmus,0,1,1
delta4,0,1,1
arylacetamide,0,1,1
astrea,0,1,1
lopinavir·ritonavir,0,1,1
evd197,0,1,1
aminopropyltriethoxysilane‐,0,1,1
acetylated‐trypsin,0,1,1
tetraacetyladenosine,0,1,1
trimethylsilyl)guanine,0,1,1
diacetamide,0,1,1
hyperthyreoidismus,0,1,1
parathormonstörungen,0,1,1
alltagsroutine,0,1,1
eicosasaccharide,0,1,1
nodes•adenopathy,0,1,1
diameter•tracheobronchomegaly,0,1,1
fluorescence‐minus‐one,0,1,1
"glucopyranosyl-3′,4′,5,7-tetrahydroxyflavone",0,1,1
cyclic‐imide,0,1,1
vincaleukoblastine,0,1,1
arecolidine,0,1,1
ergriffen,0,1,1
inhaltsstoffen,0,1,1
heuschreckenplagen,0,1,1
tierseuchen,0,1,1
discussed.69,0,1,1
agb82504.1,0,1,1
agb82764.1,0,1,1
polypirimidine,0,1,1
ineinandergreifen,0,1,1
cysteine‐inosine,0,1,1
fichtel,0,1,1
"cyclophilins,12",0,1,1
kb).azithromycin,0,1,1
nct04344379).azithromycin,0,1,1
anamnèse,0,1,1
shewen,0,1,1
energyonline,0,1,1
recommendationerythromycin,0,1,1
recommendationfidaxomicin,0,1,1
recommendationrifampicin,0,1,1
recommendationatovaquone,0,1,1
recommendationhalofantrine,0,1,1
recommendationmefloquine,0,1,1
recommendationamphotericin,0,1,1
recommendationterbinafine,0,1,1
paparone,0,1,1
recommendationdiethylcarbamazine,0,1,1
staduvine,0,1,1
attane,0,1,1
absatzerlösrisiko,0,1,1
reputationsrisiko,0,1,1
bankportfolios,0,1,1
ttnm,0,1,1
etc.1,0,1,1
junktionsproteine,0,1,1
kaura,0,1,1
f.4,0,1,1
documentation3,0,1,1
benzylhydrazine hydrochloride,0,1,1
aroplatin,0,1,1
amonafide dihydrochloride,0,1,1
apoptosis.5-iododeoxyuridine,0,1,1
β-1a;hydroxychloroquine,0,1,1
trioctylphosphine,0,1,1
"r˜24:(3,5,7)→(2,4,6",0,1,1
"r)-9-[2-(phosphonomethoxy)propyl]-n6-phosphonomethyl-2,6-diaminopurine",0,1,1
glycinglycine,0,1,1
year.276,0,1,1
"l‐3,4‐dihydroxyphenylalanine",0,1,1
n-[(4-methylthio)phenyl]hydrazinecarbothioamide,0,1,1
ubiquitin‐rhodamine,0,1,1
infrastrukturzuschlag,0,1,1
detected.76,0,1,1
depression.120,0,1,1
julandine,0,1,1
bistributyltin,0,1,1
potassium fluoride,0,1,1
pax624,0,1,1
phosho‐ikb,0,1,1
countrycin,0,1,1
archaeocyathide,0,1,1
fischsaurier,0,1,1
energieumsatz,0,1,1
steoride,0,1,1
grundbausteine,0,1,1
funktionsproteine,0,1,1
steuerproteine,0,1,1
forensik,0,1,1
hämaglutinin,0,1,1
osteuropa,0,1,1
sepsiserkrankungen,0,1,1
rocklatan,0,1,1
zalepon,0,1,1
arginine‐valine,0,1,1
vasculo-,0,1,1
vorhoffrequenz,0,1,1
übergesprungen,0,1,1
ccr5-leronlimab,0,1,1
onset.14,0,1,1
course.76,0,1,1
given.90,0,1,1
πrj(ξj)+πm(g,0,1,1
development•guideline,0,1,1
test.38,0,1,1
scrophulara,0,1,1
common.76,0,1,1
θ3=-p1ˆbsˆα-1[(1+csˆα)-α](1+csˆα)2-sˆ(diˆgp1ˆ)-afαdp1ˆiˆsˆ(2α-1)(1+csˆα)2,0,1,1
osmogen,0,1,1
"severity,13,14",0,1,1
creatinine.•,0,1,1
amesthystine,0,1,1
placebo).ketamine,0,1,1
μϕ(λ+σ)(αβηλ+γδν)+δ(1−ϕ)(λ+ρ)(αηλ+γδκ)ηλ(λ+ρ)(λ+σ)(ϕ(μ−δ)+δ+λ,0,1,1
polyphenylenesulfide,0,1,1
bottom‐line,0,1,1
autoclave,0,1,1
osipiuk,0,1,1
denofovir alafenamide,0,1,1
g200-cu)fine,0,1,1
iachini,0,1,1
sunitibnib,0,1,1
oxyhemoglobine,0,1,1
kleurstoffen,0,1,1
vitro.76,0,1,1
improved.[251].tocilizumab,0,1,1
2’-deoxyinosine,0,1,1
viruses.63,0,1,1
yuanyu,0,1,1
http://www.gov.cn/zhengce/zhengceku/2020-03/04/5486705/files/ae61004f-930d47598711a0d4cbf874a9.pdf)hydroxychloroquine,0,1,1
phenograph,0,1,1
a(medium)=0.76,0,1,1
stragole,0,1,1
glycitein,0,1,1
resorcinol)]+,0,1,1
31].lpv,0,1,1
bile-,0,1,1
poly(diphenylamine,0,1,1
mialgias,0,1,1
serológicos,0,1,1
epic-3,0,1,1
casalone,0,1,1
lys560,0,1,1
follicle.9,0,1,1
isotype.9,0,1,1
aerobes,0,1,1
cd68biotin,0,1,1
plane.9,0,1,1
inhibitin,0,1,1
"colleagues,33",0,1,1
stasi,0,1,1
cherangoole,0,1,1
anti‐histone,0,1,1
übergängen,0,1,1
pankreassteine,0,1,1
α2‐macroglubulin,0,1,1
"n2-acetyl-9-[[1,3-bis(benzyloxy)-2-propoxy]methyl]guanine",0,1,1
nacylsphingosine,0,1,1
−4.285,0,1,1
anti‐galactocerebroside,0,1,1
éosine,0,1,1
synucléine,0,1,1
salentine,0,1,1
trinitrophenylchloride,0,1,1
patients.•acyclovir,0,1,1
kontkanen,0,1,1
überträgermücken,0,1,1
winzigen,0,1,1
data.38,0,1,1
b.on,0,1,1
erythematosus.3chloroquine,0,1,1
eclulizumab,0,1,1
transmission.280,0,1,1
liposome.9,0,1,1
bis(diethy1amino)fluorenone,0,1,1
casuarictin,0,1,1
multicov,0,1,1
genomecov,0,1,1
ritmestoornissen,0,1,1
βgn=3n+12α3β+9n3α4β+4n+14α+β+11n-132α+β2β+29n-16α5β.i,0,1,1
sodium citrate,0,1,1
sodium saccharin,0,1,1
sherin,0,1,1
rajashekharan,0,1,1
diagnosisfeline,0,1,1
cecropin melittin,0,1,1
bis-(trimethylsilyl)trifluoroacetamide,0,1,1
trimethychlorosilane,0,1,1
"butyl)pyrazolo[3,4-d]pyrimidine",0,1,1
lysosomes.76,0,1,1
schaade,0,1,1
waterpokkenvaccin,0,1,1
"oxazolo[3,2-a]pyrimidine-10-one",0,1,1
nurse:•determine,0,1,1
∼15–80,0,1,1
cyclosporiasis.76,0,1,1
komine,0,1,1
cov-2.none,0,1,1
enisamium iodide,0,1,1
j}\ge,0,1,1
elhafeez,0,1,1
beta‐lactoglobulin,0,1,1
dd).disclosuresnone,0,1,1
throaxröntgenbild,0,1,1
threonyl‐resin,0,1,1
thiocarbazone,0,1,1
edecrin,0,1,1
filmstaden,0,1,1
controversial.76,0,1,1
courchaine,0,1,1
eriko,0,1,1
glucose.93,0,1,1
"5,6-dihydroxy-6-methoxyprotoapigenone",0,1,1
syndromes.[8]biomedicine,0,1,1
gentocine,0,1,1
a.females,0,1,1
e.vaccine,0,1,1
d.vaccine,0,1,1
gewaschenem,0,1,1
arzneimittelherstellungserlaubnis,0,1,1
too.[37]chloroquine,0,1,1
f0·∑sɛssns,0,1,1
leu849,0,1,1
leu945,0,1,1
kardiotoxizitätdoxorubicin,0,1,1
deoxygalactonojirimycin,0,1,1
children.45,0,1,1
butenolide ketone,0,1,1
furan-2-yl,0,1,1
trichodesmium,0,1,1
aplysiatoxin,0,1,1
lötjönen,0,1,1
benzenemethanol,0,1,1
testes.69,0,1,1
sepsis.657,0,1,1
\begin{document}$$f_1$$\end{document}f1,0,1,1
graphene‐polyaniline,0,1,1
cycle.38,0,1,1
objective.9,0,1,1
glutamaxtm,0,1,1
f.theorem,0,1,1
delta9-tetrahydrocannabinol,0,1,1
makotkine,0,1,1
palmitoylethanolamide,0,1,1
thomazeau,0,1,1
augier,0,1,1
piomelli,0,1,1
arachidonylethanolamide,0,1,1
"evd.5,25,26remdesivir",0,1,1
"n-(1-(hydroxyamino)-5-(3-nitroguanidino)-1-oxopentan-2-yl)-3,4-dimethoxybenzamide",0,1,1
svihus,0,1,1
onset.38,0,1,1
guidelines.38,0,1,1
sex50–52,0,1,1
virus.214,0,1,1
"n6-cyclopropyl-2,6-diaminopurine",0,1,1
weeks.69,0,1,1
epidodophyllotoxin,0,1,1
pain.38,0,1,1
éthoxyquine,0,1,1
nimine,0,1,1
g.s.m,0,1,1
them(24.1,0,1,1
them(61.4,0,1,1
glycovir,0,1,1
choice).doxycycline,0,1,1
deterioration).streptomycin,0,1,1
antibodies.7remdesivir,0,1,1
distressin,0,1,1
retortamonas,0,1,1
liquid‐crystalline,0,1,1
pandrea,0,1,1
apomorphine‐,0,1,1
sicherheitsmargen,0,1,1
ranker.(2)online,0,1,1
huzhou,0,1,1
”276,0,1,1
t_{2}$\end{document}t1→t2,0,1,1
anti‐amphiphysin,0,1,1
skmptr>1−ββ,0,1,1
calcd,0,1,1
o).2-(4-butyryl-2-fluorophenoxy)-n-(1-hydroxy-2-methylpropan-2-yl)acetamide,0,1,1
ymabs,0,1,1
anuradha,0,1,1
fukudo,0,1,1
zgłoszone,0,1,1
centrine,0,1,1
blindness).•albendazole,0,1,1
overgrowth”).•prednisone,0,1,1
khondkar,0,1,1
patgiri,0,1,1
labetuzumab govitecan,0,1,1
tiffen,0,1,1
transportmechanismus,0,1,1
octadecanethiol,0,1,1
erythro-9-(2-hydroxy-3-nonyl)adenine,0,1,1
u-15n-2′-deoxyadenosine,0,1,1
arg54–asn497,0,1,1
316).slezkine,0,1,1
plecoranil,0,1,1
itnonline,0,1,1
patients.69,0,1,1
effects.104,0,1,1
emmax,0,1,1
sphenoxarsine,0,1,1
geflügelkot,0,1,1
persistenz,0,1,1
bronchien,0,1,1
tolide,0,1,1
umbrosone,0,1,1
epimethylrosmanol,0,1,1
epiethylrosmanol,0,1,1
deoxyneocryptotanshinone,0,1,1
orthosiphonol,0,1,1
methoxyhorminone,0,1,1
"dihydroxy-12-methoxy-8,11,13-triene-7-one",0,1,1
incanone,0,1,1
coulterone,0,1,1
dehydropodophyllotoxin,0,1,1
deoxydehydropodophyllotoxin,0,1,1
isodeoxypodophyllotoxin,0,1,1
hyptinin,0,1,1
picropodophyllotoxin,0,1,1
cubebin,0,1,1
hypenol,0,1,1
hypurticin,0,1,1
nevadensin,0,1,1
"5,3′-dihydroxy-3,7,4′-trimethoxyflavone",0,1,1
ayyanar,0,1,1
follows:−=absent+/−=rare,0,1,1
h1n1/98,0,1,1
hemagluttanin,0,1,1
"n1,n6-bis((1r,2r,4r)-1,7,7-trimethylbicyclo[2.2.1]heptan-2-yl)hexane-1,6-diamine",0,1,1
removal.76,0,1,1
anthonio,0,1,1
piluso,0,1,1
waves0–3,0,1,1
donors.38,0,1,1
n′-dicyclohexyl-4-morpholinecarboxamidine,0,1,1
infusionsbesteck,0,1,1
metapneumovir,0,1,1
mukopolysaccharide,0,1,1
endo‐,0,1,1
biphenylbut-3-en-2-one,0,1,1
but-3-en-2-one,0,1,1
larodan,0,1,1
preisänderungen,0,1,1
preistransparenz,0,1,1
preissuchmaschine,0,1,1
"reservoirs.160,219–222",0,1,1
"t)−i˜(τk−1,t)δτ+(c(τk",0,1,1
stolpersteine,0,1,1
lesion•known,0,1,1
pflastersteine,0,1,1
compliance•rifampicin,0,1,1
nonanoyl)-glycerophosphocholine,0,1,1
genome‐wide,0,1,1
"therapy,53",0,1,1
diabetes.69,0,1,1
virus‐thymidine,0,1,1
fclectin,0,1,1
attc#htb-22,0,1,1
or=1•52,0,1,1
c.m.s,0,1,1
türker,0,1,1
beimengungen,0,1,1
lymphoma.69,0,1,1
abends)omalizumab,0,1,1
franciacorta,0,1,1
symptoms•hemagglutinin,0,1,1
sacchettini,0,1,1
palombella,0,1,1
rosinol,0,1,1
theuns,0,1,1
cruts,0,1,1
zecchini,0,1,1
saturno,0,1,1
availability.8favipiravir,0,1,1
salagisog,0,1,1
earlier)plusvancomycin,0,1,1
homochlorcyclizine,0,1,1
tschechien,0,1,1
"disease.49,50",0,1,1
trypsin_tpck,0,1,1
schockindex,0,1,1
τ^ij≤ti,0,1,1
iv)3.detomidine,0,1,1
cassiatoroside,0,1,1
demethylflavasperone,0,1,1
naphthoypyrone,0,1,1
javeline,0,1,1
d0879,0,1,1
schanuel,0,1,1
lungs.38,0,1,1
bacteremia.69,0,1,1
lesions.308,0,1,1
"rv,81",0,1,1
galactooligosaccharide,0,1,1
damageprevir,0,1,1
exonscan,0,1,1
j.determine,0,1,1
beraad,0,1,1
nickol,0,1,1
n4‐hydroxy‐cytidine,0,1,1
date•statin,0,1,1
sardone,0,1,1
oligoarginine−pmo,0,1,1
tomography‐scan,0,1,1
t)∫0∞ξi(ξ,0,1,1
transpartan,0,1,1
kαline,0,1,1
vancomy­cin,0,1,1
angellini,0,1,1
dysfunction.69,0,1,1
stage•saline,0,1,1
gargle•aspirin,0,1,1
gekühlt,0,1,1
intensivtransportwagen,0,1,1
gefäßfehlbildungen,0,1,1
glycofulleropyrrolidine,0,1,1
acylaminoalkylbenzoxaborole,0,1,1
arabinosid-1-yl)-14-carminomycin,0,1,1
glucit-1-yl]-14-carminomycin,0,1,1
butylmethylamine,0,1,1
"benzo[cd]pyrene-2,6-dione",0,1,1
sloanine,0,1,1
σa+σi+σq+μ,0,1,1
fadendichte,0,1,1
pipearacilin,0,1,1
mixture.38,0,1,1
therapiebegrenzungen,0,1,1
px0+qy0<0(>0,0,1,1
default.23,0,1,1
mendu,0,1,1
quionoline,0,1,1
enfurtivide,0,1,1
richtline,0,1,1
cergutuzumab,0,1,1
fluorophore‐azide,0,1,1
biotin‐azide,0,1,1
definition).determine,0,1,1
fluoromethyluridine,0,1,1
eosinnigrosin,0,1,1
nucleotides.2,0,1,1
"tepoxalin,67",0,1,1
agomélatine,0,1,1
clinicaltrials.gov).remdesivir,0,1,1
wimalawansa,0,1,1
liminft→∞i(t)>c,0,1,1
angleitner,0,1,1
vorgesetzte,0,1,1
tetrakisphenylporphyrin,0,1,1
loops.76,0,1,1
w-061,0,1,1
ogahara,0,1,1
recke,0,1,1
cytogenin,0,1,1
rametta,0,1,1
pirko,0,1,1
immunopharmacol,0,1,1
daisaku,0,1,1
rabenu,0,1,1
lacking.18ritonavir,0,1,1
"warfarin.21,22chloroquine",0,1,1
cantine,0,1,1
ziemanni,0,1,1
environment.(d)define,0,1,1
lannuzel,0,1,1
chloroquine.18,0,1,1
iii.nystagmus,0,1,1
i.amphotericin,0,1,1
preferred)b.itraconazole,0,1,1
b.feline,0,1,1
cidofovir.41–44ganciclovir,0,1,1
guarantã,0,1,1
cystine uroliths,0,1,1
melanoconin,0,1,1
333/331,0,1,1
polymerase.38remdesivir,0,1,1
targets.69,0,1,1
selected•in,0,1,1
dstan,0,1,1
transportkabine,0,1,1
bin‐amphiphysin‐rvs,0,1,1
\begin{document}$$r_\infty$$\end{document}r∞,0,1,1
radiological).docetaxel,0,1,1
electroprotocol,0,1,1
bulinski,0,1,1
dogs.69,0,1,1
n‐acetyl‐d‐galactosamine,0,1,1
results).haptoglobin,0,1,1
hydroxydammarenone,0,1,1
hydroxyhopanone,0,1,1
cassine xylocarpa,0,1,1
reichsmarks,0,1,1
schratzberger,0,1,1
siphonolaimus,0,1,1
influenzaverläufen,0,1,1
honorarios,0,1,1
debfan,0,1,1
bodiokalara,0,1,1
eudesmenolide,0,1,1
radlak,0,1,1
azidocytidine,0,1,1
gut.5,0,1,1
studies.50–52at,0,1,1
correlatione.none,0,1,1
variable?a.nominalb.ordinalc.intervald.ratioe.none,0,1,1
"cell.79,80remdesvir",0,1,1
gp.2ciprofloxacin,0,1,1
dansuk,0,1,1
fosfbmycine,0,1,1
netilimicin,0,1,1
chmylak,0,1,1
nurminem,0,1,1
cloramphenycol,0,1,1
tramarin,0,1,1
entrotoxin,0,1,1
gajjar,0,1,1
gemiftoxacin,0,1,1
clindamicyn,0,1,1
nostro,0,1,1
fluocitosine,0,1,1
pharingeal,0,1,1
plzeò,0,1,1
mynocicline,0,1,1
bisoxonol,0,1,1
lescol,0,1,1
dioxydine,0,1,1
poviargole,0,1,1
katapole,0,1,1
terralin,0,1,1
caligaris,0,1,1
mycoplsama,0,1,1
chorioretinis,0,1,1
is1002-rflp,0,1,1
pulcherrimus,0,1,1
lomidini,0,1,1
biltrycini,0,1,1
dexamediasone,0,1,1
phthalimidomethylampicillin,0,1,1
micolic,0,1,1
amicasin,0,1,1
tetracyclini,0,1,1
legnano,0,1,1
fgi‐104,0,1,1
roadnet,0,1,1
wichapa,0,1,1
ishizuka,0,1,1
milstone,0,1,1
tetramethoxychalcone,0,1,1
sciarrini,0,1,1
corcione,0,1,1
death.20cap,0,1,1
vaccination.76,0,1,1
sepsis.76,0,1,1
fichtean,0,1,1
asgari,0,1,1
heidari,0,1,1
missine,0,1,1
ethavarine,0,1,1
inebiluzmab,0,1,1
r+6∖d,0,1,1
klercide,0,1,1
workers•provide,0,1,1
n‐acetyl‐galactoseamine,0,1,1
polyglucin,0,1,1
rdrp).76,0,1,1
chloroquine.76,0,1,1
schutzpatrone,0,1,1
oxynicotine,0,1,1
uzarigenin,0,1,1
faudree,0,1,1
benzoxazolinone,0,1,1
tetracykline,0,1,1
floucinonide,0,1,1
godschalk,0,1,1
piplani,0,1,1
"toxicity,31−33",0,1,1
ventrata,0,1,1
transportome,0,1,1
cnispin,0,1,1
n-2-hydroxyethylpalmitamide,0,1,1
cyclocytidine hydrochloride,0,1,1
c$$\end{document}s→t∈c,0,1,1
d110087,0,1,1
conner,0,1,1
d.determine,0,1,1
donating.38,0,1,1
garr,0,1,1
interproscan,0,1,1
fändriks,0,1,1
sparkline,0,1,1
armleuningen,0,1,1
promising.216remdesivir,0,1,1
lungenwasserindex,0,1,1
beschriebene,0,1,1
withoseltamivir,0,1,1
orceftriaxone,0,1,1
andcefpodoxime,0,1,1
azithromycinworks,0,1,1
susceptibilitydata,0,1,1
chemoprophylaxisin,0,1,1
felv)feline,0,1,1
trasadingen,0,1,1
oleifolioside,0,1,1
optimism?chloroquine,0,1,1
disease.40.remdesivir,0,1,1
trockener,0,1,1
triazolyl‐nucleoside,0,1,1
j.j.l,0,1,1
medicationsorbifloxacin,0,1,1
gefühlsausbrüchen,0,1,1
cevadine,0,1,1
protoveratrine,0,1,1
gamma:(5a,0,1,1
thainycteris,0,1,1
kerivoula,0,1,1
infrequently•vancomycin,0,1,1
rate).isoprenaline,0,1,1
golovkina,0,1,1
benzoylethanamine,0,1,1
vaccine.104,0,1,1
noncytokine,0,1,1
svir,0,1,1
arteaga,0,1,1
intravenous).•vancomycin,0,1,1
gelinas,0,1,1
alanylhistidine,0,1,1
thiazole‐amine,0,1,1
dihydrobiopterine,0,1,1
nayelli,0,1,1
tetramannoside,0,1,1
crizalizumab,0,1,1
ritiomnavir,0,1,1
azithoromycin,0,1,1
septorhinoplasty,0,1,1
tetrahydropyrimidine,0,1,1
daunorubin,0,1,1
pgpepo,0,1,1
thatquarantine,0,1,1
estradiol.331,0,1,1
gnenolone,0,1,1
cagini,0,1,1
ether‐phosphatidylcholine,0,1,1
therapy2bib2bibr,0,1,1
blockers)ranitidine,0,1,1
wasseff,0,1,1
vitro.38,0,1,1
zabelin,0,1,1
musin,0,1,1
worm.69,0,1,1
geruchsempfindens,0,1,1
hutcheon,0,1,1
moralbanone,0,1,1
face.9,0,1,1
pigini,0,1,1
staffolani,0,1,1
pharmacokinet,0,1,1
agostinone,0,1,1
azidoethylamine,0,1,1
tetradecasaccharide,0,1,1
hexadecasaccharide,0,1,1
verseon,0,1,1
chackalamannil,0,1,1
aminodiol,0,1,1
theindex,0,1,1
controllerii,0,1,1
nonenol,0,1,1
rt3)54,0,1,1
abeliuk,0,1,1
taaagcgcatgctccagactgcctt,0,1,1
knochenmarkschädigungen,0,1,1
e_sarbeco_r2,0,1,1
ece‐1β,0,1,1
if.69,0,1,1
scrutiny.69,0,1,1
"3,3’5,5’-tetramethylbenzidine",0,1,1
rlucδcre_3′cre,0,1,1
resigniert,0,1,1
roustit,0,1,1
voloshin,0,1,1
iannacone,0,1,1
gallelli,0,1,1
kieft,0,1,1
koldobskaya,0,1,1
yes.2,0,1,1
thioglycerole,0,1,1
medium‐grade,0,1,1
polyimine,0,1,1
zuluensisin,0,1,1
gambian,0,1,1
titgemeyer,0,1,1
previously.69,0,1,1
isoborreverine,0,1,1
vasicinone,0,1,1
thiazolopyrazine,0,1,1
sigidayev,0,1,1
tyr239,0,1,1
replication.103favipiravir,0,1,1
milk.105favipiravir,0,1,1
lactato,0,1,1
"viable8,33",0,1,1
l‐histidine,0,1,1
2020b).danoprevir,0,1,1
\begin{document}$$\dot{w}_{\text{turbine}}$$\end{document}w˙turbine,0,1,1
h5n1).3 amantadine,0,1,1
burnetii(40,0,1,1
nsclc.243,0,1,1
aav104,0,1,1
n‐acetyl‐d‐lactosamine,0,1,1
"5,5-bishydroxymetyl-2-imino-4-thiazolidinone",0,1,1
bis-(trimethylsilyl)formamide,0,1,1
darbufelone,0,1,1
calledmonotone,0,1,1
drumaa,0,1,1
almazahmiah,0,1,1
letalone,0,1,1
migration.76,0,1,1
preproendothelin,0,1,1
patients.76,0,1,1
36/176,0,1,1
shokoohi,0,1,1
r)-5-vinyloxazolidine-2-thione,0,1,1
we׳d,0,1,1
umehara,0,1,1
glaucoma.76,0,1,1
ornithinaspartat,0,1,1
invasion.38,0,1,1
"ribofuranosyl-1,2,4-thiazole-3-carboxamide",0,1,1
tsvp=∪i=03tisvp,0,1,1
h2o(9)perform,0,1,1
benzoylpyridine,0,1,1
azithromycinb.clindamycinc.ceftriaxone,0,1,1
cycle.9,0,1,1
diarylamide,0,1,1
"carnitine,60",0,1,1
q-101,0,1,1
a-120,0,1,1
\end{aligned}$$\end{document}define,0,1,1
acylisourea,0,1,1
resources.62,0,1,1
teeth.7,0,1,1
phenyl)ethylideneamino]-1-(h)-pyrazole-5-carboxamide,0,1,1
r0=1.76,0,1,1
"s)-n-(e)-3′,5′-dimethoxy-3-phenylprop-2-enoicserine(benzoyl)cyclohexylamide",0,1,1
aρcp,0,1,1
biosolid,0,1,1
recommendation).3.oseltamivir,0,1,1
dotée,0,1,1
n‐(n‐nonyl)deoxynojiricin,0,1,1
seδi,0,1,1
mitacchione,0,1,1
sotetsuflavone,0,1,1
kayaflavone,0,1,1
"2s)-2,3-dihydroamentoflavone",0,1,1
gsk276,0,1,1
schnupfenerkrankungen,0,1,1
renqi,0,1,1
"gli-1hi-1,lδui-1,hδui-1,lδai-1",0,1,1
pbsmt0.5,0,1,1
strands.69,0,1,1
n4-cytosine,0,1,1
isopropyl‐β‐d‐thiogalactoside,0,1,1
methyl‐α‐d‐glucoside,0,1,1
outcome.6,0,1,1
spatstat,0,1,1
ggiraph,0,1,1
syntheticum,0,1,1
tetrahydro-2(1h)-pyrimidinone,0,1,1
pavlin,0,1,1
fusion.[9,0,1,1
results).attempts,0,1,1
etxabide,0,1,1
poly)lysine,0,1,1
tollwutinfektionsrisiko,0,1,1
results.120,0,1,1
versteegen,0,1,1
kammerersatzrhythmus,0,1,1
tablettenform,0,1,1
gelblichweiße,0,1,1
streletskaya,0,1,1
amatyakul,0,1,1
gonorrhée,0,1,1
sgaglione,0,1,1
vaccination.672,0,1,1
a.whether,0,1,1
alsultan,0,1,1
methyl‐7‐guanosine,0,1,1
orthophenylendiamine,0,1,1
tfij,0,1,1
ultraflo,0,1,1
dihydroquinazolinone,0,1,1
lerdsirisuk,0,1,1
phe-290,0,1,1
phe-331,0,1,1
"cis-2,6-dimethylpiperidine",0,1,1
lappin,0,1,1
var(δ^(t)d)var(δ(t))(40,0,1,1
records•parole,0,1,1
alpha•lopinavir,0,1,1
ritonavir•ribavirin,0,1,1
thiamin hydrochloride,0,1,1
fe(acac)3,0,1,1
choice•vasopressin,0,1,1
calicheamycin,0,1,1
tosylaziridine,0,1,1
micronycteris,0,1,1
vampyressa,0,1,1
titfortat,0,1,1
needed•chlorpheniramine,0,1,1
papoutsi,0,1,1
gly4s)3,0,1,1
octahydrobenzophenanthroline,0,1,1
thraquinone,0,1,1
bisquinone,0,1,1
"benzo[b][1,8]phenanthrolin-7(12h)-one",0,1,1
"benzo[b][1,8]phenanthroline",0,1,1
acrignine,0,1,1
ataline,0,1,1
methylacronycine,0,1,1
"pyrrolo[2,3,4-kl]acridine",0,1,1
dihydrohallacridone,0,1,1
psychosis.76,0,1,1
pser4-md39,0,1,1
"n6-methyl-2,6-diaminopurine",0,1,1
tetrahydrogen,0,1,1
deoxyenterocin,0,1,1
nitrobenzoylcinnamolide,0,1,1
coccoquinone,0,1,1
trypilepyrazinol,0,1,1
×10–15)36.favipiravir,0,1,1
0.01)40.darunavir,0,1,1
drainage.4.jasmine,0,1,1
octopole,0,1,1
sodium bicarbonate infusion,0,1,1
serologies.69,0,1,1
thiophen-2-yl]-methanol,0,1,1
3h]-leucine,0,1,1
tàichōng,0,1,1
fibrinablagerungen,0,1,1
carboxylato,0,1,1
vitamin zinc,0,1,1
n‐acetyl‐p‐benzoquinone,0,1,1
influenzas•telephone,0,1,1
"1‐(β‐d‐ribofuranosyl)‐1h‐1,2,4‐triazole‐3‐carboxamide",0,1,1
source.38,0,1,1
glycine‐glycine,0,1,1
"a^+)$$\end{document}l+2(0,s+)×l+2(0,a+",0,1,1
literatim,0,1,1
proaerolysin,0,1,1
bacalin,0,1,1
azaglycine,0,1,1
pingyangmycin,0,1,1
slime,0,1,1
trimethoprimesul,0,1,1
phametoxazole,0,1,1
colcrys,0,1,1
i.exocrine,0,1,1
patstone,0,1,1
rechtshänderin,0,1,1
"129,137,140].oseltamivir",0,1,1
disease•define,0,1,1
biowatch?•imagine,0,1,1
difeterol,0,1,1
melitracen,0,1,1
methylspiperone,0,1,1
toxoptera,0,1,1
coccoliths,0,1,1
contraindicated.72favipiravir,0,1,1
process.104,0,1,1
tcc352,0,1,1
compaed,0,1,1
feuchthaltefaktoren,0,1,1
aufpfropfen,0,1,1
lipidsin,0,1,1
trastuzumab emtansine,0,1,1
abdominalhöhle,0,1,1
vorträge,0,1,1
einladungsveranstaltungen,0,1,1
anfangsstrecke,0,1,1
schmerzfragebogen,0,1,1
ordnet,0,1,1
opioidlangzeittherapie,0,1,1
cepefime,0,1,1
sauteron,0,1,1
cavestri,0,1,1
death.33,0,1,1
kg).tigecycline,0,1,1
squarcione,0,1,1
69/529,0,1,1
−)-anthracimycin,0,1,1
before.-it,0,1,1
harnwegserkrankungen,0,1,1
schädigungsrisiko,0,1,1
hiergegen,0,1,1
therapievorschlag,0,1,1
infarktartigen,0,1,1
erysipelphlegmone,0,1,1
gefäßkrankheiten,0,1,1
nahrungsmittelbotulismus,0,1,1
blutbildungsstörungen,0,1,1
rilpivirin,0,1,1
prodromalerscheinungen,0,1,1
bulbopontine,0,1,1
prionenproteine,0,1,1
nichtiatrogenem,0,1,1
tazobactam sodium,0,1,1
fluoronaphthyridone,0,1,1
immunphänotypisierungen,0,1,1
guarner,0,1,1
pearmine,0,1,1
a.dogs1.canine,0,1,1
i.whole,0,1,1
amornkul,0,1,1
eficaz,0,1,1
telemedicine.9,0,1,1
ceratinine,0,1,1
tokara,0,1,1
yakushinsone,0,1,1
themarine,0,1,1
octahydroindenone,0,1,1
c.halenaquinone,0,1,1
isophorbasone,0,1,1
phorbas,0,1,1
phorbadione,0,1,1
phorbin,0,1,1
staphylococci,0,1,1
spectimomycin,0,1,1
ampicyline,0,1,1
tetrracyclin,0,1,1
svabs,0,1,1
pashou,0,1,1
orf513;orf513-f,0,1,1
ums222,0,1,1
proticol,0,1,1
cefrotriaxone,0,1,1
epistaxiy,0,1,1
ofloksacin,0,1,1
klimashevskaya,0,1,1
wulffen,0,1,1
linesolid,0,1,1
p1331,0,1,1
marcantonio,0,1,1
fontanelli,0,1,1
cerebrolisine,0,1,1
enterococciampicillin,0,1,1
laserpitine,0,1,1
peucedanin,0,1,1
stenocarpin,0,1,1
isoimperatorin,0,1,1
gentamicn,0,1,1
catone,0,1,1
argentini,0,1,1
furazydin,0,1,1
magrin,0,1,1
micronet,0,1,1
tyrisin,0,1,1
fluocytosine,0,1,1
gmean,0,1,1
sulfametozalole,0,1,1
polimixin,0,1,1
lanthanum carbonate,0,1,1
loss.493,0,1,1
pallasi,0,1,1
semidesert,0,1,1
hydroxychinolin,0,1,1
fumagilin,0,1,1
sensitive•azithromycin,0,1,1
www.rki.de).eine,0,1,1
erregerkeime,0,1,1
infektionswege,0,1,1
occlusus,0,1,1
death.2)3,0,1,1
functione,0,1,1
krumpal,0,1,1
trifluiridine,0,1,1
dulcitol,0,1,1
conclusions.]sofosbuvir,0,1,1
dioxolane)thymine,0,1,1
organoborane,0,1,1
butoxycarbonylamino)-4-iodo-6-methoxypyrimidine,0,1,1
saccharolactone,0,1,1
vaccine.54,0,1,1
sei”(someone,0,1,1
n4-acetylsulfamethoxazole,0,1,1
ocrelizujmab,0,1,1
"spiro[indoline-3,5′-[1′,2′,4′]-oxadiazol]-2-one",0,1,1
eicosanoide,0,1,1
überwogen,0,1,1
personaldecke,0,1,1
pullicin,0,1,1
novilumab,0,1,1
persantin)propentofylline,0,1,1
danthuluri,0,1,1
u14c]guanosine,0,1,1
notα,0,1,1
ytryptamine,0,1,1
etc.2,0,1,1
yajima,0,1,1
konzentrationsabhängigen,0,1,1
arzneistoffmetabolismus,0,1,1
darunavir‐cobicistat,0,1,1
advocated•infliximab,0,1,1
cablin,0,1,1
"3,3′,4′,5,6,7-hexahydroxyflavone",0,1,1
women.32,0,1,1
fibinolysin,0,1,1
rhinolophine,0,1,1
phe543,0,1,1
\zeta&\equiv,0,1,1
znf582,0,1,1
committees).none,0,1,1
kriebel,0,1,1
tickner,0,1,1
"rna14,15",0,1,1
talebin,0,1,1
salebin,0,1,1
kuttima,0,1,1
nagarata,0,1,1
kucapalam,0,1,1
piraputam,0,1,1
pandu,0,1,1
anardana,0,1,1
anaspal,0,1,1
goolnar,0,1,1
hexoside,0,1,1
pino­resinol,0,1,1
pelletierine,0,1,1
methyliso­pelletierine,0,1,1
norhygrine,0,1,1
casuariin,0,1,1
galloylpunicalin,0,1,1
richenone,0,1,1
cabralealactone,0,1,1
cylindrictone,0,1,1
hollongdione,0,1,1
αi∗(>0,0,1,1
cajanuslactone,0,1,1
datiscetin,0,1,1
fire‐prone,0,1,1
albumin‐saline,0,1,1
breast‐fed,0,1,1
alesci,0,1,1
iodine‐131‐meta‐iodobenzylguanidine,0,1,1
n‐(3‐oxo‐1‐thia‐4‐azaspiro[4.5]decan‐4‐yl)‐3‐phenylpropanamide,0,1,1
acetogenis,0,1,1
g1=-1.24x1,0,1,1
furugelm,0,1,1
lavipiravir,0,1,1
τocilizumab,0,1,1
goiás,0,1,1
tuberculocide,0,1,1
burns.69,0,1,1
"receptor.35–37,50",0,1,1
women.38,0,1,1
damselysin,0,1,1
tigycycline,0,1,1
kücükercan,0,1,1
raffaldi,0,1,1
rojanawiwat,0,1,1
wangsomboonsiri,0,1,1
spncap,0,1,1
ypatios,0,1,1
tris–,0,1,1
bukinghamshire,0,1,1
vars({e})\}\cup,0,1,1
hepatomegaly.38,0,1,1
i‐801,0,1,1
bromosalicylaldehydine,0,1,1
rmsdbackbone,0,1,1
organelles.4,0,1,1
tingay,0,1,1
reduced.•in,0,1,1
agonists).•buprenorphine,0,1,1
butorphanol.•hydromorphone,0,1,1
mexitil,0,1,1
robatrol,0,1,1
dermatin,0,1,1
diheterospora,0,1,1
radidiciol,0,1,1
pneumonia•acyclovir,0,1,1
vorwürfen,0,1,1
gutsectionibacteriaj,0,1,1
copemyltri,0,1,1
δglucoside,0,1,1
production.69,0,1,1
biii)-mebendazole,0,1,1
s)-1-[3-hydroxy-2-(phosphonomethoxy)propyl]cytosine,0,1,1
"phosphinylbut-2′-enyl)-4-(4-trifluoromethoxyphenyl)-1,2,3-triazole",0,1,1
"phosphinylbut-2′-enyl)-4-(4-fluorophenyl)-1,2,3-triazole",0,1,1
stereptomycin,0,1,1
januel,0,1,1
mikulak,0,1,1
infectios,0,1,1
pellini,0,1,1
coline,0,1,1
antibiotics•cap,0,1,1
sokone,0,1,1
milk‐machine,0,1,1
thenoyltrifluoroacetone,0,1,1
val17met,0,1,1
ile52pro,0,1,1
l’entraide,0,1,1
trimethylpyrazine,0,1,1
chr2(grch37):g.97373000dela,0,1,1
tone.9,0,1,1
old.4,0,1,1
fibiol,0,1,1
andhydroxychloroquine,0,1,1
mercaptocysteine,0,1,1
allitribin,0,1,1
gökalp,0,1,1
immunoantigen,0,1,1
mg).lopinavir,0,1,1
resuscitation.45,0,1,1
trincine,0,1,1
log10tcid50,0,1,1
forty‐nine,0,1,1
gametocytocide,0,1,1
hypnozoitocide,0,1,1
krankenwagen,0,1,1
greifen,0,1,1
callitrichine,0,1,1
machine‐to‐machine,0,1,1
gundert,0,1,1
rabbits.76,0,1,1
±)-mappicine,0,1,1
barrackpole,0,1,1
rim—,0,1,1
cov-2—in,0,1,1
tonantzitlolone,0,1,1
muttini,0,1,1
l.c.h,0,1,1
\end{document}-skyline,0,1,1
vivostat,0,1,1
maline,0,1,1
horrobin,0,1,1
weaknessesin,0,1,1
n-(2-(phenyldisulfanyl)thiazol-5-yl)acetamide,0,1,1
tolyldisulfanyl)thiazole,0,1,1
kamelfarm,0,1,1
latorios,0,1,1
immunity)ii,0,1,1
homopiperonylamine,0,1,1
tigeclycline,0,1,1
ciprofloxoacin,0,1,1
cyctokine,0,1,1
tsakiri,0,1,1
neosporine,0,1,1
pauliks,0,1,1
cephoperazone,0,1,1
veide,0,1,1
furagine,0,1,1
streptromycin,0,1,1
imipienem,0,1,1
p1928,0,1,1
purigen,0,1,1
cozzone,0,1,1
cell.38,0,1,1
met594,0,1,1
tyr545,0,1,1
ile550,0,1,1
pauldine,0,1,1
phlortanin,0,1,1
imatanib,0,1,1
purpurrudbeckia,0,1,1
glucopyranosylacetophenone,0,1,1
scopoline,0,1,1
"glucopyranosyl)-7,9-dihydroxy-3,3′,5′-trimethoxy-8,4′-oxy-9′-norneolignan-7′-one",0,1,1
aatgctatgaagcctaggcagcaggagttcatgaagaggg-3,0,1,1
cattan,0,1,1
imidazol-4-yl)propyl]guanidine,0,1,1
gph1r,0,1,1
thienopyrroles,0,1,1
creatinine(crea,0,1,1
urretavizcaya,0,1,1
relativeweightindex,0,1,1
ōmura,0,1,1
y(t)=g(t)+s(t)+h(t)+{\in}_t,0,1,1
stabilization.69,0,1,1
nerispirdine,0,1,1
telemedine,0,1,1
bar.4,0,1,1
delafontaine,0,1,1
butryolactone,0,1,1
change.222,0,1,1
detection.310,0,1,1
flüssigkeitssammlungen,0,1,1
drainagemechanismus,0,1,1
felsenbeine,0,1,1
methylbenzotriazole,0,1,1
elsewhere.9,0,1,1
hörprüfkabine,0,1,1
\begin{document}$$\begin{aligned}&\frac{\mathrm,0,1,1
nitrobluetetrazoliumchloride,0,1,1
makrophagen,0,1,1
impossible.69,0,1,1
rpmi/10,0,1,1
trastuzmab,0,1,1
cases.[78].tocilizumab,0,1,1
laboratories.125,0,1,1
g.lemma,0,1,1
cattle)3.antihistamine,0,1,1
abscesses•furosemide,0,1,1
cases•tripelennamine,0,1,1
pregnant•flunixin,0,1,1
gensert,0,1,1
"thieno[2,3-b]pyridin-6-one",0,1,1
"themselves45,46,47,48,49,50",0,1,1
logspline,0,1,1
second‐,0,1,1
thrombosis‐free,0,1,1
"pyrimido[2,1‐b]benzothiazole",0,1,1
k524q,0,1,1
tapiol,0,1,1
twkm01,0,1,1
carbapanem,0,1,1
belladona,0,1,1
na2s2o3.trypsin,0,1,1
kamlin,0,1,1
structuresinside,0,1,1
values.4,0,1,1
tosylazide,0,1,1
2020c).baricitinib,0,1,1
colcochine,0,1,1
pna705,0,1,1
period.38,0,1,1
stain).bovine,0,1,1
punarnavine,0,1,1
thіѕ,0,1,1
оftеn,0,1,1
vеrо,0,1,1
chаіn,0,1,1
lіnе,0,1,1
сеrtаіn,0,1,1
vіruѕ,0,1,1
gіngеrdіоl,0,1,1
pаrаdоl,0,1,1
caryophylleneepoxide,0,1,1
рhуtосhеmісаlѕ,0,1,1
bееn,0,1,1
роtеntіаlѕ,0,1,1
еnzуmе,0,1,1
саrbоhуdrаtеѕ,0,1,1
d.ba,0,1,1
days).cyclosporine,0,1,1
telemonitoring.4,0,1,1
corticosteroids.2,0,1,1
lgp280,0,1,1
reviews.41–43zanamivir,0,1,1
iyridine,0,1,1
l’usi,0,1,1
remdesivir.38,0,1,1
spiro‐indole,0,1,1
de‐oxyhaemoglobin,0,1,1
0.67.none,0,1,1
ggacagcataaaagcgattg-3,0,1,1
metheomoglobin,0,1,1
hd2‐6,0,1,1
parkinsonpatientin,0,1,1
\begin{document}$$\varvec{o_i}\in,0,1,1
respectively.32,0,1,1
sar2‐cov‐2,0,1,1
diseases.76,0,1,1
to:•determine,0,1,1
patients612,0,1,1
plasmodesmata,0,1,1
convenience.9,0,1,1
pinocamphone,0,1,1
procurcumadiol,0,1,1
wiwanitkit,0,1,1
antithymocytenglobuline,0,1,1
introline,0,1,1
theanti,0,1,1
immunosine,0,1,1
immusine,0,1,1
vre231,0,1,1
obigen,0,1,1
fragmentbibliotheken,0,1,1
α‐chymotrypsin,0,1,1
midazolam hydrochloride,0,1,1
"5-(4-methoxyphenyl)-1-(2-phenoxyethyl)indoline-2,3-dione",0,1,1
"1-(4-methoxybenzyl)-6-(4-methoxyphenyl)indoline-2,3-dione",0,1,1
"5-(4-fluorophenyl)-1-(4-methoxybenzyl)indoline-2,3-dione",0,1,1
"5-(4-isopropoxyphenyl)-1-(4-methoxybenzyl)indoline-2,3-dione",0,1,1
dyade,0,1,1
umarmungen,0,1,1
therapietreffen,0,1,1
age.3,0,1,1
β=1−σ−δ,0,1,1
reference‐line,0,1,1
normalklima,0,1,1
persäuredämpfen,0,1,1
quecksilberwirkungseine,0,1,1
zinnverbindungen,0,1,1
propanole hingegen,0,1,1
phiole,0,1,1
tunnelöfen,0,1,1
fieberrisiko,0,1,1
ausgangsrisiko,0,1,1
turnover.69,0,1,1
stated].hydroxychloroquine,0,1,1
thebesian,0,1,1
sulfhemoglobin,0,1,1
recommended.38,0,1,1
\begin{document}$$count(s_2,0,1,1
o‐methyl‐lycorenine,0,1,1
endoparasiticide,0,1,1
levels.76,0,1,1
ogbeide,0,1,1
prolongation).hydroxychloroquine,0,1,1
quinolin,0,1,1
glu375,0,1,1
glycone,0,1,1
gallotanin,0,1,1
carboxyamidotriazole,0,1,1
peucedanol,0,1,1
maßnahmen,0,1,1
hemdkragen,0,1,1
“„ich,0,1,1
sophoramine,0,1,1
resistenzbildungen,0,1,1
acetyl)glucopyranosyl]-isatin,0,1,1
cupreidine,0,1,1
gesundheitsbezug,0,1,1
ausgangsbeschränkungen,0,1,1
role.76,0,1,1
only.7telemedicine,0,1,1
specialty):’medicine,0,1,1
bufallin,0,1,1
include:•adrenaline,0,1,1
kumatakenin,0,1,1
glutinol,0,1,1
euphodendrophane,0,1,1
spülmaschine,0,1,1
inh)rifampicin,0,1,1
pza)streptomycin,0,1,1
nausea.38,0,1,1
bleeding.5,0,1,1
omphalocarpa,0,1,1
cis-3′-isovaleryl-4′-acetylkhellactone,0,1,1
turbomole,0,1,1
v).remdesivir,0,1,1
dcm125,0,1,1
dobin,0,1,1
pyrimidine(6–4)pyrimidone,0,1,1
disease•adrenaline,0,1,1
\underset{r\to,0,1,1
galactopiranoside,0,1,1
response(40,0,1,1
i)q,0,1,1
"l-2′,3′-dideoxy-3′-thiacytidine",0,1,1
t-506,0,1,1
tetradecylphosphate,0,1,1
triazolopiperazine,0,1,1
reuquinol,0,1,1
palentine,0,1,1
risk.276,0,1,1
kabham,0,1,1
rss+exp3filtcf,0,1,1
anpep,0,1,1
days•gentamicin,0,1,1
vérotoxine,0,1,1
globotriaosylcéramide,0,1,1
thiorredoxin,0,1,1
n6-hydroxymethyladenosine,0,1,1
usa104,0,1,1
usa128,0,1,1
n6-amine,0,1,1
colleagues120,0,1,1
squizzato,0,1,1
masiol,0,1,1
glassworks,0,1,1
umifnovir,0,1,1
s→i=1,0,1,1
zinloos,0,1,1
"34,57,58,61,62",0,1,1
tworzone,0,1,1
zagrożeń,0,1,1
tysięcy,0,1,1
zaczynają,0,1,1
przedostał,0,1,1
tunezji,0,1,1
se=0.0276,0,1,1
testungen,0,1,1
demenzerkrankungsbedingt,0,1,1
tarkwa,0,1,1
signalproteine,0,1,1
beidseitigen,0,1,1
jambosine,0,1,1
laurotetanine,0,1,1
dehydroevodiamine,0,1,1
dihydrocorynantheine,0,1,1
daleformis,0,1,1
athimathurappal,0,1,1
oudussoos,0,1,1
kernprobleem,0,1,1
kantinehygine,0,1,1
e.t.z,0,1,1
cohortreceivingbevacizumab,0,1,1
type.9,0,1,1
tetramethylrhodhamine,0,1,1
covid-19-time,0,1,1
golmoghaddam,0,1,1
s)-1-[3-fluoro-2-(phosphonomethoxy)propyl]-5-azacytosine,0,1,1
defined.76,0,1,1
fibrosis•efalizumab,0,1,1
hemophiliacs•omalizumab,0,1,1
infections•ituximab,0,1,1
lymphomas•erlotinib,0,1,1
sclerosis•ibritumomab,0,1,1
lymphoma•rituximab,0,1,1
infections•tenofovir,0,1,1
infections•adefovir,0,1,1
leukemia•eptifibatide,0,1,1
syndrome•bortezomib,0,1,1
octaketide,0,1,1
"administration.7,8lopinavir",0,1,1
halstedian,0,1,1
rontgen,0,1,1
truszczyŉsk,0,1,1
coulombier,0,1,1
n4-methyl-6-azacytidine,0,1,1
c.formalin,0,1,1
ergusspunktat,0,1,1
ganzzellvakzine,0,1,1
emoghrelin,0,1,1
covid,0,1,1
solution).vivaspin,0,1,1
stressproteine,0,1,1
﻿clarithromycin,0,1,1
g.routine,0,1,1
chaone,0,1,1
systemically.63,0,1,1
heimeriks,0,1,1
thermistor.69,0,1,1
avexxin,0,1,1
tinosporaside,0,1,1
sitogluside,0,1,1
physiology.69,0,1,1
carmoisine,0,1,1
"sodium azide,",0,1,1
peptidylpuromycin,0,1,1
r51ytv54→alanine,0,1,1
butoxycarbonyl)-2-methyl-2-thiopseudourea,0,1,1
2014)).umifenovir,0,1,1
cameline,0,1,1
rusydi,0,1,1
n‐lauroylsarcosine,0,1,1
anti‐digoxin,0,1,1
creare,0,1,1
multiprotocol,0,1,1
koumpouras,0,1,1
radini,0,1,1
glychyrrizin,0,1,1
mre222,0,1,1
ttp399,0,1,1
profile.76,0,1,1
a.smartphone,0,1,1
"ehec),50",0,1,1
form.[135]remdesivir,0,1,1
phosphatidylglycerol,0,1,1
centanamycin,0,1,1
plazentaimpfstoffen,0,1,1
dysbioseeine,0,1,1
plasmaimmunoglobuline,0,1,1
toxizität,0,1,1
gesamtpulvermenge,0,1,1
zahnbehandlungen,0,1,1
pulpahöhle,0,1,1
nervengewebe,0,1,1
anaphylotoxine,0,1,1
flüssigkeitsdiurese,0,1,1
trüber,0,1,1
kondomgröße,0,1,1
anforderungenreine,0,1,1
rev.).eine,0,1,1
rachenpflege,0,1,1
grippevakzine,0,1,1
dialysemaschine,0,1,1
geschirrspülmaschine,0,1,1
röntgeneinrichtungen,0,1,1
zyklotron,0,1,1
drahtschlingen,0,1,1
gefährdungsbeurteilungen,0,1,1
myosuppressin,0,1,1
spirohexaline,0,1,1
outcomes.69,0,1,1
coinfection.104,0,1,1
janpadodhwansa,0,1,1
pregnanediol,0,1,1
cortolone‐3‐glucuronide,0,1,1
l‐carnitine,0,1,1
glycyl‐l‐hydroxy‐proline,0,1,1
age104,0,1,1
crypts,0,1,1
c)/keto(g,0,1,1
smvap,0,1,1
glu675-lys171,0,1,1
glu675,0,1,1
tentamus,0,1,1
karimi,0,1,1
n-(5-(hydrazine,0,1,1
carbonyl)-4-methylthiazol-2-yl)acetamide,0,1,1
\begin{document}$s(0)=1-i(0)$\end{document}s(0)=1−i(0,0,1,1
inverted‐thymidine,0,1,1
analyses.iiitelemedicine,0,1,1
"13,17].remdesivir",0,1,1
"15,18].remdesivir",0,1,1
rimantidine.121,0,1,1
trl310,0,1,1
r111(t≤20)+r121(20,0,1,1
titrate allopurinol,0,1,1
herzhythmus,0,1,1
glycilcycline,0,1,1
celacade,0,1,1
rabbits•oxytetracycline,0,1,1
einsatz,0,1,1
α‐isonitrosopropiophenone,0,1,1
b.examine,0,1,1
vitamin d.,0,1,1
histatussin,0,1,1
countries•pesticide,0,1,1
species‐area,0,1,1
particles.3‐deazaaristeromycin,0,1,1
flavi‐,0,1,1
paraformaldehide,0,1,1
gadchiroli,0,1,1
raigad,0,1,1
ratnagiri,0,1,1
widmete,0,1,1
geheimdienst,0,1,1
weeks•chloroquine,0,1,1
perisylvian,0,1,1
schmerzen,0,1,1
pkh1-,0,1,1
isopentenyladenosine,0,1,1
https://www.gilead.com/purpose/advancing-global-health/covid-19/remdesivir-clinical-trials).lopinavir,0,1,1
⋅⋅⋅,0,1,1
kanzō,0,1,1
lacroside,0,1,1
rhamno,0,1,1
"8-isoprenyl-7,4′-dihydroxylicoisoflavanone",0,1,1
oxepan-2-ylidene)-butan-2-one,0,1,1
pent-2-enylidene)-indan-1-one,0,1,1
glycyrrhisoflavanone,0,1,1
bisprenylflavone,0,1,1
pyranoflavanone,0,1,1
dimethylallyl)-flavanone,0,1,1
"4′,7-dihydroxyflavanone",0,1,1
semilicoisoflavone,0,1,1
vestitol,0,1,1
prenylchalcone,0,1,1
isoflavanone,0,1,1
flavanonglycoside,0,1,1
licoagroaurone,0,1,1
tachioside,0,1,1
licurazide,0,1,1
parazzini,0,1,1
icosadeltahedron,0,1,1
mm04208528_m1,0,1,1
survival169–171,0,1,1
rsv104,0,1,1
foals.349,0,1,1
efficacy.917,0,1,1
"0.06,0.3",0,1,1
deazapurine,0,1,1
diamphenethide,0,1,1
discharge;[11,0,1,1
"l(t)≤φr(j)1−𝜗rp,2(t)+φ¯r(j)𝜗rp,2(t)ξrj,2",0,1,1
encouraged•vedolizumab,0,1,1
intestine•ustekinumab,0,1,1
accessible•tofacitinib,0,1,1
leide,0,1,1
serumkreatinin,0,1,1
pseudonarcissus,0,1,1
influenza.69,0,1,1
norfangchinoline,0,1,1
ml).routine,0,1,1
chhor,0,1,1
ursini,0,1,1
brechbiel,0,1,1
virus)feline,0,1,1
undeine,0,1,1
albicansin,0,1,1
pettarusp,0,1,1
jodium,0,1,1
folato,0,1,1
ftalazinol,0,1,1
gaitan,0,1,1
ysrraelit,0,1,1
roodbol,0,1,1
sundean,0,1,1
contamine,0,1,1
\begin{document}$$y_{j}^{l}\equiv,0,1,1
photobiotin,0,1,1
table.6,0,1,1
trone,0,1,1
low.9,0,1,1
carbitol,0,1,1
chamigrene,0,1,1
butanoic,0,1,1
autochthone,0,1,1
cell‐serine,0,1,1
thioxopyrimidine,0,1,1
"pyrazolo[1,5-c]quinazoline-5(6h)-thione",0,1,1
iminopyrimidine,0,1,1
diacetylacetone,0,1,1
fak125,0,1,1
"toxicology.15,16marine",0,1,1
flüssigkeitsmetabolismus,0,1,1
geçer,0,1,1
cirilli,0,1,1
"therapy,310",0,1,1
polyposis.295,0,1,1
gammaproteobactera,0,1,1
receptor1,0,1,1
trimetropin,0,1,1
complement.12)outline,0,1,1
false?8)outline,0,1,1
tumorausmaß,0,1,1
mitmab,0,1,1
trihydrochloride,0,1,1
r)-(+)-trans-4-(1-aminoethyl)-n-(4-pyridyl)cyclohexanecarboxamide,0,1,1
lynbyatoxin,0,1,1
profile.9,0,1,1
potency.69,0,1,1
"toxicity.66,67sofosbuvir",0,1,1
ribavirin).956-methyl-7-deazaadenosine,0,1,1
population.69,0,1,1
cilitazone,0,1,1
opiscorpine,0,1,1
ardiscretin,0,1,1
xtmt,0,1,1
antitrombine,0,1,1
kurzschulungen,0,1,1
geräteeinweisungen,0,1,1
alkyldiaminoethyl‐glycine hydrochloride,0,1,1
resuscitation.93,0,1,1
durunavir,0,1,1
methylmethionine,0,1,1
caussin,0,1,1
days)paromomycin,0,1,1
vcr)/dexamethasone,0,1,1
to;•determine,0,1,1
l.a.i,0,1,1
trimethyl‐amineoxide,0,1,1
caccine,0,1,1
citrucel,0,1,1
paxopanib,0,1,1
zustimmt,0,1,1
tanxiang,0,1,1
luraine,0,1,1
n2-acetylguanine,0,1,1
propargylguanine,0,1,1
reggoli,0,1,1
donor).median,0,1,1
nigericin sodium,0,1,1
joints.69,0,1,1
polypetides.212,0,1,1
brittenham,0,1,1
2-phenylchromen-4-one,0,1,1
intervir,0,1,1
vegetables.38,0,1,1
\begin{document}$$r_0^j$$\end{document}r0j,0,1,1
"triazolo[5,1-c][1,4]oxazepine",0,1,1
zudosisabhängig,0,1,1
lcmv.murine,0,1,1
﻿.,0,1,1
n‐acetyl‐β‐d‐glucosaminide,0,1,1
early”-proteine,0,1,1
pcv)/famciclovir,0,1,1
hauterscheinungen,0,1,1
sowie•meropenem,0,1,1
sulfonylharnstoffen,0,1,1
mannoproteine,0,1,1
ph≥11.0,0,1,1
\begin{document}$${\widetilde{c}}^{(j)*}\left,0,1,1
c.medium,0,1,1
inconsistenciesin,0,1,1
"imidazo[4,5-c]pyridine-1-yl)ethylidene)furan-2(5h)-one",0,1,1
wasbenzine,0,1,1
loogvergiftigingen,0,1,1
kreuzbandrekonstruktionen,0,1,1
auslaufen,0,1,1
metapristone,0,1,1
disease‐prone,0,1,1
schweigerechtin,0,1,1
religion).moreover,0,1,1
"2,3‐dimethylpyrazine",0,1,1
lower‐grade,0,1,1
fibrinstränge,0,1,1
verdächtigen,0,1,1
ala285,0,1,1
"secretion.29,30cidofovir",0,1,1
precursor.9famciclovir,0,1,1
partners.4valacyclovir,0,1,1
rash.170entecavir,0,1,1
years.173lamivudine,0,1,1
cirrhosis.196boceprevir,0,1,1
antimicrobial‐peptide,0,1,1
cell‐line,0,1,1
troy)48,0,1,1
trypsinhemmstoffen,0,1,1
α‐1‐antitrypsin,0,1,1
immanuel wallerstein,0,1,1
victims.76,0,1,1
stocrin,0,1,1
octanoylcarnitine,0,1,1
vimodrone,0,1,1
seventy‐one,0,1,1
anti‐bovine,0,1,1
cells).8remdesivir,0,1,1
comonotone,0,1,1
legionellenrisiko,0,1,1
grx1/2-δ,0,1,1
kassin,0,1,1
anzuregen,0,1,1
vasa‐recta,0,1,1
azidotimidine,0,1,1
v‐cathepsin,0,1,1
vinodhini,0,1,1
vanderberk,0,1,1
deoxyguanosine‐deoxyguanosine,0,1,1
deoxyadenosine‐deoxyguanosine,0,1,1
deoxyadenosine‐deoxyadenosine,0,1,1
swothahara,0,1,1
methylpyrrolidine,0,1,1
docetaxelmetabolismus,0,1,1
organtoxizität,0,1,1
petriccione,0,1,1
zufügen,0,1,1
glicine,0,1,1
c27h45na3o12s3,0,1,1
genomics).214,0,1,1
usa.favipiravir,0,1,1
triisprpylsilane,0,1,1
iscos,0,1,1
-5-hydroxyl-8-oxyberberine,0,1,1
cleomiscosin,0,1,1
wooreno,0,1,1
infektionskrankheiten,0,1,1
lotrafiban,0,1,1
"aki49,50",0,1,1
mahogunin,0,1,1
gopalakrishnakone,0,1,1
thonzyl‐amine,0,1,1
envelope.9,0,1,1
yousefinejad,0,1,1
hemmateenejad,0,1,1
teratogenicity.•oseltamivir,0,1,1
ester)•remdesivir,0,1,1
siculine,0,1,1
crinasiadine,0,1,1
pancrastistatin,0,1,1
racemic montanine,0,1,1
aminocyclohexenol,0,1,1
hemilactone,0,1,1
hydroxyhomolycorine,0,1,1
skelettmuskelerkrankungen,0,1,1
joola,0,1,1
hospital?telemedicine,0,1,1
oral).interim,0,1,1
jehle,0,1,1
sitabcd,0,1,1
zearalenole,0,1,1
schmeidl,0,1,1
grangeon,0,1,1
olunlade,0,1,1
ramosissimus,0,1,1
single‐slide,0,1,1
backgroundtelemedicine,0,1,1
distancej,0,1,1
glu-276,0,1,1
chaclcone,0,1,1
total.•quinine,0,1,1
produced:•monochloramine,0,1,1
rate.14,0,1,1
dehydroabieta-7-one,0,1,1
acetyglucosamine,0,1,1
difficulties.38,0,1,1
double-,0,1,1
gaaatggcgggaacaattagaagcgaagttgggtccggcatgggagtcaaagttctgtttg-3,0,1,1
c.feline,0,1,1
wheezing.76,0,1,1
methylenebisacrylamide,0,1,1
virusprävalenz,0,1,1
glucuronsylglucosamine,0,1,1
"indolo[3,2-c]quinoline",0,1,1
arrribas,0,1,1
"30,31].tofacitinib",0,1,1
shaarawi,0,1,1
statcan,0,1,1
eupitrilysin,0,1,1
deuterolysin,0,1,1
pt2pn1cm0,0,1,1
bedarfssynchrone,0,1,1
atomausstieg,0,1,1
gesamtrisiko,0,1,1
"x¯(t),u¯(t))tf−grdβλ¯(t)=∂grg(t",0,1,1
hydroxyphenyloxazoline,0,1,1
triacontanol,0,1,1
cryptomeridiol,0,1,1
indipone,0,1,1
guaiol,0,1,1
glycosylflavone,0,1,1
"benzo[d][1,2,3]triazol-2-yl)phenyl]acetamide",0,1,1
"benzo[d][1,2,3]triazol-2-yl)phenyl]benzamide",0,1,1
flufurtide,0,1,1
usafavipiravir,0,1,1
acceptance.9,0,1,1
levels(40,0,1,1
weeks).cidofovir,0,1,1
−)-oseltamivir,0,1,1
rifampicin[28].due,0,1,1
rsv.gse68310,0,1,1
tα−3([(α−1)t+1]e1,0,1,1
ttctgtgcctgctgctcata,0,1,1
gtcttttgatgtgaagaggttcaa,0,1,1
cacagccctctccatcaacta,0,1,1
plasma104,0,1,1
ernährungsberaterin,0,1,1
dopamine hydrochloride,0,1,1
product•whole,0,1,1
cubblestone,0,1,1
branntweine,0,1,1
blumenkohl,0,1,1
timebin,0,1,1
diarrhea.69,0,1,1
kotsovolis,0,1,1
www.covid19-druginteractions.org).68routine,0,1,1
sar‐cov‐2,0,1,1
ci=1.29–2.92,0,1,1
cephotaxim,0,1,1
fraher,0,1,1
atamasirikul,0,1,1
ascecropin,0,1,1
lyophosphatidylcholine,0,1,1
"kovács,22",0,1,1
galactopyranosylorientin,0,1,1
rahbaril,0,1,1
layer‐line,0,1,1
cvb418,0,1,1
pseudourindine,0,1,1
cystacerci,0,1,1
r_t}\left,0,1,1
passagehindernis,0,1,1
pankreatitisrisiko,0,1,1
madindoline,0,1,1
nistagmus,0,1,1
adaptin,0,1,1
spongosine,0,1,1
εmaxandεel,0,1,1
terephthalamide,0,1,1
thioinsoine,0,1,1
f-264,0,1,1
ricollocato,0,1,1
mobilitazione,0,1,1
"3,4-dimethoxy-2-[(4-nitrophenoxy)methyl]pyridine",0,1,1
nemerosin,0,1,1
chinensinaphthol,0,1,1
1-(3-chlorophenyl)azopiperidine,0,1,1
1-(3-nitrophenyl)azopiperidine,0,1,1
novopyrimidine,0,1,1
impecylone,0,1,1
anti‐tetrahistidine,0,1,1
salmonella1,0,1,1
concanannycin,0,1,1
"gp1,2s",0,1,1
qazvini,0,1,1
glucoyranoside,0,1,1
zungenbrecher,0,1,1
lissitzky,0,1,1
dypridamole,0,1,1
pentoxifyilline,0,1,1
eggiestone,0,1,1
catumaxomab catumaxomab,0,1,1
lenzini,0,1,1
risikokonstruktivismus,0,1,1
hameiri,0,1,1
nationalismus,0,1,1
finanzierungskreisläufen,0,1,1
kämpfen,0,1,1
liberalismus,0,1,1
produktionsbeziehungen,0,1,1
altersversorgungen,0,1,1
risikomanagementstaat,0,1,1
mmy104,0,1,1
touzalin,0,1,1
sodium cyanide,0,1,1
mefuparib hydrochloride,0,1,1
cvl218,0,1,1
serebrisky,0,1,1
"9,11-dimethano-5hbenzocyclononen-7-amine hydrochloride",0,1,1
fca096,0,1,1
huazhuo,0,1,1
close.•,0,1,1
cyclasehaemolysin,0,1,1
pertussigen,0,1,1
cyclolysin,0,1,1
yaroshevskaya,0,1,1
collectine,0,1,1
tachylectine,0,1,1
cadherine,0,1,1
bindungskonkurrenz,0,1,1
mcmcp,0,1,1
duf283,0,1,1
odontoiatri,0,1,1
pontine,0,1,1
airside,0,1,1
soprole,0,1,1
ogonis,0,1,1
cisplastin,0,1,1
anderlini,0,1,1
atambayev,0,1,1
muine,0,1,1
streptochlorin,0,1,1
lsk108,0,1,1
ferstat,0,1,1
groeide,0,1,1
pioglitazione,0,1,1
linaclodide,0,1,1
prochlorpherazine,0,1,1
dell'ordine,0,1,1
.infine,0,1,1
autoinformazione,0,1,1
.dalbavancin,0,1,1
lothionein,0,1,1
discharged.76,0,1,1
peres,0,1,1
conversin,0,1,1
cyanosafracin,0,1,1
sexphone,0,1,1
innovata,0,1,1
triiodothyroxinine,0,1,1
glomerulonephropathy,0,1,1
ill?-none,0,1,1
rtgev,0,1,1
retree,0,1,1
lichaamseigen,0,1,1
cchemokine,0,1,1
nanoneuromedicine,0,1,1
bconglycinin,0,1,1
germanycysteine,0,1,1
taurine taurine,0,1,1
piglets).methionine,0,1,1
greff,0,1,1
jereisterol,0,1,1
blancasterol,0,1,1
stellettasterol,0,1,1
triploidy,0,1,1
amopyroquine,0,1,1
tazarotene,0,1,1
pagoclone,0,1,1
.tribulin,0,1,1
saade,0,1,1
myloperoxide,0,1,1
fsigma,0,1,1
titine,0,1,1
cannone,0,1,1
fusokine,0,1,1
agalactosylceramide,0,1,1
-dichlorofluorescin,0,1,1
gaylin,0,1,1
sariumab,0,1,1
nomogram,0,1,1
fluoropuinolone,0,1,1
trimethylsilyl bromide,0,1,1
blasensteine,0,1,1
d'antihistaminique,0,1,1
l'éthylmorphine,0,1,1
buprénorphine,0,1,1
méticiline,0,1,1
oforigin,0,1,1
lipídicos,0,1,1
deliversin,0,1,1
cefataroline,0,1,1
oarr,0,1,1
tilivalline,0,1,1
aspiculuris,0,1,1
carpometacarpal,0,1,1
sobyanin,0,1,1
vaccinationem,0,1,1
petzoldt,0,1,1
longbone,0,1,1
chondocurine,0,1,1
thetadefensin,0,1,1
quercetin pharmacokine,0,1,1
~u-~~p,0,1,1
sjbrgen,0,1,1
austrianorigin,0,1,1
nacetylglucusamine,0,1,1
nacetylgalatosamine,0,1,1
ßhemolysin,0,1,1
polysaccharaide,0,1,1
transchlorobispyridine,0,1,1
"n′-bis(4-ethoxycarbonyl-1,2,3thiadiazol-5-yl)benzene-1,2-diamine",0,1,1
erlotynib,0,1,1
bewacizumab,0,1,1
pupine,0,1,1
thiolactoneeisatin,0,1,1
hidantin,0,1,1
norepinephfrine,0,1,1
θdefensin,0,1,1
liquefazione,0,1,1
inseminazione,0,1,1
riesaminato,0,1,1
tumefazione,0,1,1
retrazione,0,1,1
erezione,0,1,1
embolizzazione,0,1,1
tetracicline,0,1,1
l'affezione,0,1,1
rilevata,0,1,1
kontron cutan,0,1,1
r=-o.l6,0,1,1
tacon,0,1,1
pathy,0,1,1
noevasin,0,1,1
ohemolysin,0,1,1
rezidivblutungsrisiko,0,1,1
zytopathogenem,0,1,1
gefäßbeziehungen,0,1,1
aktivitätsgrade,0,1,1
zytoplasmaveränderungen,0,1,1
lebertoxine,0,1,1
strahlenbelastungen,0,1,1
t)=0.3,0,1,1
tilescan,0,1,1
thoraxeingriffen,0,1,1
einklemmungen,0,1,1
verbrennungen,0,1,1
fangleine,0,1,1
endocannabinoide,0,1,1
endovanilloide,0,1,1
pruritogene,0,1,1
polysaccharid,0,1,1
dronabiol,0,1,1
gaisford,0,1,1
λmax,0,1,1
satisfactorily.•,0,1,1
pandemic?oseltamivir,0,1,1
t.t.t,0,1,1
methione,0,1,1
escherlchla,0,1,1
cdchlcine,0,1,1
isopentenyladenine,0,1,1
anthraquinol,0,1,1
pranoprofen,0,1,1
nanoshampo,0,1,1
bis-(trimethylsilyl)peroxide,0,1,1
nacetyglucosamine,0,1,1
bildgebungen,0,1,1
dosisverteilungen,0,1,1
normiert,0,1,1
gliom,0,1,1
frequenzsplit,0,1,1
abgestrahlt,0,1,1
bewegungen,0,1,1
homogenitätsindex,0,1,1
risikoorgangen,0,1,1
bestrahlungssitzungen,0,1,1
radioresitenz,0,1,1
segmentierungspipeline,0,1,1
insig1,0,1,1
~-butyrolactone,0,1,1
gardellini,0,1,1
pongtanakul,0,1,1
sanpakit,0,1,1
roolf,0,1,1
lehert,0,1,1
tessoulin,0,1,1
gorican,0,1,1
cervio,0,1,1
nanofectin,0,1,1
husen,0,1,1
vonderheide,0,1,1
epikutan,0,1,1
voraussagen,0,1,1
orotat,0,1,1
file).e,0,1,1
basiluximab,0,1,1
guerini,0,1,1
rinhorrea,0,1,1
lung.4,0,1,1
girdlesone,0,1,1
methicilin,0,1,1
bortozomib,0,1,1
progen,0,1,1
fledertier,0,1,1
dehydroabietylamine,0,1,1
αsynuclein,0,1,1
spirapritat,0,1,1
zaratin,0,1,1
hendriks,0,1,1
takashima,0,1,1
gonoblennorhö,0,1,1
letpop,0,1,1
takavashara,0,1,1
flatz,0,1,1
kochanek,0,1,1
jackpine,0,1,1
salicortin,0,1,1
fragilin,0,1,1
tremulacin,0,1,1
noraminophenazone,0,1,1
nitroindenoquinoxaline,0,1,1
σ−π,0,1,1
dproline,0,1,1
eytoehalasin,0,1,1
longitudine,0,1,1
uncoatin,0,1,1
l-(hydroxymethyl)ethoxymethyl)guanine,0,1,1
bis(guany1hydrazone,0,1,1
methylphosphonylchloride,0,1,1
peractin,0,1,1
citrullinearginine,0,1,1
idixanol,0,1,1
sataline,0,1,1
khurana,0,1,1
peptidfamilie,0,1,1
fettsäurenbindungsproteine,0,1,1
cryptin,0,1,1
.rosuvastatin,0,1,1
reff<1,0,1,1
≈94%-98,0,1,1
golgin,0,1,1
jatrtc,0,1,1
encephabol,0,1,1
stugeron,0,1,1
gliatilin,0,1,1
fangdoushan,0,1,1
kongtan,0,1,1
krankenschwestern,0,1,1
desoxycortone,0,1,1
andrhodopsin,0,1,1
.coagulopathy,0,1,1
propionobacterium,0,1,1
duragen,0,1,1
that``someone,0,1,1
frame(40,0,1,1
troglitizone,0,1,1
métropole,0,1,1
brooklynone,0,1,1
changesone,0,1,1
falciparm,0,1,1
nomarksi,0,1,1
"s-(2,4-dinitrophenyl)-cysteine",0,1,1
weiboone,0,1,1
gagc-3,0,1,1
gresner,0,1,1
epinephrineprazosine,0,1,1
trinitrine,0,1,1
bygrave,0,1,1
galactosamineendotoxin,0,1,1
goals.2,0,1,1
ªsepsisº,0,1,1
dialkyl(dichloro)tin,0,1,1
dialkyltin,0,1,1
carbamoylimidazolium,0,1,1
chloroamide,0,1,1
imidazolidinone,0,1,1
p3-quinoline,0,1,1
p2−p3-amide,0,1,1
dibenzazepinone,0,1,1
tomaine,0,1,1
vanstone,0,1,1
oligosaeeharide,0,1,1
virionaliquois,0,1,1
oligosaecharidcs,0,1,1
admini,0,1,1
abhayawansa,0,1,1
speractin,0,1,1
chlobentiazone,0,1,1
holak,0,1,1
formonenetin,0,1,1
tuberosin,0,1,1
ladehydrotuberosin,0,1,1
pnol,0,1,1
thiacytidine,0,1,1
drotrecogin,0,1,1
fusobacteriën,0,1,1
nacetylglucoseamine,0,1,1
busalicifol,0,1,1
saikolignanoside,0,1,1
bupleurotoxin,0,1,1
bupleuronol,0,1,1
thrombo,0,1,1
peuls,0,1,1
lim.cgvhd,0,1,1
mesenchyml,0,1,1
karnoskfy,0,1,1
p0.03,0,1,1
transfusionfree,0,1,1
ifngr,0,1,1
xoutine,0,1,1
rudenstine,0,1,1
potassium acetate,0,1,1
sodium methoxide,0,1,1
butylammonium fluoride,0,1,1
tosylhydrazine,0,1,1
silicycle,0,1,1
protamine zinc,0,1,1
microacini,0,1,1
dermatopathy,0,1,1
bleke,0,1,1
bewogen,0,1,1
lemaitre,0,1,1
eopathogen,0,1,1
riboadenine,0,1,1
t-310,0,1,1
tsr,0,1,1
chloramaine,0,1,1
bovaine,0,1,1
tranxilium,0,1,1
scl1,0,1,1
forestier,0,1,1
janjic,0,1,1
glycopeptiderifampicin,0,1,1
gemtuzumab ozogamycin,0,1,1
diarree,0,1,1
ademhalingen,0,1,1
hersenzenuwbeschadigingen,0,1,1
casuïstiek,0,1,1
macroemboli,0,1,1
detremine,0,1,1
pbenzo,0,1,1
dehydroepiandrostendiole,0,1,1
adamstone,0,1,1
.azacytidine,0,1,1
invitorgen,0,1,1
memotine,0,1,1
racionar,0,1,1
juicios,0,1,1
beneath.•,0,1,1
scopthalmus,0,1,1
leantissue,0,1,1
defibrotinide,0,1,1
charron,0,1,1
gandini,0,1,1
mercaptopurine purine,0,1,1
paroxetine piperidine,0,1,1
chemiochine,0,1,1
evoluzione,0,1,1
ipotensione,0,1,1
bawohl,0,1,1
treatedtrypsin,0,1,1
oligoglucosamine,0,1,1
nacetylmannosamine,0,1,1
malonaldehye,0,1,1
marycatherine,0,1,1
patierno,0,1,1
tidrakizumab,0,1,1
tm2,0,1,1
rötung,0,1,1
faustschlag,0,1,1
verhaltensbedingt,0,1,1
lebensmittelbedingt,0,1,1
wundbotulismus,0,1,1
aufkrümmt,0,1,1
aminopicilline,0,1,1
acylureidopenicilline,0,1,1
autan,0,1,1
c-225,0,1,1
solide,0,1,1
kreatininanstieg,0,1,1
bilirubinanstieg,0,1,1
sunitinib sunitinib,0,1,1
deperlioglu,0,1,1
octapeptin,0,1,1
tolassin,0,1,1
lipidpeptide,0,1,1
cytoline,0,1,1
snore.•,0,1,1
carabentapentane,0,1,1
chlophedianol,0,1,1
tramazoline,0,1,1
semicarbohydrazone,0,1,1
one).side,0,1,1
glycopeptides(vancomycin,0,1,1
sachweh,0,1,1
selbstdisziplin,0,1,1
verkennen,0,1,1
ausfaltungen,0,1,1
rassismus,0,1,1
eroberungskrieg,0,1,1
fahrzeugen,0,1,1
bedeutungen,0,1,1
gesamtlagen,0,1,1
selbstzeugnisse,0,1,1
vergleichsfolie,0,1,1
zuspitzungen,0,1,1
gelingende,0,1,1
bestrafen,0,1,1
versuchsartefakte,0,1,1
fainsilber,0,1,1
überschwemmt,0,1,1
hervorhebungen,0,1,1
casescan,0,1,1
indométacine,0,1,1
aminopénicilline,0,1,1
polypnée,0,1,1
l'aminoside,0,1,1
ultrarapide,0,1,1
δ4-androstènedione,0,1,1
δ4-androstènetostérone,0,1,1
àaminopénicilline,0,1,1
triaxone,0,1,1
dnetdb,0,1,1
sourcesin,0,1,1
microbiologen,0,1,1
chlorampenicol,0,1,1
choloride,0,1,1
i.n.t,0,1,1
deritadenine,0,1,1
howivir,0,1,1
ovir,0,1,1
pertuzamab,0,1,1
cobas,0,1,1
tcgaggrggrggaggctggg,0,1,1
srinivasin,0,1,1
gewebeverletzungen,0,1,1
akutphaseproteine,0,1,1
spleißprozesse,0,1,1
gegriffen,0,1,1
validez,0,1,1
renin-angiotensin,0,1,1
existing``an,0,1,1
efaecalis,0,1,1
cefepirne,0,1,1
gentarnicin,0,1,1
arninoglycoside,0,1,1
cloxadllin,0,1,1
oxadllin,0,1,1
firstline nivolumab,0,1,1
à30.76,0,1,1
à40.276,0,1,1
dedydroepiandrosterone,0,1,1
dihydrotestostone,0,1,1
phthalylsulphathiazole,0,1,1
aufderheide,0,1,1
ginesteine,0,1,1
ergovaline,0,1,1
ergotoxine,0,1,1
gesetzesbestimmungen,0,1,1
mercaptobenzimidazole,0,1,1
tranquilliser,0,1,1
8-oxyberberine,0,1,1
ferulyltyramine,0,1,1
l'acridine,0,1,1
tolérés,0,1,1
triméthoprimesulfaméthoxazole,0,1,1
l'antiparasitaire,0,1,1
asn142,0,1,1
asn119,0,1,1
glukokortikosteroide,0,1,1
thiophen-4-one,0,1,1
suppresin,0,1,1
phytohaemaglnttinin,0,1,1
conducmd,0,1,1
nsaline,0,1,1
dolmxamine,0,1,1
bnbd-5,0,1,1
pendimethalin,0,1,1
tomanin,0,1,1
mactier,0,1,1
nortryptilline,0,1,1
remedevir,0,1,1
fahrscheine,0,1,1
järver,0,1,1
spectrolinker).day-14,0,1,1
administrationfinasteride,0,1,1
acetylproline,0,1,1
ammonium bicarbonate ph,0,1,1
klingelinferno,0,1,1
θ(t)∀(k,0,1,1
à1.76,0,1,1
śatapathabrāhmaṇa,0,1,1
andwhole,0,1,1
brincidofovir brincidofovir,0,1,1
siscan,0,1,1
anxin,0,1,1
rapacz,0,1,1
fractaline,0,1,1
trochlearis,0,1,1
entwicklungsabhängig,0,1,1
candidaantigen,0,1,1
bakteriostatischen,0,1,1
endkonzentrationen,0,1,1
flächendesinfektionsmittel,0,1,1
gesundheitseinrichtungen,0,1,1
prozessaufzeichnungen,0,1,1
validierungen,0,1,1
sinceg,0,1,1
principlecan,0,1,1
phenozybenzamine,0,1,1
compressios,0,1,1
triglycerid,0,1,1
reijo,0,1,1
characterlse,0,1,1
zimilidine,0,1,1
renlingen,0,1,1
endsystole,0,1,1
lndex,0,1,1
aorks,0,1,1
technicare,0,1,1
groenenborgerlaan,0,1,1
pperaed,0,1,1
adrelqaline,0,1,1
vancoraycin,0,1,1
nifroprusside,0,1,1
dilgntin,0,1,1
ferdtin,0,1,1
gmersham,0,1,1
rangod,0,1,1
feststellungskompetenz,0,1,1
eptide,0,1,1
pl5,0,1,1
cascadesone,0,1,1
n]one,0,1,1
tamasi,0,1,1
cxcl1chemokine,0,1,1
etebari,0,1,1
ser-104,0,1,1
oxocarbenium,0,1,1
l?c]proline,0,1,1
clproline,0,1,1
care).whilst,0,1,1
galactone,0,1,1
pneuma,0,1,1
banovcin,0,1,1
guajacuran,0,1,1
stoptussin,0,1,1
ditustat,0,1,1
pentoxyverine,0,1,1
cabmr,0,1,1
narcotic,0,1,1
gaaac-3,0,1,1
alkoholkarenz,0,1,1
"δ(5)-pregnene-3,20-dione",0,1,1
s-2-oxopyrrolidine,0,1,1
vacquier,0,1,1
dexlin,0,1,1
borrebaeck,0,1,1
kraftwagen,0,1,1
mitoquinol,0,1,1
informationsanforderungen,0,1,1
ovodefensin,0,1,1
ml)/ionomycin,0,1,1
gastrographin,0,1,1
genmod,0,1,1
blockade.(9,0,1,1
obtainis,0,1,1
tertbutylhydroquinone,0,1,1
helium/ oxygen,0,1,1
schlafeffizienz,0,1,1
intermediariesin,0,1,1
nontigecycline,0,1,1
sanchéz,0,1,1
zeugner,0,1,1
feldkircher,0,1,1
bismol,0,1,1
myoril,0,1,1
serpone,0,1,1
symmetry.•,0,1,1
foliquet,0,1,1
nonthiazolidinedione,0,1,1
idini,0,1,1
rosati,0,1,1
tillingham,0,1,1
ignis,0,1,1
chavarr,0,1,1
worsening.entecavir,0,1,1
tigeyclin,0,1,1
suppressin,0,1,1
neurocytokine,0,1,1
betasarcoglycanopathy,0,1,1
.sulesomab,0,1,1
nmethylimidazole,0,1,1
capriomycin,0,1,1
ethionamine,0,1,1
epsom,0,1,1
lassaline,0,1,1
imidazothiazole,0,1,1
xylylenediamine,0,1,1
ribotoxin,0,1,1
bavachinone,0,1,1
coryaurone,0,1,1
hydroxypsoralenol,0,1,1
psorachromene,0,1,1
n-7-dihydroxycoumestan,0,1,1
isocorylifonol,0,1,1
patterns.-to,0,1,1
leu-,,0,1
extrasystole,0,1,1
radiciol,0,1,1
lipfuscin,0,1,1
dzielak,0,1,1
leukoencepholapthy,0,1,1
phosphatepotassium,0,1,1
gottren,0,1,1
agiotensin,0,1,1
thurner,0,1,1
procardia,0,1,1
wistarin,0,1,1
ghotra,0,1,1
tuhrim,0,1,1
finglimod,0,1,1
ifnb-1a1natalizumab,0,1,1
spatola,0,1,1
raltigravir,0,1,1
dexlansopraole,0,1,1
fukutin,0,1,1
thy1-gcamp6,0,1,1
rampiril,0,1,1
terpyridinephenanthroline,0,1,1
azaterpyridine,0,1,1
oligobipyridine,0,1,1
butylbipyridine,0,1,1
tamiflu oseltamivir,0,1,1
sabbadini,0,1,1
perfluorotripropylamine,0,1,1
tussenin,0,1,1
progresterone,0,1,1
blestone,0,1,1
chlorocrine,0,1,1
αdefensin,0,1,1
n-(boc)-lvaline,0,1,1
gekara,0,1,1
≥1.0.ifa,0,1,1
bietaserpine,0,1,1
granotapide,0,1,1
defiziten,0,1,1
non-3-yl)piperidine,0,1,1
non-3-yl)amine hydrochloride,0,1,1
oct-1-yl)amine,0,1,1
ypsin,0,1,1
.thymoquinone,0,1,1
cyst).isthmus,0,1,1
trichohyaline,0,1,1
glauca).mimosine,0,1,1
loline,0,1,1
pustules,0,1,1
conbol,0,1,1
knstine,0,1,1
thoracosooplc,0,1,1
clleucine,0,1,1
oligosaccharide.rhodopsin,0,1,1
ngalactopyranoside,0,1,1
tggctg-3,0,1,1
gatcttcgtgaagaccctg-3,0,1,1
mohti,0,1,1
abdelrhim,0,1,1
3chlorobenzylamine,0,1,1
periodontalerkrankungen,0,1,1
azidosphingosine,0,1,1
inr>3,0,1,1
olimus,0,1,1
choane,0,1,1
lohle,0,1,1
sotoradecol,0,1,1
diameter=42.3,0,1,1
antinitrotyrosine,0,1,1
roborovski,0,1,1
hydroxyphenyl)-2-propen-1-one,0,1,1
ceroidlipofuscin,0,1,1
accountability.•,0,1,1
testimony.•,0,1,1
genpolymorphismus,0,1,1
transfusionen,0,1,1
aneurysmagröße,0,1,1
thermoscan,0,1,1
thirthythree,0,1,1
irwine,0,1,1
month.•,0,1,1
rharsb,0,1,1
diazepin-3-yl)-urea,0,1,1
lamino-17-demethoxygeldanamycin,0,1,1
l'espèce,0,1,1
sodium bisulfite,0,1,1
dgalactopyranoside,0,1,1
dsaav(gfp,0,1,1
leucocidine,0,1,1
paragomimus,0,1,1
ordnungen,0,1,1
peppone,0,1,1
spione,0,1,1
projektionsvorgängen,0,1,1
verursacht,0,1,1
raketenwerferanschlag,0,1,1
lufthansamaschine,0,1,1
triumphiert,0,1,1
pyrrhussieg,0,1,1
bebildert,0,1,1
combretacoumarin,0,1,1
refecoxib,0,1,1
pollenzo,0,1,1
zurückliegen,0,1,1
gasaustauschstörungen,0,1,1
behandlungsziel,0,1,1
rhodomine,0,1,1
fomivirsenhave,0,1,1
nabeshima,0,1,1
purda,0,1,1
ribavirin ribavirin,0,1,1
skyra,0,1,1
putamina,0,1,1
azadipeptide,0,1,1
norethandrolone,0,1,1
albujar,0,1,1
conrol,0,1,1
naproxen sodium,0,1,1
respected.84,0,1,1
jacqueline grassin,0,1,1
lidocaïn,0,1,1
cilastatine,0,1,1
pentadecasaccharide,0,1,1
sglycerylcysteinylserine,0,1,1
dumy,0,1,1
neoasaia,0,1,1
.myoglobin,0,1,1
hepassocin,0,1,1
methylindene,0,1,1
tomus,0,1,1
posiuvc,0,1,1
seroconvcr\iiin,0,1,1
conuw,0,1,1
uanscripts,0,1,1
selfpeptide,0,1,1
b2-mimglobulin,0,1,1
zinc oleate,0,1,1
samenhingen,0,1,1
toxinegen,0,1,1
ongepasteuriseerde,0,1,1
gallenblasenentfernungen,0,1,1
truxima,0,1,1
pfanzagl,0,1,1
r3104,0,1,1
thromboplasin,0,1,1
canikunimab,0,1,1
funck,0,1,1
nnitrosomethylbenzylamine,0,1,1
sharifah,0,1,1
eatme,0,1,1
fip200,0,1,1
rapaccini,0,1,1
acycloadenosine,0,1,1
dilutedpropiolactone,0,1,1
hauteinziehungen,0,1,1
thymomodulin,0,1,1
meglubine,0,1,1
raltegravir dolutegravir,0,1,1
flexsim,0,1,1
lagtime,0,1,1
relenza)-should,0,1,1
c]acetylcholine,0,1,1
r2(+)4,0,1,1
r1(+)4,0,1,1
elrantitrypsin,0,1,1
arantitrypsin,0,1,1
methionine suiphoxide,0,1,1
valserpin,0,1,1
überweisungen,0,1,1
toilettenanlagen,0,1,1
telefonhotline,0,1,1
ionenkanalerkrankungen,0,1,1
subrata,0,1,1
fehlgeburt,0,1,1
αtrypsin,0,1,1
rhou,0,1,1
≈0.38,0,1,1
julis,0,1,1
nacetylgiucosamine,0,1,1
cyberguide,0,1,1
undecapeptide cyclosporin,0,1,1
telemedicine).telemedicine,0,1,1
edicine,0,1,1
bis(2pyridinaldehyde)-ethylenediamine,0,1,1
salicylaldimineimino]methyl}-4-(4-nitrophenylethynyl)phenol,0,1,1
gacg-3,0,1,1
methhemoglobin,0,1,1
overnachtingen,0,1,1
bloeduitstrijkje,0,1,1
opgezogen,0,1,1
anophelesmuggen,0,1,1
regendagen,0,1,1
ammoniumsulfaat,0,1,1
vertegenwoordigen,0,1,1
verbrande,0,1,1
d-(-)-carbodine,0,1,1
worksop,0,1,1
liquemine,0,1,1
bthiogalactopyranoside,0,1,1
oligosacchaxide,0,1,1
bis-(pyridine-4-carbal)-hydrazide,0,1,1
duksin,0,1,1
a1104,0,1,1
nd10s,0,1,1
themercaptoethanol,0,1,1
im.69,0,1,1
nitrothiazolysalicylamide,0,1,1
cochleariform,0,1,1
g50653,0,1,1
welfide,0,1,1
12/283,0,1,1
postinfecin,0,1,1
pierno,0,1,1
urinewegen,0,1,1
beademingsmachine,0,1,1
totransducin,0,1,1
tripanarol,0,1,1
clathirin,0,1,1
pichiapastoris,0,1,1
gold4.1,0,1,1
lvirazole,0,1,1
zingaroo,0,1,1
antivinculin,0,1,1
viruskapsidproteine,0,1,1
diammine,0,1,1
raltegrevir,0,1,1
shunin,0,1,1
fibrosis≥f2,0,1,1
eline,0,1,1
ardelyx,0,1,1
methionine choline,0,1,1
hydroxy-4-cholesten-3-one,0,1,1
sof)/ledipasvir,0,1,1
sof)/velpatasvir,0,1,1
sof+daclatasvir,0,1,1
v3<50,0,1,1
leaveone,0,1,1
quantikaine,0,1,1
withdrawel,0,1,1
r)/ombitasvir,0,1,1
ambade,0,1,1
arabinofaranosyladenine,0,1,1
wongsuk,0,1,1
skrlin,0,1,1
hydrossycloroquine,0,1,1
catheter).ketamine,0,1,1
tazobactan,0,1,1
morphine morphine,0,1,1
dabi,0,1,1
milliosmole,0,1,1
antiemetic.•,0,1,1
oefeningen,0,1,1
milburn,0,1,1
addbacks,0,1,1
tagesrhythmus,0,1,1
ejigbo,0,1,1
allomone,0,1,1
m2-proteine,0,1,1
m1-proteine,0,1,1
polymeraseproteine,0,1,1
glyoproteine,0,1,1
pferden,0,1,1
shpth,0,1,1
"cholesta-5,7,24(25)-trienol",0,1,1
stallergen,0,1,1
posttocilizumab,0,1,1
transmembrane,0,1,1
dylserine,0,1,1
pyrrolotriazinamine,0,1,1
lhomopropargylglycine,0,1,1
onwubiko,0,1,1
testresultat,0,1,1
actinomyosin,0,1,1
eiklid,0,1,1
nonnucleotide,0,1,1
benzoylecgnonine,0,1,1
enzalutamaide,0,1,1
xeroform,0,1,1
tirzepatide,0,1,1
nikouline,0,1,1
ruohonen,0,1,1
bonato,0,1,1
nightshade,0,1,1
foodsin,0,1,1
wegschroeide,0,1,1
nagaan,0,1,1
transdihydronarciclasine,0,1,1
ebringer,0,1,1
katalcin,0,1,1
sphingosylphosphorylcholine,0,1,1
leptinmelanocortin,0,1,1
preproopiomelanocortin,0,1,1
nocistatin,0,1,1
preprooxyphysin,0,1,1
preprooxytocin,0,1,1
trimethoprim sulphamethoxazole,0,1,1
resistenzentwick,0,1,1
studienleitungen,0,1,1
logarithmus,0,1,1
griselysin,0,1,1
metaproternol,0,1,1
nonpneumophila,0,1,1
sulphahexafluoride,0,1,1
ephrine,0,1,1
verliefen,0,1,1
overdoseringen,0,1,1
formatin,0,1,1
tigd4-musmus,0,1,1
tigd4-hiparm,0,1,1
tigd4-phacin,0,1,1
tigd4-allsin,0,1,1
tigd4-parmaj,0,1,1
tigd4-tertri,0,1,1
tigd4-pelsin,0,1,1
tigd3-neoasi,0,1,1
tigd3-orcorc,0,1,1
tigd3-equasi,0,1,1
tigd3-equcab,0,1,1
tigd3-cebcap,0,1,1
tigd3-macnem,0,1,1
tigd3-chlsab,0,1,1
corticosteroidmethylprednisolone,0,1,1
norbornylamine,0,1,1
trimethylsilylazide,0,1,1
.hitachimycin,0,1,1
leupaxin,0,1,1
cyclohexanecarboxamide,0,1,1
oberhausbergen,0,1,1
phosphorychlorine,0,1,1
telehealth.•,0,1,1
cobcistat,0,1,1
tham,0,1,1
glpg2222,0,1,1
vanc,0,1,1
lumen=38.5,0,1,1
tabarini,0,1,1
chv-68,0,1,1
aminopropazine,0,1,1
sodium bicarbonate added,0,1,1
neostigamine,0,1,1
used).float,0,1,1
c.bafilomycin,0,1,1
düdingen,0,1,1
generat,0,1,1
суперечки,0,1,1
eindringlingen,0,1,1
fototropismus,0,1,1
geotropismus,0,1,1
dynesin,0,1,1
proportionen,0,1,1
röhrenförmigen,0,1,1
wellblechartigen,0,1,1
pumpfrequenz,0,1,1
blatträndern,0,1,1
fußballerbeine,0,1,1
größenordnungen,0,1,1
gerochene,0,1,1
fernweh,0,1,1
herzschlag,0,1,1
fehlerinnerungen,0,1,1
gehirne,0,1,1
koexistenzbedingungen,0,1,1
pottwal,0,1,1
jaenisch,0,1,1
tooze,0,1,1
cholesterolbuprenorphine,0,1,1
probdnf,0,1,1
loukine,0,1,1
captoethanol,0,1,1
mar165,0,1,1
trophozoit,0,1,1
phosphatide,0,1,1
trimethyl)-hexanolamine,0,1,1
baihe,0,1,1
artenstein,0,1,1
overheidsdaad,0,1,1
αblockade,0,1,1
rootcosine,0,1,1
writėin,0,1,1
kingdomprednisolone,0,1,1
juniorstar,0,1,1
rangiotensin,0,1,1
bloodcascade,0,1,1
nucellin,0,1,1
kanari,0,1,1
kapselproteine,0,1,1
videosequenz,0,1,1
kenet,0,1,1
xicos,0,1,1
cthanol,0,1,1
lenze,0,1,1
nct02588521).cidofovir,0,1,1
piperaeilline,0,1,1
follows(methylprednisolone,0,1,1
330/513,0,1,1
ciprofloxacin.•,0,1,1
infrastrukturbausteine,0,1,1
culture).remdesivir,0,1,1
compressione,0,1,1
respirazione,0,1,1
palpazione,0,1,1
ascoltazione,0,1,1
aumentato,0,1,1
iperventilazione,0,1,1
sfregamenti,0,1,1
broncoaspirazione,0,1,1
complicazione,0,1,1
leucocitosi,0,1,1
epatizzazione,0,1,1
capsulato,0,1,1
escreato,0,1,1
cefalosprine,0,1,1
decorticazione,0,1,1
lattamine,0,1,1
chinolonici,0,1,1
spasticity.•,0,1,1
shevlin,0,1,1
ustione,0,1,1
trifosfatasi,0,1,1
diversificazione,0,1,1
nasofarynxwat,0,1,1
basisschoolperiode,0,1,1
afvroeg,0,1,1
c]caranine,0,1,1
-crinamine,0,1,1
crastistatin,0,1,1
anhydrolycorinone,0,1,1
1-deoxylycorine,0,1,1
hexanone,0,1,1
310).lycorine,0,1,1
.homolycorine,0,1,1
zarontin,0,1,1
pizotifen,0,1,1
bykso,0,1,1
phospatidylcholine,0,1,1
dipalmitoylphosphatidylcholine,0,1,1
s.&nata,0,1,1
troxerutine,0,1,1
-prilocaine,0,1,1
setraline,0,1,1
aortoplasty,0,1,1
moracizine,0,1,1
cuspal,0,1,1
diethylstilboestrol,0,1,1
racestyptine,0,1,1
dipipanone,0,1,1
dihydromorphinone,0,1,1
selegeline,0,1,1
nadhubiquinone,0,1,1
falcinelli,0,1,1
ostini,0,1,1
tartarone,0,1,1
bureo,0,1,1
transplantatin,0,1,1
francione,0,1,1
zeocini,0,1,1
aquivalenzzone,0,1,1
gefaflpermeabilitat,0,1,1
murinem,0,1,1
polyathylenglycol,0,1,1
dyneinekinesin,0,1,1
amantadine amantadine,0,1,1
oxaliplatinfluoropyrimidine,0,1,1
rogacev,0,1,1
humanen,0,1,1
limitierungen,0,1,1
abszeßhöhle,0,1,1
maligen,0,1,1
trochleoplasty,0,1,1
antibiotikaregime,0,1,1
drittgenerationscephalosporine,0,1,1
pacerone,0,1,1
miniglucagon,0,1,1
novagen,0,1,1
nonxanthine,0,1,1
angpts,0,1,1
amphicarpa,0,1,1
phenone,0,1,1
glycocitrine,0,1,1
zinc zinc,0,1,1
rosse,0,1,1
tetramethylindodicarbocyanine,0,1,1
nonaprenylhydroquinone,0,1,1
myeliri,0,1,1
gjone,0,1,1
batilomycin,0,1,1
acetylchoine,0,1,1
tirés,0,1,1
a.baseline,0,1,1
vakuole,0,1,1
transgenem,0,1,1
fourtynine,0,1,1
cavine,0,1,1
amarogentin,0,1,1
tauprotein,0,1,1
mutahir,0,1,1
imidazopyridine,0,1,1
transbioline,0,1,1
mabs,0,1,1
telemdicine,0,1,1
iodoacetemide,0,1,1
administratin,0,1,1
tetrahydropapaveroline,0,1,1
chymotripsine,0,1,1
istone,0,1,1
w.a.o,0,1,1
panaris,0,1,1
dtocotrienol,0,1,1
3methylindole,0,1,1
norharmaneoxadiazolethione,0,1,1
5chloroisatin,0,1,1
4benzylpiperazine,0,1,1
ndecylaminoethylvancomycin,0,1,1
"2,3dihydro-1,2,4-triazole-3-one",0,1,1
3trifluoromethylaniline,0,1,1
desethylisoquine,0,1,1
sodium artesunate,0,1,1
2aminopyridine,0,1,1
2styrylbenzimidazole,0,1,1
gccaagttttaccg-3,0,1,1
sodium monensin,0,1,1
weinshenker,0,1,1
voorspuij,0,1,1
zontine,0,1,1
thirtythree,0,1,1
l'alemtuzumab,0,1,1
conincide,0,1,1
librarykit,0,1,1
throatclear,0,1,1
intrathecal analgesia,0,1,1
panitimumab,0,1,1
taprevir,0,1,1
carés,0,1,1
bapenem,0,1,1
prescriptions,0,1,1
ewigen,0,1,1
nonnaltrexone,0,1,1
mammola,0,1,1
vooronderstellingen,0,1,1
primadharsini,0,1,1
openm,0,1,1
pulcherrima,0,1,1
galligan,0,1,1
bottinelli,0,1,1
mytimycin,0,1,1
pseudoperkinsus,0,1,1
aht125,0,1,1
aht128,0,1,1
propionylpromazine hydrochloride,0,1,1
base+meropenem+vancomycin,0,1,1
twigg,0,1,1
antioquine,0,1,1
baluchistine,0,1,1
berbacolorflammine,0,1,1
berbibuxine,0,1,1
calafatimine,0,1,1
cocsoline,0,1,1
cocsulinine,0,1,1
colorflammine,0,1,1
curacautine,0,1,1
cycleahomine,0,1,1
cycleatjehine,0,1,1
daphnine,0,1,1
daurisoline,0,1,1
dihydrosecocepharanthine,0,1,1
dihydrothalictrinine,0,1,1
faralaotrine,0,1,1
funiferine,0,1,1
gilletine,0,1,1
johnsonine,0,1,1
krukovine,0,1,1
limacine,0,1,1
limacusine,0,1,1
macolidine,0,1,1
macoline,0,1,1
malekulatine,0,1,1
norpanurensine,0,1,1
obaberine,0,1,1
oblongamine,0,1,1
osornine,0,1,1
phaeantharine,0,1,1
repandine,0,1,1
temuconine,0,1,1
thalbadenzine,0,1,1
thalfine,0,1,1
thalibrunine,0,1,1
thalictine,0,1,1
thalictrinine,0,1,1
thalmethine,0,1,1
thalmine,0,1,1
tiliageine,0,1,1
tubocurine,0,1,1
danks,0,1,1
mimiviren,0,1,1
pflanzenpathogene,0,1,1
krankschreibungen,0,1,1
gewebsstücke,0,1,1
transferiert,0,1,1
herzchirurgen,0,1,1
fallgruppe,0,1,1
stoffwechselerkrankungen,0,1,1
cyclophophaamide,0,1,1
gentimycin,0,1,1
versuso,0,1,1
gefäßwandverdickungen,0,1,1
urobilirubinogen,0,1,1
myjoyonline,0,1,1
leptophos,0,1,1
triazinetrione,0,1,1
thatũxhpxṽ,0,1,1
nachlorine,0,1,1
cofillin,0,1,1
kresheck,0,1,1
bhikhabhai,0,1,1
resibufogenin,0,1,1
"phenoxy]quinolin-8-yl]pentane-1,4-diamine",0,1,1
sinefungine,0,1,1
seselin,0,1,1
xanthyletin,0,1,1
kuromanin,0,1,1
tigloylswietenolide,0,1,1
ventilmechanismus,0,1,1
impedanzmessungen,0,1,1
bronchialveränderungen,0,1,1
gangcicolvir,0,1,1
perfluorodecalin,0,1,1
abuelsaad,0,1,1
oxidatione,0,1,1
preclean,0,1,1
charlemagne,0,1,1
vercellini,0,1,1
d56,0,1,1
gusfi,0,1,1
plateletpheresis,0,1,1
kariyone,0,1,1
bastiaan,0,1,1
quinozolinone,0,1,1
sodium chlorite,0,1,1
"3,5-dichloropyridin-4-amine",0,1,1
trimethylsilyldiazomethane,0,1,1
migone,0,1,1
partagés,0,1,1
trihydroxytropane,0,1,1
styelin,0,1,1
.vincamine,0,1,1
.valparicine,0,1,1
.tubocurarine,0,1,1
tubarine,0,1,1
jexin,0,1,1
dichlorotetrafluoroethane,0,1,1
angiotensin i.,0,1,1
artiga,0,1,1
narangajavana,0,1,1
tadzikstan,0,1,1
thc.[3h]thymidine,0,1,1
pyran-6-one,0,1,1
toumy,0,1,1
rosenblat,0,1,1
thelypteris,0,1,1
cajanine,0,1,1
ehlorequine,0,1,1
fslic,0,1,1
seline,0,1,1
lidooaine,0,1,1
lidoceine,0,1,1
ernipressin,0,1,1
bause,0,1,1
prothrombintime,0,1,1
cadierno,0,1,1
cirrhotios,0,1,1
alfsntanil,0,1,1
aldssterone,0,1,1
stressbedingungen,0,1,1
poutside,0,1,1
predefine,0,1,1
vetquinol,0,1,1
polyleucine,0,1,1
byglobomycin,0,1,1
allnunin,0,1,1
tanin,0,1,1
ranvier,0,1,1
toď,0,1,1
céfotiam,0,1,1
imipénem,0,1,1
ketosisprone,0,1,1
montine,0,1,1
synpaptophysin,0,1,1
interstitialcollagen,0,1,1
toresult,0,1,1
"fmoc-5,5-diiodoallylglycine",0,1,1
gallylglycine,0,1,1
laboratoroy,0,1,1
lamiduvine,0,1,1
interlukine,0,1,1
transferriny,0,1,1
theraptical,0,1,1
piperazinoazepine,0,1,1
oocsyts,0,1,1
greutert,0,1,1
kurosawa,0,1,1
observatoire,0,1,1
zomib,0,1,1
nacetylgalactosaminide,0,1,1
zahnärztin,0,1,1
lipofcctin,0,1,1
gelenkstufen,0,1,1
teramethylbezidine,0,1,1
allis,0,1,1
decarbazene,0,1,1
naphthylquinoline,0,1,1
imidazothioxanthone,0,1,1
bianthrazole,0,1,1
theoninefserine,0,1,1
"n-{2methoxy-4-[(1-methylpiperidin-4-yl)oxy]phenyl}-4-(1hpyrrolo[2,3-c]pyridin-3-yl)pyrimidin-2-amine",0,1,1
trimyristin,0,1,1
ngiotensin,0,1,1
diabète,0,1,1
maindetermine,0,1,1
partialpivlu,0,1,1
minoritiesin,0,1,1
vax128,0,1,1
vax168,0,1,1
datierungen,0,1,1
lungenfisch,0,1,1
nepenthesin,0,1,1
concentrationtime,0,1,1
carnagione,0,1,1
adipcytokine,0,1,1
awide,0,1,1
tchad,0,1,1
≥4/10,0,1,1
≥7/10,0,1,1
perceptron,0,1,1
haltungen,0,1,1
histacin,0,1,1
schädigungskaskade,0,1,1
porenbildner,0,1,1
zytokin-/mediatorkaskade,0,1,1
schweregradabhängigen,0,1,1
vicoden,0,1,1
lortab,0,1,1
.murine,0,1,1
oregonenis,0,1,1
theycan,0,1,1
cline,0,1,1
fehlernährungen,0,1,1
oppervlak,0,1,1
ontstekingsinfiltraat,0,1,1
toolf,0,1,1
thiomannobioside,0,1,1
ahistidine,0,1,1
.feline,0,1,1
chlorogenin,0,1,1
milumine,0,1,1
nearbaseline,0,1,1
posione,0,1,1
mikrophthalmus,0,1,1
daten).eine,0,1,1
cyclandelat,0,1,1
flunarizin,0,1,1
isoaminil,0,1,1
wirkstoffen,0,1,1
simplotan,0,1,1
chininhaltigen,0,1,1
exoderil,0,1,1
ancotil,0,1,1
typhusvakzine,0,1,1
medikamentenbedingt,0,1,1
diblocin,0,1,1
guanfacin,0,1,1
organanomalien,0,1,1
sprachentwicklungsstörungen,0,1,1
ausgetragen,0,1,1
agonismus,0,1,1
frühgeburtsbestrebungen,0,1,1
sciscione,0,1,1
bakterienflora,0,1,1
mechlorethamin,0,1,1
b.leustatin,0,1,1
paskulin,0,1,1
hycamtin,0,1,1
fehlgeschlagenem,0,1,1
hypophysenvorderlappenhormone,0,1,1
frühabortrate,0,1,1
liothyronin,0,1,1
humaninsulin,0,1,1
glibornurid,0,1,1
diastabol,0,1,1
pargluva,0,1,1
inkretine,0,1,1
langzeituntersuchungen,0,1,1
fallbeschreibungen,0,1,1
eythropoietine,0,1,1
psorcutan,0,1,1
tacalcitol,0,1,1
roaccutan,0,1,1
publiziert,0,1,1
rotationsachse,0,1,1
karzinomrisiko,0,1,1
fruchthöhle,0,1,1
familienalbum,0,1,1
lebensbedingungen,0,1,1
entzugserscheinungen,0,1,1
amnionhöhle,0,1,1
reinigungen,0,1,1
lipomelanin,0,1,1
edic)/nhydroxysulfosuccinimide,0,1,1
atrzine,0,1,1
perchloroethene,0,1,1
tigen,0,1,1
panitsa,0,1,1
protocalcitonin,0,1,1
toivanen,0,1,1
deformazione,0,1,1
cessa,0,1,1
inspirazione,0,1,1
opsonizzazione,0,1,1
trasudazione,0,1,1
online.•,0,1,1
brightin,0,1,1
technvio,0,1,1
takahiko,0,1,1
rinderserumalbumin,0,1,1
glycol)-polyethyleneimine,0,1,1
consequences?chloroquine,0,1,1
glutamylvaline,0,1,1
glutamylphenylalanine,0,1,1
glutamylthreonine,0,1,1
lysoplasmologen,0,1,1
travade,0,1,1
juglanine,0,1,1
à33.69,0,1,1
c-672,0,1,1
wereprone,0,1,1
radata,0,1,1
hexatrine,0,1,1
bellusci,0,1,1
prothrombine,0,1,1
putida,0,1,1
cotrimozaxole,0,1,1
ürzburg,0,1,1
sulfamothoxazole,0,1,1
pometan,0,1,1
jozamycine,0,1,1
ciprofloksacin,0,1,1
tetracilin,0,1,1
pef1,0,1,1
astone,0,1,1
tib120,0,1,1
norepineprhine,0,1,1
fenclonine,0,1,1
kapillarendothel,0,1,1
forschungsaufträgen,0,1,1
themenblöcke,0,1,1
forschungen,0,1,1
ausgezeichnete,0,1,1
konzepts,0,1,1
berufsfähig,0,1,1
zugetragen,0,1,1
trien-3-one,0,1,1
"3(4)-dien-8,12-olide",0,1,1
acetoxycholestanone,0,1,1
of(+)-gomisin,0,1,1
of(+)-elaeokanine,0,1,1
azukisaponin,0,1,1
dihydroxychole,0,1,1
demethylalstophylline,0,1,1
celorbicol,0,1,1
rhodomycinone,0,1,1
hydroxyhernangerine,0,1,1
humantenine,0,1,1
cflourocurarine,0,1,1
inokosterone,0,1,1
podecdysone,0,1,1
isopicropodophyllone,0,1,1
k-290,0,1,1
limocin,0,1,1
limocrocine,0,1,1
lupinine,0,1,1
physangulide,0,1,1
transformatin,0,1,1
"thiazolo[4,5-b:5',4'-e]pyridine-2,6-diamine",0,1,1
orbitopathy,0,1,1
acridan,0,1,1
hydroxypyridone,0,1,1
providone iodine,0,1,1
azitromicine,0,1,1
muromomab,0,1,1
spainis,0,1,1
quercetin quercetin,0,1,1
zàojiăocì,0,1,1
nystamus,0,1,1
framework.alone,0,1,1
dnisolone,0,1,1
ravir,0,1,1
ndipropyltryptamine,0,1,1
bstone,0,1,1
neurothelin,0,1,1
b'microglobulin,0,1,1
b'mieroglobulin,0,1,1
cardura,0,1,1
ehime,0,1,1
demethyliomazenil,0,1,1
myocardinm,0,1,1
impuls,0,1,1
in-111-pentetreotide,0,1,1
peker,0,1,1
iodoaniline,0,1,1
iodoallylamine,0,1,1
c-11]norepinephrine,0,1,1
desiprarnine,0,1,1
nanocol,0,1,1
greuplll,0,1,1
lsoproteronol,0,1,1
medlcine,0,1,1
bondclone,0,1,1
thrombopenias,0,1,1
buntaine,0,1,1
guzman,0,1,1
drupracine,0,1,1
desmethylcephalotaxine,0,1,1
isoharringtonine,0,1,1
nordeoxyharringtonine,0,1,1
bishomodeoxyharringtonine,0,1,1
tosylamine,0,1,1
spirocyclopentenone,0,1,1
valerolactone,0,1,1
singlecrystalline,0,1,1
rodopsin,0,1,1
dieugenol,0,1,1
tetrahydrodieugenol,0,1,1
styrylquinoline,0,1,1
triptone,0,1,1
spingomyelin,0,1,1
dexametaxone,0,1,1
bedrail,0,1,1
year.-to,0,1,1
capremabol,0,1,1
niisopropylethylamine,0,1,1
"tris[(1benzyl-1h-1,2,3-triazol-4-yn)methyl]amine",0,1,1
fibriuogen,0,1,1
cytoehalasin,0,1,1
szimulat,0,1,1
m.leone,0,1,1
a.alatri,0,1,1
partan,0,1,1
mcummt,0,1,1
thrembopiastin,0,1,1
flowtron,0,1,1
fibrinegen,0,1,1
coliagen,0,1,1
coiiagen,0,1,1
haelll,0,1,1
ptasminogen,0,1,1
phylochinone,0,1,1
douhle,0,1,1
encxaparine,0,1,1
bismuthiol,0,1,1
granulocytopeleeis,0,1,1
thrombemodulin,0,1,1
tl'gambophil,0,1,1
navinfo,0,1,1
offenkundigen,0,1,1
cirrhosisone,0,1,1
prenisone,0,1,1
cretainine,0,1,1
microsurgeon,0,1,1
antitripsin,0,1,1
gentamytin,0,1,1
hydroxyphenylpropionylglycine,0,1,1
thaiamus,0,1,1
dctnil,0,1,1
phcnol,0,1,1
cyanomcthemoglobin,0,1,1
ucctone,0,1,1
trealrncnt,0,1,1
lcvine,0,1,1
hrmoglobin,0,1,1
.hemagglutinin,0,1,1
hcmoglobin,0,1,1
rihonuclcoprotcin,0,1,1
pseutloinyxovir,0,1,1
tlian,0,1,1
lipoprotcin,0,1,1
ovornucin,0,1,1
nscribcd,0,1,1
selectamine,0,1,1
olfatorios,0,1,1
"±)-6′,6′difluoroaristeromycin",0,1,1
dioxol-4(5h)-one,0,1,1
remdesivirare,0,1,1
bathocuproine,0,1,1
tiron,0,1,1
deambulazione,0,1,1
l'infestazione,0,1,1
strongiloidiasi,0,1,1
importazione,0,1,1
constatazione,0,1,1
0dideoxythymidine,0,1,1
~-phenylenediamine,0,1,1
d574y,0,1,1
qjq84843,0,1,1
a684v,0,1,1
bocéprevir,0,1,1
érythomycine,0,1,1
.sarsasapogenin,0,1,1
clakamus,0,1,1
à9.55,0,1,1
sulfamethoxizole,0,1,1
kümpornsin,0,1,1
wangwiwatsin,0,1,1
lopanovirritanovir,0,1,1
emicitrabine,0,1,1
glu290,0,1,1
andini,0,1,1
fragmentligationsreaktione,0,1,1
amidbindungen,0,1,1
fragmentligationen,0,1,1
lp tipdcs,0,1,1
papule,0,1,1
mage-3,0,1,1
hk$7á8,0,1,1
trans‐chalcone,0,1,1
piţigoi,0,1,1
bencentinib,0,1,1
laeverin,0,1,1
zwak,0,1,1
lisoleucine,0,1,1
nicotyrine,0,1,1
group.acylglycerophosphocholine,0,1,1
buchel,0,1,1
azathioprine azathioprine,0,1,1
lundgren,0,1,1
makowski,0,1,1
ohmagari,0,1,1
analays,0,1,1
watermethanol,0,1,1
dea20140630499).none,0,1,1
dengzhanxixin,0,1,1
ferdowsi,0,1,1
firsteline,0,1,1
iouridine,0,1,1
valgancicovir,0,1,1
mykosen,0,1,1
gelenkhöhle,0,1,1
hyperferritin,0,1,1
ferritinproreine,0,1,1
fortecortine,0,1,1
yglycogen,0,1,1
l[3ss]methionine,0,1,1
teamsitzungen,0,1,1
blusulfan,0,1,1
neuthrophil,0,1,1
r²=0.76,0,1,1
leylystad,0,1,1
hypophosphaturea,0,1,1
corticosteriods,0,1,1
infarktzone,0,1,1
lip+5,0,1,1
crotaline,0,1,1
griflin,0,1,1
indulen,0,1,1
tollwutvakzine,0,1,1
karataglis,0,1,1
oxaloglycine,0,1,1
nonin,0,1,1
toinosine,0,1,1
polypropylenemine,0,1,1
o(2')-dibutyryladenosine,0,1,1
diacrylatepolyethylenimine,0,1,1
cjtolysin,0,1,1
cylolysin,0,1,1
camelliatannin,0,1,1
xroper,0,1,1
moxazole,0,1,1
eflecti,0,1,1
geburtsdauer,0,1,1
werden.․adrenalin,0,1,1
epiphyse,0,1,1
ysine,0,1,1
crateriform,0,1,1
nebennierenrindeninsuffzienz,0,1,1
zerebrovaskuläre,0,1,1
übermäßigen,0,1,1
schlagarbeitsindex,0,1,1
herzinsuffzienz,0,1,1
calvasculin,0,1,1
methionine sulfoxide,0,1,1
nf023).other,0,1,1
vankomcin,0,1,1
fysiform,0,1,1
mezzosopranos,0,1,1
castelguidone,0,1,1
baculovi,0,1,1
trisegmental,0,1,1
exocol,0,1,1
couchée,0,1,1
concentrés,0,1,1
séborrhée,0,1,1
noramidopyrine,0,1,1
macrovasculaire,0,1,1
bénin,0,1,1
toxoplasme,0,1,1
l'imipramine,0,1,1
l'éosine,0,1,1
névirapine,0,1,1
l'aldostérone,0,1,1
transitoire,0,1,1
roiron,0,1,1
cimétidine,0,1,1
grayline,0,1,1
markelo,0,1,1
concizumab,0,1,1
gerbaudo,0,1,1
thiolsglutathione,0,1,1
lactámicos,0,1,1
lysogeny,0,1,1
jiuzilianhuancao,0,1,1
benzyladenine,0,1,1
raskoti,0,1,1
longjiaocao,0,1,1
flavidinin,0,1,1
oxoflavidinin,0,1,1
isohircinol,0,1,1
vanilloloside,0,1,1
adeniosine,0,1,1
militarine,0,1,1
loroglossin,0,1,1
isohamnetin,0,1,1
cymbidiumniujiaosanqi,0,1,1
onithine,0,1,1
jararacin,0,1,1
sulphonilamide,0,1,1
hexadecyltrimethylammonium,0,1,1
formylmethionylleucylphenylalanine,0,1,1
decyltriphenylphosphonium,0,1,1
marrubiin,0,1,1
cortagine,0,1,1
clipstone,0,1,1
c5bl/10,0,1,1
leukotaxine,0,1,1
pontamine,0,1,1
kyttaris,0,1,1
glyvenol,0,1,1
betablockade,0,1,1
collicky,0,1,1
ziekteperiode,0,1,1
haick,0,1,1
haveundergone,0,1,1
etiologicrole,0,1,1
oftheeye,0,1,1
althoughcontroversy,0,1,1
notdone,0,1,1
diagnosisin,0,1,1
grynkiewicz,0,1,1
modafanil,0,1,1
dantroline,0,1,1
tetrahydocannabinol,0,1,1
cytogram,0,1,1
sporangiola,0,1,1
t(7;12)(p22;q13,0,1,1
potassium channelopathy,0,1,1
petitdemange,0,1,1
gangadhara,0,1,1
base.•,0,1,1
diphterieantitoxin,0,1,1
ubiquione,0,1,1
annahine,0,1,1
limitedline,0,1,1
ajide,0,1,1
vibralactone,0,1,1
6-ohdopamine,0,1,1
bronchicine,0,1,1
ycine,0,1,1
chloroquine chloroquine,0,1,1
diaryltetrazole,0,1,1
tungsrisiko,0,1,1
nachblutungsrisiko,0,1,1
chroo,0,1,1
lysine cadaverine,0,1,1
norvaline butylamine,0,1,1
lanthione,0,1,1
oligosacharide,0,1,1
moguisteine,0,1,1
pyrimidinedione,0,1,1
contactan,0,1,1
timestampsone,0,1,1
flatb,0,1,1
lipopolysaecharide,0,1,1
enviroline,0,1,1
certirizine,0,1,1
adtemiztde,0,1,1
antagonistfamotidine,0,1,1
behandelingen,0,1,1
afvragen,0,1,1
guichou,0,1,1
.decline,0,1,1
improvementit,0,1,1
gallenalkohole,0,1,1
αsyn,0,1,1
massalit,0,1,1
dynein,0,1,1
rhodosin,0,1,1
hydroxyichloroquine,0,1,1
azythromicine,0,1,1
leu276,0,1,1
tyr279,0,1,1
gly283,0,1,1
ile285,0,1,1
asp290,0,1,1
asn317,0,1,1
phe318,0,1,1
asn331,0,1,1
ile332,0,1,1
interferonopathies.of,0,1,1
f40l,0,1,1
escueltin,0,1,1
errorprone,0,1,1
rozmus,0,1,1
sectionsa,0,1,1
vedolibumab,0,1,1
moein,0,1,1
superokside,0,1,1
variants(40,0,1,1
iwhole,0,1,1
.depakine,0,1,1
bo¨ine,0,1,1
hypertensionis,0,1,1
standardimpfempfehlungen,0,1,1
männlichen,0,1,1
regressionanalyse,0,1,1
chelerythine,0,1,1
rhetorik,0,1,1
scheiner,0,1,1
periplocin,0,1,1
normotensa,0,1,1
antifosfolipideantistoffen,0,1,1
baringen,0,1,1
.defensine,0,1,1
betalactoglobulin,0,1,1
thesec,0,1,1
polgar,0,1,1
patscan,0,1,1
concerta,0,1,1
angegangen,0,1,1
amitryptilin,0,1,1
tnf-(infliximab,0,1,1
días,0,1,1
krakauer,0,1,1
l'ozeltamivir,0,1,1
monomaine,0,1,1
tricyclononene,0,1,1
triquinacene,0,1,1
methyne,0,1,1
val1146,0,1,1
shogren,0,1,1
gerken,0,1,1
khodadoustan,0,1,1
azimycin,0,1,1
supportan,0,1,1
sodium chlorate,0,1,1
pbs+bsa+saponin,0,1,1
roche).data,0,1,1
ciamexone,0,1,1
mamus,0,1,1
triazolopyrazine,0,1,1
decane-2-propanamine,0,1,1
anthrapyrazolone,0,1,1
neuroblastomata,0,1,1
somatostatin somatostatin,0,1,1
leukostatin,0,1,1
wurzeleintrittszone,0,1,1
pseudodystone,0,1,1
studienevidenz,0,1,1
leukozytenintegrine,0,1,1
zentralnervös,0,1,1
urg.4,0,1,1
ionomycine,0,1,1
speichelto,0,1,1
speicheltoxine,0,1,1
org.cn/showproj.aspx?proj=48880).favipiravir,0,1,1
genogroups,0,1,1
tris-hydroxypropyltriazolylmethylamine,0,1,1
trioleandomycin,0,1,1
trifluoroacetylchloride,0,1,1
aminooxypentaine,0,1,1
retrosine,0,1,1
gankyrin,0,1,1
vetstat,0,1,1
pvselectin,0,1,1
thrombinthrombin,0,1,1
glycerophosphatidylethanolamine,0,1,1
fonzone,0,1,1
brovarone,0,1,1
méticilline,0,1,1
l'aminopénicilline,0,1,1
trennscharfen,0,1,1
rhinorrhée,0,1,1
pharyngite,0,1,1
betamathasone,0,1,1
kawano,0,1,1
thorowax,0,1,1
alcohole,0,1,1
keratine,0,1,1
thyroglobin,0,1,1
d'arienzo,0,1,1
kulchitzky,0,1,1
oxyglutathione,0,1,1
avipatadil,0,1,1
fasciolicide,0,1,1
ridelliine,0,1,1
einwirkungen,0,1,1
rezeptorblockade,0,1,1
gefäßstrecke,0,1,1
sialoproteine,0,1,1
gewebsmakrophagen,0,1,1
phosphatidylserin,0,1,1
schwingen,0,1,1
polymerpolyvinylpyrrolidone,0,1,1
rubropunctamine,0,1,1
lebendvaccine,0,1,1
linescan,0,1,1
suganuma,0,1,1
minipixel,0,1,1
e2)3,0,1,1
lys093,0,1,1
gleichbehandlungsgrundsatz,0,1,1
tertbutylhydroperoxide,0,1,1
dgalactoside,0,1,1
dexmédétomidine,0,1,1
ondansétron,0,1,1
dipyridophenazine,0,1,1
.isatoribine,0,1,1
foldingprone,0,1,1
redefine,0,1,1
change?we,0,1,1
vitamin d3,0,1,1
pappagianis,0,1,1
etaner,0,1,1
athy,0,1,1
dynamicscan,0,1,1
kitasaymcin,0,1,1
fusdil,0,1,1
profilinine,0,1,1
epileptiform,0,1,1
gewonde,0,1,1
zandvliegen,0,1,1
profundidade,0,1,1
offeline,0,1,1
0dideoxyadenosine,0,1,1
"2,6-difluoro-3-chloro-3-deazapurine",0,1,1
preprotachykinin,0,1,1
carbapenem imipenem,0,1,1
methyloxazoline,0,1,1
.versican,0,1,1
therapieresultat,0,1,1
eventin,0,1,1
centriole,0,1,1
revenue.•,0,1,1
tablet/10,0,1,1
zoetis,0,1,1
felinine,0,1,1
potassium gluconate,0,1,1
potassium citrate,0,1,1
edtafluoride,0,1,1
post).urine,0,1,1
krawitzky,0,1,1
fujitani,0,1,1
tivortin,0,1,1
mm).serum,0,1,1
fluticasone propionate,0,1,1
pullerits,0,1,1
razole,0,1,1
eightynine,0,1,1
hydroxicine,0,1,1
oxybutinine,0,1,1
sivam,0,1,1
santosham,0,1,1
kunnumakkara,0,1,1
proteon,0,1,1
leishmaniasisin,0,1,1
partnersone,0,1,1
exantheme,0,1,1
fortgesetzte,0,1,1
zystektomie,0,1,1
leberfunktin,0,1,1
brevanib,0,1,1
malignomrisiko,0,1,1
r-(+)-methanandamide,0,1,1
leaney,0,1,1
calsequestin,0,1,1
operationem,0,1,1
aquaporine,0,1,1
darusentan,0,1,1
triethyleneglycole,0,1,1
triphenyltinchloride,0,1,1
ggmbh,0,1,1
gln(trt)-accresin,0,1,1
haematoxylin&eosin,0,1,1
schwannian,0,1,1
chromongranin,0,1,1
ßcatenin,0,1,1
t.c.c,0,1,1
e.m.a,0,1,1
hantaan,0,1,1
mesenchymaa,0,1,1
gefinitib,0,1,1
manntiol,0,1,1
poizat,0,1,1
garrel,0,1,1
cardiotonin,0,1,1
homoallylglycine,0,1,1
oligolactosamine,0,1,1
‡4.1,0,1,1
phenothiazine acetaminophen,0,1,1
otrifluoromethylfluorobenzene,0,1,1
hemicyanine,0,1,1
trifluoromethylbenzylphenol,0,1,1
phydroxyaniline,0,1,1
transplantatabstoßungen,0,1,1
tetrazyklinen,0,1,1
enterpriseone,0,1,1
benzylaminopurine,0,1,1
phosphopeptide,0,1,1
postbone,0,1,1
gs4.1,0,1,1
catbepsin,0,1,1
reserved.norepinephrine,0,1,1
boccytosine,0,1,1
lastrea,0,1,1
kexl,0,1,1
prekit,0,1,1
curcin,0,1,1
dianthin,0,1,1
saporin,0,1,1
influenzacan,0,1,1
aspidinol,0,1,1
aurantioobtusin,0,1,1
јdeoxythymidine,0,1,1
јthiacytidine,0,1,1
concin,0,1,1
uktraine,0,1,1
resektionsausmaß,0,1,1
verziehunge,0,1,1
komplikationsriskiko,0,1,1
r)-6-odesmethylantofine,0,1,1
fourmy,0,1,1
triiodothryonine,0,1,1
efavarenz,0,1,1
natalizimab,0,1,1
cedinarib,0,1,1
recentin,0,1,1
asytole,0,1,1
sahnomysin,0,1,1
nmethyldlpropylamine,0,1,1
rustan,0,1,1
endocytosls,0,1,1
monensln,0,1,1
mgencin,0,1,1
bioequivalence,0,1,1
vinylchlorid,0,1,1
rachootin,0,1,1
.dihydroprymidinone,0,1,1
monstraol,0,1,1
manostrol,0,1,1
diphenylpicrylhydrazine,0,1,1
cu(ii)-neocuproine,0,1,1
neocuprine,0,1,1
matzinger,0,1,1
nonpalivizumab,0,1,1
kouthouris,0,1,1
alexandris,0,1,1
amole,0,1,1
radiogramma,0,1,1
reticolazione,0,1,1
consolidazione,0,1,1
presidentialit,0,1,1
bis(2pyridinyl)-disulfide,0,1,1
strommessungen,0,1,1
dehydroepinandrosterone,0,1,1
lipocalyx,0,1,1
annongu,0,1,1
locationcan,0,1,1
lündbeck,0,1,1
polymicrobian,0,1,1
clinican,0,1,1
yacine benhocine,0,1,1
polyvidone iodine,0,1,1
university,0,1,1
mexicalli,0,1,1
monoganglioside,0,1,1
lost.omalizumab,0,1,1
ambroisine,0,1,1
exaed,0,1,1
concide,0,1,1
dinitrophenyhydrazine,0,1,1
dishcloths,0,1,1
il−6,0,1,1
inwnunol,0,1,1
replat,0,1,1
nnitrobenzenesulfonamide,0,1,1
kg).cyclosporine,0,1,1
frazza,0,1,1
fucolectin,0,1,1
fluoroquinone,0,1,1
topyrimidine,0,1,1
gorbunova,0,1,1
hautfaltendicke,0,1,1
lebwohl,0,1,1
loviride,0,1,1
gtcactcacctatttttgg-3,0,1,1
gagttcgcgg-3,0,1,1
thromboelastegram,0,1,1
antichemotrypsin,0,1,1
nimodipione,0,1,1
boluses,0,1,1
yabby,0,1,1
reanimationsalgorithmus,0,1,1
coinfectan,0,1,1
pentagalloylglucoside,0,1,1
macrobacilli,0,1,1
ostri,0,1,1
niham,0,1,1
andrabi,0,1,1
cltyrosine,0,1,1
exceptin,0,1,1
stenois,0,1,1
dalagangbukid,0,1,1
kadioglu,0,1,1
fistulogram,0,1,1
bierbrauer,0,1,1
lymphangiogram,0,1,1
chrornatin,0,1,1
tallone,0,1,1
rtifli,0,1,1
irchel,0,1,1
vasoprcssin,0,1,1
sulfoanceinimidobiotin,0,1,1
gmmbacher,0,1,1
vasoprassin,0,1,1
cavalll,0,1,1
l.stoppini,0,1,1
chdstan,0,1,1
prcline,0,1,1
"p4501,ll=",0,1,1
broadalumab,0,1,1
oclis,0,1,1
"ribofuranosylthiazolo[4,5-d]pyrimidine-2,7(3h,7h)-dione",0,1,1
bridge.•,0,1,1
substilisin,0,1,1
kilobasenpaare,0,1,1
cvsteine,0,1,1
cd4+foxp3,0,1,1
amphiregullin,0,1,1
rmse=0.087,0,1,1
s.e.m,0,1,1
norburprenorphine,0,1,1
profilesin,0,1,1
hypot+phenylephrine,0,1,1
cyokeratin,0,1,1
northindrone,0,1,1
yacetosyringone,0,1,1
tignanelli,0,1,1
angestiegenem,0,1,1
lebenshalbjahr,0,1,1
mycophenolate sodium,0,1,1
"the""offline",0,1,1
ctivea,0,1,1
relativemycin,0,1,1
azithroime,0,1,1
doxyprotocol,0,1,1
vesicles,0,1,1
cupin,0,1,1
"1,1-dihydroxy-3-ethoxy-2-butanone",0,1,1
endocardium,0,1,1
dystropin,0,1,1
formylhydrazine,0,1,1
arsthinol,0,1,1
urokinase plasminogen,0,1,1
commendamide,0,1,1
yunlu,0,1,1
patienfen,0,1,1
neolactohexaosylceramide,0,1,1
gctaaag-3,0,1,1
tctc-3,0,1,1
occuras,0,1,1
deoxyhaemoglobin,0,1,1
macrospin,0,1,1
furazoli,0,1,1
tacine,0,1,1
folgende,0,1,1
autoantigene,0,1,1
ameisenlaufen,0,1,1
grtinem,0,1,1
befruchtungen,0,1,1
grfine,0,1,1
zahleu,0,1,1
griine,0,1,1
yearseveryone,0,1,1
libertin,0,1,1
textilis,0,1,1
leasin,0,1,1
2trimethylsilyloxypyrimidine,0,1,1
toluoyl)-2'-deoxyzebularine,0,1,1
hémagglutinine,0,1,1
pertactine,0,1,1
xanthimicrol,0,1,1
pseudoguainolide,0,1,1
carboxymethyllysin,0,1,1
rehabilitationsperiode,0,1,1
rehabilitationsprogramm,0,1,1
mäuseneine,0,1,1
träger,0,1,1
fcerii,0,1,1
arylsulfatase,0,1,1
lipophosphatidylcholine,0,1,1
lymphotactine,0,1,1
anaphylactogen,0,1,1
a1-antichymotrypsin,0,1,1
sialoadhesine,0,1,1
anisotremus,0,1,1
pressur,0,1,1
sivct,0,1,1
lothian,0,1,1
trend=10.4,0,1,1
biotiny,0,1,1
trasylole,0,1,1
pinobaksin,0,1,1
plasmanoradrenaline,0,1,1
vervingen,0,1,1
conditionscan,0,1,1
aufga,0,1,1
sodium azide in,0,1,1
overdistensionin,0,1,1
eav.uridine,0,1,1
lebensfragebogen,0,1,1
krampfen,0,1,1
secrehou,0,1,1
blocksteine,0,1,1
uferzone,0,1,1
drängen,0,1,1
gemindert,0,1,1
lmethiolnine,0,1,1
clostridientoxine,0,1,1
artgenossen,0,1,1
organicsulfide,0,1,1
cmscan,0,1,1
gilmartin,0,1,1
naphthylthiourea,0,1,1
perine,0,1,1
observersin,0,1,1
.adrecizumab,0,1,1
bicolumnar,0,1,1
verrichtet,0,1,1
mitübernimmt,0,1,1
entscheidungen,0,1,1
eoat,0,1,1
kadkade,0,1,1
phaeofobrea,0,1,1
laberrimus,0,1,1
hoffm,0,1,1
mercaptoacetyltriglycin,0,1,1
n-23diacetylguanine,0,1,1
ammonium azide,0,1,1
selenomethionine selenomethionine,0,1,1
.cysteine,0,1,1
rotonavir,0,1,1
charline,0,1,1
ͼmean,0,1,1
cholylglycine,0,1,1
causalidade,0,1,1
r%,0,1,1
forthy,0,1,1
gtggtc-3,0,1,1
proles,0,1,1
bimportin,0,1,1
fribrillarin,0,1,1
tetraflorophenol,0,1,1
topioaz,0,1,1
metalodobenzylguanidine,0,1,1
telinride,0,1,1
possihle,0,1,1
anesthesiamahine,0,1,1
inhibitoravdoralimab,0,1,1
mellvaine,0,1,1
diafine,0,1,1
accufine,0,1,1
folkeskole,0,1,1
paraballismus,0,1,1
.chaetocin,0,1,1
cardiotóxicos,0,1,1
l'amodiaquine,0,1,1
daara,0,1,1
tabagisme,0,1,1
d'artémisinine,0,1,1
bivudine,0,1,1
pulkkinen,0,1,1
.phagicin,0,1,1
gadomski,0,1,1
thylpenicilline,0,1,1
testostérone,0,1,1
l'intermédiaire,0,1,1
1eucine,0,1,1
investigato,0,1,1
rombenbildungen,0,1,1
tlim,0,1,1
trabectedine,0,1,1
ciprofloxacine-50%.conclusions,0,1,1
nervenüberträgerstoffen,0,1,1
mönch,0,1,1
riboflavinsensitivität,0,1,1
tiglylglycin,0,1,1
decanoat,0,1,1
hexanoylcarnitin,0,1,1
octanoylcarnitin,0,1,1
decanoylcarnitin,0,1,1
decenoylcarnitin,0,1,1
suberylglycin,0,1,1
glutarylcarnitin,0,1,1
oligoribonucelotide,0,1,1
ipilimulmab,0,1,1
ptyalin,0,1,1
width.•,0,1,1
prolape,0,1,1
vessel.•,0,1,1
sargaz,0,1,1
zymögen,0,1,1
thrombozytenfusionen,0,1,1
direktorin,0,1,1
ngcuka,0,1,1
adisaputri,0,1,1
organisms.http://www.abbs.info,0,1,1
celorigine,0,1,1
fieschi,0,1,1
ovomacroglobulin,0,1,1
galactoxylomannan,0,1,1
farcy,0,1,1
galactosylgloboside,0,1,1
cyclasehemolysin,0,1,1
sil6-r,0,1,1
ceparanthine,0,1,1
monohydroxyflavanone,0,1,1
abedini,0,1,1
deline,0,1,1
respecl,0,1,1
meegekregen,0,1,1
agnarr,0,1,1
ifðmean,0,1,1
ofneuroendocrine,0,1,1
reiffen,0,1,1
grameenphone,0,1,1
frequentd,0,1,1
fulyzaq,0,1,1
simiarenol,0,1,1
oetzel,0,1,1
rinitatolimod,0,1,1
clustersone,0,1,1
kongensin,0,1,1
keone,0,1,1
trifluoroperazine,0,1,1
entris,0,1,1
p4-serine,0,1,1
noradrealine,0,1,1
nallrexone,0,1,1
fincloxaoillin,0,1,1
m.i.c,0,1,1
epts,0,1,1
kliaisohe,0,1,1
conftrrn,0,1,1
perforraed,0,1,1
3.2±l.5days,0,1,1
respironicsl,0,1,1
cieatinine,0,1,1
vancomysin,0,1,1
hisddine,0,1,1
tcm222,0,1,1
tazobacttun,0,1,1
cloaldine,0,1,1
amilripyline,0,1,1
olloxacin,0,1,1
ofp.,0,1,1
turlxin,0,1,1
mefloquine hydrochloride,0,1,1
constraintsb,0,1,1
yersini,0,1,1
zygomyc,0,1,1
tubulincolchicine,0,1,1
neophellamuretin,0,1,1
glycerophosphocholin,0,1,1
agentssarilumab,0,1,1
oxoniobium,0,1,1
à0.54,0,1,1
vermelone,0,1,1
discontinuedlopinavir,0,1,1
p-247,0,1,1
breedspectrumpenicilline,0,1,1
generatiecefalosporine,0,1,1
pseudamnicola,0,1,1
ethylendiamine,0,1,1
o'mara,0,1,1
trombomodulin,0,1,1
f=56.4,0,1,1
oftunicamycin,0,1,1
contextsone,0,1,1
onlyone,0,1,1
cervicouterine,0,1,1
cyclosprine,0,1,1
methylenedioxypyrovalerone,0,1,1
vitamin b1(thiamine,0,1,1
strongylid,0,1,1
tetrahydro-2(1h)pyrimidinone,0,1,1
cryptosporidiutn,0,1,1
.sirukumab,0,1,1
funeriu,0,1,1
biomarine,0,1,1
bosmin,0,1,1
bactrin,0,1,1
piperacillin sodium,0,1,1
colstin,0,1,1
tasobactam,0,1,1
clinicin,0,1,1
sufamethoxazole,0,1,1
lacerata,0,1,1
.carrimycin,0,1,1
skochelak,0,1,1
sulfenazone,0,1,1
semisodium,0,1,1
danoprevir sodium,0,1,1
"triazol-1-yl)-3-(3,4,5-trimethoxyphenyl)prop-2-en-1-one",0,1,1
chungen,0,1,1
fluorophenylalanine,0,1,1
methylpropanolamine,0,1,1
acetylaranotin,0,1,1
apoaranotin,0,1,1
venturicidin,0,1,1
atropine atropine,0,1,1
trustzone,0,1,1
bevacizimab,0,1,1
fosarelli,0,1,1
poussa,0,1,1
laosmaa,0,1,1
toane,0,1,1
ramajayam,0,1,1
médécine,0,1,1
priorisierungsliste,0,1,1
klinikabläufen,0,1,1
petroze,0,1,1
transplacental,0,1,1
lycoline,0,1,1
ribonucleoprotein,0,1,1
lrypin,0,1,1
diethylnipecotamide,0,1,1
linksterrorismus,0,1,1
tötungen,0,1,1
rechtsterrorismus,0,1,1
begingen,0,1,1
gefährderansatz,0,1,1
abflogen,0,1,1
tathandlungen,0,1,1
bundesrepublik,0,1,1
polizeiwagen,0,1,1
häfen,0,1,1
beteiligen,0,1,1
fingerabdrücke,0,1,1
regierungsabteilungen,0,1,1
fortschritts,0,1,1
vorrang,0,1,1
gefahrenermittlungen,0,1,1
strafmaß,0,1,1
genehmigen,0,1,1
antiterroruntersuchungen,0,1,1
narcoterrorismus,0,1,1
zuzugreifen,0,1,1
zentralisiert,0,1,1
zugreifen,0,1,1
schufen,0,1,1
fotografien,0,1,1
elektronischer,0,1,1
zygomycota,0,1,1
hexafluoropropanol,0,1,1
wasserstoffbrücken,0,1,1
phosphodiesterbindungen,0,1,1
implanon,0,1,1
cticos,0,1,1
nematodos,0,1,1
präzedenz,0,1,1
krisensituationen,0,1,1
flaming.4,0,1,1
drocodeine,0,1,1
codeorphan,0,1,1
nonsyncopal,0,1,1
arginine vasopressin,0,1,1
galactoserebroside,0,1,1
drometrizole,0,1,1
tuzel,0,1,1
trimethylguanosine,0,1,1
bovomucin,0,1,1
awade,0,1,1
efstathiou,0,1,1
osako,0,1,1
fugaz,0,1,1
sarcoide,0,1,1
pretreaed,0,1,1
azithromyc,0,1,1
ganaplacide,0,1,1
anticytotoxin,0,1,1
bnsulfan,0,1,1
j.immunol,0,1,1
ueutrophil,0,1,1
nonresponder,0,1,1
acinomycin,0,1,1
cqantltrypsin,0,1,1
nonhormone,0,1,1
spironaphthoxazine,0,1,1
cyanhydrine,0,1,1
"ii)-2,2-dipicolylamine",0,1,1
gauthier,0,1,1
kd=4.76,0,1,1
iodobenzylguanidine,0,1,1
bromobenzylguanidine,0,1,1
triehylamine,0,1,1
norbiotinamine,0,1,1
knottinintegrin,0,1,1
ga68-dota-1-nai3-octreotide,0,1,1
dimethyloxalyglycine,0,1,1
lthymidine,0,1,1
zetakine,0,1,1
ly-6clo,0,1,1
xilacine,0,1,1
µmole,0,1,1
"n'-(methylenedi-4,1-phenylene)bis[2-(1-pyrrolidinyl)acetamide",0,1,1
prosense,0,1,1
prosense750,0,1,1
carbuncle,0,1,1
fluoroiodoeytosine,0,1,1
phlegmarine,0,1,1
dihydroxyfawcettidine,0,1,1
lycoposerramine,0,1,1
lycotetrastine,0,1,1
sauroine,0,1,1
onychium,0,1,1
capitasterone,0,1,1
binaringenin,0,1,1
dicranopteris,0,1,1
pandoraea,0,1,1
provokationsabläufen,0,1,1
kurzichalcolactone,0,1,1
alamri,0,1,1
purcărea,0,1,1
dectris,0,1,1
goskomstat,0,1,1
probetragen,0,1,1
hexadimethrine bromide,0,1,1
childreneveryone,0,1,1
pediculicide,0,1,1
arnade,0,1,1
grishutin,0,1,1
actinomycetemcomitan,0,1,1
gewählt,0,1,1
verdrängt,0,1,1
reservemittel,0,1,1
frauenwurzel,0,1,1
geburtsmaße,0,1,1
hypertelorismus,0,1,1
aeromax,0,1,1
ziagen,0,1,1
fachgremium,0,1,1
elektrolytveränderungen,0,1,1
eldisine,0,1,1
vinflunin,0,1,1
daunoblastin,0,1,1
kozma,0,1,1
dopergin,0,1,1
hypogonadismus,0,1,1
triiodthyronin,0,1,1
cignolin,0,1,1
covid-19worldwide,0,1,1
tocilizumab tocilizumab,0,1,1
strattera,0,1,1
perthane,0,1,1
phygon,0,1,1
nmethylalanine,0,1,1
styrylamine,0,1,1
boxyproline,0,1,1
thombin,0,1,1
classesare,0,1,1
pynadath,0,1,1
dl).clofarabine,0,1,1
parp-1/-2,0,1,1
prococol,0,1,1
thyroglobuline,0,1,1
noblit,0,1,1
hydrocotisone,0,1,1
etoposide ifosphamide,0,1,1
ohtitin,0,1,1
phosplintcs,0,1,1
tlic nitrogen,0,1,1
tlic prccipitutiou,0,1,1
nlcoliol,0,1,1
zyinnsc,0,1,1
whcu tlic,0,1,1
iiiiil,0,1,1
tnrinin,0,1,1
tlicrcof,0,1,1
iiytlroside,0,1,1
cornmcncin,0,1,1
tlic liberiitcil iodine,0,1,1
nitirnonin,0,1,1
siilpliirtc,0,1,1
lciitls,0,1,1
funtiel,0,1,1
ligclrogen,0,1,1
xygcii,0,1,1
niitlior,0,1,1
broiiioforin,0,1,1
nllowcil,0,1,1
tliroiigli tlic,0,1,1
lrnsecl,0,1,1
clilonrtc,0,1,1
irliick,0,1,1
iiisulpliide,0,1,1
iicliiivioilr,0,1,1
tunitin,0,1,1
clycstufrs,0,1,1
suiuplc,0,1,1
tlinnt,0,1,1
plncecl,0,1,1
thcu,0,1,1
tlicui,0,1,1
nlilcliyclcs,0,1,1
tcstcil,0,1,1
iliissin,0,1,1
.dehydroepiandrosterone,0,1,1
transgen,0,1,1
levasole,0,1,1
sanderlin,0,1,1
ionoaycin,0,1,1
kedicine,0,1,1
tliyroglnhulin,0,1,1
fibiger,0,1,1
bufonis,0,1,1
payam,0,1,1
проходившие,0,1,1
гораздо,0,1,1
осложнений,0,1,1
ofcerulein,0,1,1
perphanazine,0,1,1
kontrollarm,0,1,1
freepatentsonline,0,1,1
obtengamos,0,1,1
guglielmone,0,1,1
cifostodine,0,1,1
actosin,0,1,1
cystitisin,0,1,1
placeboazithromycin,0,1,1
shumilina,0,1,1
inabenfide,0,1,1
corticosteroidhave,0,1,1
parapontine,0,1,1
austermeuhle,0,1,1
fungiform,0,1,1
simpleware,0,1,1
feritin,0,1,1
reuma2go,0,1,1
antistreptolisine,0,1,1
p.(val155met,0,1,1
neurocranium,0,1,1
methlyprednislone,0,1,1
deoxyspergualine,0,1,1
tarmare,0,1,1
lactobacterine,0,1,1
bifidumbacterine,0,1,1
manole,0,1,1
gliadinomorphin,0,1,1
orietalis,0,1,1
temesszentandrasi,0,1,1
ciclosphorine,0,1,1
separately(44.1,0,1,1
ayanin,0,1,1
predisolone,0,1,1
rampril,0,1,1
ekaterine,0,1,1
tinatin,0,1,1
keratopathy,0,1,1
initimab,0,1,1
nongnapa,0,1,1
furadantine,0,1,1
tixocortol-21-pivalate,0,1,1
metamphiron,0,1,1
santiniketan,0,1,1
d'indocyanine,0,1,1
schrankenstörungen,0,1,1
raumforderungszeichen,0,1,1
shown).bovine,0,1,1
encontraban,0,1,1
alkylimidazole,0,1,1
pressuretime,0,1,1
microscopisch,0,1,1
communication).sfv,0,1,1
asymptomatic.•,0,1,1
gse944,0,1,1
campestanol,0,1,1
oxysterole,0,1,1
laborstudien,0,1,1
triterpensapogenine,0,1,1
saikosaponine,0,1,1
flavonoidaglykone,0,1,1
disocorea,0,1,1
hematoxylinieosin,0,1,1
butylnitrone,0,1,1
ananthamurthy,0,1,1
thiopeptide,0,1,1
angiontensin,0,1,1
amphotcricin,0,1,1
oligonucleotidcs,0,1,1
kabemura,0,1,1
d'eskétamine,0,1,1
f]fluoroethyltyrosine,0,1,1
metastasesone,0,1,1
workplaceone,0,1,1
genherschikkingen,0,1,1
buikpijn,0,1,1
citraat,0,1,1
dikkedruppelpreparaat,0,1,1
thermonin,0,1,1
toxinbildner,0,1,1
bioshine,0,1,1
tutlingen,0,1,1
thulium,0,1,1
pelvitrainer,0,1,1
etilefrine,0,1,1
parvob,0,1,1
sec23a,0,1,1
facilit,0,1,1
st20-r,0,1,1
astograph,0,1,1
infilximab,0,1,1
leptine,0,1,1
drg177,0,1,1
potentiostat,0,1,1
fountzila,0,1,1
sepin,0,1,1
"9-[2-(phosphonomethoxy)ethlyl]-2,6-diaminopurine",0,1,1
trilobum,0,1,1
niketan,0,1,1
alphasloanine,0,1,1
phenanthroquinone,0,1,1
blespirol,0,1,1
dendrochrysanene,0,1,1
.dendrobine,0,1,1
pinobanksin,0,1,1
homoleucine,0,1,1
carbin,0,1,1
vrbanac,0,1,1
graystone,0,1,1
therrno,0,1,1
d-4-fluorophenylalanine,0,1,1
fremdt,0,1,1
lichochalocone,0,1,1
lichochalcone,0,1,1
drücke,0,1,1
patientenderzeitkeine,0,1,1
tox1c1ty,0,1,1
agencin,0,1,1
flowgen,0,1,1
cyclosporine.•,0,1,1
ofhabitat,0,1,1
mistrulli,0,1,1
ignarro,0,1,1
abk00084,0,1,1
pavione,0,1,1
ofil-17,0,1,1
tg(p<0.05,0,1,1
cyclospolin,0,1,1
basilixamb,0,1,1
reclone,0,1,1
rotundata,0,1,1
dietzgen,0,1,1
purinergen,0,1,1
doloris,0,1,1
neuroprotektin,0,1,1
.protektine,0,1,1
stressnil@,0,1,1
à0.03,0,1,1
βpropiolactone,0,1,1
dglucuronide,0,1,1
rustigan,0,1,1
antichaperone,0,1,1
indocarbocyanine,0,1,1
plambeck,0,1,1
thiazolopyridine,0,1,1
perhapsin,0,1,1
größte,0,1,1
silutixmab,0,1,1
iverrnectin,0,1,1
slough,0,1,1
dsrna.adenosine,0,1,1
arg125,0,1,1
.deoxynivalenol,0,1,1
laveine,0,1,1
exoexine,0,1,1
cxoexine,0,1,1
eqviticin,0,1,1
c~-actin,0,1,1
lyzylteicoplanin,0,1,1
tretaed,0,1,1
oduwole,0,1,1
arauridine,0,1,1
theodoris,0,1,1
.galantamine,0,1,1
premedicazione,0,1,1
tetrafluorosilane,0,1,1
schimdt,0,1,1
mineralkortikoide,0,1,1
phosophorylierungskaskade,0,1,1
calpaine,0,1,1
cifone,0,1,1
puissochet,0,1,1
hygromyocin,0,1,1
http://www.who.int/csr/disease/swineflu/,0,1,1
hypoalbum,0,1,1
perepelitsa,0,1,1
vorhöfen,0,1,1
ischämiezeichen,0,1,1
reboldi,0,1,1
ramundo,0,1,1
jejunoileal,0,1,1
fibrohexamerin,0,1,1
staudacher,0,1,1
tubulopapillary,0,1,1
hta125,0,1,1
ourin,0,1,1
enrollment.pipeline,0,1,1
tolvaptan ciclesonide,0,1,1
paltzev,0,1,1
a.ostanin,0,1,1
eoftriaxone,0,1,1
asscsaed,0,1,1
tracheostumy,0,1,1
bobula,0,1,1
imvine,0,1,1
lightgnide,0,1,1
suparoxide,0,1,1
g.touloumi,0,1,1
trandferrine,0,1,1
fibronectine,0,1,1
modificatione,0,1,1
piperaeillin,0,1,1
pseadomoaas,0,1,1
slcr,0,1,1
aminnglycosidcs,0,1,1
bilirabin,0,1,1
vasopressur,0,1,1
vantilatian,0,1,1
detemline,0,1,1
ledide,0,1,1
nedeljkovid,0,1,1
basline,0,1,1
cardiocap,0,1,1
desaturatione,0,1,1
carsin,0,1,1
menm,0,1,1
standmcd,0,1,1
haematoxyline,0,1,1
pentamini,0,1,1
daseline,0,1,1
bilimbine,0,1,1
b_p_~,0,1,1
riboxin,0,1,1
brancah,0,1,1
genestran,0,1,1
quinicrine,0,1,1
fouriertransform,0,1,1
lysophosphaditylethanolamine,0,1,1
osteoprotegrin,0,1,1
matricesin,0,1,1
lazarrini,0,1,1
rulnick,0,1,1
gastrostomiesin,0,1,1
bermudez,0,1,1
tunctan,0,1,1
furusu,0,1,1
choleragen,0,1,1
timko,0,1,1
5benzyloxygramine,0,1,1
thereacid,0,1,1
shown).telbivudine,0,1,1
erythrocarpa,0,1,1
superasin,0,1,1
bimaxillary,0,1,1
orthopantomogram,0,1,1
groupa,0,1,1
linguoplasty,0,1,1
nonstone,0,1,1
articaine hydrochloride,0,1,1
platysmoplasty,0,1,1
presplit,0,1,1
diaxone,0,1,1
timour,0,1,1
chandhini,0,1,1
willigen,0,1,1
billionen,0,1,1
kartsogiannis,0,1,1
i707v,0,1,1
sacetylmercaptoacetyltriglycine,0,1,1
ophyra,0,1,1
primperid,0,1,1
d'unité,0,1,1
adecline,0,1,1
asynchrone,0,1,1
stationäre,0,1,1
endotoxämischen,0,1,1
phosphorimidazolide,0,1,1
consin,0,1,1
tcaacgcttgtcctc-3,0,1,1
zalcitabin,0,1,1
schumannificine,0,1,1
ouinoline,0,1,1
ecs00480glutathione,0,1,1
nitrotoluene,0,1,1
auraminerhodamine,0,1,1
manhatan,0,1,1
signaltransduktionswegen,0,1,1
j.neuroimmunol,0,1,1
xrhodamine,0,1,1
quinoneimine,0,1,1
titertek,0,1,1
z.b.der,0,1,1
"http://snp.cshl.org),einem",0,1,1
brusin,0,1,1
gedeihstörungen,0,1,1
essstörungen,0,1,1
elidel,0,1,1
costutil,0,1,1
contageon,0,1,1
histolysin,0,1,1
periodontain,0,1,1
nitrophenylalanine,0,1,1
cevenini,0,1,1
tryipsin,0,1,1
earleywine,0,1,1
nonmurine,0,1,1
tatpeptide,0,1,1
butyldeoxynojirimicin,0,1,1
trefouel,0,1,1
phosphoinothricin,0,1,1
αsolamargine,0,1,1
uliginosin,0,1,1
wolin,0,1,1
effettuzione,0,1,1
condizionato,0,1,1
lacerazione,0,1,1
suzione,0,1,1
insufflazione,0,1,1
dihydroflustramine,0,1,1
βcarboline,0,1,1
chlorophenylpiperazine,0,1,1
casozepine,0,1,1
baimaogen,0,1,1
unisolide,0,1,1
suphamethoxazole,0,1,1
faustan,0,1,1
ªpseudoappendicitisº,0,1,1
storci,0,1,1
pevna,0,1,1
alemtuxumab,0,1,1
31y,0,1,1
abdelkefi,0,1,1
tommasini,0,1,1
yoshihara,0,1,1
yujiri,0,1,1
remberger,0,1,1
tirelli,0,1,1
hydroxydaunorubicine,0,1,1
sudgen,0,1,1
vinvristine,0,1,1
neuropathie,0,1,1
rattenurine,0,1,1
dalingen,0,1,1
trimetrexaat,0,1,1
vacciniavaccin,0,1,1
poliovaccin,0,1,1
antistofcontrole,0,1,1
rabiësvaccin,0,1,1
pasgeborenen,0,1,1
gelekoortsvaccin,0,1,1
griseafulvine,0,1,1
emballonura,0,1,1
adaptiert,0,1,1
turrini,0,1,1
polyductin,0,1,1
adviceline,0,1,1
exportmechanismus,0,1,1
hämocomplettan,0,1,1
purin-6-one,0,1,1
reviewer#1,0,1,1
strengen,0,1,1
wiggedruk,0,1,1
portfoliomethode,0,1,1
messfrequenz,0,1,1
frühwarnindikatoren,0,1,1
wechselwirkungen,0,1,1
suchanfragen,0,1,1
suchbegriffen,0,1,1
katastrophenfall,0,1,1
covid-19would,0,1,1
spitzenforschungsleistungen,0,1,1
stimmungsschwankungen,0,1,1
proteinbausteine,0,1,1
niltubacin,0,1,1
istx,0,1,1
daclizubab,0,1,1
αβactin,0,1,1
calcium replace-6.7,0,1,1
tongod,0,1,1
fingolmod,0,1,1
ghydroxydopamine,0,1,1
"lmethyl-4-phenyl-~~2,3,6-tetrahydropyridine",0,1,1
tumorsuppressormechanismus,0,1,1
polytäniegrade,0,1,1
schleimdrüsen,0,1,1
hustenmechanismus,0,1,1
aufhellungen,0,1,1
bioheparin,0,1,1
chathepsin,0,1,1
~-alanine,0,1,1
sorkine,0,1,1
leflu,0,1,1
lefunomide,0,1,1
etc.-are,0,1,1
luciferine,0,1,1
o.wo,0,1,1
p43212,0,1,1
toxicizumab,0,1,1
microalbumine,0,1,1
whichone,0,1,1
thegermline,0,1,1
bacterialpathogen,0,1,1
petechiae,0,1,1
thyrogrobulin,0,1,1
thyrogulobulin,0,1,1
anangiotensin,0,1,1
beta-2microglobuline,0,1,1
carnitinine,0,1,1
p=0.087,0,1,1
amicacine,0,1,1
azathropin,0,1,1
creatininine,0,1,1
nformylkynurenine,0,1,1
ranzani,0,1,1
nonprotocol,0,1,1
rdkit,0,1,1
largeform,0,1,1
"pentadeca-7,13-diene-2,4dione",0,1,1
baculifera,0,1,1
aspochracin,0,1,1
dihydroplakortin,0,1,1
kinchine,0,1,1
tumorbone,0,1,1
überforderungssituationen,0,1,1
gesamtinzidenz,0,1,1
trinkmengen,0,1,1
ethylethylenimine,0,1,1
ctsb,0,1,1
fratios,0,1,1
off.2,0,1,1
virus.•we,0,1,1
bisoprolol fumarate,0,1,1
hr.)).serotonin,0,1,1
diazenam,0,1,1
zometapine,0,1,1
poly(i·c)-rhodamine,0,1,1
p=0.005).favipiravir,0,1,1
postrituximab,0,1,1
färbungen,0,1,1
hydroxybutylguanine,0,1,1
networksin,0,1,1
stroehla,0,1,1
fluoroquinolone ciprofloxacin,0,1,1
rumpole,0,1,1
alemtuzamab,0,1,1
ilari,0,1,1
etopside,0,1,1
cellrescue,0,1,1
yttrium-90-ibritumomab tiuxetan,0,1,1
cyclosporin methotrexate,0,1,1
cyclosphophamide,0,1,1
hdetoposide,0,1,1
gregora,0,1,1
lombardini,0,1,1
alemtuzmab,0,1,1
bergantini,0,1,1
krankenhausverweildauer,0,1,1
.dihydrotanshinone,0,1,1
tosylmethylisocyanide,0,1,1
vorbrüggen,0,1,1
psicotrópicos,0,1,1
markers.hole,0,1,1
4methylphenol,0,1,1
.lipofuscin,0,1,1
grameendanone,0,1,1
busby,0,1,1
parisot,0,1,1
fernier,0,1,1
oviposit,0,1,1
arnett,0,1,1
vicinin,0,1,1
hydroxychloroquine azithromycin,0,1,1
pleuralhöhle,0,1,1
solms,0,1,1
detail.cfm?recordid=63426,0,1,1
pockenerkrankungen,0,1,1
bertozomib,0,1,1
nfascin,0,1,1
nizam,0,1,1
angelicol,0,1,1
laserapitin,0,1,1
"2,3-dihydrophthalazine-1,4-dione",0,1,1
methylrybosyladenine,0,1,1
patupilone,0,1,1
epithilone,0,1,1
everólimus,0,1,1
enterohormone,0,1,1
misslin,0,1,1
fengabine,0,1,1
targetnucleotide,0,1,1
tataouine,0,1,1
glycopeptideavoparcin,0,1,1
fazil,0,1,1
leverenzymafwijkingen,0,1,1
beslag,0,1,1
voorradig,0,1,1
glibemcalmide,0,1,1
krikelis,0,1,1
bacillary,0,1,1
ltrate.9,0,1,1
trantunicamycin,0,1,1
levamasole,0,1,1
soncini,0,1,1
heinzel,0,1,1
galactolactam,0,1,1
à)-adenophorine,0,1,1
benzamide oxygen,0,1,1
vidofludimus calcium,0,1,1
myoglobulin,0,1,1
polypepfide,0,1,1
subscapularis,0,1,1
oxynorm,0,1,1
pentin,0,1,1
hämatogenem,0,1,1
antiödematös,0,1,1
befähigen,0,1,1
gallengangsteine,0,1,1
äquivalenzstufen,0,1,1
opioidnebenwirkungen,0,1,1
risikokategorien,0,1,1
darmeingriffen,0,1,1
hexaneacetone,0,1,1
polyamidoamineepichlorohydrin,0,1,1
kamthai,0,1,1
ladrunculin,0,1,1
ophelderingen,0,1,1
kweekpogingen,0,1,1
kinetochor,0,1,1
entstehungsmechanismus,0,1,1
remodellierungsproteine,0,1,1
polytänchromosomen,0,1,1
gensymbole,0,1,1
composix,0,1,1
cephuroximus,0,1,1
workersin,0,1,1
pronasr,0,1,1
carbohydratr,0,1,1
oxalipatlin,0,1,1
dinitolmide,0,1,1
detectexl,0,1,1
entamoeba,0,1,1
syneantigen,0,1,1
l'éculizumab,0,1,1
glutathione reductase,0,1,1
iodoacetoamide,0,1,1
galca,0,1,1
benzidamine,0,1,1
naphthodianthrone,0,1,1
nadase)/adenosine,0,1,1
erbicin,0,1,1
adolapin,0,1,1
timidine,0,1,1
cysteinyldopamine,0,1,1
belgiumangiotensin,0,1,1
palmitoyllysolecithin,0,1,1
nitroanilid,0,1,1
zmhpl2,0,1,1
luteine,0,1,1
g=5'-(2'-deoxy)guanosine,0,1,1
glutahione,0,1,1
oxoplatin,0,1,1
galarmin,0,1,1
hexylglutathione,0,1,1
sclarea,0,1,1
thromboembol,0,1,1
baeline,0,1,1
pharrnacol,0,1,1
lmmunol,0,1,1
lrnrnunol,0,1,1
contrib,0,1,1
r1086,0,1,1
ciccone,0,1,1
ibritunomab,0,1,1
procarbasine,0,1,1
busulfane,0,1,1
phentolomine,0,1,1
rhinitis?capsaicin,0,1,1
raspa,0,1,1
proprione,0,1,1
smertemedisin,0,1,1
hjertemedisin,0,1,1
korsryggsmertene,0,1,1
studiemedisin,0,1,1
adalys(bio)ahx3l3vs,0,1,1
fanen,0,1,1
forkskolin,0,1,1
dimethylsulfide,0,1,1
pyrrol-2-one,0,1,1
pyrazinoylguanidine,0,1,1
immnuopharmacol,0,1,1
leverarm,0,1,1
schleheck,0,1,1
biofuel,0,1,1
cadambine,0,1,1
3as,0,1,1
glandicoline,0,1,1
neosolaniol,0,1,1
endophenazine,0,1,1
campyrone,0,1,1
nigerazine,0,1,1
yanuthone,0,1,1
aspirochlorine,0,1,1
eugenitol,0,1,1
epicyclocitrinol,0,1,1
bisvertinolone,0,1,1
chrysogenamide,0,1,1
cyclocitrinol,0,1,1
hydroxyneocyclocitrinol,0,1,1
norcyclocitrinol,0,1,1
oxosorbicillinol,0,1,1
rugulosin,0,1,1
penicitrinol,0,1,1
quinolactacin,0,1,1
tricitrinol,0,1,1
versiol,0,1,1
viridicatin,0,1,1
harziphilone,0,1,1
pachybasin,0,1,1
trichodenone,0,1,1
viridiofungin,0,1,1
trichoderide,0,1,1
culmorone,0,1,1
ochrephilone,0,1,1
sclerotioramine,0,1,1
disgocidine,0,1,1
fungiozone,0,1,1
trimethoprirrr,0,1,1
noppert,0,1,1
markazi,0,1,1
rafsanjan,0,1,1
buccaline,0,1,1
tetrapetide,0,1,1
zinc bacitracin,0,1,1
methylprednisolone.•,0,1,1
ganhuangenin,0,1,1
vβ8,0,1,1
trospectomycin,0,1,1
seaspine,0,1,1
luchtwegaandoeningen,0,1,1
certosin,0,1,1
inokuchi,0,1,1
shown).lysine,0,1,1
gly-280,0,1,1
rufescens).o,0,1,1
methylmercuryhydroxide,0,1,1
ryi090,0,1,1
6dimethyladenosine,0,1,1
https://www.mohfw.gov.in/#state-data,0,1,1
familienangehörige,0,1,1
erkältungen,0,1,1
pleuraempyem vorangehen,0,1,1
schlauchpilze,0,1,1
kläranlagen,0,1,1
buriecl,0,1,1
diphenylmethanone,0,1,1
trione,0,1,1
bicyclo[3.3.1]nonanetrione,0,1,1
grassystatin,0,1,1
cycloarginine,0,1,1
sreekumar,0,1,1
neusspoelingen,0,1,1
zichtbaarheid,0,1,1
hoorbril,0,1,1
antepsin,0,1,1
tudone,0,1,1
blinatunomab,0,1,1
aini,0,1,1
guso,0,1,1
you.1,0,1,1
oxcarbazépine,0,1,1
l'oxcarbazépine,0,1,1
postamiodarone,0,1,1
oysterglycogen,0,1,1
deoxypyridoline,0,1,1
βtromboglobulin,0,1,1
schulak,0,1,1
molossin,0,1,1
kernbildungen,0,1,1
kerneinsehltisse,0,1,1
lggt,0,1,1
sarilumumab,0,1,1
inhibitorsbaracitinib,0,1,1
ieueine,0,1,1
gtueosamine,0,1,1
glueosamine,0,1,1
3ethoxypropylamine,0,1,1
"benzo-1,2,4thiadiazine",0,1,1
octahydroindolizine,0,1,1
deoxynorimycin,0,1,1
dihydroxymethyldihydroxypyrrolidine,0,1,1
lipidglycan,0,1,1
manyane,0,1,1
g223v,0,1,1
asp352,0,1,1
renninangiotensin,0,1,1
oncoscan,0,1,1
pulmonol,0,1,1
lynovex,0,1,1
bcam0276,0,1,1
hemerythrin,0,1,1
befragungsmodus,0,1,1
selfdiscipline,0,1,1
vancomcin,0,1,1
doiphode,0,1,1
dactin,0,1,1
f2-line,0,1,1
blasenverschlussmechanismus,0,1,1
gonorrhö,0,1,1
aufsteigen,0,1,1
anlegen,0,1,1
stilleinlagen,0,1,1
grobverschmutzungen,0,1,1
wärmeofen,0,1,1
s)-2-benzyl-1-(9-fluorenylmethoxy)carbonyl-2carboxyazetidine,0,1,1
dphosphoserine,0,1,1
spectramax,0,1,1
lipopetide,0,1,1
indolizidinone,0,1,1
stressnil,0,1,1
imipenem cilastatin,0,1,1
thuesen,0,1,1
tt-3ʹ,0,1,1
plazeboeff,0,1,1
sesquiterpenlactone,0,1,1
begleitglykoside,0,1,1
triterpenglykoside,0,1,1
condurangogenine,0,1,1
reismelde,0,1,1
centellasponine,0,1,1
gitonin,0,1,1
begleitsaponine,0,1,1
spirostanolglykoside,0,1,1
sekundärglykoside,0,1,1
mouth.•,0,1,1
spinanine,0,1,1
methanogen,0,1,1
mentionin,0,1,1
centralspindlin,0,1,1
geschmacksveränderungen,0,1,1
schleimhautreizungen,0,1,1
neuropathien,0,1,1
hörstörungen,0,1,1
hautreaktionen,0,1,1
tamoxifenresistenz,0,1,1
androgenblockade,0,1,1
funktionsvorgänge,0,1,1
toxizitätsrisiko,0,1,1
cincreasin,0,1,1
λ(p,0,1,1
adipocytesin,0,1,1
macroprolactin,0,1,1
reserved.chloroquine,0,1,1
bdmards,0,1,1
nebivolole,0,1,1
terahara,0,1,1
venlafaxime,0,1,1
εcaprolactone,0,1,1
nucleoredoxin,0,1,1
thongsuk,0,1,1
torrecampo,0,1,1
severe.-posaconazole,0,1,1
enshle,0,1,1
plasmlnogen,0,1,1
thrombostat,0,1,1
ifantigen,0,1,1
thrombcmodulin,0,1,1
thromhuplastin,0,1,1
fragmln,0,1,1
tumover,0,1,1
v3.8.5,0,1,1
salcini,0,1,1
thiochromen-4-one,0,1,1
tigloylchloride,0,1,1
fryhle,0,1,1
shahtara,0,1,1
imura,0,1,1
ylornithine,0,1,1
mutationsin,0,1,1
protdine,0,1,1
kalonji,0,1,1
nearnationwide,0,1,1
hautabschilferungen,0,1,1
proceduresby,0,1,1
namelyoxaliplatin,0,1,1
tem1-c,0,1,1
tocizilumab,0,1,1
oculizumab,0,1,1
vaucheret,0,1,1
tweedegeneratiecefalosporine,0,1,1
bronchusfistel,0,1,1
dofheidszone,0,1,1
covassin,0,1,1
pastick,0,1,1
glu224,0,1,1
délivrés,0,1,1
groups).o,0,1,1
invierno,0,1,1
hemileiocarpin,0,1,1
phaseollinisoflavone,0,1,1
rack-1,0,1,1
zingone,0,1,1
benzylhydroxylamine,0,1,1
8aminoquinoline,0,1,1
sparre,0,1,1
samplewide,0,1,1
ketothiazole,0,1,1
dimartini,0,1,1
fibrocystin,0,1,1
mtro,0,1,1
perline,0,1,1
tsmal1,0,1,1
typsin,0,1,1
fieldwide,0,1,1
diluent).chemokine,0,1,1
ranacyclin,0,1,1
gata-5,0,1,1
trolin,0,1,1
frizel,0,1,1
lorenz,0,1,1
chlorophenylbiguanide,0,1,1
h]cyclopentyladenosine,0,1,1
borea,0,1,1
nonpeptide angiotensin,0,1,1
isarcosine,0,1,1
deltascan,0,1,1
nishimura,0,1,1
katholiek,0,1,1
lvwwt,0,1,1
ωagatoxin,0,1,1
"1,4-dihydropyridine(-)-[3h]azidopine",0,1,1
idstein,0,1,1
inactin,0,1,1
dglucamine,0,1,1
micovilli,0,1,1
delphinine,0,1,1
nattel,0,1,1
andangiotensin,0,1,1
metapyrone,0,1,1
enspara,0,1,1
inhibitorsoseltamivir,0,1,1
kubin,0,1,1
orthesen,0,1,1
auseinandersetzungen,0,1,1
adipozytokine,0,1,1
kelsen,0,1,1
zeralanone,0,1,1
genyloxazole,0,1,1
fagerstrøm,0,1,1
oseltamiviralone,0,1,1
pfu)/,0,1,1
schimmelemboli,0,1,1
ziektestadium,0,1,1
bline,0,1,1
~-hydroxy-~~aminoguanidine,0,1,1
bonucleotide,0,1,1
antigiantin,0,1,1
anticalreticulin,0,1,1
ramp-3,0,1,1
encephalopthy,0,1,1
marboreus,0,1,1
antitrypsine,0,1,1
plexopathy,0,1,1
fureht,0,1,1
tdigungen,0,1,1
l%enin,0,1,1
sputumuntersuchungen,0,1,1
defosforilazione,0,1,1
porrini,0,1,1
l'osservazione,0,1,1
zuccherine,0,1,1
detossificazione,0,1,1
girasole,0,1,1
l'importazione,0,1,1
ponalrestat,0,1,1
chlropromazine,0,1,1
aseltine,0,1,1
oxocneorin,0,1,1
a.c.p,0,1,1
orf214,0,1,1
trichostrongylid,0,1,1
acetaminophen injucy,0,1,1
samine,0,1,1
zoline,0,1,1
"b8,9epoxide",0,1,1
wrightin,0,1,1
gelvatol,0,1,1
tmoglobin,0,1,1
ismus,0,1,1
twentysix,0,1,1
fluoroscopie,0,1,1
imagingy,0,1,1
pancione,0,1,1
otit,0,1,1
hypertone,0,1,1
eombine,0,1,1
roeren,0,1,1
praetitioner,0,1,1
rnonths,0,1,1
majar,0,1,1
a.define,0,1,1
hemmt,0,1,1
drezner,0,1,1
sulphinpyrazone,0,1,1
tempone,0,1,1
x0.25,0,1,1
oversightin,0,1,1
nasalflu,0,1,1
ananthracycline,0,1,1
safade,0,1,1
oxododecan,0,1,1
cefiderecola,0,1,1
cinoxin,0,1,1
secondhas,0,1,1
organnorfloxacin,0,1,1
differtriaxone,0,1,1
treatciclosporin,0,1,1
nediamine,0,1,1
patients).hydroxychloroquine,0,1,1
rückkopplungsschleifen,0,1,1
saldarini,0,1,1
almotairi,0,1,1
tnf-(anova,0,1,1
lys714,0,1,1
thr710,0,1,1
his345,0,1,1
beademingsdrukken,0,1,1
zorginstellingen,0,1,1
cystationine,0,1,1
reperfusin,0,1,1
xsspe,0,1,1
triethanol,0,1,1
apyrrole,0,1,1
imineenamine,0,1,1
demethyldeoxyamphimedine,0,1,1
antherinine,0,1,1
lateauo,0,1,1
breastc,0,1,1
ordercitin,0,1,1
labuanine,0,1,1
biemnadin,0,1,1
determiningt,0,1,1
laktatanstieg,0,1,1
mac-8120,0,1,1
prg377,0,1,1
antiel,0,1,1
lercanidipine lercanidipine,0,1,1
ndesethylamiodarone,0,1,1
torasemide torasemide,0,1,1
sacubitril sacubitril,0,1,1
leukocytoclastic.•,0,1,1
dxs559,0,1,1
coefficientsb,0,1,1
natriumbenzoat,0,1,1
foetoplacental,0,1,1
b-354,0,1,1
"6-cyclopropylmethoxy-2,3dimethoxyphenanthro[9,10-b]quinolizidine",0,1,1
cytodytin,0,1,1
leptoclinidone,0,1,1
dihydropyridoacridine,0,1,1
dercitamicle,0,1,1
ascidemin,0,1,1
sampangine,0,1,1
desmethylphidolopin,0,1,1
zoanthaminone,0,1,1
"pyrido[4,3,2-mn]acridine",0,1,1
leucettramidine,0,1,1
levelscan,0,1,1
grazoprevir qd,0,1,1
danoprevir -danoprevir,0,1,1
-pibrentasvir,0,1,1
tegobuvir -tegobuvir,0,1,1
lipocyclodepsipeptide,0,1,1
treosulfanfludarabine,0,1,1
eryhave,0,1,1
cytadhesin,0,1,1
dalvavacin,0,1,1
g.pa,0,1,1
anelli,0,1,1
glutaraldeide,0,1,1
fluorodopa,0,1,1
cauine,0,1,1
metaiodobenzylguanidine,0,1,1
significan±ly,0,1,1
dipyfidamole,0,1,1
chaiwatanratan,0,1,1
rautine,0,1,1
pentebarbitone,0,1,1
eltine,0,1,1
iceethanol,0,1,1
murea,0,1,1
prolinealanine,0,1,1
bowel.•,0,1,1
ggtgtttccacgaccc-3,0,1,1
maltopyranoside,0,1,1
cantone,0,1,1
rionavir,0,1,1
cepharanthine hydrochloride,0,1,1
plantmade,0,1,1
paraphlebotomus,0,1,1
euphlebotomus,0,1,1
australophlebotomus,0,1,1
xpelaeophlebotomus,0,1,1
pldebotomus,0,1,1
vektoren,0,1,1
gelangt,0,1,1
bgalactoside,0,1,1
aktin,0,1,1
berlinborderline,0,1,1
regine,0,1,1
sterilesaline,0,1,1
thedecline,0,1,1
ofinfluenzavaccine,0,1,1
dimethylhexylamine,0,1,1
ornithine transcarbamylase,0,1,1
methylphenylalanine,0,1,1
propionylcarnitin,0,1,1
decanoylcarnitine,0,1,1
tetradecadienoylcarnitine,0,1,1
yantigen,0,1,1
cellsalemtuzumab,0,1,1
centractin,0,1,1
pregnelone,0,1,1
italyrapamycin,0,1,1
maltooligosaccharide,0,1,1
sprenger,0,1,1
trifluoromethyldiazirine,0,1,1
strands).serine,0,1,1
pentoxifylfine,0,1,1
phytohemaggtutinin,0,1,1
tumergene,0,1,1
cispiatin,0,1,1
chlorodeoxyadenosine,0,1,1
imipanem,0,1,1
ionidamine,0,1,1
oligedeoxyribonucleotide,0,1,1
acetylphenylhydrazine,0,1,1
c~-tocopherol,0,1,1
doppelmarkierungen,0,1,1
cyc!ophosphamide,0,1,1
resultsin,0,1,1
cephalosporln,0,1,1
o%,0,1,1
twopts,0,1,1
vollagen,0,1,1
gangciclovir,0,1,1
phosphatidylinositolglycan,0,1,1
teikoplanin,0,1,1
thraustochytrid,0,1,1
initiativesone,0,1,1
àtime,0,1,1
thromboembolim,0,1,1
famotodine,0,1,1
ϯ0.03,0,1,1
jerboas,0,1,1
baillargeon,0,1,1
trimazole,0,1,1
delta_asa_color_engine,0,1,1
b_factor_color_engine,0,1,1
malariaantigen,0,1,1
shawi,0,1,1
pantone,0,1,1
artesmisinin,0,1,1
dimethylaminoisopropanol,0,1,1
ofbromovinyldeoxyuridine,0,1,1
thrombogenesls,0,1,1
trapfdil,0,1,1
alantitrypsin,0,1,1
thomb,0,1,1
thmmbin,0,1,1
eytokine,0,1,1
bacifracin,0,1,1
s2222,0,1,1
glycocalicin,0,1,1
precallicrein,0,1,1
3-amidinophenylalanine,0,1,1
mesothrombin,0,1,1
ofefegatran,0,1,1
hiredin,0,1,1
thmmboplastin,0,1,1
nieardipin,0,1,1
bflirubine,0,1,1
pts=,0,1,1
fxihc,0,1,1
concenlralbn,0,1,1
thoumughly,0,1,1
oligosaocharide,0,1,1
anugen,0,1,1
tromboplastine,0,1,1
adenosine dipyridamole,0,1,1
.proline,0,1,1
organoamine,0,1,1
rectocoeles,0,1,1
vesicouterine,0,1,1
leiomyomata,0,1,1
cystokine,0,1,1
lysophosphatidilcholine,0,1,1
haloketone,0,1,1
ratnakar,0,1,1
"trifluoromethylphenyl)isoxazol-4yl)-5-arylamino-1,3,4-oxadiazoles",0,1,1
nitroimine,0,1,1
dihydroteststerone,0,1,1
arc239,0,1,1
azepexole,0,1,1
nhydroxyguanidine,0,1,1
schnürer,0,1,1
farahbakhsh,0,1,1
facilitiesin,0,1,1
ic50ω64.1,0,1,1
nomegestrol,0,1,1
koczkodaj,0,1,1
propargylglycine,0,1,1
acetylisovaleryltylosin,0,1,1
pernostril,0,1,1
nachholtermine,0,1,1
anamnesegespräch,0,1,1
dodecyldimethylamineoxide,0,1,1
methylpyranoside,0,1,1
plasma).hydroxychloroquine,0,1,1
präzipitine,0,1,1
fusobactrium,0,1,1
impfschemata,0,1,1
pneumokokkenimpfstoffen,0,1,1
duralvumab,0,1,1
progressionsrisiko,0,1,1
castanospsermine,0,1,1
glycopro,0,1,1
.deoxymannojirimycin,0,1,1
fluoroasparagine,0,1,1
pactin,0,1,1
trehalosamine,0,1,1
depomedrone,0,1,1
hrs.(t24,0,1,1
pulsedwave,0,1,1
endocrinol,0,1,1
cmrsa-5,0,1,1
testing.4,0,1,1
projan,0,1,1
bisdiazobenzidine,0,1,1
dysfi,0,1,1
fiberresin,0,1,1
minem,0,1,1
rimexolone,0,1,1
theicoic,0,1,1
lipotripeptide,0,1,1
hexyloxyproline,0,1,1
bewustzijnsveranderingen,0,1,1
gezinnen,0,1,1
eveneens,0,1,1
mazelenvirusvaccin,0,1,1
bavarois,0,1,1
varicellavaccin,0,1,1
garine,0,1,1
alamrri,0,1,1
rieke,0,1,1
xholli,0,1,1
lhomoarginine,0,1,1
chemotrypsin,0,1,1
opiaat,0,1,1
ethyleenglycol,0,1,1
gastroscopie,0,1,1
pupilafwijkingen,0,1,1
weefselschade,0,1,1
vrouw,0,1,1
trofoblastafwijkingen,0,1,1
myoglobuline,0,1,1
haptoglobuline,0,1,1
1adamantanamine,0,1,1
wk)(4,0,1,1
koukol,0,1,1
trichocarpa,0,1,1
n-272,0,1,1
g-273,0,1,1
iipal2-pet-32a,0,1,1
patientsb,0,1,1
corticopontine,0,1,1
ramnani,0,1,1
timeare,0,1,1
ofdata,0,1,1
klappenvitien,0,1,1
kolak,0,1,1
tetraethylamonium,0,1,1
ivontsin,0,1,1
ofguanine,0,1,1
elharar,0,1,1
pafbc,0,1,1
interleukin-2one,0,1,1
methionnine,0,1,1
formyloligomycin,0,1,1
azafluorene,0,1,1
dioxaboreninopyridine,0,1,1
bacillolysin,0,1,1
myosine,0,1,1
fivesix,0,1,1
2chloroadenosine,0,1,1
metalaffine,0,1,1
jouanin,0,1,1
enzymuria,0,1,1
jeikeium,0,1,1
d179n,0,1,1
liverintestine,0,1,1
brazilwide,0,1,1
"bounds),t",0,1,1
adhäsin,0,1,1
invasionsvorgängen,0,1,1
signaltransduktionsvorgängen,0,1,1
neurotoxine,0,1,1
hepatotoxine,0,1,1
kardiotoxine,0,1,1
isṡ,0,1,1
pharminogen,0,1,1
oppone,0,1,1
eiezione,0,1,1
ultrafiltrato,0,1,1
postdiluizione,0,1,1
esacetato,0,1,1
anabole,0,1,1
anabol,0,1,1
anthropophob,0,1,1
gegengift,0,1,1
arzneimittelverzeichnis,0,1,1
gymmus,0,1,1
officinális,0,1,1
priacánthus,0,1,1
gebogen,0,1,1
annagen,0,1,1
benagen,0,1,1
generationsfolgen,0,1,1
verfertigen,0,1,1
vorgeschichtlichen,0,1,1
arthrobranchien,0,1,1
gliedmaßenpaare,0,1,1
arvícola,0,1,1
neoascaris,0,1,1
phlebobranchiata,0,1,1
phelebobranchiata,0,1,1
ophioctenis,0,1,1
raubfliegen,0,1,1
sammelbez,0,1,1
crióceris,0,1,1
greifschwanzaffen,0,1,1
redoxsysteme,0,1,1
atmungsgifte,0,1,1
stickstoffoxide,0,1,1
schädigen,0,1,1
zweierlei,0,1,1
attagén,0,1,1
áttagenis,0,1,1
richtmaß,0,1,1
notogäa,0,1,1
triebeigene,0,1,1
buchstabenform,0,1,1
gewebszerstörungen,0,1,1
automatísmus,0,1,1
abfressen,0,1,1
autopódium,0,1,1
gehbeine,0,1,1
fußwurzel,0,1,1
kronengruppe,0,1,1
avícula,0,1,1
axopódien,0,1,1
bevorzugen,0,1,1
eintagsfliegen,0,1,1
balaenáris,0,1,1
basiláris,0,1,1
eidechsenart,0,1,1
helmbasilisk,0,1,1
pulmonata,0,1,1
basophíl,0,1,1
farbstoffen,0,1,1
bastardierungszone,0,1,1
batráchus,0,1,1
aprilhaarmücke,0,1,1
keimstreifen,0,1,1
superorganismus,0,1,1
darmstörungen,0,1,1
vibrationstanz,0,1,1
bienenwolf,0,1,1
zweigestreift,0,1,1
bilocularis,0,1,1
zweihändig,0,1,1
zentrales,0,1,1
kapensis,0,1,1
gígnesthai,0,1,1
koinós,0,1,1
geologischen,0,1,1
lebensvorgängen,0,1,1
biologismus,0,1,1
gattungsnamen,0,1,1
libido sexualis,0,1,1
stoffen,0,1,1
gasen,0,1,1
synthesemechanismus,0,1,1
immúnis,0,1,1
dünn,0,1,1
aphaniptera,0,1,1
fledermausfloh,0,1,1
ischyropsalis,0,1,1
göttin,0,1,1
gorgonin,0,1,1
isocortex,0,1,1
stiel,0,1,1
isotróp,0,1,1
isthmus,0,1,1
regelgrößenwert,0,1,1
regelgröße,0,1,1
binse,0,1,1
stützproteine,0,1,1
konstistenz,0,1,1
ausgangspopulationen,0,1,1
komfortbewegungen,0,1,1
tischgenosse,0,1,1
kommensalismus,0,1,1
zusammenknüpfen,0,1,1
hinneigen,0,1,1
gebückt,0,1,1
faltendentin,0,1,1
lácrima,0,1,1
lácteus,0,1,1
lacústris,0,1,1
lagerjunge,0,1,1
lebersinusoide,0,1,1
glycerinphosphatide,0,1,1
lecithoepitheliata,0,1,1
phytohämagglutinine,0,1,1
phytoagglutinine,0,1,1
ohrzikade,0,1,1
zikade,0,1,1
ohrförmigen,0,1,1
leibeshöhle,0,1,1
gastrula,0,1,1
lenticuláris,0,1,1
toxacaris,0,1,1
lepadifórmis,0,1,1
lepidopleurida,0,1,1
fabelwesen,0,1,1
amazonasgebiet,0,1,1
leptós,0,1,1
argolis,0,1,1
räuberin,0,1,1
letális,0,1,1
calcarea,0,1,1
lineáris,0,1,1
inarticulata,0,1,1
flohkrebse,0,1,1
mongolei,0,1,1
pleocyemata,0,1,1
nemrtini,0,1,1
cerebralorgane,0,1,1
dreizehig,0,1,1
schwimmbewegungen,0,1,1
parapophyse,0,1,1
gelenkfortsatz,0,1,1
parasitísmus,0,1,1
parasitismus,0,1,1
parasitoide,0,1,1
ektoparasitoide,0,1,1
paratop,0,1,1
parátypus,0,1,1
paraventricularis,0,1,1
säureamide,0,1,1
peraeon,0,1,1
gespensterheuschrecke,0,1,1
phasmatodea,0,1,1
einstülpungen,0,1,1
johanniswürmchen,0,1,1
erregen,0,1,1
telergone,0,1,1
ektohormone,0,1,1
weitmaschigen,0,1,1
phólis,0,1,1
phoronis,0,1,1
anoplúra,0,1,1
glaucocystophyta,0,1,1
zungenförmigen,0,1,1
geometra,0,1,1
neunaugen,0,1,1
schnabelfliegen,0,1,1
schweifaffen,0,1,1
springaffen,0,1,1
schnupfen,0,1,1
laufbeine,0,1,1
notheworthy,0,1,1
cephalosporin cefazolin,0,1,1
bsa/0.05,0,1,1
cyanoborohydride,0,1,1
heidecke,0,1,1
glycodendron,0,1,1
glycochemists,0,1,1
poly(ethylene)glycol,0,1,1
haloacetamido,0,1,1
antiadhesin,0,1,1
glutathinone,0,1,1
psammaplysin,0,1,1
araguspongine,0,1,1
iodine povidone,0,1,1
31/104,0,1,1
patients).telephone,0,1,1
microcristalline,0,1,1
bilirrubine,0,1,1
i]lipiodol,0,1,1
takinghistamine,0,1,1
pentetroride,0,1,1
vecuromium,0,1,1
filicol,0,1,1
nalbuphin,0,1,1
palliatifs,0,1,1
controls).tocilizumab,0,1,1
zeromode,0,1,1
lcitrulline,0,1,1
deoxynyboquinone,0,1,1
carboxypenicillin,0,1,1
coliclindamycin,0,1,1
monomethylarginine,0,1,1
laurylcarnitine,0,1,1
vomitoxin,0,1,1
anotherone,0,1,1
l'isopropanol,0,1,1
povidone-,0,1,1
ea.nine,0,1,1
fabriken,0,1,1
syncope.•,0,1,1
therapiesinfliximab,0,1,1
.blinatumomab,0,1,1
.cetuximab,0,1,1
.edrecolomab,0,1,1
.epratuzumab,0,1,1
.fontolizumab,0,1,1
.gemtuzumab,0,1,1
.nimotuzumab,0,1,1
.retuximab,0,1,1
cysteine hydrochloride,0,1,1
flaschennahrungen,0,1,1
patienteninnen,0,1,1
dihydrobiopterin,0,1,1
urinketone,0,1,1
hypoparathyreoidismus,0,1,1
kreatin,0,1,1
ml).whole,0,1,1
n-[3-(2-furyl)acryloyl]-lphenylalanylglycylglycine,0,1,1
alkylphenol,0,1,1
apcan,0,1,1
nicotinamideadenine,0,1,1
mcllavaine,0,1,1
nvitro,0,1,1
reductivea,0,1,1
4aminomethylbenzamidine,0,1,1
olecule,0,1,1
days)azithromycin,0,1,1
guiga,0,1,1
riddelliine,0,1,1
jacoline,0,1,1
p1-phenylalanine,0,1,1
biflavone amentoflavone,0,1,1
p4-isoxazole,0,1,1
https://clinicaltrials.gov/ct2/results/map?cond=covid-19&map=,0,1,1
folkmedicine,0,1,1
l'apomorphine,0,1,1
ringu,0,1,1
fmocphenylalanine,0,1,1
lactacystine,0,1,1
fleuti,0,1,1
gigaxonin,0,1,1
canestri,0,1,1
sişli,0,1,1
albóniga,0,1,1
clonacepam,0,1,1
α4-integrine,0,1,1
identifingy,0,1,1
tommola,0,1,1
approtinin,0,1,1
antioxidamt,0,1,1
aspfluoromethylketone,0,1,1
ndimethyl)-glutamine,0,1,1
broide,0,1,1
andtyrosine,0,1,1
ossidazione,0,1,1
glicuronazione,0,1,1
un'attenuazione,0,1,1
polipeptide,0,1,1
degranulazione,0,1,1
perossidazione,0,1,1
iperproduzione,0,1,1
l'alterazione,0,1,1
antiproteasi,0,1,1
l'ossidazione,0,1,1
dall'ostruzione,0,1,1
terazione,0,1,1
indagini,0,1,1
iperdistensione,0,1,1
orizzontalizzazione,0,1,1
gementi,0,1,1
saturimetro,0,1,1
desaturazione,0,1,1
agitazione,0,1,1
bactolisati,0,1,1
mucoproteine,0,1,1
mieloperossidasi,0,1,1
lipoossigenasi,0,1,1
chemochine,0,1,1
l'espettorazione,0,1,1
antartin,0,1,1
spironucleoside,0,1,1
d14s1,0,1,1
a)/ritonavir,0,1,1
fourtyone,0,1,1
tukeylthy,0,1,1
zirconiumoxide,0,1,1
triomune,0,1,1
polyenylphosphatidylcholine,0,1,1
rivastygmine,0,1,1
oxaborole-6-methyl)vancomycin,0,1,1
boroles,0,1,1
oxaborole)methylamine,0,1,1
partricin,0,1,1
bsg022,0,1,1
f-140,0,1,1
carbonyl)triazol-1yl]oligomycin,0,1,1
tertbutylmethylamine,0,1,1
gallispeticum,0,1,1
americaine,0,1,1
denopamine,0,1,1
triethylamine hydrochloride,0,1,1
ritionavir,0,1,1
sinerdol,0,1,1
inhibitordasabuvir,0,1,1
ritonavir -dasabuvir,0,1,1
ritonavirdasabuvir,0,1,1
mitaban,0,1,1
denusomab,0,1,1
anilinoquinazoline gefitinib,0,1,1
vitixin,0,1,1
siegl,0,1,1
vitamin c.,0,1,1
beschriebenen,0,1,1
carbonylcyanide-4-(trifluoromethoxy)-phenylhydrazone,0,1,1
problemsin,0,1,1
retakes,0,1,1
sensitivity=94.1,0,1,1
sensitivity=84.6,0,1,1
huidverwondingen,0,1,1
medicationsalone,0,1,1
warifteine,0,1,1
.coronaridine,0,1,1
threefoldalanine,0,1,1
hepessaline,0,1,1
adiaril,0,1,1
trimethoprimpentamidine,0,1,1
sucroseacetone,0,1,1
m102q.rmsd,0,1,1
dideoxycytosine,0,1,1
phaseproteine,0,1,1
überprüfte,0,1,1
nortripylin,0,1,1
arrhythmierisiko,0,1,1
amphetaminergen,0,1,1
assaad,0,1,1
cimndroitin,0,1,1
tropoinin,0,1,1
dyazide,0,1,1
calcprotectin,0,1,1
pro125,0,1,1
asn496,0,1,1
lys511,0,1,1
asn543,0,1,1
lys577,0,1,1
lys593,0,1,1
asn691,0,1,1
asn911,0,1,1
ile197,0,1,1
tyr204,0,1,1
leu212,0,1,1
gln218,0,1,1
leu270,0,1,1
gln271,0,1,1
gesamtüberlebens,0,1,1
rezeptorfusionsproteine,0,1,1
methylmannoside,0,1,1
phosphatidyleholine,0,1,1
tenofovir alafenamide fumarate,0,1,1
tesque,0,1,1
moghadam,0,1,1
trials).lopinavir,0,1,1
piraña,0,1,1
hematopoiesisin,0,1,1
saccaride,0,1,1
nivоlumab,0,1,1
thioteopa,0,1,1
cousincousin,0,1,1
l.hydroxychloroquine,0,1,1
αhaemolysin,0,1,1
change.•,0,1,1
bone.•,0,1,1
conceptionem,0,1,1
menstruationem,0,1,1
vertrocknungen,0,1,1
wundschorfen,0,1,1
verletzungsfolgen,0,1,1
tangentialspannungen,0,1,1
vereinigen,0,1,1
rücken,0,1,1
kastl,0,1,1
ycycline,0,1,1
.ferruginol,0,1,1
tailspine,0,1,1
verloskundigen,0,1,1
autoimmuunschildklieraandoeningen,0,1,1
guangthou,0,1,1
cycan,0,1,1
glactocerebroside,0,1,1
beone,0,1,1
santisuk,0,1,1
sunderban,0,1,1
jomehpour,0,1,1
fieberrhythmus erfolgen,0,1,1
lasen,0,1,1
kopomaa,0,1,1
cryomedicine,0,1,1
maccione,0,1,1
berdondini,0,1,1
wtazurin,0,1,1
monolysine,0,1,1
illeocecum,0,1,1
neuroendocine,0,1,1
αfucosylamine,0,1,1
icp(when,0,1,1
anonimus,0,1,1
antithyroglubulin,0,1,1
uti,0,1,1
l'amprenavir,0,1,1
d'avoine,0,1,1
gadetskaya,0,1,1
opolysaccharide,0,1,1
überlastungsgefühle,0,1,1
aufgeschwemmt,0,1,1
0.0031/5,0,1,1
∼150/10,0,1,1
kotylak,0,1,1
suecos,0,1,1
patognomónicos,0,1,1
pyrazidine,0,1,1
)favipiravir,0,1,1
l'adaptivité,0,1,1
guanéthidine,0,1,1
postbevacizumab,0,1,1
cns.cidofovir,0,1,1
staafvormigen,0,1,1
zweepdraad,0,1,1
mspline,0,1,1
aq)+sulfadoxinepyrimethamine,0,1,1
procacitonin,0,1,1
centersone,0,1,1
"14,53].presatovir",0,1,1
rubusana,0,1,1
-escin,0,1,1
grenzdextrine,0,1,1
kausalitätsbedürfnis,0,1,1
heterogen,0,1,1
hydroxylupanine,0,1,1
curarine,0,1,1
ergocornine,0,1,1
germerine,0,1,1
batrachotoxinin,0,1,1
nereistoxin,0,1,1
olivacine,0,1,1
chelilutine,0,1,1
pyrrolopyrrolidine,0,1,1
tubulosine,0,1,1
haningtonine,0,1,1
homohamngtonine,0,1,1
isohamngtonine,0,1,1
alpinigenine,0,1,1
malouetine,0,1,1
cassaine,0,1,1
pumiliotoxin,0,1,1
eseridine,0,1,1
corlumine,0,1,1
anabaseine,0,1,1
psilocin,0,1,1
maytansinine,0,1,1
tetrahydroberberine,0,1,1
thalicarpine,0,1,1
thalicerbine,0,1,1
thalistyline,0,1,1
thalrugosaminine,0,1,1
thalrugosidine,0,1,1
eilert,0,1,1
stemmadine,0,1,1
yuehchukene,0,1,1
liriodenine,0,1,1
lysicamine,0,1,1
soladulcidine,0,1,1
solasonine,0,1,1
solacongestidine,0,1,1
teline,0,1,1
gonyautoxin,0,1,1
homoglomerine,0,1,1
coccinelline,0,1,1
euphococcinine,0,1,1
stenusine,0,1,1
boyacigil,0,1,1
folliculotropic,0,1,1
brafn581s,0,1,1
immunoscore,0,1,1
picrofuchsin,0,1,1
bleomycinetoposide,0,1,1
d-240,0,1,1
glandularis,0,1,1
partitionwide,0,1,1
poliglecaprone,0,1,1
bmi.haptoglobin,0,1,1
furthermoe,0,1,1
methanadamide,0,1,1
streptomyocin,0,1,1
resitin,0,1,1
f-157,0,1,1
f-209,0,1,1
f-252,0,1,1
hyperimmuneglobulin,0,1,1
firenzejltaly,0,1,1
mousefeline,0,1,1
clavicule,0,1,1
calcium phosphate,0,1,1
calcium phosphate precipitates,0,1,1
eightnine,0,1,1
"in""novelfavipiravir",0,1,1
.debromohymenialdisine,0,1,1
aminoimidazolone,0,1,1
dibromophakellin,0,1,1
dibromoisophakellin,0,1,1
isophakellin,0,1,1
glycocyamidine,0,1,1
quadrangulata,0,1,1
abrine,0,1,1
euryjanicin,0,1,1
.homophymine,0,1,1
p1349,0,1,1
vespertine,0,1,1
surfacearea,0,1,1
microstop,0,1,1
zyrtec,0,1,1
septrim,0,1,1
esinophil,0,1,1
moguel,0,1,1
concentrations.-side,0,1,1
nonnisin,0,1,1
rsifn,0,1,1
xazepinone,0,1,1
.slezkine,0,1,1
oligonucletide,0,1,1
chloroformisopentanol,0,1,1
defecation.25,0,1,1
salicylaldoxime,0,1,1
dysidazirine,0,1,1
girolline,0,1,1
karupiah,0,1,1
subtillis,0,1,1
talopin,0,1,1
jahiel,0,1,1
bpts).tocilizumab,0,1,1
ampidllin,0,1,1
chemostatin,0,1,1
neuogen,0,1,1
pongjanyakul,0,1,1
suksri,0,1,1
herweh,0,1,1
chondromodulin,0,1,1
uide,0,1,1
contraversy,0,1,1
maisin,0,1,1
asfi,0,1,1
glu848x,0,1,1
yuzhou,0,1,1
www.medical-dpc.com/respvir,0,1,1
alkylisatin,0,1,1
blactameisatin,0,1,1
ethy,0,1,1
nelfanivir,0,1,1
unionone,0,1,1
ersham,0,1,1
oestrogenen,0,1,1
impostazione,0,1,1
umidificato,0,1,1
riscaldato,0,1,1
l'inalazione,0,1,1
l'iperinsufflazione,0,1,1
phosphoryldolichol,0,1,1
benzhydrazone,0,1,1
aminidinohydrazone,0,1,1
¼30,0,1,1
fouque,0,1,1
tordo,0,1,1
irimajiri,0,1,1
l.routine,0,1,1
guhil,0,1,1
oudemansin,0,1,1
sinharine,0,1,1
cyanocarpa,0,1,1
wimalasiri,0,1,1
colchine,0,1,1
sulphorhodamine,0,1,1
auxilin,0,1,1
acethylacetone,0,1,1
vinorebine,0,1,1
diphenylcarboxamide,0,1,1
antihormone,0,1,1
nct04311697.baricitinib,0,1,1
schmalspektrumpenicilline,0,1,1
zahnfleischbluten,0,1,1
übersprungen,0,1,1
spätsyphilis,0,1,1
frühstadium,0,1,1
ohrenschmerz,0,1,1
brazle,0,1,1
novelline,0,1,1
erythrodihydrosphingosine,0,1,1
mab4400,0,1,1
mab4410,0,1,1
cykloheximide,0,1,1
ketoconazole itraconazole,0,1,1
metaneprhine,0,1,1
versuchsbedingungen,0,1,1
syntx,0,1,1
referenzgewebe,0,1,1
fluoropyrimidinen,0,1,1
levofloxacin resistenz,0,1,1
therapieoptionen,0,1,1
picot,0,1,1
cellsm,0,1,1
.niacin,0,1,1
pseudodepsidipeptide,0,1,1
octan-2-one,0,1,1
"mortality,32,33",0,1,1
adipocytekine,0,1,1
orlsitat,0,1,1
strande,0,1,1
arkadianos,0,1,1
froguel,0,1,1
betahsitine,0,1,1
glycomacropeptide,0,1,1
prescot,0,1,1
zuclopenthixole,0,1,1
death).o,0,1,1
genecone,0,1,1
phosphatase).vaccine,0,1,1
sup).neuroendocrine,0,1,1
gos>2,0,1,1
matsuura,0,1,1
cotex,0,1,1
chryophanol,0,1,1
5%g,0,1,1
"gfa-5,6-ipp",0,1,1
thishormone,0,1,1
orceinelastin,0,1,1
medulllasin,0,1,1
cathpsin,0,1,1
charbacholine,0,1,1
aniba,0,1,1
kasratan,0,1,1
deoxynorjirimycin,0,1,1
nmethyldeoxynorjirimycin,0,1,1
voorgestaan,0,1,1
atunicamycine,0,1,1
nucleoproteine,0,1,1
cathpesin,0,1,1
rhfsh+lh+gnrh,0,1,1
r21-hd072280,0,1,1
rapamysin,0,1,1
dipyridimole,0,1,1
endotelin,0,1,1
gynecolgy,0,1,1
"3,3-dimethylbut-1-yne",0,1,1
acetylide,0,1,1
gcagcaggagttcatgaagaggg-3,0,1,1
akerfeldt,0,1,1
benzothiazolacetamide,0,1,1
tacrólimus,0,1,1
iodine sunitinib,0,1,1
"benzo[b]furo[3,2-d][1,3]oxazine",0,1,1
tuvimos,0,1,1
genoegen,0,1,1
fredline,0,1,1
pepitone,0,1,1
leucineleucine,0,1,1
treatemnt,0,1,1
breakover,0,1,1
sfavorevole,0,1,1
djiane,0,1,1
lechner,0,1,1
finnigan,0,1,1
minocin rifampicin,0,1,1
rimactane,0,1,1
h/6,0,1,1
riens,0,1,1
l'ipoventilazione,0,1,1
mazione,0,1,1
classificandoli,0,1,1
l'interpretazione,0,1,1
veicolato,0,1,1
betweenartandquarantine,0,1,1
capitolini,0,1,1
vuoti,0,1,1
readlengths,0,1,1
gammaglutamylcysteine,0,1,1
rencontrés,0,1,1
cinquantaine,0,1,1
l'apolipoprotéine,0,1,1
thyroïdien.•,0,1,1
adénine,0,1,1
l.créatinine,0,1,1
porphobilinogène,0,1,1
l'apixaban,0,1,1
1antitrypsine,0,1,1
phénacétine,0,1,1
éthanol,0,1,1
cardiolipine,0,1,1
déoxycorticostérone,0,1,1
l'actine,0,1,1
normétadrénaline,0,1,1
d'urine,0,1,1
glycohémoglobine,0,1,1
entécavir,0,1,1
l'abacavir,0,1,1
protocole,0,1,1
d'acétazolamide,0,1,1
thyrotropine,0,1,1
víricos,0,1,1
allophycocyanine,0,1,1
methylchloroisothiazolinone,0,1,1
cincochaine,0,1,1
klemenz,0,1,1
shavnin,0,1,1
palmitdeoylphosphatidylethanolamine,0,1,1
lipophosglycan,0,1,1
rattakul,0,1,1
ainin,0,1,1
oxoallobetulone,0,1,1
antibodiesonline,0,1,1
ɑ'-crystalline,0,1,1
platan,0,1,1
trisodique,0,1,1
macerata,0,1,1
isf1-x,0,1,1
dg44-sc39,0,1,1
igg3-sc39,0,1,1
p-276,0,1,1
osram,0,1,1
pis)ritonavir,0,1,1
davanzo,0,1,1
desire.•,0,1,1
hydroxyleucine,0,1,1
azidoproline,0,1,1
octadecapeptide,0,1,1
benzhydrylidene,0,1,1
dehydrobutyrine,0,1,1
tropomyocin,0,1,1
nonhairpin,0,1,1
bishomopropargylglycine,0,1,1
cβexo,0,1,1
benzimidamide,0,1,1
tetramethylimidazolidine,0,1,1
polysilaproline,0,1,1
benzo[g]quinoline,0,1,1
10%-17,0,1,1
codeine hydrochloride,0,1,1
strychnine hydrochloride,0,1,1
normorphine,0,1,1
butorphanbol,0,1,1
binaltorphine,0,1,1
quinolonen,0,1,1
hemeiron,0,1,1
transmembranproteine,0,1,1
aminosäuretransportproteine,0,1,1
stromelin,0,1,1
bakker,0,1,1
thromboreductin,0,1,1
verlaufsform,0,1,1
pradimycin,0,1,1
γglutamine,0,1,1
prufen,0,1,1
giltner,0,1,1
maharatra,0,1,1
exophtalmos,0,1,1
oftalmopet,0,1,1
thewhole,0,1,1
.phentermine,0,1,1
focadhesin,0,1,1
flexxanthosine,0,1,1
xantoxin,0,1,1
nbenzylpiperidine,0,1,1
bacteriocinsakacin,0,1,1
dwine,0,1,1
dhakshayini,0,1,1
spinnen,0,1,1
skorpionen,0,1,1
propylenglykol,0,1,1
mertinib,0,1,1
increa,0,1,1
antikörpertherapien,0,1,1
procyclide,0,1,1
objectone,0,1,1
febronectin,0,1,1
propenamide,0,1,1
trichostachine,0,1,1
thiazoleethiazolidine,0,1,1
cryptoantigen,0,1,1
神奇的土地,0,1,1
fähigkeitenin,0,1,1
gvhd.nine,0,1,1
itvine,0,1,1
fazzini,0,1,1
endozepine,0,1,1
s666,0,1,1
preddisone,0,1,1
prahm,0,1,1
octylphenol,0,1,1
yusuke,0,1,1
toshihiko,0,1,1
japanaddicsin,0,1,1
chisako,0,1,1
triglryceride,0,1,1
fumiko,0,1,1
atsuhiko,0,1,1
capsainsin,0,1,1
biotin dextran,0,1,1
peptidehormone,0,1,1
spvi,0,1,1
masumi,0,1,1
neurotrypsin,0,1,1
medincine,0,1,1
calnitin,0,1,1
ndiisopropyltryptamine,0,1,1
yanagawa,0,1,1
takehiko,0,1,1
isoguvacine,0,1,1
биологических,0,1,1
aryltetralin,0,1,1
"n6,0""-dibutyryladenosine",0,1,1
bigemina,0,1,1
flunixin meglamine,0,1,1
paparavine,0,1,1
calcium fluoride,0,1,1
maxiline,0,1,1
treehole,0,1,1
farciminosum,0,1,1
toxin rhizoxin,0,1,1
fcrγiib,0,1,1
ferrooxide,0,1,1
opsonin,0,1,1
hydroxyferricrocin,0,1,1
ubiqutin,0,1,1
entomophthora,0,1,1
hartklepafwijkingen,0,1,1
bedwongen,0,1,1
onbehandelde,0,1,1
dt)∆t,0,1,1
"n=1,653",0,1,1
remine,0,1,1
unverbundenem,0,1,1
rückfragen,0,1,1
anpassungen,0,1,1
hexone,0,1,1
fiberproteine,0,1,1
tumorsuppressorproteine,0,1,1
is/,0,1,1
rpmi/5,0,1,1
hachigian,0,1,1
triiodotyronine,0,1,1
ostelcalcin,0,1,1
bahera,0,1,1
tetraen,0,1,1
goztepe,0,1,1
mercaptalbumin,0,1,1
docosanoylcarnitine,0,1,1
oxytomodulin,0,1,1
vankomicin,0,1,1
tatraspanin,0,1,1
phosphatidyserine,0,1,1
tetraspa,0,1,1
thethiotaomicron,0,1,1
lasioglossin,0,1,1
elham,0,1,1
tanbih,0,1,1
rhizochalin,0,1,1
cucumarioside,0,1,1
herbamarine,0,1,1
offludarabine,0,1,1
lymphnode,0,1,1
netrophil,0,1,1
couriel,0,1,1
beta2microglobuline,0,1,1
ferini,0,1,1
chahine,0,1,1
grünhagen,0,1,1
learning.(fig1,0,1,1
none(20,0,1,1
carriageworks,0,1,1
terrein,0,1,1
hydroxydimeninol,0,1,1
hydroxyjesterone,0,1,1
phomopsichalasin,0,1,1
peripherin,0,1,1
mandelerkrankungen,0,1,1
αglucoside,0,1,1
foshou,0,1,1
behandelbare,0,1,1
"3-cyano-2,6-dihydroxypyridine",0,1,1
uoromethylpyrimidine,0,1,1
linzhou,0,1,1
cloramfenicol,0,1,1
pescini,0,1,1
pyrrolebenzophenone,0,1,1
bicyclo[3.1.0]hexenol,0,1,1
frarey,0,1,1
nanthroline,0,1,1
orfloxacin,0,1,1
nmethylformamide,0,1,1
lactucopicrine,0,1,1
benzylidenebenzylamine,0,1,1
benzotrifluoride,0,1,1
preprotoxin,0,1,1
kopfgröße,0,1,1
aerosolmenge,0,1,1
werteneine,0,1,1
taiyang,0,1,1
zaotan,0,1,1
righagen,0,1,1
emphysematouns,0,1,1
levelone,0,1,1
polyvinylidenfluoride,0,1,1
polyacrylarnide,0,1,1
nonproteoglycan,0,1,1
frameshiftin,0,1,1
inconclusive.•,0,1,1
anorexic.•,0,1,1
face.•,0,1,1
mgene,0,1,1
foscarnet foscarnet,0,1,1
modelfree,0,1,1
cornon,0,1,1
purinejpyrimidine,0,1,1
oexchang,0,1,1
geissoschizine,0,1,1
codecov,0,1,1
regimens.2,0,1,1
colpoplasty,0,1,1
vaginoplasty,0,1,1
pghrh,0,1,1
procaini,0,1,1
potassium sodium,0,1,1
21~89,0,1,1
transmesocolic,0,1,1
bilaminar,0,1,1
flamax,0,1,1
propiverine,0,1,1
imidafenacin,0,1,1
rf-02.08,0,1,1
transresveratol,0,1,1
anygrade,0,1,1
response).routine,0,1,1
etv612,0,1,1
ofwhole,0,1,1
penthamldine,0,1,1
eritromicine,0,1,1
firbin,0,1,1
suxametonio,0,1,1
m.c.m,0,1,1
complicatlola,0,1,1
igmfi,0,1,1
betathromboglobulin,0,1,1
contactmedium,0,1,1
amjkacine,0,1,1
fricchione,0,1,1
angiocrine,0,1,1
remsedivir,0,1,1
behindertenheime,0,1,1
stahle,0,1,1
basalinsuline,0,1,1
zirkadiane,0,1,1
therapy•,0,1,1
glimiperide,0,1,1
glusine,0,1,1
hydroxylysylpyridinoline,0,1,1
lysylpyridinoline,0,1,1
opioidalone,0,1,1
derk,0,1,1
affeldt,0,1,1
entorhin,0,1,1
resveratrol)theobromine,0,1,1
fawole,0,1,1
l'oxéladine,0,1,1
l'oxomémazine,0,1,1
l'alimémazine,0,1,1
l'erdostéine,0,1,1
l'amiloride,0,1,1
sethim,0,1,1
mediumgrade,0,1,1
transptacentat,0,1,1
twenty.one,0,1,1
chamberis,0,1,1
incubations;(ynaphthoflavone,0,1,1
aminobenzotriazole,0,1,1
xantenone,0,1,1
bucheon,0,1,1
pm1.0,0,1,1
goshajinkigan,0,1,1
alkylpyridine,0,1,1
siddique,0,1,1
sofosbuvir /simeprevir,0,1,1
lymphorrea,0,1,1
membersin,0,1,1
bisoxazoline,0,1,1
βhydride,0,1,1
koudounis,0,1,1
francolini,0,1,1
guaglianone,0,1,1
lopianvir,0,1,1
declatasvir,0,1,1
lenticulata,0,1,1
lactone oxygen,0,1,1
selectionprocessin,0,1,1
affinityof,0,1,1
antibodiescan,0,1,1
germsin,0,1,1
aerosolform,0,1,1
pilzsequestrationen,0,1,1
aspergillusinfektionsrisiko,0,1,1
contradictorydestradiol,0,1,1
octahydroxyindolizine,0,1,1
oligosaceharide,0,1,1
balanine,0,1,1
arneja,0,1,1
pageon,0,1,1
vasospasmen,0,1,1
alphadystroglycan,0,1,1
tropatépine,0,1,1
mlucosamine,0,1,1
pyrithone,0,1,1
colasanti,0,1,1
era3;411,0,1,1
sar-407899,0,1,1
regulierungszusammenhänge,0,1,1
ontologischen,0,1,1
materialismus,0,1,1
franzosen,0,1,1
zukunftsoffenem,0,1,1
unterscheidungen,0,1,1
sphingadienine,0,1,1
anticmyc,0,1,1
conditionsalone,0,1,1
triptocalline,0,1,1
steganacin,0,1,1
pleistocine,0,1,1
o-072,0,1,1
peimine,0,1,1
securinine,0,1,1
lathyranone,0,1,1
tripiperidine,0,1,1
catharoseumine,0,1,1
calycinum,0,1,1
calydaphninone,0,1,1
dehydroisostemotinine,0,1,1
glntathione,0,1,1
marmorata,0,1,1
reifenstein,0,1,1
ketofen,0,1,1
gazauridine,0,1,1
deoxybrevianamide,0,1,1
methylpendolmycin,0,1,1
marineosin,0,1,1
undecylprodigionine,0,1,1
eudistidine,0,1,1
emindole,0,1,1
deoxynortryptoquivaline,0,1,1
deoxytryptoquivaline,0,1,1
l'anifrolumab,0,1,1
bacteriacan,0,1,1
photochromogen,0,1,1
scotochromogen,0,1,1
tdf)/emtricitabine,0,1,1
e)gfr,0,1,1
sparafloxacin,0,1,1
shigatoxine,0,1,1
superinfectionone,0,1,1
polyethyleneimmine,0,1,1
conventionalhydrogen,0,1,1
amione,0,1,1
carebastine,0,1,1
mycophenolate mofetil,0,1,1
ochang,0,1,1
trophenylhydrazone,0,1,1
frutosamine,0,1,1
decol,0,1,1
colostridiales,0,1,1
55/151,0,1,1
californis,0,1,1
neupoegen,0,1,1
cholangiopathy,0,1,1
haptoglobinhemoglobin,0,1,1
pentasacchariditol,0,1,1
blactoglobulin,0,1,1
adefensin,0,1,1
tanemethylamine,0,1,1
gesamtverständnis,0,1,1
mussallem,0,1,1
applicationsa,0,1,1
ongeacht,0,1,1
verkrijgen,0,1,1
phoshatidylserine,0,1,1
gpiba,0,1,1
régine,0,1,1
übgergewicht,0,1,1
piccolinis,0,1,1
eindeutigen empfehlungen,0,1,1
jasmone,0,1,1
rollag,0,1,1
ofbombesin,0,1,1
nuclide,0,1,1
chromatine,0,1,1
chakirov,0,1,1
carboxmide,0,1,1
guaninium,0,1,1
.humanin,0,1,1
sialoglycan bindingsite,0,1,1
silfuximab,0,1,1
anticardiolpin,0,1,1
fragebogens,0,1,1
papierform,0,1,1
wiewohl,0,1,1
gallensäuremetabolismus,0,1,1
pyranodipyrimidine,0,1,1
gonyaulacales,0,1,1
toegenomen,0,1,1
diphtherietoxine,0,1,1
alphaketoamide,0,1,1
alanylglutamine,0,1,1
phostoxin,0,1,1
biomédecine,0,1,1
ezzouine,0,1,1
antibody.oseltamivir,0,1,1
kampfstoffen,0,1,1
yieldsin,0,1,1
keklikoglou,0,1,1
inhalationstherapie,0,1,1
eradikationstherapie,0,1,1
n6-hydroxyadenosine,0,1,1
gennany,0,1,1
gohil,0,1,1
years.2,0,1,1
anastomosisin,0,1,1
oxapyrrole,0,1,1
carboxypeptidse,0,1,1
radixinmoesin,0,1,1
3po5e10124,0,1,1
haltalin,0,1,1
failuresin,0,1,1
resisin,0,1,1
trisnine,0,1,1
temperaone,0,1,1
oorzaken,0,1,1
hartslag,0,1,1
cánula,0,1,1
proporcione,0,1,1
l'opisthorchiase,0,1,1
caseone,0,1,1
outbreakprone,0,1,1
gray.oxygen,0,1,1
actinmyosin,0,1,1
poikilothermy,0,1,1
homeothermy,0,1,1
zeitlin,0,1,1
rhodamineauramine,0,1,1
doctaarginine,0,1,1
tankut,0,1,1
.ublituximab,0,1,1
sqstm1.gefitinib,0,1,1
ennajar,0,1,1
ônone,0,1,1
2heptanone,0,1,1
rescales,0,1,1
sommigen,0,1,1
verticilide,0,1,1
orchardhrban,0,1,1
kesehatan,0,1,1
cloacin,0,1,1
bezog,0,1,1
argentinine,0,1,1
.isotetrandrine,0,1,1
ferid,0,1,1
igfc,0,1,1
bybone,0,1,1
ofcreatine,0,1,1
autoantibodiesin,0,1,1
euplatin,0,1,1
fiestin,0,1,1
usagesin,0,1,1
hydroxydaunomyicin,0,1,1
teslascan,0,1,1
tozzini,0,1,1
gln244,0,1,1
colhave,0,1,1
sunde,0,1,1
.lxekizumab,0,1,1
timesin,0,1,1
raccryptopleurine,0,1,1
chlorhexdine,0,1,1
hochfrequenzschallköpfen,0,1,1
qurantine,0,1,1
workdone,0,1,1
mentionworthy,0,1,1
0tetramethylbenzidine,0,1,1
chinapeptide,0,1,1
tetraethylammonium bromide,0,1,1
dmaltopyranoside,0,1,1
furthrr,0,1,1
wegvangen,0,1,1
scandenone,0,1,1
oflaxocin,0,1,1
methyllycoctonine,0,1,1
delcosine,0,1,1
oxosarcocapnidine,0,1,1
±)-corydalidzine,0,1,1
oxocularine,0,1,1
oxosarcocapnine,0,1,1
dyhydroisoquinoline,0,1,1
dehydrocorydaline,0,1,1
reisestil,0,1,1
yagil,0,1,1
giunzione,0,1,1
ormone,0,1,1
vascolarizzazione,0,1,1
programmata,0,1,1
oligodimerizzazione,0,1,1
absicherungen,0,1,1
bifrontal,0,1,1
transfalcine,0,1,1
predispone,0,1,1
karnovsky,0,1,1
birbeck,0,1,1
rocephine,0,1,1
piperacllin,0,1,1
octahydropentalene,0,1,1
sulfonylthiourea,0,1,1
aziathropine,0,1,1
bétail,0,1,1
trédémine,0,1,1
l'artémisinine,0,1,1
comparaed,0,1,1
dargenio,0,1,1
vergine,0,1,1
gammapathy,0,1,1
bafylomicin,0,1,1
ystiugov,0,1,1
nonmyeloablativecyclophosphamide,0,1,1
rytuximab,0,1,1
fiftysix,0,1,1
rabusin,0,1,1
n=22/125,0,1,1
lactalbumine,0,1,1
muscletone,0,1,1
inhibitorstocilizumab,0,1,1
interfonopathy,0,1,1
palatine,0,1,1
canakinmab,0,1,1
r=-.072,0,1,1
mophetil mycophenolate,0,1,1
vulvovaginitisin,0,1,1
oncanakinumab,0,1,1
mediterrenean,0,1,1
13/280,0,1,1
mollissimus,0,1,1
ribafutin,0,1,1
ag-(rupintrivir,0,1,1
pathogensa,0,1,1
preventionists,0,1,1
ar.none,0,1,1
detrmine,0,1,1
dimenthicone,0,1,1
organisationwide,0,1,1
bromopheniramine,0,1,1
nct04321993).baricitinib,0,1,1
thypsin,0,1,1
gaide,0,1,1
oxyfen,0,1,1
positione,0,1,1
thequestionis,0,1,1
"r=0,67",0,1,1
antiangiotensin,0,1,1
h.schoeppner,0,1,1
cateaholamine,0,1,1
anuitrypsin,0,1,1
cmeatinine,0,1,1
tolm,0,1,1
teriflunamide,0,1,1
mg)+ledepasvir,0,1,1
βkeratin,0,1,1
torlone,0,1,1
glutammin,0,1,1
vinylpyridine,0,1,1
porogen,0,1,1
"n',n'tetramethylethylethylenediamine",0,1,1
durchlässigen,0,1,1
frühschriften,0,1,1
übereinstimmungen,0,1,1
.vincristine,0,1,1
inazawa,0,1,1
ieucine,0,1,1
phenylaianine,0,1,1
laboratorymedicine,0,1,1
pyranine,0,1,1
third-(ceftazidime,0,1,1
asperoside,0,1,1
acidspirostan,0,1,1
progenin,0,1,1
vergegenwärtigen,0,1,1
0azidocytidine,0,1,1
hessekiel,0,1,1
newvaccine,0,1,1
exercisevehicle,0,1,1
verklebungen,0,1,1
flüchtigen,0,1,1
transkutanem,0,1,1
cellsin,0,1,1
ngilangwa,0,1,1
struijs,0,1,1
fascicle,0,1,1
nnitrosodiethylamine,0,1,1
l'alpha-1-antitripsine,0,1,1
hambardzumyan,0,1,1
bovio,0,1,1
kitayama,0,1,1
neoplasia.•,0,1,1
pcdhγ,0,1,1
hyponine,0,1,1
e.j.b,0,1,1
trapezii,0,1,1
toquet,0,1,1
calpainopathy,0,1,1
titinopathy,0,1,1
3dideoxynucleoside,0,1,1
xanthinexanthine,0,1,1
titolare,0,1,1
hexadecyoxypropylcidofovir,0,1,1
dimethoxytritylcidofovir,0,1,1
oleyloxypropyl,0,1,1
biometri,0,1,1
hydroxiclorochine,0,1,1
loriedo,0,1,1
ramjattan,0,1,1
3-(2-bromoethyl)indole,0,1,1
nindole,0,1,1
vertrauensniveau,0,1,1
guanosine-5'-triphosphate-5'-guanosine,0,1,1
l407v,0,1,1
meracptopurine,0,1,1
isoniaside,0,1,1
isoagglutinin,0,1,1
trimetoprimsulphometocsazole,0,1,1
pma)/ionomycine,0,1,1
crystacide,0,1,1
flucanosole,0,1,1
diseaseremdesivir,0,1,1
orthophenantroline,0,1,1
lympholine,0,1,1
ratesfour,0,1,1
rnasin,0,1,1
bicarbonate thiamine,0,1,1
kuxingrenamygdalin,0,1,1
sangyerutin,0,1,1
fabbrini,0,1,1
curarizzazione,0,1,1
à1.38,0,1,1
bisandrographolide,0,1,1
distin,0,1,1
diguanosine,0,1,1
mebeverine hydrochloride,0,1,1
selfcontrol,0,1,1
jurbergs,0,1,1
llabre,0,1,1
size>0.3,0,1,1
geringen,0,1,1
hyperpigmentierungen,0,1,1
ausgangswert,0,1,1
arbeitstagen,0,1,1
prostataapex,0,1,1
isozentrumsverschiebungen,0,1,1
subtrahiert,0,1,1
akutnebenwirkungen,0,1,1
organsysteme,0,1,1
nachsorgen,0,1,1
lungen-röntgen,0,1,1
arbeitsroutine,0,1,1
schichtdicke,0,1,1
malignem,0,1,1
64j,0,1,1
kurzeitigen,0,1,1
reparaturproteine,0,1,1
polymorphismus,0,1,1
erkrankungsrisiko,0,1,1
bestrahlungsschemata,0,1,1
überlebens,0,1,1
clinoril,0,1,1
transfiziert,0,1,1
genexpressionsveränderungen,0,1,1
terodiline,0,1,1
chemotherapeuticum,0,1,1
hydroxybenzimadazole,0,1,1
taurodeoxycholine,0,1,1
cases(40,0,1,1
maedivisna,0,1,1
stypandrol,0,1,1
binaphthoquinone,0,1,1
tetrahydroharmine,0,1,1
deoxypeganine,0,1,1
ergine,0,1,1
leukophenothiazine,0,1,1
leukothionol,0,1,1
thiaminasefree,0,1,1
nhexamethylene)-amiloride,0,1,1
bitopertin,0,1,1
hirnhautentzündungen,0,1,1
vorläufergen,0,1,1
polioviruscapside,0,1,1
höhle,0,1,1
serumproteine,0,1,1
turproteine,0,1,1
pferdepopulationen,0,1,1
poliovirusvakzine,0,1,1
cytopathogen,0,1,1
nichtcytopathogenen,0,1,1
ödembildungen,0,1,1
signalkaskade,0,1,1
nichtstukturproteine,0,1,1
zahlreichen passagen,0,1,1
strukturpolyproteine,0,1,1
gefundenalso,0,1,1
l'isole,0,1,1
chemine,0,1,1
myéline,0,1,1
farwaniaya,0,1,1
marchine,0,1,1
polypropylène,0,1,1
centers).o,0,1,1
argininecitrulline,0,1,1
benzodioxoles,0,1,1
pennone,0,1,1
bioterrorisin,0,1,1
bakeshop,0,1,1
ionomycin calcium,0,1,1
schlüsselbeine,0,1,1
flaue,0,1,1
flüssigkeitsansammlungen,0,1,1
signalanstieg,0,1,1
gebährfähigen,0,1,1
seltener,0,1,1
dekade,0,1,1
caccone,0,1,1
musham,0,1,1
galnac,0,1,1
mukaihara,0,1,1
rimondini,0,1,1
miahle,0,1,1
panourgias,0,1,1
duthil,0,1,1
tachocomb,0,1,1
methanolacetone,0,1,1
zosterimmunoglobuline,0,1,1
groeperingen,0,1,1
diderholm,0,1,1
frothingham,0,1,1
rytel,0,1,1
fauconnier,0,1,1
methylmorphine,0,1,1
nectins,0,1,1
sarliumab,0,1,1
dglactosamine,0,1,1
lupusprone,0,1,1
irs954,0,1,1
nucloetide,0,1,1
churruca,0,1,1
bárbara,0,1,1
wählt,0,1,1
peepal,0,1,1
çelik,0,1,1
"3,5,7,2′,4′-pentahydroxyflavone",0,1,1
roxyflavone,0,1,1
antiplaque,0,1,1
candidicide,0,1,1
glucosylflavone,0,1,1
hexahydroxyflavone,0,1,1
centefline,0,1,1
thremboxane,0,1,1
endoperoxide,0,1,1
acetylgliotoxin,0,1,1
predniselone,0,1,1
acetylmannosamine,0,1,1
leukoagglutinin,0,1,1
isoglobotriaosylceramide,0,1,1
sialyloligosaccharide,0,1,1
"glcnacβ(1,6)man",0,1,1
dmannosamine,0,1,1
glycosylinositol,0,1,1
glycosylasparagine,0,1,1
aldostcrone,0,1,1
triindothyronin,0,1,1
trfiodothyronin,0,1,1
bieuculline,0,1,1
retinin,0,1,1
biencuuine,0,1,1
rtinhydrin,0,1,1
featuresin,0,1,1
innovacin,0,1,1
ondocsin,0,1,1
"3,5-bis(pyridine-3-yl)-1,2,4thiadiazole",0,1,1
propargyl,0,1,1
rosário,0,1,1
karbapanem,0,1,1
friesicke,0,1,1
confi,0,1,1
chamdine,0,1,1
iudicone,0,1,1
roosnek,0,1,1
mereaptocthanol,0,1,1
retorno,0,1,1
zhanazhol,0,1,1
varzuga,0,1,1
zetasizer,0,1,1
cholesterole,0,1,1
umine,0,1,1
triglyseride,0,1,1
claforan,0,1,1
ec+24,0,1,1
benzothiazole-2-yl)thio]ethanone,0,1,1
t268d,0,1,1
glamoclija,0,1,1
diril,0,1,1
najafpour,0,1,1
val58met,0,1,1
lys224,0,1,1
betasterol,0,1,1
sercinoglu,0,1,1
floare,0,1,1
cytokinecytokine,0,1,1
chondroitin sulfate,0,1,1
dermatan sulfate,0,1,1
sakarya,0,1,1
pleurosticta,0,1,1
scabraside,0,1,1
celikkaya,0,1,1
leusine,0,1,1
nurcin,0,1,1
echinenone,0,1,1
markerantigen,0,1,1
taniyan,0,1,1
topbas,0,1,1
betafunaltrexamine,0,1,1
translokationsmongolismus,0,1,1
verhaltensstörungen,0,1,1
körperschicht,0,1,1
psychomotorik,0,1,1
scheu,0,1,1
ecigs,0,1,1
serumimmunglobuline,0,1,1
getragen,0,1,1
ganzgesichtsvisier,0,1,1
ysebaert,0,1,1
broecke,0,1,1
leucinearginine,0,1,1
ofchemokine,0,1,1
immunokine,0,1,1
regenectin,0,1,1
tophat2,0,1,1
andoutside,0,1,1
axipaban,0,1,1
tdimin,0,1,1
titrate oxygen,0,1,1
rochd,0,1,1
morhine,0,1,1
.clusianone,0,1,1
dulxanthone,0,1,1
octaethylporphine,0,1,1
multielectrode,0,1,1
gsk-3,0,1,1
1-chloro-3-tosylamido-4-phenyl-2-butanone,0,1,1
icelethanol,0,1,1
egg.4,0,1,1
vasalli,0,1,1
leucineenkephalin,0,1,1
hämoproteine,0,1,1
mapπ,0,1,1
"pyrimido[5,4-c]quinoline-2-methylthio-4-amine",0,1,1
fraenkel,0,1,1
dexmedetodimine,0,1,1
thioldisulfide,0,1,1
propanolamine,0,1,1
ethanol dopamine,0,1,1
prodopamine,0,1,1
neuroadaptogen,0,1,1
n-(boc)glycine,0,1,1
aanvragen,0,1,1
~-hexachlorocyclohexane,0,1,1
ofchloroprene,0,1,1
exoepoxide,0,1,1
~-cyclopentyladenosine,0,1,1
cyclopentyltheophylline,0,1,1
roxatidine,0,1,1
forschergruppe,0,1,1
benzodinzepine,0,1,1
phosphatidylethanol,0,1,1
l-[3h]citrulline,0,1,1
illfl,0,1,1
propargylxanthine,0,1,1
cartine,0,1,1
psychopharm,0,1,1
c~-methylhistamine,0,1,1
tetrahydmbiopterin,0,1,1
asetylcholine,0,1,1
tedisamil,0,1,1
ofnoradrenaline,0,1,1
bahnemann,0,1,1
bradyldnin,0,1,1
angioteasin,0,1,1
c]aminopyrine,0,1,1
amfloride,0,1,1
interindividuel,0,1,1
hexahydrosiladiphenidol,0,1,1
methylisoprenaline,0,1,1
"isopropyl-2,4""-cyanine",0,1,1
chlodsondamine,0,1,1
noradranaline,0,1,1
deadenosine,0,1,1
nthine,0,1,1
cloindine,0,1,1
renzapride,0,1,1
binaltorphimnine,0,1,1
cortieosterone,0,1,1
corticostorone,0,1,1
norbinaitorphimine,0,1,1
earbachol,0,1,1
neuroimmunol,0,1,1
proteasen,0,1,1
unruhigen,0,1,1
aplasiephase,0,1,1
raskar,0,1,1
fiumara,0,1,1
operationsin,0,1,1
psychostimulants,0,1,1
f]fluoroethyl)-ltyrosine,0,1,1
fluorobromomethane,0,1,1
dimethylaminoethanol,0,1,1
f]fallypride,0,1,1
bombesine,0,1,1
"r=0,666",0,1,1
prorennin,0,1,1
ustékinumab,0,1,1
iavarone,0,1,1
bleeding.4,0,1,1
khanin,0,1,1
sobolevski,0,1,1
h]leutine,0,1,1
bis-(indolyl)imidazole,0,1,1
cacodylvine,0,1,1
bertzamidine,0,1,1
thromboembolischen,0,1,1
krankheitsfolgen,0,1,1
vergleichbare,0,1,1
inkontinenz,0,1,1
hepatocarci,0,1,1
carcin,0,1,1
mh138314.1,0,1,1
trimethoprim sulfadiazine,0,1,1
osifchine,0,1,1
dpi).lycorine,0,1,1
verzorgen,0,1,1
luchtafvoerkanaal,0,1,1
glomus-,0,1,1
l'entraide,0,1,1
0!deoxynojirimycin,0,1,1
log1,0,1,1
bethamethasone,0,1,1
.eremomycin,0,1,1
demethyleremomycin,0,1,1
ndimethyleremomycin,0,1,1
n'-4-(4-chlorophenyl)benzylvancomycin,0,1,1
pentapeptide,0,1,1
silver bromide,0,1,1
glycyltyrosine,0,1,1
glycylserine,0,1,1
glycylthreonine,0,1,1
glycyllysine,0,1,1
tryptylglycine,0,1,1
tryptyltyrosine,0,1,1
vanadatealanylglycine,0,1,1
vanadatealanylhistidine,0,1,1
oglycylglycylglycine,0,1,1
oglutathione,0,1,1
"oxodiperoxo(1,10-phenanthroline",0,1,1
polypyridine,0,1,1
taper azathioprine,0,1,1
ndimethylaniline,0,1,1
2-phenylchroman-4-one,0,1,1
death).determine,0,1,1
hunam,0,1,1
conventily,0,1,1
electrogastrogram,0,1,1
n0.69,0,1,1
meylopathy,0,1,1
claritheomycin,0,1,1
reoccurene,0,1,1
celecoxbib,0,1,1
gemcitbine,0,1,1
radionucide,0,1,1
azetidone,0,1,1
ribofuranosylbenzimidazole,0,1,1
piperazine nitrogen,0,1,1
bepoxyketone,0,1,1
combin,0,1,1
aasumod,0,1,1
kortwerkende,0,1,1
percutane,0,1,1
zuurstofspanningsverschil,0,1,1
borstkasafwijkingen,0,1,1
ventilatieperfusieverhoudingen,0,1,1
opengaan,0,1,1
saturatiemetingen,0,1,1
opgenomen,0,1,1
perfusiescan,0,1,1
bewegingen,0,1,1
onevenredig,0,1,1
gehoorschade,0,1,1
polyethyleenglycol,0,1,1
opengaat,0,1,1
transsudaat,0,1,1
withlopinavir,0,1,1
jobsin,0,1,1
carragenin,0,1,1
antiulcerogen,0,1,1
galactosylceramine,0,1,1
lipoglycan,0,1,1
zeichner,0,1,1
malinckodt,0,1,1
.serine,0,1,1
ßmercaptoethanol,0,1,1
microvilli,0,1,1
auronem,0,1,1
guominm,0,1,1
biasin,0,1,1
alphadolone,0,1,1
fibrosarkom,0,1,1
femurtransplantat,0,1,1
brustbandphlegmone,0,1,1
disciplinesin,0,1,1
icosaecule,0,1,1
dignam,0,1,1
fosmire,0,1,1
triazolam.-carbamazepine,0,1,1
penzel,0,1,1
calumenin,0,1,1
obeseprone,0,1,1
attenukine,0,1,1
tcr+/-cytokine,0,1,1
albarracin,0,1,1
pg12v,0,1,1
lublini,0,1,1
εcadherin,0,1,1
threemonths,0,1,1
superinfezione,0,1,1
comprovata,0,1,1
suine,0,1,1
l'immunosopressione,0,1,1
l'infiltrazione,0,1,1
unlin,0,1,1
barbone,0,1,1
uurine,0,1,1
biotidferritin,0,1,1
dansylethylenediamine,0,1,1
fluoresceinamine,0,1,1
zoitocide,0,1,1
macherla,0,1,1
marinopyrrole,0,1,1
demethylnigerone,0,1,1
symbiodinolide,0,1,1
eemagine,0,1,1
oviductin,0,1,1
polyserine,0,1,1
rat-{delta}{alpha}-chymotrypsin,0,1,1
n2-line,0,1,1
淋巴细胞百分比降低,0,1,1
与存活患者比较降幅,0,1,1
患者的研究显示,0,1,1
但过度激活可以引起细胞因子风,0,1,1
zeera,0,1,1
flourine,0,1,1
acetylglucosaminylpyrophosphorylpolyisoprenol,0,1,1
kotwal,0,1,1
sudhof,0,1,1
cycokine,0,1,1
oidstone,0,1,1
untihodv,0,1,1
cylcin,0,1,1
dortier,0,1,1
isoglucosamine,0,1,1
oriko,0,1,1
prechromogen,0,1,1
ludowieg,0,1,1
dorfman,0,1,1
auffrischimpfungen,0,1,1
brandalarm,0,1,1
mhypoxanthine,0,1,1
trilhaarafwijkingen,0,1,1
trvnsin,0,1,1
onlv,0,1,1
collaboratine,0,1,1
ecofix,0,1,1
cyclohexylthiol,0,1,1
toluylthiol,0,1,1
pteridinone,0,1,1
imidazoquinoxaline,0,1,1
thiazosulfone,0,1,1
reovi,0,1,1
response:,0,1,1
ischämien,0,1,1
mercaptaneeine,0,1,1
elusine,0,1,1
foldager,0,1,1
pulvirenti,0,1,1
tayside,0,1,1
ofwarm,0,1,1
skryabin,0,1,1
immvloglobulin,0,1,1
antichromatin,0,1,1
trinitrophenol,0,1,1
transaipts,0,1,1
cytnkine,0,1,1
effecl,0,1,1
thcin,0,1,1
deterinine,0,1,1
andanhydroretinol,0,1,1
lymphocyteslymph,0,1,1
tcrap,0,1,1
lyrnphokine,0,1,1
bluestone,0,1,1
balhlc,0,1,1
fihronectin,0,1,1
fibronrrtin,0,1,1
plesmanlaan,0,1,1
lglmyc,0,1,1
db+mbo,0,1,1
chsin,0,1,1
rogentine,0,1,1
ciproflouacin,0,1,1
pliorbol,0,1,1
urogastrone,0,1,1
mestan,0,1,1
.undine,0,1,1
parthasarathy,0,1,1
giannaris,0,1,1
target_np.xlsx).remdesivir,0,1,1
lutikizumab,0,1,1
ptmvcp,0,1,1
ferrid,0,1,1
dvaline,0,1,1
diseaseone,0,1,1
chloroadeonsine,0,1,1
deoxydenonine,0,1,1
pirenperone,0,1,1
methoxytryptamine,0,1,1
piroxican,0,1,1
tetrohydroacridine,0,1,1
ritpnavir,0,1,1
plateletworks,0,1,1
.eucapsitrione,0,1,1
guidelinesby,0,1,1
pitini,0,1,1
isepamycin,0,1,1
craniotabes,0,1,1
pmcp,0,1,1
finnegan,0,1,1
through.•,0,1,1
chlolesterol,0,1,1
vitamin d. vitamin,0,1,1
saving~4200,0,1,1
hcv043,0,1,1
continour,0,1,1
thréonine,0,1,1
vimelysin,0,1,1
dactylysin,0,1,1
photostimuli,0,1,1
niclosomide,0,1,1
sorisole,0,1,1
butoxycarbonyl)-3-(4-aminobutyl)guanidine,0,1,1
choloroquinolinylthiourea,0,1,1
fluoromethylquinoline,0,1,1
provalid,0,1,1
dockingofthymidine,0,1,1
fluoreszenzanstieg,0,1,1
mikrofluide,0,1,1
f-168,0,1,1
βlopinavir,0,1,1
toremifeneclarithromycin,0,1,1
dyhydropiridine,0,1,1
methyltryptamine,0,1,1
uoromethoxyphenylhydrazone,0,1,1
adione,0,1,1
doxoribicin,0,1,1
dwi.3,0,1,1
caraguel,0,1,1
ampelopsin glucoside,0,1,1
noctilionine,0,1,1
nerenz,0,1,1
fluorofavipiravir,0,1,1
thrombelastograph,0,1,1
tropononin,0,1,1
dorea,0,1,1
upsalienis,0,1,1
subscripts,0,1,1
steroidian,0,1,1
glulisine,0,1,1
eindeutigen,0,1,1
znf532,0,1,1
phthalazinone,0,1,1
phenylpyridazine,0,1,1
temno,0,1,1
galabrata,0,1,1
rokaya,0,1,1
craigen,0,1,1
photinuspyralis,0,1,1
petrowskii,0,1,1
antiviralsoseltamivir,0,1,1
omphalophle,0,1,1
zeitgeber,0,1,1
tadornine,0,1,1
pettingill,0,1,1
oxyura,0,1,1
lmagine,0,1,1
trec-3,0,1,1
katsanis,0,1,1
thienopyranone,0,1,1
wehave,0,1,1
immunotherapie,0,1,1
laagmoleculairgewichtheparine,0,1,1
methodenentwicklungen,0,1,1
gewebeprobenpaare,0,1,1
schilddrüsenoperationen,0,1,1
aknetetrade,0,1,1
ergotismus,0,1,1
mesocolonansatz,0,1,1
shouldice,0,1,1
o'brine,0,1,1
cys3478,0,1,1
tissueplasminogen,0,1,1
diphenhydrarnine,0,1,1
b.cathepsin,0,1,1
kryoglobuline,0,1,1
berdoz,0,1,1
tetran,0,1,1
electroencephalography,0,1,1
dynacin,0,1,1
hemocane,0,1,1
e-951,0,1,1
kurdjumovi,0,1,1
novitskyi,0,1,1
ruskini,0,1,1
streptolysine,0,1,1
sanationem,0,1,1
rauschgift,0,1,1
antagonistnaloxone,0,1,1
f0087,0,1,1
sigg,0,1,1
respectively).fig,0,1,1
mesulergine,0,1,1
flavowine,0,1,1
thaxt,0,1,1
.decitabine,0,1,1
macrokine,0,1,1
phenylserine,0,1,1
thr-104,0,1,1
manssur,0,1,1
pfglfl,0,1,1
"o~2,6-sialylactosamine",0,1,1
phytanol,0,1,1
saecharide,0,1,1
lysosphingomyelin,0,1,1
galabiosylceramide,0,1,1
aminocellulofine,0,1,1
"ol2,6-paragloboside",0,1,1
galactosaminoglycan,0,1,1
galaptin,0,1,1
glycosylamine,0,1,1
tyrosinamide,0,1,1
paragloboside,0,1,1
glycometalloprotein,0,1,1
"r2,8st",0,1,1
corrobortaed,0,1,1
sialylparagloboside,0,1,1
benzothiophene,0,1,1
trihexaosylceramide,0,1,1
deoxynojiromycin,0,1,1
deoxymannonojiromycin,0,1,1
newsline,0,1,1
oracol,0,1,1
preservativos,0,1,1
campylobactefi,0,1,1
ketai,0,1,1
oxvgen,0,1,1
goggles).o,0,1,1
vaccinesone,0,1,1
oflipoprotein,0,1,1
hanchapola,0,1,1
.nimorazole,0,1,1
ofone,0,1,1
fieberzacke,0,1,1
makul,0,1,1
indemngen,0,1,1
l'adiponectine,0,1,1
knochenmarktransplantationen,0,1,1
delavaridine,0,1,1
isolicoflavanol,0,1,1
galactopyranosylamine,0,1,1
viucide,0,1,1
γbutyrobetaine,0,1,1
monomethylamine,0,1,1
.sorbin,0,1,1
valganciclovir hydrochloride,0,1,1
nordmazedonien,0,1,1
antibióticos,0,1,1
norepherinrine,0,1,1
gbx2-/-inner,0,1,1
schweinelungen,0,1,1
pneumothoraxinzidenz,0,1,1
toplc,0,1,1
centertine,0,1,1
depomedrol,0,1,1
grünkohl,0,1,1
mineralstoffen,0,1,1
tamoxifen tamoxifen,0,1,1
c481s,0,1,1
tetrahydroxystaurosporin,0,1,1
benefitsin,0,1,1
rengyolone,0,1,1
cytoslide,0,1,1
aptocine,0,1,1
fiorentini,0,1,1
capecitibine,0,1,1
interobserver,0,1,1
macromolecole,0,1,1
traslocone,0,1,1
citosolici,0,1,1
duplicazione,0,1,1
lipofezione,0,1,1
elettroporazione,0,1,1
pseudotipizzazione,0,1,1
l'esone,0,1,1
l'entrata,0,1,1
l'internalizzazione,0,1,1
internalizzazione,0,1,1
codone,0,1,1
l'esportazione,0,1,1
replicazione,0,1,1
posizionato,0,1,1
l'incorporazione,0,1,1
jkþ,0,1,1
navarixin,0,1,1
kg)-ketamine,0,1,1
database).tocilizumab,0,1,1
rutacultin,0,1,1
dehydropipernonaline,0,1,1
ophelic,0,1,1
sawertiamarine,0,1,1
mangeferin,0,1,1
amarogenitine,0,1,1
chirata,0,1,1
translocaiton,0,1,1
geissert,0,1,1
berkovitsa,0,1,1
z1.76,0,1,1
phenoprodifen,0,1,1
georgievski,0,1,1
azzara,0,1,1
epatomegaly,0,1,1
adrimycin,0,1,1
bedamustine,0,1,1
inteferon,0,1,1
p=.029,0,1,1
lueff,0,1,1
iacovone,0,1,1
tomadini,0,1,1
pavarini,0,1,1
"oxazolo[3,2-a]pyrimidin-7-one",0,1,1
vergiftungen,0,1,1
pipamperon,0,1,1
plötzlichen,0,1,1
starmine,0,1,1
preiato,0,1,1
meleagris,0,1,1
dihydrodeoxybromotopsentin,0,1,1
cornonavirdiae,0,1,1
paucatalinone,0,1,1
yellowmethanol,0,1,1
ofhyaline,0,1,1
bissetone,0,1,1
epipeunicin,0,1,1
succinolide,0,1,1
diepoxygorgiacerone,0,1,1
methoxygorgiacerol,0,1,1
isogorgiacerodiol,0,1,1
homarine,0,1,1
cellat,0,1,1
daëron,0,1,1
opticortenol,0,1,1
felduntersuchungen,0,1,1
l'aducanumab,0,1,1
quercetin aglycone,0,1,1
thiamin chloride,0,1,1
picouet,0,1,1
excavata,0,1,1
lowthrombin,0,1,1
fündig,0,1,1
superficialzone,0,1,1
fragmentozytennachweis,0,1,1
immunfixationselektrophoresen,0,1,1
mecaphane,0,1,1
oxalysine,0,1,1
cheliensisin,0,1,1
5-nitroindolin-2-one,0,1,1
5-chloroacetylindolin-2-one,0,1,1
triazin-2-yl)-phenylamine,0,1,1
tetanusprone,0,1,1
koutras,0,1,1
l-[?s]methionine,0,1,1
mcmensin,0,1,1
l-[35s]methinine,0,1,1
tunicamytin,0,1,1
l-[~s]methionine,0,1,1
macluraxanthone,0,1,1
chromenxanthone,0,1,1
garcinianin,0,1,1
"5-methoxy-2,2-dimethyl-6-(2-methyl-1-oxobut-2-enyl)-10-propyl-2h,8hbenzo[1,2-b;3,4-b']dipyran-8-one",0,1,1
soporosarcin,0,1,1
pijn).feneticilline,0,1,1
conservatief,0,1,1
effexor,0,1,1
identiclone,0,1,1
morbiditätsinzidenz,0,1,1
flüssigkeitsbilanz,0,1,1
hydgoxylanfine,0,1,1
rnonensin,0,1,1
barky,0,1,1
grundrhythmus,0,1,1
caelo,0,1,1
colocasin,0,1,1
microguide,0,1,1
truglide,0,1,1
nuclearmedicine,0,1,1
.maurocalcine,0,1,1
phthalylsulfathiazole,0,1,1
homotropine,0,1,1
bloeddonoren,0,1,1
vocazione,0,1,1
organizzandone,0,1,1
tradotta,0,1,1
omonima,0,1,1
nonnis,0,1,1
covid-19-outside,0,1,1
resimus,0,1,1
übermaß,0,1,1
drogensüchtigen,0,1,1
oxazophorine,0,1,1
cyclopshosphamide,0,1,1
.geldanamycin,0,1,1
"n6,n6-dimethyladenosine",0,1,1
cyclicadenosine,0,1,1
brominodine,0,1,1
prescriptiononly,0,1,1
aczone,0,1,1
octaarginine,0,1,1
triglycelide,0,1,1
phosphatidylseline,0,1,1
hematoside,0,1,1
streptovitacin,0,1,1
approxi,0,1,1
dihydrolipoamine,0,1,1
right).medicine,0,1,1
siloxane)-blockpoly(4-vinylpyridine,0,1,1
cholescystokininpancreozymin,0,1,1
aortenklappeninsuffizienz,0,1,1
leukämiezelline,0,1,1
lipopolysacharride,0,1,1
homoharrringtonine,0,1,1
ntestine,0,1,1
silvestre,0,1,1
arg175,0,1,1
glu176,0,1,1
leu177,0,1,1
glu159,0,1,1
fager,0,1,1
-isopentenyladeosine,0,1,1
quimioterápicos,0,1,1
gabrielli,0,1,1
guideine,0,1,1
ndesethylclomiphene,0,1,1
ergocornin,0,1,1
thenoyltrifluoracetone,0,1,1
nitrosonornicotine,0,1,1
celandine,0,1,1
proscillaridine,0,1,1
scillarene,0,1,1
scilliglaucoside,0,1,1
alkyresorcinol,0,1,1
ribosyladenosine,0,1,1
diribosyladenosine,0,1,1
bandshift,0,1,1
schlepütz,0,1,1
germanyapomorphine,0,1,1
ononetin,0,1,1
genotoxin,0,1,1
schettgen,0,1,1
βhematin,0,1,1
isomenthone,0,1,1
phytone,0,1,1
hexadecene,0,1,1
calretenin,0,1,1
d3s1285,0,1,1
tumorgrade,0,1,1
s-100,0,1,1
oncoproteine,0,1,1
glutaraldehide,0,1,1
littium,0,1,1
thopyranothiazole,0,1,1
trataron,0,1,1
tocoperol,0,1,1
vincristineprednisone,0,1,1
delanozomib,0,1,1
manasanch,0,1,1
richardsone,0,1,1
.delanzomib,0,1,1
kasinos,0,1,1
fjendbo,0,1,1
aeromanas,0,1,1
pettibone,0,1,1
arnside,0,1,1
lindblade,0,1,1
3-ethenylpyridine,0,1,1
ammonium nitrogen,0,1,1
l'actuel,0,1,1
maguire,0,1,1
dimethylarginine,0,1,1
bisindolylmaleimide,0,1,1
gástricos,0,1,1
relengthen,0,1,1
"dioxol-4-yl)-5-fluoropyrimidine-2,4(1h,3h)-dione",0,1,1
similaritiesin,0,1,1
persepsin,0,1,1
at~104,0,1,1
phloxine phloxine,0,1,1
idofine,0,1,1
perprotocol,0,1,1
asistimos,0,1,1
multicéntricos,0,1,1
azapeptide,0,1,1
amd310,0,1,1
transfernin,0,1,1
dipyrimidole,0,1,1
phosphohistone,0,1,1
bufferedsaline,0,1,1
cytofuge,0,1,1
l(porcine,0,1,1
eosionophil,0,1,1
potassium dichromate,0,1,1
pteronyssimus,0,1,1
il-17a(p>0.05,0,1,1
group4,0,1,1
rhinoconjunctivitis,0,1,1
allergen tyrosine,0,1,1
four(57.1,0,1,1
grouppostprotocol,0,1,1
marasmus,0,1,1
amenorea,0,1,1
c.40dela,0,1,1
mastoiditisin,0,1,1
thermalcontrol,0,1,1
adjara,0,1,1
kids(40,0,1,1
conditionaily,0,1,1
vlnculin,0,1,1
cytoskeietan,0,1,1
tetatomata,0,1,1
teratomata,0,1,1
amigen,0,1,1
pathologicalgrade,0,1,1
eyestone,0,1,1
hexadecyloxypropanol,0,1,1
∅we,0,1,1
careau,0,1,1
alternanolone,0,1,1
newed,0,1,1
studtin,0,1,1
etambuhtol,0,1,1
akakine,0,1,1
x-181,0,1,1
/-primaquine,0,1,1
acysno,0,1,1
tertbutanol,0,1,1
oleoyllysophosphatidylcholine,0,1,1
jaktinib hydrochloride,0,1,1
transportsystem,0,1,1
falik,0,1,1
nonanoylcarnitine,0,1,1
tetraglucoside,0,1,1
c.77dela,0,1,1
neuropaed,0,1,1
tiglyglycine,0,1,1
patol,0,1,1
nacetylgylosamine,0,1,1
firstcousin,0,1,1
anninos,0,1,1
denzlingen,0,1,1
onepersuade,0,1,1
stemberger,0,1,1
sialyllactosylceramide,0,1,1
oncornavir,0,1,1
famata,0,1,1
toxinantitoxin,0,1,1
mersin,0,1,1
oxonol,0,1,1
roudkenar,0,1,1
trimethoprimsulphametoxasole,0,1,1
pasinato,0,1,1
polici,0,1,1
methylpyrocatechol,0,1,1
potassium bromate,0,1,1
gernebcin,0,1,1
tryspin,0,1,1
queusine,0,1,1
emulgen,0,1,1
triade,0,1,1
thrombinthrombomodulin,0,1,1
crytotanshinone,0,1,1
menghine,0,1,1
dopexarnine,0,1,1
immunoglobutin,0,1,1
norvenlafaxine,0,1,1
bedpews,0,1,1
dyspnea;none,0,1,1
toxidrom,0,1,1
rindenzone,0,1,1
abbildungen,0,1,1
furchungsteilungen,0,1,1
furchungsstadien,0,1,1
laboratoriumsbedingungen,0,1,1
gramidicin,0,1,1
rcr.1,0,1,1
pacelli,0,1,1
.tacrine,0,1,1
saconato,0,1,1
transgénèse,0,1,1
l'ifn,0,1,1
tahara,0,1,1
vacunació,0,1,1
fenbrufen,0,1,1
enalpril,0,1,1
deoxypyridinoline.48,0,1,1
r=--0.76,0,1,1
microanglopathy,0,1,1
toxoplasmosls,0,1,1
italgene,0,1,1
amphotoeracin,0,1,1
p1cp,0,1,1
βerythroidine,0,1,1
leu251)cocaine,0,1,1
musculin,0,1,1
gaswm,0,1,1
chymolrypsin,0,1,1
irmpenem,0,1,1
irmnpenem,0,1,1
tthm,0,1,1
l)gallstone,0,1,1
cholecystokinm,0,1,1
duodemtls,0,1,1
ttlngen,0,1,1
patienm,0,1,1
ofl-.~gmine,0,1,1
mutaaom,0,1,1
changexl,0,1,1
okine,0,1,1
smgle,0,1,1
negatb,0,1,1
tumongenests,0,1,1
tlme,0,1,1
shlbata,0,1,1
saucearea,0,1,1
medidne,0,1,1
locol,0,1,1
allopurlnol,0,1,1
cmglobulin,0,1,1
petienu,0,1,1
opancreatos,0,1,1
tzssue,0,1,1
zymcgen,0,1,1
ssd550,0,1,1
ortecl,0,1,1
enoup,0,1,1
maejima,0,1,1
calcitnol,0,1,1
calcltnol,0,1,1
tnol,0,1,1
calotnol,0,1,1
expressmus,0,1,1
pancreatltls,0,1,1
telenzepine,0,1,1
treaanem,0,1,1
carbonm,0,1,1
vrvid,0,1,1
esat-6 lp,0,1,1
lp-esat-6+mpl,0,1,1
yaanpeinan,0,1,1
piperacillin tazobactam,0,1,1
ventricularare,0,1,1
bersanelli,0,1,1
tachypneic.2,0,1,1
gsh)/glutathione,0,1,1
panallergen,0,1,1
γcasein,0,1,1
77%-80,0,1,1
glycoallergen,0,1,1
cyklokapron,0,1,1
látex,0,1,1
l'aifa,0,1,1
p=0.270,0,1,1
phenylphrine,0,1,1
persantine,0,1,1
l'aminophylline,0,1,1
massétérine,0,1,1
opératoire,0,1,1
akxn5zz,0,1,1
patients).tocilizumab,0,1,1
gamaglobulin,0,1,1
cic320,0,1,1
patanol,0,1,1
joeris,0,1,1
cascara,0,1,1
useful.•,0,1,1
bilwa,0,1,1
isothebaine,0,1,1
mombin,0,1,1
periactin,0,1,1
factuel,0,1,1
smn.role,0,1,1
olrgonucleotide,0,1,1
oftd,0,1,1
developedone,0,1,1
karacin,0,1,1
glutamylmethylselenocysteine,0,1,1
scabin,0,1,1
oldprotocol,0,1,1
cepts,0,1,1
oxyiminocephalosporin,0,1,1
propaphenone,0,1,1
ialine,0,1,1
termoablazione,0,1,1
dextran sodium sulfate,0,1,1
cercine,0,1,1
monopolin,0,1,1
resulk,0,1,1
anitripsin,0,1,1
autocrinelparacrine,0,1,1
manba,0,1,1
replicasin,0,1,1
cbmm,0,1,1
venabulata,0,1,1
allochtone,0,1,1
geleedpotigen,0,1,1
abromoacetophenone,0,1,1
pyrazoleethiadiazole,0,1,1
pyrazolineeindolineethiazolidinone,0,1,1
pyrazolethiazolidinone,0,1,1
bisthiazolone,0,1,1
pyrazolineethiazole,0,1,1
pankreatitis).eine,0,1,1
zytopenischen,0,1,1
gbutirolactone,0,1,1
reninangiotensin aldosterone,0,1,1
aminopyrazine,0,1,1
naphthimidazole,0,1,1
bithiophene,0,1,1
tsubokawa,0,1,1
diphenyldisulfide,0,1,1
polyglycerol,0,1,1
glycodecapeptide,0,1,1
methylmethylamine,0,1,1
triazyne,0,1,1
tris-(2-ethylamino)amine,0,1,1
lappaconitine,0,1,1
amrisulpride,0,1,1
briakunumab,0,1,1
squip,0,1,1
thymocyteglobulin,0,1,1
traumatisierungen,0,1,1
impfwilligen,0,1,1
extremismus,0,1,1
dogmatismus,0,1,1
fanatismus,0,1,1
entwicklungshilfen,0,1,1
benzotriazol-1-yl)methanol,0,1,1
norbornanone,0,1,1
tetrahydrooxazine,0,1,1
tosylhydrazone,0,1,1
chloropropyl,0,1,1
benzotriazol-1-yl)acetone,0,1,1
chloroimine,0,1,1
propiophenone,0,1,1
benzyloxyamine,0,1,1
triphenyltin,0,1,1
"benzo-1,2,3,4-tetrazine",0,1,1
techniqueethanol,0,1,1
troversy,0,1,1
immunosup,0,1,1
tracin,0,1,1
coagulopa,0,1,1
adminis,0,1,1
onfarm,0,1,1
probenzimidazole,0,1,1
hyperim,0,1,1
feedstuffs,0,1,1
soxazole,0,1,1
sulfa methoxazole,0,1,1
δtoxin,0,1,1
rotavirusimmunoglobulin,0,1,1
niclosemide,0,1,1
italyone,0,1,1
melevodopa,0,1,1
rifabutin rifapentinerifapentine,0,1,1
primidoneprimidone,0,1,1
markantonis,0,1,1
niokou,0,1,1
noromectin,0,1,1
furexel,0,1,1
field).creatinine,0,1,1
fam25c,0,1,1
gpr158,0,1,1
znf239,0,1,1
fam111a,0,1,1
or51f2,0,1,1
tmem106c,0,1,1
ten1-cdk3,0,1,1
top3a,0,1,1
tug1,0,1,1
streitschlichtungsmechanismus,0,1,1
streitschlichtungsentscheide,0,1,1
pedicles,0,1,1
gastrointestine,0,1,1
varioscan,0,1,1
trade.•,0,1,1
siblingsin,0,1,1
gerullis,0,1,1
i.v.fludarabine,0,1,1
paplham,0,1,1
patiens,0,1,1
immunglobulin,0,1,1
-cmethylcytidine,0,1,1
benzodioxolane,0,1,1
nsp12.remdesivir,0,1,1
calmostat,0,1,1
d816v,0,1,1
lansoplazole,0,1,1
topole,0,1,1
cellsvacine,0,1,1
phenylenediamine,0,1,1
dibucaine hydrochloride,0,1,1
tetracaine hydrochloride,0,1,1
girls-2.8,0,1,1
jacoby,0,1,1
thymohydoquinone,0,1,1
darmkrebsrisiko,0,1,1
ghs)/qol,0,1,1
olopade,0,1,1
phendione,0,1,1
galizine,0,1,1
lownicotine,0,1,1
ovcin,0,1,1
lobulary,0,1,1
sahnane,0,1,1
kankaya,0,1,1
stallone,0,1,1
armutsrisiko,0,1,1
beziehungserfahrungen,0,1,1
antrazykline,0,1,1
alkaloide,0,1,1
synergismus,0,1,1
prostazykline,0,1,1
neurobin,0,1,1
okigawa,0,1,1
dahlgran,0,1,1
ferric iron,0,1,1
autoimmunerkankungen,0,1,1
weeks).sofosbuvir,0,1,1
cyclopropa,0,1,1
tipepidine,0,1,1
crossmachine,0,1,1
polyetersulfone,0,1,1
"r=0,50",0,1,1
cephalospin,0,1,1
surarnin,0,1,1
34/311,0,1,1
βescin,0,1,1
cihil,0,1,1
vicentine,0,1,1
cepalycin,0,1,1
cepaciamide,0,1,1
banegasin,0,1,1
"4,6,4'-trimethylangelicin",0,1,1
speert,0,1,1
phenylnapthylamine,0,1,1
aminopropylcadaverine,0,1,1
p3000,0,1,1
acceptor)vaccine,0,1,1
desmethylazithromycin,0,1,1
xyalzine,0,1,1
froedtert,0,1,1
extensa,0,1,1
timişoara,0,1,1
eosinophilesin,0,1,1
histiocytosisin,0,1,1
opinionin,0,1,1
trastorno,0,1,1
surge[30]remdesivir,0,1,1
blockers[34]darunavir,0,1,1
rawhani,0,1,1
diclofenac potassium,0,1,1
overgewicht,0,1,1
otoluidine,0,1,1
acetylaniline,0,1,1
deoxyadenosinedeoxyadenosine,0,1,1
chemoprotocol,0,1,1
junqi,0,1,1
bassendine,0,1,1
khade,0,1,1
theheterochromatin,0,1,1
macclade,0,1,1
altrornin,0,1,1
methallothionin,0,1,1
hdefensin,0,1,1
fibroncctin,0,1,1
modcratcl,0,1,1
daschle,0,1,1
guanifenesin,0,1,1
rhodesare,0,1,1
pasqualin,0,1,1
islak,0,1,1
isovoxel,0,1,1
"azaspiro-2,4-diamino-1,6-dihydrotriazine",0,1,1
whetstine,0,1,1
repligen,0,1,1
trisialoganglioside,0,1,1
carole,0,1,1
motionis,0,1,1
kawanami,0,1,1
sonogrephlc,0,1,1
angone,0,1,1
rivastigamine,0,1,1
ffluoride,0,1,1
monofosfato,0,1,1
pirofosfato,0,1,1
dipyridodiazepinone,0,1,1
0·25,0,1,1
sequenced.amantadine,0,1,1
tingula,0,1,1
g1799,0,1,1
quersetin,0,1,1
vasoprostan,0,1,1
placvenil,0,1,1
378/672,0,1,1
amygdaloside,0,1,1
dexamentasone,0,1,1
phoshatidylcholine,0,1,1
quadropole,0,1,1
oesofagusruptuur,0,1,1
darmaandoeningen,0,1,1
sodium salicylate,0,1,1
ashburningham,0,1,1
automobilwirtschaft,0,1,1
garantieleistungen,0,1,1
springbeine,0,1,1
reinem,0,1,1
unreinem,0,1,1
protestantismus,0,1,1
nähmaschine,0,1,1
ägyptischen,0,1,1
stilpluralismus,0,1,1
einordnungshilfen,0,1,1
vereine,0,1,1
olympiade,0,1,1
raumfahrtmagazine,0,1,1
technikjournalismus,0,1,1
twoone,0,1,1
choromogranin,0,1,1
cribriform,0,1,1
smudgy,0,1,1
dragusin,0,1,1
tyroglobuline,0,1,1
f-187,0,1,1
progeterone,0,1,1
bénazépril,0,1,1
chondroïtine,0,1,1
méglumine,0,1,1
notevole,0,1,1
metabolizzazione,0,1,1
n6-cyclopentyladenosine,0,1,1
olex2.refine,0,1,1
poly(aacryloylmorpholine)acyclovir,0,1,1
dglucopyranosylamine,0,1,1
benzonaphtacenequinone,0,1,1
monocycles,0,1,1
triethylenediamine,0,1,1
flupertine,0,1,1
aloisine,0,1,1
vergangene,0,1,1
begabungen,0,1,1
tierversuchen,0,1,1
zwischenergebnis,0,1,1
takine,0,1,1
renil,0,1,1
isayama,0,1,1
nlactosamine,0,1,1
rudner,0,1,1
fornarini,0,1,1
glycineserine,0,1,1
mias.neratinib,0,1,1
ramamycin,0,1,1
effentora,0,1,1
lesions=6,0,1,1
dauorubicin,0,1,1
resolution-3.7,0,1,1
neratinibpaclitaxel,0,1,1
cyclohexamine,0,1,1
ränge,0,1,1
dihydroxyphenylglycine,0,1,1
gram−,0,1,1
biopolyaminosaccharide,0,1,1
bicycloheptenone,0,1,1
celesticetin,0,1,1
omocysteine,0,1,1
monophenol,0,1,1
mazetharmycin,0,1,1
oryzicola,0,1,1
novabiocin,0,1,1
chloromphenicol,0,1,1
meatpeptone,0,1,1
tobramucin,0,1,1
gentmycin,0,1,1
gujar,0,1,1
semenzato,0,1,1
armodafinil,0,1,1
guillaine,0,1,1
p=0.648,0,1,1
sinemet,0,1,1
calcium carbonate,0,1,1
negan,0,1,1
difluorodeoxyuridine,0,1,1
values).adenosine,0,1,1
"3,5,3ј-triiodothyronine",0,1,1
thiouridine,0,1,1
modificaat,0,1,1
wyebutosine,0,1,1
wyebutoxosine,0,1,1
conclusionscan,0,1,1
arundine,0,1,1
d'inverno,0,1,1
filtrasol,0,1,1
lanceolactone,0,1,1
adunctin,0,1,1
h1666,0,1,1
hoh799,0,1,1
schwerbel,0,1,1
αcrystallin,0,1,1
c.cytokine,0,1,1
facchin,0,1,1
klersy,0,1,1
parogni,0,1,1
thordardottir,0,1,1
ghirelli,0,1,1
zelin,0,1,1
brachioplexopathy,0,1,1
araque,0,1,1
asmatica).infine,0,1,1
transfectin,0,1,1
ordnungsamt,0,1,1
dcvaccine,0,1,1
p3-valine,0,1,1
benzoylalanine,0,1,1
benzoylglucuronide,0,1,1
anilinocoumarin,0,1,1
razorbill,0,1,1
nicolsamide,0,1,1
toremefine,0,1,1
monteiri,0,1,1
inslgnis,0,1,1
l'artériole,0,1,1
l'angiotensine,0,1,1
arylidenehydrazine,0,1,1
mikroskopisch,0,1,1
figurski,0,1,1
belcefi,0,1,1
cazzolato,0,1,1
crollini,0,1,1
thioguamine,0,1,1
creoline,0,1,1
.ostalmovir,0,1,1
methoxyphenamine,0,1,1
macroblogulin,0,1,1
weefselamoebicide,0,1,1
contactamoebicide,0,1,1
ethylcarbamazine,0,1,1
chrysopsvliegen,0,1,1
oogafwijkingen,0,1,1
consumptieijs,0,1,1
vislintworm,0,1,1
titercontrole,0,1,1
thr48met,0,1,1
kansuk,0,1,1
granulphysin,0,1,1
ontology.•,0,1,1
receptorangiotensin,0,1,1
richtwert,0,1,1
gewonnenem,0,1,1
talblockade,0,1,1
anzüchtungen,0,1,1
inkubiert,0,1,1
hhdac,0,1,1
perire,0,1,1
hemaggtutinin,0,1,1
.gtucosamine,0,1,1
ostergia,0,1,1
caprine,0,1,1
leptospicularis,0,1,1
deliveroo,0,1,1
enzime,0,1,1
carboxyamide,0,1,1
eliahou,0,1,1
lopukhin,0,1,1
shurkalin,0,1,1
trecartin,0,1,1
neuroleptlcs,0,1,1
g.online,0,1,1
loehle,0,1,1
behague,0,1,1
oreports/).intermine,0,1,1
fshr,0,1,1
endotheliumderived,0,1,1
benzobromarone,0,1,1
dipryidamole,0,1,1
novielli,0,1,1
impfungeine,0,1,1
matasin,0,1,1
ashihara,0,1,1
fahmy,0,1,1
butorphenol,0,1,1
intestamine,0,1,1
sodium bicarbonate infused,0,1,1
paderno,0,1,1
nonfluoroquinolone,0,1,1
kreda,0,1,1
odensa,0,1,1
l-[ring-2h5]phenylalanine,0,1,1
bacteriorbodopsin,0,1,1
ostcocalcin,0,1,1
omithine,0,1,1
biorepositorios,0,1,1
anitrypsin,0,1,1
inununol,0,1,1
sdectin,0,1,1
glutmnine,0,1,1
tanrolidine,0,1,1
lincoseamide,0,1,1
forskoklin,0,1,1
fischor,0,1,1
operafionem,0,1,1
nonlethai,0,1,1
mttrine,0,1,1
sereotonin,0,1,1
jantitrypsin,0,1,1
nanemole,0,1,1
chlornqoine,0,1,1
rnonokine,0,1,1
palasiewicz,0,1,1
ratine,0,1,1
torminolugios,0,1,1
thmmbomodulin,0,1,1
trausferrin,0,1,1
biilirubin,0,1,1
lipopolysacchmdde,0,1,1
infantine,0,1,1
coagnlopathy,0,1,1
taetivine,0,1,1
tactivine,0,1,1
endodoxin,0,1,1
nnine,0,1,1
gluts.mine,0,1,1
glutanaine,0,1,1
preoperativly,0,1,1
leuine,0,1,1
lipopolymccharide,0,1,1
haride,0,1,1
l~¢ovide,0,1,1
harnteststreifen,0,1,1
housing.4,0,1,1
.xylazine,0,1,1
aderibole,0,1,1
commerciallymade,0,1,1
passagiermaschine,0,1,1
mitschwingen,0,1,1
alt(alanine,0,1,1
bibliometrician,0,1,1
covid-19women,0,1,1
indomethucin,0,1,1
zuriick,0,1,1
nodakenetin,0,1,1
xanthoarnol,0,1,1
cis-3'-isovaleryl-4'-acetylkhellactone,0,1,1
clemiscosin,0,1,1
cefuroxime axetil,0,1,1
clostridios,0,1,1
o'dea,0,1,1
tyr168,0,1,1
lys176,0,1,1
nexo_gfppd250r_fw,0,1,1
ockham,0,1,1
c]-valine,0,1,1
sarracenin,0,1,1
octenone,0,1,1
yldiazomethylketone,0,1,1
tetrabutylammonium flouoride,0,1,1
-allamandicin,0,1,1
^p/-allamandicin,0,1,1
thioimidazolide,0,1,1
secologanin,0,1,1
inoue,0,1,1
triphenylstannane,0,1,1
halimedalactone,0,1,1
cambean,0,1,1
spatacsin,0,1,1
scapinin,0,1,1
philafricaine,0,1,1
odimethylhydroxylamine,0,1,1
p=0.0026).nifedipine,0,1,1
vennen,0,1,1
resektionen,0,1,1
operativer,0,1,1
kindernephrologen,0,1,1
aufmerksamkeitsstörungen,0,1,1
realitätsnähe,0,1,1
geburtslagen,0,1,1
apnoen,0,1,1
parliamenthave,0,1,1
nivalenol,0,1,1
alphatoxin,0,1,1
ornythil,0,1,1
tri-(sofosbuvir,0,1,1
betaalanine,0,1,1
plasmamembrane,0,1,1
pluosol,0,1,1
reizungen,0,1,1
teweegbrengt,0,1,1
trichosporonos,0,1,1
coracin,0,1,1
amsacarine,0,1,1
dimethylsulfone,0,1,1
arabinosylcytosin,0,1,1
terephine,0,1,1
antalgin,0,1,1
tériparatide,0,1,1
bévacizumab,0,1,1
l'infliximab,0,1,1
flixabi,0,1,1
d'immunogénicité,0,1,1
rafinesque,0,1,1
overtuigingen,0,1,1
gezondheidszorgopleidingen,0,1,1
giesbert,0,1,1
gelade,0,1,1
diosynth,0,1,1
carboximidamide,0,1,1
papini,0,1,1
rovero,0,1,1
oscillapeptin,0,1,1
indolizinoindole,0,1,1
diaminopropanol,0,1,1
phenylnorstatine,0,1,1
nmethylphenylalanine,0,1,1
l-4amidinophenylalanine,0,1,1
oligoalanine,0,1,1
fujii,0,1,1
penicilamin,0,1,1
d-1-naphthylalanine,0,1,1
metallopeptide,0,1,1
azaphenylalanine,0,1,1
betahomophenylalanine,0,1,1
benzylglycine,0,1,1
coix,0,1,1
zwangerschapscontrole,0,1,1
halofrantine,0,1,1
permetrine,0,1,1
l'anakinra,0,1,1
panzini,0,1,1
lickert,0,1,1
imanin,0,1,1
tepa,0,1,1
teflubenzuron,0,1,1
reglone,0,1,1
avicide,0,1,1
includeslopinavir,0,1,1
advoralimab,0,1,1
potassium magnesium,0,1,1
noantigen,0,1,1
musculatura,0,1,1
radixivir,0,1,1
causes.baseline,0,1,1
taiwanin,0,1,1
methylbenzylamide,0,1,1
nmethylallylamine,0,1,1
trazione,0,1,1
phospholipoprotein,0,1,1
participationone,0,1,1
th2cytokine,0,1,1
leadingt,0,1,1
ligonucleotide,0,1,1
chloraminatione,0,1,1
altematives,0,1,1
reninangiontensin,0,1,1
kuchichiroshou,0,1,1
ambikapathy,0,1,1
lonelinessin,0,1,1
arulanandam,0,1,1
krivi,0,1,1
zonaquinone,0,1,1
indomycinone,0,1,1
thiocoraline,0,1,1
anabeseine,0,1,1
.abyssine,0,1,1
seacode,0,1,1
iibrutinib,0,1,1
olluscicide,0,1,1
tuttora,0,1,1
l'esacerbazione,0,1,1
esplicitazione,0,1,1
glyeine,0,1,1
potyacrylarnide,0,1,1
n'--tetramethy]ethylenediamine,0,1,1
atherosclerosisprone,0,1,1
neargermline,0,1,1
pcoxpls,0,1,1
benzyloxyketene,0,1,1
hesanaldimine,0,1,1
aryloxyacetyl,0,1,1
triphenylphosphazene,0,1,1
acyloxazolidinone,0,1,1
fmocproline,0,1,1
cyclopropanone,0,1,1
titanocene,0,1,1
chlorphénamine,0,1,1
mométasone,0,1,1
nasonex,0,1,1
béclométasone,0,1,1
cétirizine,0,1,1
lévocétirizine,0,1,1
l'atropine,0,1,1
médroxyprogestérone,0,1,1
thribs,0,1,1
k.g.a,0,1,1
nas;remdesivir,0,1,1
~10~~,0,1,1
transgenin,0,1,1
tsubokura,0,1,1
gliga,0,1,1
low(40,0,1,1
vignos,0,1,1
sarcoplasin,0,1,1
retrocollis,0,1,1
antigliadine,0,1,1
pchlorophenylalanine,0,1,1
propranolol amitriptyline,0,1,1
linetskv,0,1,1
gailiniaglobtilin,0,1,1
multilacunar,0,1,1
dihydropterine,0,1,1
pancytokeratine,0,1,1
glutaurine,0,1,1
nordeuropas,0,1,1
salé,0,1,1
l'acétylleucine,0,1,1
arabinosine,0,1,1
dysmyélinogenèse,0,1,1
embol,0,1,1
cyclohexylcloroethylnitrosourea,0,1,1
justifican,0,1,1
neededdone,0,1,1
tirachini,0,1,1
scenarioone,0,1,1
phenetole,0,1,1
nitroanlilide,0,1,1
t-283,0,1,1
trisheparin,0,1,1
0diaminobenzidine,0,1,1
ritnoavir,0,1,1
cyamémazine,0,1,1
lévomépromazine,0,1,1
propériciazine,0,1,1
niirtingen,0,1,1
hygieneroutine,0,1,1
verschlussmechanismus,0,1,1
vorherzusagen,0,1,1
faserendigungen,0,1,1
ausbelastungskriterien,0,1,1
atemfrequenzanstieg,0,1,1
gentallin,0,1,1
r-(+)pulegone,0,1,1
languageone,0,1,1
antonovsky,0,1,1
gadoteriol,0,1,1
oxandralone,0,1,1
auspragungen,0,1,1
geschaftsmaschine,0,1,1
trinitat,0,1,1
verkniipfen,0,1,1
allesamt,0,1,1
erkundungen,0,1,1
aufgegangen,0,1,1
fliichen,0,1,1
fassade,0,1,1
hertragen,0,1,1
treppenstufen,0,1,1
f452v,0,1,1
v485l,0,1,1
dok-3,0,1,1
tilianin,0,1,1
vinylpentacetylene,0,1,1
cyparissin,0,1,1
thiazinodine,0,1,1
facialtraitsin,0,1,1
byof,0,1,1
polosukhin,0,1,1
interpolaris,0,1,1
ffw-755ñ,0,1,1
chinswangwatanakul,0,1,1
octandiol,0,1,1
parathenolid,0,1,1
tricycloheptane,0,1,1
spumapepsin,0,1,1
retropepsin,0,1,1
seraclone,0,1,1
séverine,0,1,1
panagglutinin,0,1,1
felton,0,1,1
prudon,0,1,1
betaherpesvir,0,1,1
dasjenige,0,1,1
naturwüchsigen,0,1,1
fasciglione,0,1,1
treated).chloroquine,0,1,1
uropolin,0,1,1
gastrographine,0,1,1
fereungulata,0,1,1
gold(ⅲ,0,1,1
oximato,0,1,1
oxalyldihydrazide,0,1,1
carbazone,0,1,1
carbonium,0,1,1
osteosarcomata,0,1,1
triazeno,0,1,1
perylenequinone,0,1,1
trisethyleneiminoquinone,0,1,1
aziridinylbenzoquinone,0,1,1
teroxirone,0,1,1
indicine,0,1,1
cosmegen,0,1,1
methylmitomycin,0,1,1
bishydrazone,0,1,1
maduropeptin,0,1,1
dimethoxyphenol,0,1,1
asulacrine,0,1,1
bisdioxopiperazine,0,1,1
"s)-2-(4-(((2,4-diaminopteridin-6-yl",0,1,1
adrucil,0,1,1
carac,0,1,1
properties.6-azauridine,0,1,1
darabinofuranosylcytosine,0,1,1
"5,6-dihydro-5-azacytidine",0,1,1
pagetoide,0,1,1
blutzuckeranstieg,0,1,1
alkoholismus,0,1,1
misporstol,0,1,1
included(12,0,1,1
glicazide,0,1,1
komponentenvakzine,0,1,1
pertussisvakzine,0,1,1
rötelnarthropathie,0,1,1
tetanusimmunglobulin,0,1,1
boostereff,0,1,1
schutzeff,0,1,1
tributyltinoxide,0,1,1
taruine,0,1,1
lipofucsin,0,1,1
fazialisparesen,0,1,1
orbitaphlegmone,0,1,1
obligatorisch.•,0,1,1
energien,0,1,1
glykoside,0,1,1
drogenabhängigen,0,1,1
brennungen,0,1,1
cetyltrimethylammoniumbromide,0,1,1
lipopolylysine,0,1,1
tafamadis,0,1,1
ammonium pentatungstodiantimonate,0,1,1
eikosadienoic,0,1,1
adrenoic,0,1,1
tranexamic acid.,0,1,1
interventions).define,0,1,1
tazabactam,0,1,1
andpiperacillin,0,1,1
conclusionas,0,1,1
cytosineguanosine,0,1,1
oligodesoxynucleotide,0,1,1
koschinski,0,1,1
vankomycin,0,1,1
ampillicin,0,1,1
nonadecasaccharide,0,1,1
achronmycin,0,1,1
umweltschimmelpilze,0,1,1
hydrokarbone,0,1,1
ciliaris,0,1,1
aquafine,0,1,1
pravastatin sodium,0,1,1
lm.none,0,1,1
vaccini,0,1,1
hostepathogen,0,1,1
persephone,0,1,1
ottimizzato,0,1,1
otturato,0,1,1
tappo,0,1,1
d'intubazione,0,1,1
sévérité,0,1,1
homocyteine,0,1,1
levetiractam,0,1,1
bussone,0,1,1
lamorigine,0,1,1
gebeline,0,1,1
striatofrontal,0,1,1
sarvir,0,1,1
fasham,0,1,1
.carfilzomib,0,1,1
chloroethyldeoxyuridine,0,1,1
fluoroiodoaracytosine,0,1,1
inosine pranobex,0,1,1
.ridinilazole,0,1,1
oxazolidinonequinolone,0,1,1
stachybogrisephenone,0,1,1
risikoanstieg,0,1,1
immuneglobuline,0,1,1
groupone,0,1,1
antibodyshop,0,1,1
grusbakken,0,1,1
khuroo,0,1,1
g781s,0,1,1
r513r,0,1,1
normeperidine,0,1,1
ituximab,0,1,1
rpr-132552,0,1,1
testosteone,0,1,1
p.k.s,0,1,1
propylnorapomorphine,0,1,1
ofdopamine,0,1,1
ofnaltrexone,0,1,1
but/3-funaltrexamine,0,1,1
quacazocine,0,1,1
morphiceptin,0,1,1
ofsufentanil,0,1,1
/3-funaltrexamine,0,1,1
c~-methylparatyrosine,0,1,1
pancathepsin,0,1,1
citorellamine,0,1,1
dibromohydroxytryptamine,0,1,1
tridebromodragmacidin,0,1,1
6bromoindole,0,1,1
glyoxalylindole,0,1,1
denudata,0,1,1
benzylmaleimide,0,1,1
bis-(2-nitrophenyl)butadiene,0,1,1
indolylmagnesium bromide,0,1,1
dibromomaleimide,0,1,1
hexamethyldisilazane,0,1,1
secoaglycone,0,1,1
benzyloxyrebeccamycin,0,1,1
glucosamine hydrochloride,0,1,1
uroshiol,0,1,1
fasciclin,0,1,1
31/402,0,1,1
europeanwide,0,1,1
ceftatzidime,0,1,1
prepare.9,0,1,1
shensanqi,0,1,1
mammograhy,0,1,1
cromatin,0,1,1
stains.-fine,0,1,1
ipoechogen,0,1,1
carbothiohydrazide,0,1,1
voltammogram,0,1,1
cryoptosporidium,0,1,1
hederacolchiside,0,1,1
carboxamidine-1hbenzotriazole,0,1,1
"uoroethoxy)-1,3,5-triazine",0,1,1
lipoamide,0,1,1
norcanaline,0,1,1
betahomoarginine,0,1,1
nbenzylglycine,0,1,1
npiperonylglycine,0,1,1
acrebol,0,1,1
nvinylpyrolidone,0,1,1
antisensepeptide,0,1,1
oxotechnetium,0,1,1
ionophoresmonensin,0,1,1
unclesone,0,1,1
peopleone,0,1,1
organizatin,0,1,1
as666,0,1,1
tip_deadline,0,1,1
nct04332042).acalabrutinib,0,1,1
dutatsteride,0,1,1
atp.flexx,0,1,1
cinochonine,0,1,1
pseudopeptide,0,1,1
feheme,0,1,1
benzodipyrazole,0,1,1
diphenylpyraline,0,1,1
nappo,0,1,1
trigyceride,0,1,1
debril,0,1,1
dinucleotideeubiquinone,0,1,1
epi-4′-homoabacavir,0,1,1
anova.ivabradine,0,1,1
à4.04,0,1,1
bothcatenin,0,1,1
a3-actinin,0,1,1
ammonium uroliths,0,1,1
xanthine uroliths,0,1,1
phosphotonin,0,1,1
aceytlcholine,0,1,1
succinylcarnitine,0,1,1
isovalerylglycine,0,1,1
hexanoylglycine,0,1,1
.hypericin,0,1,1
antimoonverbindingen,0,1,1
retinopathyone,0,1,1
isosorbide mononitrate,0,1,1
ruwantissa,0,1,1
bacteriocide,0,1,1
ml).chromatin,0,1,1
sphingomyeline,0,1,1
lysophosphophatidylcholine,0,1,1
w.inline,0,1,1
gorgoglione,0,1,1
artwohl,0,1,1
ferrantelli,0,1,1
drosiprenone,0,1,1
observationin,0,1,1
ciclovir,0,1,1
transfusionmedicine,0,1,1
goronzy,0,1,1
acetophenide,0,1,1
surfin4.1,0,1,1
trypsin/0.1,0,1,1
agrippal,0,1,1
comfort?line,0,1,1
rayne,0,1,1
aminoptein,0,1,1
2chloroamidine,0,1,1
koltut3feline,0,1,1
verschlagen,0,1,1
gehirnhautentzündungen,0,1,1
dipropeptide,0,1,1
faclor,0,1,1
mafadotin,0,1,1
aydoğan,0,1,1
tetracyclononane,0,1,1
rajgopal,0,1,1
lilian,0,1,1
expertenplattform,0,1,1
hiesigen,0,1,1
krisenreaktionsplänen,0,1,1
etonitazene,0,1,1
progestereone,0,1,1
otonecine,0,1,1
psi-6202,0,1,1
dribofuranosylbenzimidazole,0,1,1
dimethoxybromoamphetamine,0,1,1
mdl100907,0,1,1
oleoylethanolamine,0,1,1
palmitoylethanolamine,0,1,1
povidoeyodine,0,1,1
koschel,0,1,1
anysomicin,0,1,1
bisoxazolidine,0,1,1
studiedone,0,1,1
nasenhaupthöhle,0,1,1
breitspektrumpenizilline,0,1,1
boriboonsomsin,0,1,1
chura,0,1,1
bronchoconstrictionin,0,1,1
pugazhendhi,0,1,1
loredana,0,1,1
receptorneprilysin,0,1,1
iceramide,0,1,1
salomonis,0,1,1
tlag,0,1,1
vodenicharov,0,1,1
palladini,0,1,1
"r)-4-(cyclohexylmethyl)-5-(4hydroxybenzyl)-1-((r)-1-((s)-2-(((s)-6-isopropyl-2,3-dioxopiperazin-1-yl)methyl)pyrrolidin-1-yl)-3-(naphthalen-2-yl)propan-2-yl)piperazine-2,3-dione",0,1,1
lhomoserine,0,1,1
∆mucin,0,1,1
glycosyldiglyceride,0,1,1
diacyglycerol,0,1,1
neuroimmunoendocrine,0,1,1
beurteilungen,0,1,1
gasansammlungen,0,1,1
ionenverhältnisse,0,1,1
fragmentmassen,0,1,1
cyclohexylphenole,0,1,1
phenylacetylindole,0,1,1
benzoylindole,0,1,1
naphthoylpyrrole,0,1,1
natriumacetat,0,1,1
tétrahydrobioptérine,0,1,1
trattata,0,1,1
nonché,0,1,1
l'integrazione,0,1,1
l'esterno,0,1,1
l'ottimizzazione,0,1,1
modificarne,0,1,1
compartimentalizzazione,0,1,1
terrestri,0,1,1
all'esposizione,0,1,1
molecole,0,1,1
stimandone,0,1,1
trascurata,0,1,1
immessa,0,1,1
aspirazione,0,1,1
rimozione,0,1,1
digestione,0,1,1
concordato,0,1,1
classificato,0,1,1
globalizzazione,0,1,1
autogestione,0,1,1
inattivazione,0,1,1
controinformazione,0,1,1
neodimio,0,1,1
tornata,0,1,1
ideato,0,1,1
l'eradicazione,0,1,1
connesso,0,1,1
sull'organizzazione,0,1,1
convinzione,0,1,1
verificandone,0,1,1
coordinato,0,1,1
uccelli,0,1,1
l'allocazione,0,1,1
cicatrizzazione,0,1,1
rilasciato,0,1,1
riabilitazione,0,1,1
confortevole,0,1,1
prefettura,0,1,1
linfostimolazione,0,1,1
disregolazione,0,1,1
tossine,0,1,1
l'illuminazione,0,1,1
liberato,0,1,1
ministazione,0,1,1
alimentazione,0,1,1
traslato,0,1,1
solitudine,0,1,1
sieroconversione,0,1,1
microeliminazione,0,1,1
ridimensionata,0,1,1
conizzazione,0,1,1
cauterizzazione,0,1,1
chiarire,0,1,1
oncologici,0,1,1
riattivazione,0,1,1
titolazione,0,1,1
tipizzata,0,1,1
perlopiù,0,1,1
provata,0,1,1
nell'erogazione,0,1,1
l'autoprescrizione,0,1,1
trentine,0,1,1
l'interruzione,0,1,1
manipolazione,0,1,1
deputato,0,1,1
raccomandazioni,0,1,1
consolidata,0,1,1
criopreservazione,0,1,1
l'adulto,0,1,1
brindisini,0,1,1
correlazione,0,1,1
ricomposizione,0,1,1
massificazione,0,1,1
l'autovettura,0,1,1
predisposizione,0,1,1
d'appalto,0,1,1
triennio,0,1,1
sperimentare,0,1,1
razionalizzazione,0,1,1
latticini,0,1,1
captata,0,1,1
d'inquinanti,0,1,1
concluso,0,1,1
concertazione,0,1,1
ripartizione,0,1,1
mazzetto,0,1,1
formalizzata,0,1,1
l'ambizione,0,1,1
mediazione,0,1,1
benzisothiazolinone,0,1,1
riconversione,0,1,1
rigenerazione,0,1,1
interconnessione,0,1,1
ripropone,0,1,1
rilocalizzazione,0,1,1
accumoli,0,1,1
prefigurazione,0,1,1
nell'esplorazione,0,1,1
disintermediazione,0,1,1
governato,0,1,1
disoccupazione,0,1,1
attrezzata,0,1,1
effettuare,0,1,1
peraltro,0,1,1
emofilici,0,1,1
un'occasione,0,1,1
applicandole,0,1,1
dimissione ospedaliera,0,1,1
burocratizzazione,0,1,1
modernizzazione,0,1,1
l'impostazione,0,1,1
protezione,0,1,1
alcol,0,1,1
qualificazione,0,1,1
rendicontazione,0,1,1
cooperazione,0,1,1
programmazione,0,1,1
tirocinanti,0,1,1
l'istruzione,0,1,1
l'effettuazione,0,1,1
prioritizzazione,0,1,1
riportandone,0,1,1
ospedalizzazione,0,1,1
considerata,0,1,1
palestre,0,1,1
ritrovi,0,1,1
lineare,0,1,1
pediatri,0,1,1
diluizione,0,1,1
turnazione,0,1,1
legami,0,1,1
l'ospedalizzazione,0,1,1
cocircolazione,0,1,1
focalizzata,0,1,1
gastroaspirato,0,1,1
espletato,0,1,1
l'opzione,0,1,1
patatine,0,1,1
spesa,0,1,1
protocolli,0,1,1
occupata,0,1,1
ipertensione,0,1,1
asportazione,0,1,1
d'osservazione,0,1,1
acquisizione,0,1,1
agoralove,0,1,1
moderata,0,1,1
lavarsi,0,1,1
terminata,0,1,1
gratificazione,0,1,1
saggiata,0,1,1
insoddisfazione,0,1,1
disgregazione,0,1,1
centraline,0,1,1
idratazione,0,1,1
inibizione,0,1,1
neurologici,0,1,1
vertigini,0,1,1
risparmiare,0,1,1
relazione,0,1,1
collaborazione,0,1,1
cotone,0,1,1
inserzione,0,1,1
delezione,0,1,1
matricole,0,1,1
mediani,0,1,1
prestare,0,1,1
sterilizzazione,0,1,1
attestazione,0,1,1
contenzione,0,1,1
diminuzione,0,1,1
modulazione,0,1,1
l'istituzionalizzazione,0,1,1
malnutrizione,0,1,1
dissezione,0,1,1
frequentato,0,1,1
ricognizione,0,1,1
specificato,0,1,1
frustrazione,0,1,1
dichiarandole,0,1,1
sottostimata,0,1,1
acrilammide,0,1,1
l'eliminazione,0,1,1
realizzazione,0,1,1
l'esecuzione,0,1,1
randomizzazione,0,1,1
dividendole,0,1,1
beneficiato,0,1,1
bisogni,0,1,1
l'immigrazione,0,1,1
contattati,0,1,1
benchè,0,1,1
nell'assimilazione,0,1,1
nutrienti,0,1,1
influenzato,0,1,1
evidenziata,0,1,1
referenti,0,1,1
redazione,0,1,1
finalizzato,0,1,1
dell'inclusione,0,1,1
cieco,0,1,1
setole morbide,0,1,1
stratificazione,0,1,1
rielaborazione,0,1,1
antartide,0,1,1
conservato,0,1,1
popolazione,0,1,1
istituzionalizzazione,0,1,1
l'agitazione,0,1,1
quantificare,0,1,1
composizione,0,1,1
guadagnato,0,1,1
professione,0,1,1
complicato,0,1,1
pregiata,0,1,1
approvato,0,1,1
finanziamenti,0,1,1
l'accettazione,0,1,1
aggiustato,0,1,1
delimitazione,0,1,1
condomini,0,1,1
acciaio,0,1,1
trofici,0,1,1
l'opera,0,1,1
calendarizzazione,0,1,1
pigmentazione,0,1,1
d'identificazione,0,1,1
omogenizzazione,0,1,1
all'indagine,0,1,1
autocompilato,0,1,1
frantumazione,0,1,1
sottotipizzazione,0,1,1
fotoattivazione,0,1,1
l'apertura,0,1,1
indicazione,0,1,1
affissione,0,1,1
visualizzazione,0,1,1
coordinazione,0,1,1
restrizione,0,1,1
transaminasi,0,1,1
l'implentazione,0,1,1
stratificata,0,1,1
processazione,0,1,1
optato,0,1,1
negativizzazione,0,1,1
frizione,0,1,1
avviato,0,1,1
dell'indagine,0,1,1
particolare,0,1,1
ragguardevole,0,1,1
mitigazione,0,1,1
mirata,0,1,1
confrontandole,0,1,1
integrandole,0,1,1
aggiornandole,0,1,1
accettazione,0,1,1
differenziati,0,1,1
antropizzazione,0,1,1
isoglobotrihexosylceramide,0,1,1
ecm331,0,1,1
.idoxuridine,0,1,1
lopinavir_ritonavir,0,1,1
neointim,0,1,1
fibroade,0,1,1
transfem,0,1,1
subcutaneous.(2,0,1,1
lamus,0,1,1
carcinomato,0,1,1
nitrosurea,0,1,1
kouzmine,0,1,1
bronchoplasty,0,1,1
enrici,0,1,1
roentgen,0,1,1
permanecen,0,1,1
hospitalizar,0,1,1
organelles,0,1,1
coruscanone,0,1,1
cyclopentenedione,0,1,1
pistilli,0,1,1
constantsa,0,1,1
ctls,0,1,1
tregsin,0,1,1
flu)/cyclophosphamide,0,1,1
oncotrópicos,0,1,1
benzopyran-4(4h)one,0,1,1
dipyran-2-one,0,1,1
isoderone,0,1,1
kievitone,0,1,1
vone,0,1,1
tohokukanzo,0,1,1
avonol,0,1,1
coumestan,0,1,1
licoagrodione,0,1,1
biaurone,0,1,1
licoagrone,0,1,1
tetrahydroaldosterone,0,1,1
kamalak,0,1,1
nitrites,0,1,1
ñesarean,0,1,1
angioscan,0,1,1
algosteril,0,1,1
adéfovir,0,1,1
weredone,0,1,1
tcidsolml,0,1,1
tetruhymenu,0,1,1
below).ferret,0,1,1
phthalideisoquinoline,0,1,1
areawide,0,1,1
tosylimine,0,1,1
ncl812,0,1,1
ncl259,0,1,1
aristine,0,1,1
gjkg,0,1,1
federmechanismus,0,1,1
stopfen,0,1,1
glycilpressin,0,1,1
cooperstein,0,1,1
troponin,0,1,1
jávorszky,0,1,1
letŷ,0,1,1
forŷ,0,1,1
lidocaineepinephrine,0,1,1
aggrenox,0,1,1
prochlroperazine,0,1,1
jevotemacron,0,1,1
s)-hydroxychloroquine,0,1,1
gewertz,0,1,1
nmethoxycarbonylpiperidine,0,1,1
"pyrimido[1,2-c][1,3]benzothiazin-6-imine",0,1,1
g00-g04,0,1,1
n70-n73,0,1,1
.desethylamodiaquine,0,1,1
infracyanine,0,1,1
tenosynovilis,0,1,1
carboxypeptide,0,1,1
t.f.t,0,1,1
lnfoscan,0,1,1
datainform,0,1,1
rodstein,0,1,1
flynn,0,1,1
nerium,0,1,1
kashtan,0,1,1
i6/61d,0,1,1
endothclin,0,1,1
hbalc,0,1,1
banafide,0,1,1
oxazeline,0,1,1
wartarin,0,1,1
scami.nidasr,0,1,1
severn,0,1,1
polyaerylamide,0,1,1
d2-microglobulin,0,1,1
aminonueleoside,0,1,1
serumcreatinine,0,1,1
verocytotoxin,0,1,1
phaxmacol,0,1,1
tattrine,0,1,1
catecholarnine,0,1,1
etarnbutol,0,1,1
creatioine,0,1,1
glcmerulenephritin,0,1,1
biofsy,0,1,1
crealiuine,0,1,1
crestinine,0,1,1
chronotoqica.l,0,1,1
tlnem,0,1,1
pedlatr,0,1,1
cyelophosphamlde,0,1,1
antitrysin,0,1,1
creatzmne,0,1,1
taarine,0,1,1
withour,0,1,1
relfux,0,1,1
dysplasin,0,1,1
pulmorenales,0,1,1
tline,0,1,1
ranitidine cimetidine,0,1,1
boas3-f2/3rev,0,1,1
centriacinar,0,1,1
finaiiy,0,1,1
ciiiamydiae,0,1,1
locusin,0,1,1
tyrpsin,0,1,1
gadoversetam,0,1,1
falldefi,0,1,1
allgemeinveränderungen,0,1,1
prozessen,0,1,1
.synaptophysin,0,1,1
antisynaptophysin,0,1,1
seapolynol,0,1,1
schärft,0,1,1
geklickt,0,1,1
aufspringen,0,1,1
normalitätsvorstellungen,0,1,1
vordefiniert,0,1,1
griffe,0,1,1
entfernen,0,1,1
mitgucke,0,1,1
systematischen,0,1,1
aufgerufen,0,1,1
hilfsmittel,0,1,1
nachschauen,0,1,1
reproduziert,0,1,1
technologieabstinenz,0,1,1
ausdauernd,0,1,1
eigenwilligen,0,1,1
farbdrucker,0,1,1
krankenscheine,0,1,1
knöpfen,0,1,1
gebrauchswert,0,1,1
überwältigen,0,1,1
zukunftsentwürfen,0,1,1
zugänglicher,0,1,1
zurückgeworfen,0,1,1
zugegriffen,0,1,1
mitzuverfolgen,0,1,1
programmiergeschehen,0,1,1
erfüllungsgehilfen,0,1,1
vernünftigen,0,1,1
gucke,0,1,1
zweckbezogen,0,1,1
konzerttermine,0,1,1
realbeziehungen,0,1,1
grundkompetenz,0,1,1
demjenigen,0,1,1
zuzugestehen,0,1,1
einfügen,0,1,1
kontextbezogen,0,1,1
akteurin,0,1,1
rechercheaufträge,0,1,1
nachzugehen,0,1,1
insofern gelingt,0,1,1
zugeständnis,0,1,1
abschirmmechanismus,0,1,1
abreißt,0,1,1
folgt,0,1,1
vortragen,0,1,1
erringen,0,1,1
ordnungsverhältnis,0,1,1
situiert,0,1,1
runterlade,0,1,1
offenkundig,0,1,1
abschöpfen,0,1,1
erstens,0,1,1
handlungsbeschränkungen,0,1,1
auskommt,0,1,1
beschriftungen,0,1,1
zugänglichen,0,1,1
präventionsmechanismus,0,1,1
reingegangen,0,1,1
rausgegangen,0,1,1
erziehungsforderungen,0,1,1
zueignet,0,1,1
lebensorientierungen,0,1,1
zuzusehen,0,1,1
sozusagen,0,1,1
blechhaufen,0,1,1
kampagne,0,1,1
derjenigen urheber,0,1,1
gewalttätigen,0,1,1
automatismus,0,1,1
entworfen,0,1,1
verfehlt,0,1,1
übereinstimmt,0,1,1
aufrufen,0,1,1
zurückgeblieben,0,1,1
zensur,0,1,1
mediendarstellungen,0,1,1
kuhdamm,0,1,1
abstrahiert,0,1,1
lebensfähig,0,1,1
reduktionismus,0,1,1
richtigen,0,1,1
wegmachen,0,1,1
operationsweisen,0,1,1
δδmax,0,1,1
furone,0,1,1
thiazline,0,1,1
mercaptobenzoxazole,0,1,1
paragraphs).q4,0,1,1
oxyluciférine,0,1,1
nucléotide,0,1,1
fluoresccin,0,1,1
crassicarpa,0,1,1
sparr,0,1,1
phyllodiny,0,1,1
prodomus,0,1,1
ressortforschungseinrichtungen,0,1,1
antialdosterone,0,1,1
postbypass,0,1,1
chromagen,0,1,1
byglican,0,1,1
w/10,0,1,1
fetal leptin,0,1,1
narachidonoylethanolamine,0,1,1
gata-2,0,1,1
1.4±0.3,0,1,1
medcine,0,1,1
depomedroxyprogesterone,0,1,1
estrace,0,1,1
acone,0,1,1
colacurci,0,1,1
androstanediol,0,1,1
dingle,0,1,1
eeptide,0,1,1
lowpolyamine,0,1,1
worldometers.info,0,1,1
polyvenylalkohole,0,1,1
tränenlaufen,0,1,1
augendruckanstieg,0,1,1
dioleylphosphatidylethanolamine,0,1,1
itassoumba,0,1,1
igbesa,0,1,1
palhano,0,1,1
cefoxcitin,0,1,1
plebotomus,0,1,1
abaetetuba,0,1,1
cibenzoline,0,1,1
databases.((coronavir,0,1,1
giombini,0,1,1
immunopole,0,1,1
tadzikistan,0,1,1
kolonin,0,1,1
girone,0,1,1
bguide,0,1,1
1deoxymannojirimycin,0,1,1
telehone,0,1,1
calcos,0,1,1
localicen,0,1,1
teratógeno,0,1,1
protryptilin,0,1,1
letermine,0,1,1
adolesccntdicine,0,1,1
years).procainamide,0,1,1
scoreo,0,1,1
llowever,0,1,1
tadionuclide,0,1,1
output(co)(cg,0,1,1
cpmax,0,1,1
"l.5,1.0",0,1,1
althouqh,0,1,1
oepts,0,1,1
nepts,0,1,1
gcp0,0,1,1
froole,0,1,1
mcthacetin,0,1,1
l'bre,0,1,1
palone,0,1,1
cetacaine,0,1,1
infants(26.4,0,1,1
ceclor,0,1,1
liave,0,1,1
perfluorotributylamine,0,1,1
butyrobetaine,0,1,1
sinole,0,1,1
oyridoxine,0,1,1
kichenside,0,1,1
methylurea,0,1,1
chloroketone,0,1,1
"1,5-diamino-1h-1,2,3,4-tetrazole",0,1,1
aminosuccinimide,0,1,1
fmocserine,0,1,1
thermolysine,0,1,1
tritrypticin,0,1,1
deaminooxytocin,0,1,1
nonaargine,0,1,1
βglobin,0,1,1
tgtcg-3,0,1,1
ggtatagtgaagatg-3,0,1,1
feustel,0,1,1
hexadecylphoshocholine,0,1,1
naphthazoline,0,1,1
cyproheptadiene,0,1,1
apovitillin,0,1,1
benzylpenicillenate,0,1,1
oligoarginineàpmo,0,1,1
coacher,0,1,1
papegaaiachtigen,0,1,1
verdichtingen,0,1,1
1acetyllycorine,0,1,1
2-aminolycorine,0,1,1
glutamyltaurine,0,1,1
exemine,0,1,1
loylglycine,0,1,1
hepathopathy,0,1,1
amiflamine,0,1,1
ethyltryptamine,0,1,1
phenylanaine,0,1,1
αendosulfine,0,1,1
caldopentaamine,0,1,1
chorą,0,1,1
ndichlorotaurine,0,1,1
nocardicine,0,1,1
tabletvorm,0,1,1
pyrophosphoramide,0,1,1
arbidiol,0,1,1
zinc iodide,0,1,1
suparno,0,1,1
migraine medications,0,1,1
lasmiditan,0,1,1
theisen,0,1,1
c1_huagegbsplit_368,0,1,1
c1_huagegbsplit_125,0,1,1
autolysis,0,1,1
shtaya,0,1,1
lixian,0,1,1
fuiko,0,1,1
lipwortin,0,1,1
phannacol,0,1,1
alphahairpin,0,1,1
oxapyrazolone,0,1,1
oxaimidazolone,0,1,1
bernstiel,0,1,1
trhomboplastin,0,1,1
cdata,0,1,1
eurther,0,1,1
ghicosamine,0,1,1
primulin,0,1,1
dimethyldodecylamine,0,1,1
tetraeycline,0,1,1
ehlortetracyeline,0,1,1
kozovs,0,1,1
lipopolysacehaxide,0,1,1
lipopolysaeeharide,0,1,1
chemovaccine,0,1,1
gentamyein,0,1,1
r'ffampicin,0,1,1
volutine,0,1,1
reynaud,0,1,1
psychoendocrine,0,1,1
nontriclosan,0,1,1
